1802.243164	31801.716797
1801.274414	32106.373047
1800.304688	31707.980469
1799.334961	32076.074219
1798.365234	31927.412109
1797.395508	32232.933594
1796.425781	31897.193359
1795.455078	32272.431641
1794.485352	31852.029297
1793.514648	31987.775391
1792.543945	32056.164063
1791.572266	32256.609375
1790.601563	32319.929688
1789.629883	32084.277344
1788.658203	32279.611328
1787.686523	32624.277344
1786.714844	32244.296875
1785.742188	32409.603516
1784.769531	32661.949219
1783.796875	32809.687500
1782.824219	32641.421875
1781.851563	32669.714844
1780.877930	32882.011719
1779.905273	32937.589844
1778.931641	33241.714844
1777.958008	32812.574219
1776.983398	32917.820313
1776.009766	33142.269531
1775.035156	33210.148438
1774.060547	33215.917969
1773.085938	32884.027344
1772.111328	32924.609375
1771.135742	33295.246094
1770.161133	32794.808594
1769.185547	33296.796875
1768.208984	33252.925781
1767.233398	33070.203125
1766.257813	33554.476563
1765.281250	33262.695313
1764.304688	33578.210938
1763.328125	33494.671875
1762.351563	33676.238281
1761.374023	33867.632813
1760.396484	33774.175781
1759.418945	33606.484375
1758.441406	33703.710938
1757.463867	33543.519531
1756.485352	33729.792969
1755.507813	33638.921875
1754.529297	34112.003906
1753.550781	34134.839844
1752.571289	33967.292969
1751.592773	34269.460938
1750.613281	34316.960938
1749.633789	34082.761719
1748.654297	34024.046875
1747.674805	34165.414063
1746.694336	34207.949219
1745.713867	34415.878906
1744.733398	34258.406250
1743.752930	34394.667969
1742.772461	34358.160156
1741.791016	34181.050781
1740.810547	34637.871094
1739.829102	34263.503906
1738.847656	34550.007813
1737.865234	34432.152344
1736.883789	34560.785156
1735.901367	34324.703125
1734.918945	34537.054688
1733.936523	34670.507813
1732.954102	34419.765625
1731.970703	35151.433594
1730.987305	35058.222656
1730.003906	34898.605469
1729.020508	35044.144531
1728.037109	34931.328125
1727.052734	35300.605469
1726.068359	35153.355469
1725.083984	35758.449219
1724.099609	35660.320313
1723.115234	35545.027344
1722.129883	35535.425781
1721.144531	35577.414063
1720.159180	35572.718750
1719.173828	35685.890625
1718.188477	35789.191406
1717.202148	35953.812500
1716.215820	36000.574219
1715.229492	36138.093750
1714.243164	35873.257813
1713.256836	36099.035156
1712.269531	36952.445313
1711.282227	36341.929688
1710.294922	36935.132813
1709.307617	36638.535156
1708.320313	37194.683594
1707.332031	37204.347656
1706.343750	37520.140625
1705.355469	37564.011719
1704.367188	37213.718750
1703.378906	37377.562500
1702.389648	37335.777344
1701.400391	37707.492188
1700.411133	37746.378906
1699.421875	37799.921875
1698.431641	38056.386719
1697.442383	37987.609375
1696.452148	38124.164063
1695.461914	38324.203125
1694.470703	37825.402344
1693.480469	38643.414063
1692.489258	38242.437500
1691.498047	38325.078125
1690.506836	37899.910156
1689.515625	38177.839844
1688.523438	38040.812500
1687.532227	38028.269531
1686.540039	38037.679688
1685.547852	38325.105469
1684.554688	38385.652344
1683.562500	38185.332031
1682.569336	38184.945313
1681.576172	38411.179688
1680.583008	38461.906250
1679.589844	38563.765625
1678.595703	38548.683594
1677.601563	38553.082031
1676.607422	38827.691406
1675.613281	38717.640625
1674.619141	39167.300781
1673.624023	38967.203125
1672.628906	38898.535156
1671.633789	39073.078125
1670.638672	39391.000000
1669.643555	38938.199219
1668.647461	39358.093750
1667.651367	39216.503906
1666.655273	39767.359375
1665.659180	39458.144531
1664.663086	39474.464844
1663.666016	39651.019531
1662.668945	39978.007813
1661.671875	40115.554688
1660.674805	39842.964844
1659.676758	39953.796875
1658.679688	39543.093750
1657.681641	39969.183594
1656.683594	40407.226563
1655.684570	40306.949219
1654.686523	40403.019531
1653.687500	41131.468750
1652.688477	40713.742188
1651.689453	40986.480469
1650.690430	41314.796875
1649.690430	41274.972656
1648.691406	41278.734375
1647.691406	41142.125000
1646.690430	41975.843750
1645.690430	42052.027344
1644.690430	42205.578125
1643.689453	42288.933594
1642.688477	42531.820313
1641.687500	42308.089844
1640.685547	42504.957031
1639.684570	42208.828125
1638.682617	42408.046875
1637.680664	43107.132813
1636.678711	42963.183594
1635.675781	42715.480469
1634.672852	43158.214844
1633.670898	43574.218750
1632.667969	43000.808594
1631.664063	43496.277344
1630.661133	43981.898438
1629.657227	43830.726563
1628.653320	43858.019531
1627.649414	43731.035156
1626.645508	44184.875000
1625.640625	44255.437500
1624.636719	44335.605469
1623.631836	43890.707031
1622.626953	44324.875000
1621.621094	44864.792969
1620.616211	44446.527344
1619.610352	44329.230469
1618.604492	44827.910156
1617.598633	44296.839844
1616.591797	45067.082031
1615.585938	44877.613281
1614.579102	44604.078125
1613.572266	44470.054688
1612.565430	45177.148438
1611.557617	45333.769531
1610.550781	45317.375000
1609.542969	45646.808594
1608.535156	45690.378906
1607.526367	45525.078125
1606.518555	45722.257813
1605.509766	46219.308594
1604.500977	46001.210938
1603.492188	46382.859375
1602.483398	46291.914063
1601.473633	46361.648438
1600.464844	46752.578125
1599.455078	46946.812500
1598.444336	47085.855469
1597.434570	47665.652344
1596.424805	47394.898438
1595.414063	48019.894531
1594.403320	47947.894531
1593.392578	47981.253906
1592.380859	48572.234375
1591.369141	48677.230469
1590.358398	49432.894531
1589.346680	49449.171875
1588.333984	49525.218750
1587.322266	49680.132813
1586.309570	49990.359375
1585.296875	50161.839844
1584.284180	50474.222656
1583.271484	50913.089844
1582.257813	50635.242188
1581.245117	50808.828125
1580.231445	51240.191406
1579.217773	51840.851563
1578.203125	51830.316406
1577.189453	52127.582031
1576.174805	52264.890625
1575.160156	52805.214844
1574.145508	52589.410156
1573.129883	53076.992188
1572.115234	53104.339844
1571.099609	53427.179688
1570.083984	54369.371094
1569.067383	53755.632813
1568.051758	54142.437500
1567.035156	54481.460938
1566.018555	54346.582031
1565.001953	55068.632813
1563.985352	54586.246094
1562.967773	55234.191406
1561.951172	55572.632813
1560.933594	55908.550781
1559.915039	56113.554688
1558.897461	56275.679688
1557.878906	56898.839844
1556.861328	56844.484375
1555.842773	57928.183594
1554.823242	58726.394531
1553.804688	59336.660156
1552.785156	59732.976563
1551.765625	60632.402344
1550.746094	61775.917969
1549.726563	62710.148438
1548.706055	63712.796875
1547.686523	65521.507813
1546.666016	66454.390625
1545.645508	67503.078125
1544.624023	68468.359375
1543.603516	70106.335938
1542.582031	71073.054688
1541.560547	72655.343750
1540.539063	74743.859375
1539.516602	76310.539063
1538.495117	78065.984375
1537.472656	80322.546875
1536.450195	81738.007813
1535.426758	83891.148438
1534.404297	86722.367188
1533.380859	88665.460938
1532.357422	89983.460938
1531.333984	92040.937500
1530.310547	93641.359375
1529.286133	94005.117188
1528.261719	94933.429688
1527.237305	94710.898438
1526.212891	94410.515625
1525.188477	93763.132813
1524.163086	92884.632813
1523.137695	92157.554688
1522.112305	92063.226563
1521.086914	90057.781250
1520.060547	89194.890625
1519.035156	88627.156250
1518.008789	87854.500000
1516.982422	87428.710938
1515.955078	86076.781250
1514.928711	85097.726563
1513.901367	84653.898438
1512.874023	83988.820313
1511.846680	82803.531250
1510.818359	81948.367188
1509.791016	80855.773438
1508.762695	80869.859375
1507.734375	79954.414063
1506.705078	79232.265625
1505.676758	78867.945313
1504.647461	77786.484375
1503.618164	77648.320313
1502.588867	76783.812500
1501.559570	76114.734375
1500.529297	75833.640625
1499.499023	75197.914063
1498.468750	74780.882813
1497.438477	73128.765625
1496.408203	73186.601563
1495.376953	72378.203125
1494.345703	71032.679688
1493.314453	70447.960938
1492.283203	69237.093750
1491.250977	69734.250000
1490.219727	69621.500000
1489.187500	68374.023438
1488.154297	67609.929688
1487.122070	67017.226563
1486.088867	67265.937500
1485.056641	66935.921875
1484.023438	66826.187500
1482.989258	66664.984375
1481.956055	65712.523438
1480.921875	66302.968750
1479.887695	65982.828125
1478.853516	66041.851563
1477.819336	65658.718750
1476.784180	65383.328125
1475.750000	65786.156250
1474.714844	65251.343750
1473.678711	65590.921875
1472.643555	65841.546875
1471.607422	65536.007813
1470.571289	65466.519531
1469.535156	65962.234375
1468.499023	66319.976563
1467.462891	65869.835938
1466.425781	65688.289063
1465.388672	66174.195313
1464.351563	66363.609375
1463.313477	66471.296875
1462.276367	65855.984375
1461.238281	65611.656250
1460.200195	65752.054688
1459.162109	66386.492188
1458.123047	66102.578125
1457.083984	65760.531250
1456.045898	66296.742188
1455.005859	66008.351563
1453.966797	66313.781250
1452.926758	66009.203125
1451.887695	66503.015625
1450.847656	66242.718750
1449.806641	65826.664063
1448.766602	66094.585938
1447.725586	65999.632813
1446.685547	65795.445313
1445.643555	65289.152344
1444.602539	65394.269531
1443.561523	64667.531250
1442.519531	65209.453125
1441.477539	64634.007813
1440.435547	64149.355469
1439.392578	64677.109375
1438.350586	63846.796875
1437.307617	63077.152344
1436.264648	62848.421875
1435.220703	62758.960938
1434.177734	62384.269531
1433.133789	62130.300781
1432.089844	61732.707031
1431.045898	60966.742188
1430.001953	60731.750000
1428.957031	60508.437500
1427.912109	60275.945313
1426.867188	59906.910156
1425.822266	60468.812500
1424.777344	60042.007813
1423.731445	59235.808594
1422.685547	59674.851563
1421.639648	59669.519531
1420.592773	59798.339844
1419.546875	59564.035156
1418.500000	58913.652344
1417.453125	58730.476563
1416.406250	59291.546875
1415.358398	59045.976563
1414.311523	58719.644531
1413.263672	59229.546875
1412.215820	58379.113281
1411.166992	58367.097656
1410.119141	58138.109375
1409.070313	58354.609375
1408.021484	58086.484375
1406.972656	58019.164063
1405.922852	57739.679688
1404.873047	58348.070313
1403.824219	58001.769531
1402.773438	57913.761719
1401.723633	57599.949219
1400.673828	58228.589844
1399.623047	57525.542969
1398.572266	57046.175781
1397.520508	57444.277344
1396.469727	57386.398438
1395.417969	57547.195313
1394.366211	57325.929688
1393.314453	57203.683594
1392.262695	57389.710938
1391.209961	57049.019531
1390.158203	57855.789063
1389.105469	57287.558594
1388.051758	57144.742188
1386.999023	57574.140625
1385.945313	57934.437500
1384.891602	57993.691406
1383.837891	58096.550781
1382.784180	58112.117188
1381.729492	57824.675781
1380.675781	58120.273438
1379.621094	58679.613281
1378.565430	58431.222656
1377.510742	59031.542969
1376.455078	58822.156250
1375.399414	59318.976563
1374.343750	58855.179688
1373.288086	58971.363281
1372.231445	59486.164063
1371.175781	59050.101563
1370.119141	59221.128906
1369.061523	59676.011719
1368.004883	60132.996094
1366.947266	59946.625000
1365.889648	59865.593750
1364.832031	60436.636719
1363.774414	60488.203125
1362.715820	60729.554688
1361.657227	60641.554688
1360.598633	61253.101563
1359.540039	61075.886719
1358.481445	61837.894531
1357.421875	62083.269531
1356.362305	62077.292969
1355.302734	62555.441406
1354.242188	62768.539063
1353.182617	63212.101563
1352.122070	63959.007813
1351.061523	64819.691406
1350.000977	64822.253906
1348.939453	65303.781250
1347.877930	65449.898438
1346.817383	66216.070313
1345.754883	66872.515625
1344.693359	66993.132813
1343.630859	67186.609375
1342.568359	68304.859375
1341.505859	68224.679688
1340.443359	69064.445313
1339.380859	69644.335938
1338.317383	70390.132813
1337.253906	71249.398438
1336.190430	71291.523438
1335.125977	72662.039063
1334.062500	71853.296875
1332.998047	72822.945313
1331.933594	72119.070313
1330.868164	72713.242188
1329.803711	72639.101563
1328.738281	72158.328125
1327.672852	71536.921875
1326.607422	71306.367188
1325.541016	71180.343750
1324.475586	71086.148438
1323.409180	70862.625000
1322.342773	71235.945313
1321.275391	69978.015625
1320.208984	69818.351563
1319.141602	69552.179688
1318.074219	68841.750000
1317.005859	68866.007813
1315.938477	68233.062500
1314.870117	67582.242188
1313.801758	67459.492188
1312.733398	67155.609375
1311.665039	66455.593750
1310.595703	65481.937500
1309.526367	65472.882813
1308.457031	64784.953125
1307.387695	64771.511719
1306.317383	64742.238281
1305.248047	63935.015625
1304.177734	63453.714844
1303.106445	62823.414063
1302.036133	62505.261719
1300.964844	61981.609375
1299.893555	61496.582031
1298.822266	60885.261719
1297.750977	60540.664063
1296.678711	60281.996094
1295.606445	59919.601563
1294.534180	59618.285156
1293.461914	59522.417969
1292.389648	58873.898438
1291.316406	58764.687500
1290.243164	58578.851563
1289.169922	58544.136719
1288.095703	58078.917969
1287.022461	57976.707031
1285.948242	58406.261719
1284.874023	58340.062500
1283.798828	58127.496094
1282.724609	57430.910156
1281.649414	58272.175781
1280.574219	58061.996094
1279.499023	58333.457031
1278.422852	58076.101563
1277.347656	58059.527344
1276.271484	57809.074219
1275.195313	57985.917969
1274.118164	57292.738281
1273.041992	58195.535156
1271.964844	57794.699219
1270.887695	57382.796875
1269.809570	57325.937500
1268.732422	57713.722656
1267.654297	57272.894531
1266.576172	57328.316406
1265.498047	56436.667969
1264.418945	56723.332031
1263.340820	56489.445313
1262.261719	56520.296875
1261.182617	55921.046875
1260.102539	55765.925781
1259.023438	55440.519531
1257.943359	55565.667969
1256.863281	54816.992188
1255.782227	54413.578125
1254.702148	55018.109375
1253.621094	54261.046875
1252.540039	54032.601563
1251.458984	53759.484375
1250.376953	53667.726563
1249.295898	52813.125000
1248.213867	53081.710938
1247.131836	52694.957031
1246.048828	52820.355469
1244.966797	52413.695313
1243.883789	52409.472656
1242.800781	52499.093750
1241.717773	52537.296875
1240.633789	52673.750000
1239.549805	52477.425781
1238.465820	52424.062500
1237.381836	52817.132813
1236.297852	52080.847656
1235.212891	52663.464844
1234.127930	52215.269531
1233.042969	52380.558594
1231.957031	52271.523438
1230.872070	52320.804688
1229.786133	52481.503906
1228.700195	51701.777344
1227.614258	51633.058594
1226.527344	51448.546875
1225.440430	51856.468750
1224.353516	51596.277344
1223.266602	51607.765625
1222.179688	51209.746094
1221.091797	51239.101563
1220.003906	51408.593750
1218.916016	51059.789063
1217.827148	50697.781250
1216.739258	51238.546875
1215.650391	51385.660156
1214.561523	50892.687500
1213.471680	51046.468750
1212.382813	51637.789063
1211.292969	51129.519531
1210.203125	51369.742188
1209.113281	51771.917969
1208.022461	52023.000000
1206.932617	51728.085938
1205.841797	51735.019531
1204.750000	52285.386719
1203.659180	52068.210938
1202.567383	52070.625000
1201.475586	52223.773438
1200.383789	51734.140625
1199.291992	52294.992188
1198.199219	52277.410156
1197.106445	52279.761719
1196.013672	52479.191406
1194.920898	52709.531250
1193.827148	52224.816406
1192.734375	52614.441406
1191.640625	52680.871094
1190.545898	52742.843750
1189.452148	52946.332031
1188.357422	53072.339844
1187.262695	52795.945313
1186.167969	53056.750000
1185.073242	52992.605469
1183.977539	53226.742188
1182.881836	52734.062500
1181.786133	53089.613281
1180.690430	52948.222656
1179.593750	52875.324219
1178.497070	53177.640625
1177.400391	52658.996094
1176.303711	52694.289063
1175.206055	52429.601563
1174.109375	52612.667969
1173.011719	52438.492188
1171.913086	51808.113281
1170.815430	51880.996094
1169.716797	51288.449219
1168.618164	51936.347656
1167.519531	51645.753906
1166.420898	51293.628906
1165.321289	51344.511719
1164.221680	51100.437500
1163.122070	51094.121094
1162.022461	51310.011719
1160.921875	51336.640625
1159.821289	51558.980469
1158.720703	51240.347656
1157.620117	51304.335938
1156.518555	51429.828125
1155.416992	51550.875000
1154.315430	51406.046875
1153.213867	51443.578125
1152.112305	51503.050781
1151.009766	51656.894531
1149.907227	51817.261719
1148.804688	51810.769531
1147.701172	51363.269531
1146.598633	51398.546875
1145.495117	51365.820313
1144.391602	51848.390625
1143.287109	51598.542969
1142.183594	51467.156250
1141.079102	51375.265625
1139.974609	51484.968750
1138.869141	51450.054688
1137.764648	51443.625000
1136.659180	50765.023438
1135.553711	50949.175781
1134.447266	50351.937500
1133.341797	50393.867188
1132.235352	50339.519531
1131.128906	50895.410156
1130.022461	50593.878906
1128.915039	50327.449219
1127.808594	50308.121094
1126.701172	49945.703125
1125.593750	50525.113281
1124.485352	50014.253906
1123.376953	49715.449219
1122.268555	49667.871094
1121.160156	49742.558594
1120.051758	50218.804688
1118.942383	49937.656250
1117.833008	49610.804688
1116.723633	49639.625000
1115.614258	50161.277344
1114.503906	49579.484375
1113.394531	49933.074219
1112.283203	50031.531250
1111.172852	49885.902344
1110.062500	50036.601563
1108.951172	49823.511719
1107.839844	49804.308594
1106.728516	49745.921875
1105.616211	50146.824219
1104.503906	50336.464844
1103.391602	49786.289063
1102.279297	49732.292969
1101.166992	49995.835938
1100.053711	49922.242188
1098.940430	50142.148438
1097.827148	49853.386719
1096.712891	50014.539063
1095.599609	49990.960938
1094.485352	50345.320313
1093.371094	50219.613281
1092.255859	50641.074219
1091.141602	50304.796875
1090.026367	49977.339844
1088.911133	50572.156250
1087.794922	50938.941406
1086.679688	51305.570313
1085.563477	51312.093750
1084.447266	51988.492188
1083.330078	51596.050781
1082.213867	51968.718750
1081.096680	52521.050781
1079.979492	52949.679688
1078.862305	53124.746094
1077.744141	53576.875000
1076.625977	53821.000000
1075.507813	54517.343750
1074.389648	55509.832031
1073.271484	56093.023438
1072.152344	56900.910156
1071.033203	57295.425781
1069.914063	58779.402344
1068.793945	60007.687500
1067.674805	61823.257813
1066.554688	62140.765625
1065.433594	63849.261719
1064.313477	65783.804688
1063.192383	65975.023438
1062.071289	67517.554688
1060.950195	69208.343750
1059.829102	69562.710938
1058.707031	69334.421875
1057.584961	69843.898438
1056.462891	69156.312500
1055.340820	68637.171875
1054.217773	67538.406250
1053.094727	66705.179688
1051.971680	65299.160156
1050.848633	64143.617188
1049.724609	63352.546875
1048.601563	61463.625000
1047.476563	60938.246094
1046.352539	59416.531250
1045.228516	58812.175781
1044.103516	57949.898438
1042.978516	57111.644531
1041.852539	56252.234375
1040.727539	55874.808594
1039.601563	55467.441406
1038.475586	54929.148438
1037.349609	54644.625000
1036.222656	53939.160156
1035.096680	54456.101563
1033.969727	54206.210938
1032.841797	53582.855469
1031.714844	53882.742188
1030.586914	53791.925781
1029.458984	53493.023438
1028.331055	53522.449219
1027.202148	53530.410156
1026.074219	53679.878906
1024.945313	53171.156250
1023.815430	53624.976563
1022.686523	52915.046875
1021.556641	52998.093750
1020.426758	52914.035156
1019.296875	52791.457031
1018.166992	52872.328125
1017.036133	52655.621094
1015.905273	52832.785156
1014.774414	52573.378906
1013.643555	52476.660156
1012.511719	52655.875000
1011.379883	52584.832031
1010.248047	53138.066406
1009.115234	51944.816406
1007.983398	52497.945313
1006.850586	52303.066406
1005.717773	52958.402344
1004.583984	52791.265625
1003.451172	52393.605469
1002.317383	52719.757813
1001.183594	52371.359375
1000.048828	52242.882813
998.915039	52654.183594
997.780273	52702.722656
996.645508	52870.648438
995.509766	52292.320313
994.375000	51933.781250
993.239258	52854.011719
992.103516	52423.058594
990.967773	52816.644531
989.831055	52637.175781
988.694336	52964.539063
987.557617	53166.156250
986.420898	52503.589844
985.283203	52394.546875
984.145508	52857.824219
983.007813	52982.710938
981.870117	52569.535156
980.731445	52898.527344
979.592773	52704.476563
978.454102	52399.996094
977.315430	52922.152344
976.176758	52528.527344
975.037109	53237.324219
973.897461	53391.617188
972.756836	53112.773438
971.617188	52908.328125
970.476563	53204.757813
969.335938	52979.160156
968.195313	53283.925781
967.053711	53045.675781
965.912109	53074.667969
964.770508	53907.023438
963.628906	52950.347656
962.486328	53337.414063
961.344727	53783.625000
960.202148	54197.875000
959.058594	53578.613281
957.916016	53730.214844
956.772461	53574.839844
955.628906	53400.484375
954.485352	53710.691406
953.340820	53883.273438
952.196289	53563.031250
951.051758	53321.156250
949.907227	53491.585938
948.761719	53361.832031
947.617188	53312.421875
946.471680	53374.996094
945.325195	53462.882813
944.179688	53240.324219
943.033203	53980.546875
941.886719	54106.230469
940.740234	53782.371094
939.592773	54095.812500
938.445313	54607.398438
937.297852	55015.425781
936.150391	55178.691406
935.001953	56071.257813
933.854492	56805.371094
932.705078	56936.535156
931.556641	58005.105469
930.408203	58453.988281
929.258789	58976.378906
928.109375	59195.371094
926.958984	59677.378906
925.809570	59174.308594
924.659180	59691.875000
923.508789	58046.789063
922.358398	58034.394531
921.207031	57176.742188
920.055664	56273.207031
918.904297	55729.445313
917.752930	54685.812500
916.600586	54476.648438
915.449219	54080.640625
914.295898	53516.800781
913.143555	53967.250000
911.991211	53002.753906
910.837891	53862.335938
909.684570	52686.355469
908.530273	52979.257813
907.376953	53179.750000
906.222656	52767.890625
905.068359	52903.351563
903.913086	52969.585938
902.758789	52358.960938
901.603516	53020.253906
900.448242	53176.476563
899.292969	52524.304688
898.136719	52682.652344
896.980469	52420.195313
895.824219	52670.574219
894.667969	52678.132813
893.510742	52606.195313
892.353516	52808.257813
891.196289	52684.042969
890.038086	52294.378906
888.880859	52985.445313
887.722656	53197.691406
886.564453	52461.355469
885.405273	52681.968750
884.247070	53059.105469
883.087891	52467.324219
881.928711	52750.406250
880.768555	52916.496094
879.609375	52581.750000
878.449219	52943.886719
877.288086	53111.902344
876.127930	53088.011719
874.966797	53070.378906
873.805664	52779.710938
872.644531	53337.277344
871.483398	53246.675781
870.321289	53064.460938
869.159180	53313.394531
867.997070	53784.992188
866.833984	53223.917969
865.671875	53807.707031
864.508789	53446.613281
863.344727	53308.253906
862.181641	53592.148438
861.017578	53848.886719
859.853516	53396.605469
858.689453	53896.445313
857.524414	54441.785156
856.359375	54074.839844
855.194336	54287.562500
854.029297	54705.777344
852.864258	54845.597656
851.698242	54923.082031
850.532227	54929.968750
849.365234	55229.406250
848.199219	54711.382813
847.032227	55035.617188
845.865234	54967.812500
844.698242	54533.089844
843.530273	54996.015625
842.362305	55054.656250
841.194336	54775.566406
840.026367	55070.351563
838.857422	54617.421875
837.688477	54798.234375
836.519531	54871.324219
835.350586	54780.886719
834.180664	54541.507813
833.010742	54407.730469
831.840820	54729.015625
830.669922	54440.167969
829.500000	54507.019531
828.329102	54214.199219
827.158203	54684.019531
825.986328	54835.468750
824.814453	54462.203125
823.642578	54497.980469
822.470703	54798.019531
821.298828	54685.082031
820.125977	54757.925781
818.953125	54352.046875
817.780273	54913.828125
816.606445	54629.769531
815.432617	55642.816406
814.258789	55144.312500
813.084961	55614.738281
811.910156	55310.148438
810.736328	55574.304688
809.560547	55747.714844
808.385742	55369.148438
807.209961	55641.347656
806.035156	55806.386719
804.858398	55800.539063
803.682617	56074.515625
802.505859	55729.179688
801.330078	56461.683594
800.152344	56264.457031
798.975586	56235.882813
797.797852	56675.933594
796.620117	56433.570313
795.442383	56778.875000
794.264648	56713.230469
793.085938	56902.250000
791.907227	57193.839844
790.728516	56998.816406
789.548828	56840.816406
788.369141	56752.636719
787.189453	56375.253906
786.009766	56135.441406
784.830078	56178.691406
783.649414	56113.269531
782.468750	55898.250000
781.287109	55865.695313
780.106445	55140.691406
778.924805	55747.363281
777.743164	55534.640625
776.561523	55197.121094
775.378906	55244.562500
774.196289	55515.046875
773.013672	55425.308594
771.830078	55448.117188
770.647461	55413.640625
769.463867	55258.542969
768.280273	55839.445313
767.095703	55253.062500
765.911133	55253.386719
764.726563	55901.320313
763.541992	55646.179688
762.357422	55791.394531
761.171875	56016.164063
759.986328	56226.542969
758.800781	56785.796875
757.614258	57318.281250
756.427734	58238.109375
755.241211	59275.816406
754.054688	59307.855469
752.867188	61437.535156
751.679688	62302.667969
750.492188	63214.289063
749.304688	64019.574219
748.116211	65260.378906
746.927734	66130.031250
745.739258	67434.976563
744.549805	68676.265625
743.361328	69949.562500
742.171875	70953.742188
740.981445	71638.125000
739.791992	71905.304688
738.601563	72001.562500
737.411133	72479.945313
736.220703	72612.617188
735.029297	72558.281250
733.837891	71626.367188
732.646484	71208.703125
731.455078	71020.679688
730.262695	69172.046875
729.070313	68263.976563
727.877930	67149.304688
726.685547	65343.281250
725.492188	64217.546875
724.298828	63025.378906
723.105469	62517.000000
721.912109	61783.828125
720.717773	61744.085938
719.523438	60995.183594
718.329102	61504.609375
717.133789	61930.769531
715.938477	62210.949219
714.743164	62675.230469
713.547852	63291.105469
712.351563	63487.828125
711.155273	64085.046875
709.958984	64651.656250
708.762695	64934.902344
707.565430	66125.820313
706.368164	67140.351563
705.170898	66378.031250
703.973633	67408.226563
702.775391	67474.398438
701.577148	68489.757813
700.378906	69001.898438
699.179688	70010.429688
697.980469	70794.476563
696.781250	72332.867188
695.582031	74762.296875
694.381836	75996.601563
693.181641	78014.804688
691.981445	80417.203125
690.781250	82449.687500
689.580078	84414.781250
688.378906	85869.257813
687.177734	86865.843750
685.976563	87775.390625
684.774414	88273.781250
683.572266	88375.375000
682.370117	88817.054688
681.166992	88916.460938
679.963867	88265.437500
678.760742	87321.039063
677.557617	87020.523438
676.353516	86205.468750
675.149414	84689.265625
673.945313	84274.960938
672.741211	82767.867188
671.536133	82080.960938
670.331055	80352.078125
669.125977	79274.460938
667.919922	77675.398438
666.714844	75761.937500
665.508789	74136.226563
664.301758	72808.125000
663.095703	72158.492188
661.888672	70825.375000
660.681641	70138.359375
659.474609	69269.242188
658.266602	68795.273438
657.058594	68351.546875
655.850586	67501.406250
654.641602	66365.257813
653.433594	66034.460938
652.224609	65365.519531
651.014648	64444.703125
649.805664	63370.218750
648.595703	62942.328125
647.385742	62688.613281
646.175781	62245.050781
644.964844	61697.726563
643.753906	61452.433594
642.542969	61506.972656
641.332031	60864.261719
640.120117	61282.414063
638.908203	60925.582031
637.696289	60387.218750
636.483398	61112.578125
635.270508	60803.898438
634.057617	60397.585938
632.844727	60444.250000
631.630859	60464.960938
630.417969	60720.937500
629.203125	61499.074219
627.989258	61344.148438
626.774414	61348.691406
625.559570	60795.433594
624.344727	60835.933594
623.129883	61242.804688
621.914063	61143.824219
620.698242	61021.000000
619.482422	60366.914063
618.265625	60347.757813
617.048828	60776.148438
615.832031	60243.835938
614.615234	60274.414063
613.397461	60658.796875
612.179688	60371.289063
610.961914	60091.851563
609.743164	60408.472656
608.525391	60786.515625
607.306641	60322.496094
606.086914	59989.695313
604.868164	60897.496094
603.648438	60582.566406
602.428711	61194.234375
601.208008	59939.222656
599.988281	61062.371094
598.767578	60446.316406
597.546875	60528.234375
596.325195	60774.593750
595.103516	60614.683594
593.881836	61124.355469
592.660156	61487.253906
591.437500	61699.511719
590.215820	61594.949219
588.993164	61735.835938
587.769531	61372.097656
586.545898	61441.746094
585.322266	60973.402344
584.098633	61369.363281
582.875000	61191.839844
581.650391	61140.882813
580.425781	61348.808594
579.201172	61588.250000
577.975586	61491.800781
576.750000	61845.632813
575.524414	61952.515625
574.298828	62114.617188
573.072266	62298.351563
571.845703	62438.593750
570.619141	62710.933594
569.391602	63259.257813
568.164063	63063.988281
566.936523	63588.328125
565.708984	63286.636719
564.480469	63647.140625
563.251953	64017.335938
562.023438	64182.523438
560.794922	63965.625000
559.565430	64177.992188
558.335938	64514.265625
557.106445	64354.492188
555.875977	64604.003906
554.645508	64633.101563
553.415039	64282.632813
552.184570	64486.765625
550.953125	64393.980469
549.721680	64063.437500
548.490234	64283.187500
547.257813	64526.410156
546.026367	64029.105469
544.793945	64348.843750
543.560547	64813.707031
542.328125	65005.550781
541.094727	64424.183594
539.861328	65198.679688
538.626953	65043.132813
537.392578	65456.328125
536.158203	65210.605469
534.923828	65725.492188
533.689453	65060.445313
532.454102	65334.148438
531.218750	65825.156250
529.982422	65536.515625
528.747070	66350.312500
527.510742	66081.242188
526.273438	66098.023438
525.037109	65705.859375
523.799805	66325.218750
522.562500	67499.742188
521.325195	67940.484375
520.086914	68330.210938
518.848633	67459.109375
517.610352	66566.890625
516.372070	65237.453125
515.132813	64560.960938
513.893555	64464.734375
512.654297	64612.589844
511.414063	64491.011719
510.173828	63854.289063
508.933594	64168.007813
507.693359	63822.269531
506.452148	64338.667969
505.210938	63677.175781
503.969727	64064.714844
502.727539	63838.171875
501.485352	63907.890625
