1802.243164	30365.832031
1801.274414	30335.865234
1800.304688	30477.111328
1799.334961	30580.855469
1798.365234	30342.646484
1797.395508	30194.359375
1796.425781	30275.640625
1795.455078	30514.021484
1794.485352	30480.494141
1793.514648	30237.548828
1792.543945	30652.771484
1791.572266	30477.175781
1790.601563	30700.320313
1789.629883	30646.849609
1788.658203	30670.611328
1787.686523	30793.970703
1786.714844	31128.904297
1785.742188	30587.498047
1784.769531	30835.230469
1783.796875	30727.044922
1782.824219	31432.388672
1781.851563	31202.251953
1780.877930	31200.982422
1779.905273	31289.216797
1778.931641	31113.927734
1777.958008	31231.964844
1776.983398	31320.134766
1776.009766	31318.835938
1775.035156	31185.896484
1774.060547	31596.839844
1773.085938	31379.482422
1772.111328	31529.582031
1771.135742	31155.970703
1770.161133	31680.722656
1769.185547	31647.089844
1768.208984	31811.892578
1767.233398	31919.589844
1766.257813	31447.095703
1765.281250	32129.896484
1764.304688	31615.414063
1763.328125	31723.058594
1762.351563	31778.634766
1761.374023	31881.248047
1760.396484	32038.294922
1759.418945	31858.570313
1758.441406	31906.642578
1757.463867	32113.080078
1756.485352	32057.158203
1755.507813	31946.832031
1754.529297	32155.607422
1753.550781	32300.003906
1752.571289	32409.728516
1751.592773	32220.314453
1750.613281	32579.611328
1749.633789	32261.751953
1748.654297	32294.808594
1747.674805	32266.101563
1746.694336	32491.750000
1745.713867	32946.910156
1744.733398	32950.171875
1743.752930	32570.914063
1742.772461	32658.138672
1741.791016	32992.015625
1740.810547	32812.750000
1739.829102	32719.857422
1738.847656	32627.001953
1737.865234	32723.978516
1736.883789	32944.136719
1735.901367	33092.750000
1734.918945	32990.031250
1733.936523	33131.183594
1732.954102	32572.947266
1731.970703	33221.281250
1730.987305	33189.996094
1730.003906	33483.562500
1729.020508	33375.960938
1728.037109	33563.593750
1727.052734	33325.660156
1726.068359	33417.324219
1725.083984	33597.453125
1724.099609	33679.191406
1723.115234	33697.000000
1722.129883	33599.320313
1721.144531	33995.429688
1720.159180	33797.031250
1719.173828	34205.218750
1718.188477	33822.726563
1717.202148	34108.011719
1716.215820	34376.007813
1715.229492	34035.414063
1714.243164	34695.796875
1713.256836	34492.617188
1712.269531	34596.023438
1711.282227	34429.714844
1710.294922	34790.449219
1709.307617	34959.890625
1708.320313	35068.011719
1707.332031	35156.492188
1706.343750	35651.480469
1705.355469	35502.289063
1704.367188	35627.343750
1703.378906	35811.085938
1702.389648	35488.199219
1701.400391	35358.726563
1700.411133	35811.480469
1699.421875	35943.675781
1698.431641	35982.898438
1697.442383	35902.312500
1696.452148	36269.039063
1695.461914	36386.363281
1694.470703	35905.058594
1693.480469	36330.183594
1692.489258	36554.875000
1691.498047	36432.753906
1690.506836	36435.175781
1689.515625	36227.699219
1688.523438	36181.355469
1687.532227	36344.847656
1686.540039	36786.343750
1685.547852	36183.875000
1684.554688	36634.976563
1683.562500	36934.750000
1682.569336	36503.218750
1681.576172	36144.960938
1680.583008	36890.492188
1679.589844	36425.121094
1678.595703	36342.281250
1677.601563	36259.476563
1676.607422	36753.636719
1675.613281	36595.324219
1674.619141	36887.246094
1673.624023	36882.238281
1672.628906	36816.421875
1671.633789	36826.015625
1670.638672	37475.062500
1669.643555	37389.714844
1668.647461	37314.117188
1667.651367	37187.519531
1666.655273	37585.730469
1665.659180	37947.343750
1664.663086	37864.402344
1663.666016	38505.023438
1662.668945	38026.320313
1661.671875	38042.914063
1660.674805	38076.480469
1659.676758	38306.539063
1658.679688	38478.292969
1657.681641	38395.347656
1656.683594	38731.875000
1655.684570	38452.558594
1654.686523	39045.832031
1653.687500	38827.136719
1652.688477	39303.804688
1651.689453	39588.937500
1650.690430	39455.015625
1649.690430	39623.781250
1648.691406	39840.890625
1647.691406	39835.257813
1646.690430	40151.437500
1645.690430	40220.734375
1644.690430	40304.511719
1643.689453	40264.925781
1642.688477	40607.347656
1641.687500	41058.402344
1640.685547	40779.429688
1639.684570	40838.835938
1638.682617	41147.035156
1637.680664	40725.707031
1636.678711	41284.937500
1635.675781	41211.398438
1634.672852	42035.812500
1633.670898	40929.261719
1632.667969	41820.953125
1631.664063	41390.335938
1630.661133	41664.140625
1629.657227	42017.410156
1628.653320	42141.500000
1627.649414	42429.441406
1626.645508	42452.179688
1625.640625	42686.933594
1624.636719	42430.175781
1623.631836	42356.554688
1622.626953	42663.414063
1621.621094	42616.257813
1620.616211	42270.652344
1619.610352	42558.085938
1618.604492	42542.246094
1617.598633	42925.718750
1616.591797	42715.003906
1615.585938	42768.867188
1614.579102	42512.585938
1613.572266	43198.589844
1612.565430	43088.906250
1611.557617	43873.015625
1610.550781	43667.156250
1609.542969	43903.261719
1608.535156	44276.136719
1607.526367	44096.718750
1606.518555	44402.191406
1605.509766	45036.289063
1604.500977	44729.664063
1603.492188	44926.875000
1602.483398	45766.714844
1601.473633	45596.789063
1600.464844	45728.972656
1599.455078	46426.726563
1598.444336	46374.175781
1597.434570	46355.183594
1596.424805	46633.207031
1595.414063	46899.140625
1594.403320	46643.011719
1593.392578	46937.558594
1592.380859	47538.324219
1591.369141	47385.105469
1590.358398	47887.445313
1589.346680	47530.902344
1588.333984	48088.007813
1587.322266	48664.007813
1586.309570	48673.250000
1585.296875	48223.621094
1584.284180	49401.371094
1583.271484	49164.386719
1582.257813	49345.476563
1581.245117	49399.925781
1580.231445	49447.187500
1579.217773	50341.812500
1578.203125	50479.546875
1577.189453	50471.675781
1576.174805	50437.562500
1575.160156	50630.042969
1574.145508	51001.281250
1573.129883	50998.066406
1572.115234	51662.257813
1571.099609	51015.460938
1570.083984	51693.671875
1569.067383	52154.824219
1568.051758	52251.394531
1567.035156	52316.964844
1566.018555	52646.765625
1565.001953	52783.628906
1563.985352	53503.468750
1562.967773	53397.414063
1561.951172	53215.277344
1560.933594	54110.574219
1559.915039	54342.097656
1558.897461	54578.281250
1557.878906	54852.390625
1556.861328	54995.687500
1555.842773	56421.890625
1554.823242	56593.308594
1553.804688	58149.214844
1552.785156	58562.394531
1551.765625	59910.726563
1550.746094	60589.199219
1549.726563	61243.660156
1548.706055	63055.621094
1547.686523	63730.656250
1546.666016	65470.218750
1545.645508	66317.562500
1544.624023	68451.765625
1543.603516	69447.460938
1542.582031	70940.359375
1541.560547	73048.609375
1540.539063	74649.117188
1539.516602	76741.539063
1538.495117	78409.289063
1537.472656	80263.367188
1536.450195	81813.742188
1535.426758	83536.218750
1534.404297	85674.351563
1533.380859	87655.507813
1532.357422	89132.148438
1531.333984	89849.265625
1530.310547	90859.179688
1529.286133	91663.078125
1528.261719	92062.601563
1527.237305	91131.960938
1526.212891	89946.609375
1525.188477	89944.789063
1524.163086	89213.445313
1523.137695	87644.445313
1522.112305	87178.171875
1521.086914	86282.664063
1520.060547	84771.828125
1519.035156	83830.000000
1518.008789	83046.531250
1516.982422	82343.539063
1515.955078	81046.851563
1514.928711	80115.960938
1513.901367	78935.695313
1512.874023	78121.023438
1511.846680	77285.492188
1510.818359	77166.101563
1509.791016	76022.695313
1508.762695	75228.101563
1507.734375	74629.140625
1506.705078	74176.289063
1505.676758	73594.242188
1504.647461	72464.476563
1503.618164	71988.812500
1502.588867	71882.421875
1501.559570	70948.757813
1500.529297	70299.796875
1499.499023	69037.921875
1498.468750	69352.648438
1497.438477	68540.015625
1496.408203	67927.289063
1495.376953	67411.046875
1494.345703	66618.070313
1493.314453	66649.031250
1492.283203	66370.304688
1491.250977	66227.718750
1490.219727	65693.578125
1489.187500	64747.007813
1488.154297	65061.925781
1487.122070	64886.906250
1486.088867	64435.464844
1485.056641	64560.492188
1484.023438	64259.195313
1482.989258	64253.066406
1481.956055	63549.261719
1480.921875	63016.613281
1479.887695	62800.113281
1478.853516	63096.101563
1477.819336	62535.789063
1476.784180	63070.261719
1475.750000	62828.187500
1474.714844	63738.765625
1473.678711	63711.683594
1472.643555	63738.359375
1471.607422	63758.011719
1470.571289	63791.664063
1469.535156	64196.636719
1468.499023	63377.921875
1467.462891	64291.722656
1466.425781	63613.351563
1465.388672	63565.312500
1464.351563	64011.890625
1463.313477	63779.507813
1462.276367	64375.109375
1461.238281	64396.882813
1460.200195	64917.507813
1459.162109	65298.078125
1458.123047	65224.101563
1457.083984	65709.281250
1456.045898	65917.078125
1455.005859	66173.687500
1453.966797	65901.679688
1452.926758	65767.109375
1451.887695	65953.765625
1450.847656	66063.554688
1449.806641	65654.515625
1448.766602	65499.164063
1447.725586	65083.421875
1446.685547	65648.968750
1445.643555	65154.332031
1444.602539	64908.558594
1443.561523	64651.265625
1442.519531	63934.117188
1441.477539	63788.601563
1440.435547	63099.781250
1439.392578	63186.652344
1438.350586	62707.128906
1437.307617	62288.136719
1436.264648	62170.933594
1435.220703	61965.628906
1434.177734	61391.648438
1433.133789	60864.277344
1432.089844	60874.953125
1431.045898	60018.773438
1430.001953	59686.648438
1428.957031	59178.582031
1427.912109	58992.691406
1426.867188	59443.738281
1425.822266	58371.066406
1424.777344	58227.113281
1423.731445	58266.058594
1422.685547	58316.554688
1421.639648	57656.781250
1420.592773	57552.402344
1419.546875	57778.757813
1418.500000	57279.027344
1417.453125	57119.300781
1416.406250	57780.082031
1415.358398	57416.976563
1414.311523	57479.085938
1413.263672	57210.882813
1412.215820	56741.886719
1411.166992	57101.914063
1410.119141	57138.632813
1409.070313	56933.015625
1408.021484	56189.878906
1406.972656	57101.042969
1405.922852	56512.695313
1404.873047	56602.515625
1403.824219	56613.914063
1402.773438	56597.644531
1401.723633	56279.492188
1400.673828	56440.699219
1399.623047	56097.367188
1398.572266	56366.781250
1397.520508	56134.121094
1396.469727	56258.378906
1395.417969	56350.355469
1394.366211	56492.917969
1393.314453	56412.257813
1392.262695	56439.730469
1391.209961	56462.593750
1390.158203	56214.128906
1389.105469	56669.191406
1388.051758	56262.199219
1386.999023	56404.550781
1385.945313	56103.453125
1384.891602	57107.101563
1383.837891	56757.753906
1382.784180	57106.503906
1381.729492	57422.972656
1380.675781	57193.105469
1379.621094	57458.937500
1378.565430	57768.246094
1377.510742	58084.304688
1376.455078	57599.941406
1375.399414	58117.648438
1374.343750	58050.640625
1373.288086	58455.742188
1372.231445	58372.644531
1371.175781	58495.746094
1370.119141	59459.312500
1369.061523	59158.523438
1368.004883	59329.453125
1366.947266	59390.441406
1365.889648	60105.871094
1364.832031	60521.289063
1363.774414	60998.292969
1362.715820	60484.851563
1361.657227	61005.101563
1360.598633	61458.839844
1359.540039	61521.562500
1358.481445	62358.882813
1357.421875	62128.960938
1356.362305	63086.863281
1355.302734	63183.437500
1354.242188	63227.457031
1353.182617	64248.441406
1352.122070	64171.253906
1351.061523	65157.386719
1350.000977	65463.292969
1348.939453	65876.265625
1347.877930	66455.523438
1346.817383	66526.132813
1345.754883	67061.703125
1344.693359	67293.953125
1343.630859	68248.367188
1342.568359	68753.617188
1341.505859	69381.648438
1340.443359	69679.242188
1339.380859	70154.281250
1338.317383	70406.062500
1337.253906	70523.476563
1336.190430	71300.625000
1335.125977	71397.320313
1334.062500	72226.265625
1332.998047	72174.937500
1331.933594	72212.273438
1330.868164	72697.335938
1329.803711	72136.921875
1328.738281	72408.234375
1327.672852	72322.820313
1326.607422	72119.351563
1325.541016	72083.976563
1324.475586	72232.484375
1323.409180	72744.039063
1322.342773	71866.734375
1321.275391	71087.335938
1320.208984	71535.289063
1319.141602	70724.531250
1318.074219	70777.890625
1317.005859	70833.484375
1315.938477	70392.750000
1314.870117	70106.265625
1313.801758	69650.000000
1312.733398	69547.234375
1311.665039	70015.109375
1310.595703	69368.976563
1309.526367	69635.242188
1308.457031	69767.890625
1307.387695	69812.234375
1306.317383	69895.015625
1305.248047	69602.351563
1304.177734	70098.898438
1303.106445	68845.562500
1302.036133	68598.484375
1300.964844	67777.554688
1299.893555	67736.382813
1298.822266	65863.414063
1297.750977	65407.128906
1296.678711	64050.187500
1295.606445	64073.003906
1294.534180	63190.824219
1293.461914	62257.109375
1292.389648	62054.687500
1291.316406	61211.804688
1290.243164	60788.691406
1289.169922	60392.804688
1288.095703	59832.531250
1287.022461	59322.070313
1285.948242	59158.785156
1284.874023	58889.695313
1283.798828	58499.097656
1282.724609	58363.097656
1281.649414	58035.800781
1280.574219	57650.113281
1279.499023	57494.113281
1278.422852	58314.582031
1277.347656	57933.566406
1276.271484	58049.703125
1275.195313	57329.390625
1274.118164	56874.625000
1273.041992	57361.730469
1271.964844	57147.566406
1270.887695	57256.992188
1269.809570	56609.445313
1268.732422	57075.976563
1267.654297	56900.207031
1266.576172	56769.398438
1265.498047	57033.617188
1264.418945	56308.246094
1263.340820	56036.308594
1262.261719	55921.476563
1261.182617	55804.445313
1260.102539	55696.425781
1259.023438	55581.726563
1257.943359	54510.199219
1256.863281	54505.570313
1255.782227	54344.136719
1254.702148	53983.453125
1253.621094	53802.042969
1252.540039	53562.500000
1251.458984	52853.046875
1250.376953	52613.796875
1249.295898	52801.941406
1248.213867	52352.542969
1247.131836	52200.746094
1246.048828	52116.085938
1244.966797	51892.867188
1243.883789	52004.964844
1242.800781	51848.890625
1241.717773	51757.656250
1240.633789	52110.917969
1239.549805	51635.589844
1238.465820	51539.984375
1237.381836	51020.328125
1236.297852	50924.886719
1235.212891	51746.472656
1234.127930	51140.089844
1233.042969	51410.425781
1231.957031	50650.511719
1230.872070	51085.792969
1229.786133	50533.535156
1228.700195	50538.585938
1227.614258	50973.613281
1226.527344	50546.445313
1225.440430	50602.703125
1224.353516	50583.234375
1223.266602	50261.031250
1222.179688	50824.726563
1221.091797	50366.871094
1220.003906	51088.250000
1218.916016	49874.316406
1217.827148	50366.453125
1216.739258	50120.269531
1215.650391	50701.050781
1214.561523	50474.894531
1213.471680	50642.097656
1212.382813	50866.976563
1211.292969	50496.562500
1210.203125	50972.285156
1209.113281	50870.609375
1208.022461	50877.734375
1206.932617	51153.355469
1205.841797	50761.066406
1204.750000	51595.550781
1203.659180	51351.910156
1202.567383	50984.207031
1201.475586	51849.148438
1200.383789	51605.597656
1199.291992	52035.746094
1198.199219	52902.132813
1197.106445	52587.628906
1196.013672	52862.285156
1194.920898	52939.781250
1193.827148	52559.050781
1192.734375	52242.656250
1191.640625	52760.523438
1190.545898	52503.937500
1189.452148	52683.148438
1188.357422	52517.335938
1187.262695	51973.562500
1186.167969	52462.195313
1185.073242	52088.804688
1183.977539	52166.269531
1182.881836	52022.816406
1181.786133	51643.117188
1180.690430	51925.953125
1179.593750	51542.015625
1178.497070	51615.085938
1177.400391	51443.191406
1176.303711	51474.328125
1175.206055	51300.328125
1174.109375	50804.445313
1173.011719	50416.792969
1171.913086	50492.191406
1170.815430	50909.136719
1169.716797	50415.941406
1168.618164	50511.109375
1167.519531	50079.863281
1166.420898	50029.726563
1165.321289	50470.535156
1164.221680	50367.507813
1163.122070	50359.144531
1162.022461	50271.578125
1160.921875	50208.242188
1159.821289	50512.187500
1158.720703	50422.437500
1157.620117	50688.832031
1156.518555	50548.527344
1155.416992	51045.496094
1154.315430	51326.960938
1153.213867	51331.562500
1152.112305	51202.207031
1151.009766	51619.574219
1149.907227	52087.246094
1148.804688	52146.531250
1147.701172	52254.062500
1146.598633	52058.824219
1145.495117	51870.246094
1144.391602	51740.945313
1143.287109	51230.250000
1142.183594	51482.500000
1141.079102	50597.351563
1139.974609	50869.339844
1138.869141	50289.148438
1137.764648	50394.648438
1136.659180	50557.023438
1135.553711	50163.324219
1134.447266	49704.125000
1133.341797	50286.648438
1132.235352	49656.980469
1131.128906	49222.226563
1130.022461	49045.687500
1128.915039	49529.468750
1127.808594	49440.363281
1126.701172	48971.046875
1125.593750	48606.796875
1124.485352	48469.875000
1123.376953	48568.875000
1122.268555	48327.207031
1121.160156	48723.082031
1120.051758	48354.890625
1118.942383	48388.355469
1117.833008	48461.074219
1116.723633	48658.089844
1115.614258	48379.613281
1114.503906	48574.375000
1113.394531	48581.589844
1112.283203	48519.054688
1111.172852	48458.722656
1110.062500	48685.968750
1108.951172	47837.195313
1107.839844	48591.429688
1106.728516	48561.601563
1105.616211	48309.765625
1104.503906	48258.242188
1103.391602	48111.007813
1102.279297	48618.574219
1101.166992	48577.882813
1100.053711	48063.203125
1098.940430	48133.507813
1097.827148	48488.492188
1096.712891	48543.460938
1095.599609	48711.371094
1094.485352	48310.136719
1093.371094	48766.835938
1092.255859	48671.878906
1091.141602	48865.656250
1090.026367	48705.609375
1088.911133	49231.257813
1087.794922	49580.972656
1086.679688	50160.433594
1085.563477	49900.488281
1084.447266	50182.628906
1083.330078	50358.441406
1082.213867	51327.292969
1081.096680	51210.300781
1079.979492	51351.117188
1078.862305	51883.847656
1077.744141	51792.785156
1076.625977	52206.128906
1075.507813	52179.957031
1074.389648	53268.144531
1073.271484	53706.871094
1072.152344	53885.859375
1071.033203	54579.429688
1069.914063	55811.027344
1068.793945	56462.820313
1067.674805	56798.820313
1066.554688	58238.738281
1065.433594	59194.171875
1064.313477	60449.394531
1063.192383	61231.214844
1062.071289	62405.593750
1060.950195	63849.265625
1059.829102	63615.667969
1058.707031	64102.734375
1057.584961	63987.804688
1056.462891	63551.605469
1055.340820	62994.847656
1054.217773	62280.964844
1053.094727	61994.093750
1051.971680	60860.558594
1050.848633	59973.078125
1049.724609	58480.765625
1048.601563	57807.332031
1047.476563	57351.617188
1046.352539	56898.242188
1045.228516	55506.816406
1044.103516	55611.250000
1042.978516	54199.167969
1041.852539	53901.671875
1040.727539	53159.222656
1039.601563	53272.648438
1038.475586	52853.023438
1037.349609	52560.347656
1036.222656	52138.894531
1035.096680	52211.617188
1033.969727	52539.847656
1032.841797	52198.093750
1031.714844	52161.277344
1030.586914	51899.144531
1029.458984	52287.222656
1028.331055	51909.332031
1027.202148	51962.671875
1026.074219	51668.625000
1024.945313	51754.144531
1023.815430	51627.437500
1022.686523	51687.207031
1021.556641	51472.722656
1020.426758	51463.953125
1019.296875	51684.320313
1018.166992	51270.851563
1017.036133	51240.710938
1015.905273	51148.523438
1014.774414	51182.605469
1013.643555	50835.894531
1012.511719	51154.476563
1011.379883	50865.648438
1010.248047	50792.859375
1009.115234	50837.652344
1007.983398	50403.753906
1006.850586	50679.343750
1005.717773	50576.738281
1004.583984	50837.218750
1003.451172	51108.265625
1002.317383	50856.195313
1001.183594	50646.917969
1000.048828	50817.535156
998.915039	50949.675781
997.780273	50702.109375
996.645508	50461.039063
995.509766	50627.273438
994.375000	50318.109375
993.239258	50654.781250
992.103516	50918.863281
990.967773	50571.484375
989.831055	50654.445313
988.694336	50924.738281
987.557617	50724.453125
986.420898	50841.371094
985.283203	50519.894531
984.145508	50792.101563
983.007813	50543.082031
981.870117	51044.828125
980.731445	51195.554688
979.592773	51048.628906
978.454102	51107.902344
977.315430	51230.886719
976.176758	51485.519531
975.037109	51291.921875
973.897461	51469.988281
972.756836	51433.562500
971.617188	51583.921875
970.476563	51154.914063
969.335938	51311.628906
968.195313	51292.222656
967.053711	51637.574219
965.912109	51919.167969
964.770508	51920.832031
963.628906	51536.781250
962.486328	52085.179688
961.344727	51919.449219
960.202148	51588.582031
959.058594	51666.531250
957.916016	51649.175781
956.772461	52226.582031
955.628906	51523.480469
954.485352	51677.527344
953.340820	51804.003906
952.196289	51492.667969
951.051758	51602.210938
949.907227	51665.199219
948.761719	51313.925781
947.617188	51243.824219
946.471680	51015.308594
945.325195	51107.921875
944.179688	51327.191406
943.033203	51586.476563
941.886719	51805.546875
940.740234	51927.445313
939.592773	52169.546875
938.445313	53455.679688
937.297852	53998.925781
936.150391	54299.457031
935.001953	56031.207031
933.854492	56529.281250
932.705078	57050.320313
931.556641	57535.316406
930.408203	57982.195313
929.258789	58182.500000
928.109375	58050.078125
926.958984	57650.386719
925.809570	57463.410156
924.659180	57329.109375
923.508789	56635.324219
922.358398	56415.023438
921.207031	55969.832031
920.055664	55077.066406
918.904297	54590.308594
917.752930	54328.593750
916.600586	53760.265625
915.449219	52788.902344
914.295898	52664.226563
913.143555	52459.820313
911.991211	51825.195313
910.837891	51952.621094
909.684570	51360.332031
908.530273	51227.687500
907.376953	51309.011719
906.222656	51209.976563
905.068359	50920.210938
903.913086	50687.156250
902.758789	50718.222656
901.603516	50152.199219
900.448242	50434.707031
899.292969	50271.050781
898.136719	50921.890625
896.980469	50617.945313
895.824219	50628.039063
894.667969	50169.449219
893.510742	50219.375000
892.353516	50685.468750
891.196289	50733.167969
890.038086	50412.910156
888.880859	50498.257813
887.722656	50696.410156
886.564453	50769.121094
885.405273	50879.394531
884.247070	51037.648438
883.087891	50836.722656
881.928711	51621.128906
880.768555	51484.851563
879.609375	51959.976563
878.449219	51913.378906
877.288086	52183.812500
876.127930	52358.207031
874.966797	52071.804688
873.805664	52181.531250
872.644531	52305.792969
871.483398	51986.238281
870.321289	52185.468750
869.159180	52390.855469
867.997070	51617.601563
866.833984	51644.000000
865.671875	51607.949219
864.508789	51511.574219
863.344727	51600.375000
862.181641	51709.933594
861.017578	52002.421875
859.853516	52222.023438
858.689453	52333.445313
857.524414	52153.898438
856.359375	52404.476563
855.194336	52345.453125
854.029297	52743.324219
852.864258	52844.117188
851.698242	52511.023438
850.532227	52752.941406
849.365234	52760.289063
848.199219	52597.523438
847.032227	52592.449219
845.865234	52469.179688
844.698242	52151.089844
843.530273	52602.089844
842.362305	52087.242188
841.194336	52061.546875
840.026367	52104.214844
838.857422	51624.996094
837.688477	51696.718750
836.519531	51844.996094
835.350586	51682.777344
834.180664	51770.984375
833.010742	51600.566406
831.840820	51566.718750
830.669922	51630.070313
829.500000	51821.566406
828.329102	52304.406250
827.158203	52142.304688
825.986328	51938.953125
824.814453	51669.585938
823.642578	51862.914063
822.470703	52268.816406
821.298828	51937.617188
820.125977	51928.503906
818.953125	52047.316406
817.780273	51879.335938
816.606445	51515.492188
815.432617	51673.484375
814.258789	52060.238281
813.084961	52279.871094
811.910156	52433.468750
810.736328	52615.835938
809.560547	52896.992188
808.385742	52755.863281
807.209961	52413.015625
806.035156	52813.414063
804.858398	52921.398438
803.682617	53041.679688
802.505859	52483.058594
801.330078	53251.226563
800.152344	53786.707031
798.975586	53736.054688
797.797852	53851.902344
796.620117	54935.550781
795.442383	55533.878906
794.264648	56105.242188
793.085938	56627.074219
791.907227	55481.539063
790.728516	54837.347656
789.548828	54283.726563
788.369141	54128.394531
787.189453	54237.746094
786.009766	54160.414063
784.830078	54474.753906
783.649414	55110.808594
782.468750	54051.578125
781.287109	53451.808594
780.106445	52936.292969
778.924805	52683.171875
777.743164	53044.500000
776.561523	53022.812500
775.378906	52370.675781
774.196289	52631.546875
773.013672	52184.375000
771.830078	52324.480469
770.647461	52705.847656
769.463867	52690.375000
768.280273	52879.332031
767.095703	53225.578125
765.911133	53152.777344
764.726563	53396.660156
763.541992	52688.625000
762.357422	53445.054688
761.171875	54105.199219
759.986328	54487.453125
758.800781	54447.105469
757.614258	54427.171875
756.427734	55029.402344
755.241211	56351.285156
754.054688	56981.378906
752.867188	57678.464844
751.679688	59161.957031
750.492188	59432.394531
749.304688	60719.281250
748.116211	62626.824219
746.927734	64209.761719
745.739258	65618.960938
744.549805	67978.101563
743.361328	68785.531250
742.171875	70021.906250
740.981445	70486.804688
739.791992	69940.757813
738.601563	70397.328125
737.411133	69947.062500
736.220703	69738.843750
735.029297	69439.265625
733.837891	69308.429688
732.646484	68590.679688
731.455078	67635.648438
730.262695	66370.406250
729.070313	65123.980469
727.877930	63309.886719
726.685547	62220.875000
725.492188	60625.226563
724.298828	59492.648438
723.105469	59122.906250
721.912109	58599.261719
720.717773	57885.335938
719.523438	58251.687500
718.329102	57424.695313
717.133789	58584.914063
715.938477	58539.808594
714.743164	58674.898438
713.547852	58739.085938
712.351563	59592.437500
711.155273	59949.742188
709.958984	60282.617188
708.762695	60568.832031
707.565430	61394.746094
706.368164	61581.542969
705.170898	62360.386719
703.973633	62520.617188
702.775391	63684.746094
701.577148	64371.730469
700.378906	64832.265625
699.179688	65997.140625
697.980469	67171.601563
696.781250	68537.242188
695.582031	70001.140625
694.381836	71686.265625
693.181641	73225.460938
691.981445	75397.054688
690.781250	77497.140625
689.580078	78558.460938
688.378906	79655.578125
687.177734	81292.070313
685.976563	81759.765625
684.774414	82247.375000
683.572266	82676.398438
682.370117	83024.718750
681.166992	82644.476563
679.963867	82272.437500
678.760742	82719.164063
677.557617	81735.953125
676.353516	80791.367188
675.149414	80136.617188
673.945313	79972.492188
672.741211	80672.351563
671.536133	79118.148438
670.331055	77795.570313
669.125977	76933.351563
667.919922	74401.367188
666.714844	72936.164063
665.508789	71295.023438
664.301758	68998.609375
663.095703	68397.945313
661.888672	66738.789063
660.681641	65864.218750
659.474609	65112.289063
658.266602	64997.914063
657.058594	64434.812500
655.850586	62794.332031
654.641602	62462.246094
653.433594	61956.109375
652.224609	61109.902344
651.014648	60089.953125
649.805664	59650.679688
648.595703	59491.652344
647.385742	59024.695313
646.175781	59013.828125
644.964844	58447.218750
643.753906	58352.531250
642.542969	58163.964844
641.332031	57915.542969
640.120117	57545.386719
638.908203	57175.390625
637.696289	56987.230469
636.483398	56972.804688
635.270508	57133.992188
634.057617	56584.828125
632.844727	56805.863281
631.630859	56705.718750
630.417969	56936.593750
629.203125	57253.082031
627.989258	56560.976563
626.774414	56775.781250
625.559570	56801.238281
624.344727	56589.667969
623.129883	56708.734375
621.914063	56979.046875
620.698242	56779.507813
619.482422	56030.828125
618.265625	56149.894531
617.048828	55869.105469
615.832031	56409.738281
614.615234	56176.726563
613.397461	55921.941406
612.179688	55981.265625
610.961914	56418.070313
609.743164	56429.578125
608.525391	56020.035156
607.306641	55896.597656
606.086914	55945.914063
604.868164	56223.453125
603.648438	56629.847656
602.428711	56357.578125
601.208008	56365.085938
599.988281	56440.007813
598.767578	56522.824219
597.546875	57045.636719
596.325195	56880.562500
595.103516	56901.800781
593.881836	56903.214844
592.660156	56631.332031
591.437500	56674.375000
590.215820	56616.441406
588.993164	56827.683594
587.769531	56506.574219
586.545898	56438.812500
585.322266	56436.343750
584.098633	56825.390625
582.875000	56188.234375
581.650391	56053.386719
580.425781	56867.101563
579.201172	56560.277344
577.975586	56794.785156
576.750000	57039.062500
575.524414	57346.406250
574.298828	56958.796875
573.072266	56999.597656
571.845703	57906.539063
570.619141	57304.039063
569.391602	57942.292969
568.164063	57823.113281
566.936523	57985.882813
565.708984	58152.519531
564.480469	58508.238281
563.251953	58582.085938
562.023438	59095.113281
560.794922	58613.496094
559.565430	58960.910156
558.335938	58881.054688
557.106445	59234.152344
555.875977	59744.488281
554.645508	59442.230469
553.415039	59619.941406
552.184570	59479.058594
550.953125	59243.878906
549.721680	59743.804688
548.490234	59976.289063
547.257813	59635.066406
546.026367	60160.097656
544.793945	60396.253906
543.560547	60416.363281
542.328125	60236.265625
541.094727	60427.105469
539.861328	60814.039063
538.626953	60851.675781
537.392578	60755.945313
536.158203	61040.589844
534.923828	60754.726563
533.689453	61029.441406
532.454102	60459.609375
531.218750	60501.164063
529.982422	60268.527344
528.747070	60259.191406
527.510742	60382.964844
526.273438	60453.839844
525.037109	60413.152344
523.799805	60908.480469
522.562500	62166.335938
521.325195	62874.183594
520.086914	62836.890625
518.848633	61664.054688
517.610352	60429.203125
516.372070	59952.894531
515.132813	59783.441406
513.893555	59323.101563
512.654297	58661.867188
511.414063	58656.761719
510.173828	58497.484375
508.933594	58593.863281
507.693359	58750.664063
506.452148	58492.003906
505.210938	58555.160156
503.969727	58353.179688
502.727539	58751.542969
501.485352	58584.667969
