1802.271484	5573.760254
1801.302734	5703.614746
1800.333984	5332.963379
1799.364258	5633.938965
1798.394531	5560.437988
1797.424805	5581.784180
1796.454102	5338.681641
1795.484375	5227.869629
1794.513672	5274.205566
1793.542969	5320.522461
1792.572266	5461.543945
1791.601563	5627.431152
1790.629883	5618.831055
1789.658203	5475.708008
1788.687500	5342.604980
1787.714844	5411.263184
1786.743164	5469.934570
1785.771484	5493.733398
1784.798828	5649.424805
1783.826172	6009.088867
1782.853516	5997.936035
1781.880859	5976.838379
1780.907227	6045.271973
1779.933594	5937.153809
1778.959961	6229.284180
1777.986328	6272.772461
1777.012695	6249.154297
1776.038086	6086.427246
1775.064453	5946.118652
1774.089844	5900.229492
1773.115234	5688.013672
1772.139648	6036.875000
1771.165039	6167.200195
1770.189453	6384.317383
1769.213867	6658.405273
1768.238281	6736.440918
1767.262695	6824.364258
1766.286133	6758.536133
1765.310547	6883.601074
1764.333984	7172.182617
1763.357422	7294.635742
1762.379883	7171.786621
1761.403320	6823.597168
1760.425781	6931.187500
1759.448242	7073.395508
1758.470703	6987.817383
1757.493164	7525.927734
1756.514648	7628.341309
1755.536133	7953.357422
1754.558594	7825.623047
1753.579102	7712.776855
1752.600586	7318.128418
1751.622070	7155.991211
1750.642578	7206.454590
1749.663086	7496.570313
1748.683594	7574.118164
1747.703125	7421.937500
1746.723633	7316.735840
1745.743164	6989.376953
1744.762695	6894.176270
1743.782227	6885.389648
1742.801758	6923.486328
1741.820313	7156.452148
1740.839844	7011.964844
1739.858398	6946.444336
1738.875977	6962.308105
1737.894531	6904.217773
1736.913086	6848.614746
1735.930664	6625.486816
1734.948242	6858.182129
1733.965820	6797.694824
1732.982422	7037.648926
1732.000000	7196.262207
1731.016602	7143.126465
1730.033203	6863.604004
1729.049805	6665.388672
1728.066406	6693.569336
1727.082031	6402.007324
1726.097656	6784.321777
1725.113281	6778.041504
1724.128906	6983.150879
1723.144531	7188.177246
1722.159180	7093.366699
1721.173828	6944.550781
1720.188477	6835.090332
1719.203125	6816.527832
1718.217773	6829.887695
1717.231445	6904.605469
1716.245117	6940.027832
1715.258789	7120.194824
1714.272461	7035.359375
1713.286133	7095.258789
1712.298828	7326.777832
1711.311523	7609.687012
1710.324219	7581.194336
1709.336914	7643.384766
1708.349609	7396.837891
1707.361328	7427.194336
1706.373047	7511.418945
1705.384766	7642.132813
1704.396484	7564.703125
1703.408203	7891.163086
1702.418945	8273.775391
1701.429688	8279.450195
1700.440430	8497.937500
1699.451172	8767.695313
1698.460938	8907.750000
1697.471680	8876.620117
1696.481445	8940.826172
1695.491211	8963.462891
1694.500000	9003.191406
1693.509766	9055.118164
1692.518555	9361.013672
1691.527344	9810.846680
1690.536133	9659.955078
1689.544922	9841.064453
1688.552734	9909.848633
1687.561523	9859.056641
1686.569336	10386.390625
1685.577148	10430.634766
1684.583984	10433.409180
1683.591797	10270.412109
1682.598633	10236.656250
1681.605469	10202.914063
1680.612305	10329.982422
1679.619141	10437.511719
1678.625000	10669.199219
1677.630859	10676.787109
1676.636719	10847.472656
1675.642578	10806.343750
1674.648438	10602.194336
1673.653320	10772.790039
1672.659180	10877.641602
1671.664063	10875.447266
1670.667969	10746.820313
1669.672852	10754.375000
1668.676758	10686.583984
1667.681641	10626.108398
1666.685547	10653.117188
1665.688477	10556.238281
1664.692383	10779.954102
1663.695313	10972.016602
1662.698242	10748.900391
1661.701172	10569.559570
1660.704102	10453.379883
1659.707031	10572.569336
1658.708984	10592.263672
1657.710938	10708.951172
1656.712891	10876.506836
1655.714844	10884.005859
1654.715820	11213.835938
1653.717773	11063.762695
1652.718750	11044.569336
1651.718750	10870.369141
1650.719727	10710.767578
1649.720703	11047.559570
1648.720703	11035.644531
1647.720703	11256.066406
1646.720703	11251.372070
1645.719727	11256.355469
1644.719727	11225.055664
1643.718750	11237.294922
1642.717773	11244.693359
1641.716797	11285.929688
1640.715820	11382.732422
1639.713867	11015.580078
1638.711914	11073.746094
1637.709961	11226.082031
1636.708008	11269.691406
1635.706055	10987.355469
1634.703125	11142.028320
1633.700195	10910.511719
1632.697266	11077.200195
1631.694336	10903.683594
1630.690430	10959.361328
1629.687500	10797.994141
1628.683594	11087.521484
1627.679688	11217.847656
1626.674805	11177.018555
1625.670898	11261.494141
1624.666016	11309.800781
1623.661133	11302.693359
1622.656250	11177.600586
1621.651367	10799.776367
1620.645508	10934.785156
1619.639648	10732.833008
1618.633789	10571.864258
1617.627930	10569.722656
1616.622070	10704.666992
1615.615234	10709.710938
1614.608398	10774.853516
1613.601563	10784.688477
1612.594727	10881.027344
1611.587891	11373.750977
1610.580078	11441.105469
1609.572266	11390.754883
1608.564453	11578.132813
1607.556641	11520.571289
1606.547852	11422.230469
1605.540039	11115.159180
1604.531250	11312.035156
1603.522461	11743.900391
1602.512695	11808.667969
1601.503906	11863.817383
1600.494141	11741.549805
1599.484375	11583.380859
1598.474609	11808.673828
1597.464844	11468.476563
1596.454102	11976.340820
1595.443359	11705.695313
1594.432617	11940.354492
1593.421875	12016.926758
1592.411133	12213.133789
1591.399414	12323.118164
1590.387695	12480.904297
1589.375977	12641.016602
1588.364258	12124.303711
1587.352539	12119.450195
1586.339844	11954.441406
1585.327148	12181.446289
1584.314453	12317.559570
1583.301758	12202.776367
1582.288086	12415.259766
1581.274414	12737.503906
1580.260742	12992.765625
1579.247070	12846.905273
1578.233398	13044.762695
1577.218750	12779.647461
1576.205078	12822.375000
1575.190430	12714.826172
1574.174805	12609.704102
1573.160156	12871.776367
1572.144531	12862.008789
1571.128906	12873.692383
1570.113281	12813.891602
1569.097656	13201.960938
1568.082031	13356.466797
1567.065430	13172.779297
1566.048828	13377.222656
1565.032227	13193.603516
1564.015625	13060.034180
1562.998047	13214.408203
1561.980469	13142.735352
1560.962891	13344.593750
1559.945313	13612.948242
1558.927734	13443.765625
1557.909180	13198.591797
1556.890625	13112.733398
1555.872070	13257.368164
1554.853516	13404.318359
1553.834961	13228.221680
1552.815430	13515.208008
1551.795898	13569.430664
1550.776367	13224.889648
1549.756836	13212.705078
1548.736328	13036.822266
1547.716797	13038.911133
1546.696289	13029.140625
1545.675781	13085.761719
1544.654297	13092.578125
1543.633789	12784.170898
1542.612305	12717.587891
1541.590820	12669.983398
1540.569336	12683.981445
1539.546875	13065.035156
1538.525391	13076.578125
1537.502930	12751.976563
1536.480469	12941.079102
1535.457031	12950.271484
1534.434570	13009.140625
1533.411133	12918.973633
1532.387695	12987.282227
1531.364258	12682.005859
1530.340820	12908.708008
1529.316406	12877.714844
1528.291992	12560.831055
1527.267578	12688.198242
1526.243164	12527.364258
1525.218750	12531.891602
1524.193359	12534.056641
1523.167969	12692.007813
1522.142578	12644.579102
1521.117188	12540.541016
1520.091797	12328.032227
1519.065430	12320.798828
1518.039063	12513.999023
1517.012695	12402.997070
1515.985352	12376.894531
1514.958984	12407.359375
1513.931641	12317.650391
1512.904297	12409.358398
1511.876953	12618.786133
1510.849609	12526.731445
1509.821289	12606.569336
1508.792969	12481.601563
1507.764648	12641.422852
1506.736328	12643.544922
1505.707031	12525.702148
1504.677734	12650.137695
1503.649414	12595.824219
1502.619141	12738.999023
1501.589844	12872.713867
1500.559570	12924.128906
1499.530273	12914.438477
1498.500000	13038.637695
1497.468750	12866.886719
1496.438477	12798.513672
1495.407227	13061.157227
1494.375977	12905.933594
1493.344727	12854.018555
1492.313477	12966.342773
1491.282227	12691.610352
1490.250000	12684.323242
1489.217773	12630.148438
1488.185547	12761.176758
1487.152344	12549.984375
1486.120117	12770.012695
1485.086914	12683.064453
1484.053711	12488.411133
1483.020508	12319.594727
1481.986328	12516.075195
1480.953125	12562.667969
1479.918945	12403.299805
1478.884766	12424.157227
1477.849609	12632.149414
1476.815430	12802.633789
1475.780273	12881.853516
1474.745117	13000.783203
1473.709961	13150.048828
1472.673828	12873.938477
1471.638672	13474.095703
1470.602539	13569.444336
1469.566406	13627.385742
1468.529297	13507.844727
1467.493164	13696.504883
1466.456055	14120.823242
1465.418945	14414.289063
1464.381836	14416.000000
1463.344727	14497.018555
1462.306641	14461.396484
1461.268555	14810.507813
1460.230469	15021.936523
1459.192383	15466.344727
1458.154297	15516.767578
1457.115234	15338.856445
1456.076172	15314.747070
1455.037109	15865.850586
1453.998047	15816.029297
1452.958008	15845.374023
1451.917969	15914.270508
1450.877930	16097.152344
1449.837891	16082.216797
1448.797852	16481.296875
1447.756836	16798.822266
1446.715820	16923.244141
1445.674805	17080.158203
1444.633789	16516.572266
1443.591797	16924.441406
1442.549805	16716.539063
1441.507813	16785.105469
1440.465820	16674.843750
1439.423828	16367.289063
1438.380859	16259.476563
1437.337891	16448.750000
1436.294922	16350.245117
1435.251953	16152.031250
1434.208984	16584.724609
1433.165039	16356.399414
1432.121094	16617.320313
1431.077148	16759.925781
1430.032227	16693.914063
1428.988281	17255.791016
1427.943359	17069.251953
1426.898438	16873.523438
1425.853516	16941.832031
1424.807617	17074.929688
1423.761719	17020.501953
1422.716797	16686.101563
1421.669922	16960.291016
1420.624023	16440.998047
1419.578125	16271.111328
1418.531250	16212.274414
1417.484375	15760.489258
1416.436523	15865.869141
1415.389648	15585.327148
1414.341797	15528.986328
1413.293945	15588.152344
1412.246094	15582.634766
1411.198242	15249.276367
1410.149414	15324.619141
1409.101563	15118.377930
1408.052734	15216.788086
1407.002930	15056.789063
1405.954102	15026.012695
1404.904297	14932.988281
1403.854492	15047.489258
1402.804688	15007.510742
1401.754883	14882.283203
1400.704102	14975.985352
1399.654297	14719.512695
1398.603516	14928.360352
1397.551758	14538.452148
1396.500977	14765.666992
1395.449219	14861.593750
1394.397461	14702.052734
1393.345703	14797.951172
1392.293945	14889.209961
1391.241211	14886.140625
1390.189453	14678.437500
1389.136719	14852.417969
1388.083008	14874.636719
1387.030273	14935.909180
1385.976563	15027.020508
1384.922852	14938.936523
1383.869141	15190.756836
1382.815430	15697.321289
1381.760742	15636.696289
1380.707031	15943.294922
1379.652344	16284.182617
1378.596680	16374.877930
1377.541992	16644.433594
1376.486328	17076.687500
1375.430664	16887.460938
1374.375000	16938.986328
1373.319336	17056.949219
1372.262695	17115.289063
1371.207031	17235.455078
1370.150391	17236.478516
1369.092773	17077.212891
1368.036133	17082.843750
1366.978516	17237.246094
1365.920898	17272.587891
1364.863281	17239.277344
1363.805664	16858.292969
1362.747070	16944.000000
1361.688477	16814.744141
1360.629883	17067.300781
1359.571289	16928.927734
1358.512695	17215.632813
1357.453125	16871.671875
1356.393555	16726.568359
1355.333984	17188.974609
1354.274414	17393.189453
1353.213867	17092.843750
1352.153320	17112.130859
1351.092773	17519.308594
1350.032227	17335.464844
1348.970703	17589.611328
1347.910156	17560.890625
1346.848633	17584.615234
1345.787109	17986.710938
1344.724609	17946.527344
1343.663086	18022.560547
1342.600586	18039.333984
1341.538086	18431.886719
1340.474609	18389.363281
1339.412109	18793.062500
1338.348633	18800.554688
1337.285156	18974.160156
1336.221680	19165.896484
1335.157227	19250.640625
1334.093750	19501.367188
1333.029297	19406.380859
1331.964844	19643.328125
1330.900391	19489.255859
1329.834961	19219.357422
1328.769531	18979.103516
1327.704102	18925.201172
1326.638672	18746.419922
1325.573242	18476.894531
1324.506836	18155.269531
1323.440430	18142.429688
1322.374023	17541.912109
1321.306641	17393.089844
1320.240234	17430.310547
1319.172852	17388.148438
1318.105469	16885.769531
1317.038086	17050.003906
1315.969727	17386.400391
1314.902344	17004.416016
1313.833984	17193.439453
1312.764648	17441.267578
1311.696289	17455.763672
1310.626953	17391.019531
1309.558594	17622.804688
1308.489258	17711.929688
1307.418945	17801.015625
1306.349609	17978.281250
1305.279297	17750.660156
1304.208984	17697.234375
1303.138672	17503.673828
1302.067383	17054.798828
1300.997070	17080.632813
1299.925781	17156.158203
1298.854492	16994.488281
1297.782227	16559.636719
1296.710938	16513.300781
1295.638672	16110.331055
1294.566406	16176.947266
1293.494141	15896.055664
1292.420898	15818.309570
1291.347656	15528.584961
1290.274414	15459.965820
1289.201172	15553.696289
1288.127930	15376.905273
1287.053711	15101.031250
1285.979492	15169.992188
1284.905273	15306.500977
1283.831055	15321.336914
1282.755859	15730.209961
1281.681641	15569.355469
1280.606445	15545.862305
1279.530273	15911.674805
1278.455078	15865.620117
1277.378906	15977.037109
1276.302734	16171.615234
1275.226563	16386.347656
1274.150391	16497.583984
1273.073242	16370.541016
1271.996094	16483.980469
1270.918945	16356.991211
1269.841797	16593.916016
1268.763672	16356.921875
1267.686523	16423.117188
1266.608398	15968.522461
1265.529297	15868.699219
1264.451172	15564.736328
1263.372070	15424.658203
1262.292969	15504.430664
1261.213867	15099.826172
1260.134766	15029.426758
1259.054688	14860.433594
1257.974609	15065.745117
1256.894531	14489.050781
1255.814453	14114.193359
1254.734375	14301.613281
1253.653320	14381.479492
1252.572266	14423.255859
1251.491211	14203.152344
1250.409180	14587.308594
1249.328125	14112.220703
1248.246094	14198.749023
1247.163086	14229.333008
1246.081055	14347.100586
1244.999023	14082.576172
1243.916016	14211.498047
1242.833008	14172.784180
1241.749023	14011.220703
1240.666016	14001.598633
1239.582031	14119.260742
1238.498047	14085.060547
1237.414063	14064.266602
1236.329102	13822.551758
1235.245117	13721.498047
1234.160156	14051.005859
1233.075195	13905.340820
1231.989258	13614.802734
1230.904297	13790.303711
1229.818359	13774.052734
1228.732422	13764.493164
1227.645508	13768.303711
1226.559570	13852.299805
1225.472656	13395.109375
1224.385742	13601.602539
1223.298828	13712.290039
1222.210938	13649.336914
1221.124023	13724.365234
1220.036133	13754.868164
1218.948242	13709.736328
1217.859375	13717.991211
1216.771484	13390.533203
1215.682617	13467.755859
1214.593750	13693.838867
1213.503906	13433.244141
1212.415039	13694.781250
1211.325195	13469.828125
1210.235352	13598.019531
1209.145508	13528.578125
1208.054688	13334.871094
1206.964844	13380.902344
1205.874023	13216.148438
1204.782227	13310.982422
1203.691406	13095.303711
1202.599609	12937.361328
1201.507813	12872.586914
1200.416016	13027.250000
1199.324219	12532.615234
1198.231445	12545.500977
1197.138672	12452.066406
1196.045898	12208.089844
1194.953125	12123.619141
1193.860352	12318.083008
1192.766602	12477.055664
1191.672852	12611.624023
1190.579102	12496.166992
1189.484375	12539.995117
1188.389648	12555.059570
1187.294922	12649.703125
1186.200195	12642.633789
1185.105469	12662.083984
1184.009766	12783.155273
1182.914063	12873.250000
1181.818359	12859.511719
1180.722656	12881.105469
1179.625977	12715.053711
1178.529297	13061.097656
1177.432617	12908.316406
1176.335938	12940.909180
1175.239258	12819.093750
1174.141602	12739.226563
1173.043945	12729.942383
1171.946289	12731.682617
1170.847656	12638.659180
1169.749023	12704.311523
1168.650391	12620.142578
1167.551758	12670.354492
1166.453125	12568.610352
1165.353516	12504.333984
1164.253906	12316.827148
1163.154297	12364.856445
1162.054688	12234.657227
1160.954102	12238.690430
1159.853516	12385.665039
1158.752930	12328.098633
1157.652344	12400.251953
1156.551758	12355.892578
1155.450195	12775.183594
1154.348633	12770.305664
1153.246094	13103.672852
1152.144531	13013.084961
1151.041992	13427.492188
1149.939453	13701.244141
1148.836914	14249.199219
1147.734375	14790.340820
1146.630859	14947.369141
1145.527344	15424.533203
1144.423828	15644.949219
1143.320313	15567.126953
1142.215820	15813.719727
1141.111328	15507.995117
1140.006836	15469.682617
1138.902344	15315.294922
1137.796875	15003.293945
1136.691406	14678.287109
1135.585938	14421.275391
1134.480469	14372.285156
1133.374023	14021.355469
1132.268555	13734.014648
1131.162109	13538.654297
1130.054688	13347.750000
1128.948242	12953.602539
1127.840820	12531.204102
1126.733398	12672.800781
1125.625977	12600.219727
1124.518555	12387.864258
1123.410156	12374.337891
1122.301758	12234.173828
1121.193359	12497.931641
1120.083984	12119.896484
1118.975586	11971.143555
1117.866211	12271.875977
1116.756836	12177.682617
1115.647461	12454.254883
1114.537109	12340.438477
1113.426758	12272.445313
1112.316406	12895.340820
1111.206055	12798.932617
1110.094727	12818.021484
1108.983398	13218.251953
1107.872070	13282.970703
1106.760742	13402.089844
1105.649414	13088.009766
1104.537109	13239.759766
1103.424805	13239.146484
1102.312500	13453.880859
1101.199219	13007.389648
1100.086914	13426.467773
1098.973633	13201.903320
1097.859375	13249.109375
1096.746094	13024.675781
1095.631836	12713.435547
1094.517578	12415.358398
1093.403320	12247.700195
1092.289063	12366.701172
1091.173828	12201.292969
1090.058594	11983.870117
1088.943359	11666.728516
1087.828125	11972.306641
1086.711914	11952.430664
1085.596680	11550.928711
1084.480469	11776.122070
1083.363281	11895.015625
1082.247070	11541.451172
1081.129883	11697.172852
1080.012695	11740.191406
1078.895508	11685.738281
1077.777344	11711.418945
1076.659180	11628.852539
1075.541016	11576.619141
1074.422852	11753.770508
1073.304688	11651.774414
1072.185547	11789.901367
1071.066406	12001.492188
1069.947266	11962.203125
1068.827148	11914.285156
1067.707031	12181.900391
1066.587891	12311.123047
1065.466797	12353.885742
1064.346680	12426.864258
1063.225586	12696.301758
1062.104492	12736.793945
1060.983398	12736.259766
1059.862305	12884.618164
1058.740234	12778.338867
1057.618164	12870.543945
1056.496094	12872.135742
1055.374023	13257.500977
1054.250977	12888.248047
1053.127930	13006.208984
1052.004883	12785.836914
1050.881836	12606.486328
1049.757813	12948.420898
1048.634766	12592.540039
1047.509766	12572.652344
1046.385742	12486.048828
1045.261719	12287.580078
1044.136719	12424.826172
1043.011719	12093.088867
1041.885742	12198.057617
1040.760742	12257.829102
1039.634766	12296.078125
1038.508789	12306.370117
1037.382813	12013.682617
1036.255859	12060.548828
1035.129883	11753.000977
1034.002930	11623.816406
1032.875000	11790.961914
1031.748047	11968.768555
1030.620117	11938.334961
1029.492188	11948.678711
1028.364258	12072.708984
1027.235352	12102.320313
1026.107422	12136.207031
1024.978516	12167.935547
1023.849609	12113.916992
1022.719727	12164.920898
1021.589844	12025.228516
1020.460938	12149.053711
1019.330078	12328.503906
1018.200195	12471.479492
1017.069336	12464.553711
1015.938477	12213.656250
1014.807617	12367.260742
1013.676758	12413.839844
1012.544922	12210.163086
1011.413086	12194.743164
1010.281250	12215.671875
1009.149414	12358.422852
1008.016602	12157.064453
1006.883789	12442.911133
1005.750977	12583.384766
1004.618164	12540.137695
1003.484375	12582.313477
1002.350586	12357.635742
1001.216797	12792.527344
1000.083008	12382.261719
998.948242	12053.234375
997.813477	12089.066406
996.678711	11982.010742
995.543945	12009.313477
994.408203	11938.553711
993.272461	11627.015625
992.136719	11794.993164
991.000977	11792.487305
989.864258	12024.247070
988.727539	11906.712891
987.590820	11846.705078
986.454102	11742.027344
985.316406	11814.006836
984.179688	11709.378906
983.041992	11783.460938
981.903320	11934.065430
980.765625	11871.998047
979.626953	11939.618164
978.488281	11971.082031
977.349609	12021.654297
976.209961	12152.925781
975.070313	12039.902344
973.930664	12205.085938
972.791016	12266.176758
971.650391	12539.486328
970.509766	12768.116211
969.369141	13102.726563
968.228516	12847.526367
967.087891	13082.304688
965.946289	13232.174805
964.804688	13157.286133
963.662109	13150.246094
962.520508	13064.810547
961.377930	13036.608398
960.235352	12766.970703
959.092773	12588.500000
957.949219	12634.509766
956.805664	12614.885742
955.662109	12747.631836
954.518555	12425.446289
953.375000	12435.490234
952.230469	12360.937500
951.085938	12347.731445
949.940430	12275.341797
948.795898	12424.892578
947.650391	12172.912109
946.504883	12297.069336
945.359375	12423.284180
944.212891	12384.738281
943.067383	12751.553711
941.919922	12573.643555
940.773438	12566.742188
939.626953	12813.021484
938.479492	12890.445313
937.332031	13469.760742
936.184570	13587.071289
935.036133	14047.939453
933.887695	14420.091797
932.739258	14867.941406
931.590820	15345.091797
930.441406	15921.031250
929.292969	16246.135742
928.142578	16884.794922
926.993164	17289.539063
925.843750	17020.687500
924.693359	17054.925781
923.542969	16699.992188
922.391602	16025.540039
921.241211	15731.953125
920.089844	15240.883789
918.938477	15058.980469
917.787109	14316.108398
916.634766	13779.434570
915.482422	13190.480469
914.330078	12803.371094
913.177734	12941.301758
912.024414	12560.707031
910.872070	12396.429688
909.717773	12240.614258
908.564453	12193.946289
907.411133	11862.070313
906.256836	11849.049805
905.102539	11668.325195
903.947266	11667.925781
902.792969	11910.599609
901.637695	11815.871094
900.482422	11991.381836
899.326172	11953.215820
898.170898	11954.845703
897.014648	11969.034180
895.858398	11870.205078
894.701172	11984.834961
893.544922	11844.206055
892.387695	11789.384766
891.230469	11832.863281
890.072266	11920.222656
888.915039	11838.247070
887.756836	11856.608398
886.598633	11678.578125
885.439453	11945.524414
884.281250	11729.959961
883.122070	11698.217773
881.962891	11800.082031
880.802734	11924.858398
879.643555	12118.434570
878.483398	12115.837891
877.322266	12236.292969
876.162109	12216.989258
875.000977	12251.896484
873.839844	12530.646484
872.678711	12663.409180
871.517578	12808.614258
870.355469	12664.229492
869.193359	12409.533203
868.031250	12461.004883
866.868164	12543.677734
865.706055	12276.681641
864.542969	12271.967773
863.378906	12387.910156
862.215820	12312.458984
861.051758	12249.516602
859.887695	12240.651367
858.723633	12148.650391
857.558594	12143.965820
856.394531	12507.012695
855.229492	12271.689453
854.063477	12275.285156
852.898438	12347.394531
851.732422	12409.093750
850.566406	12431.333008
849.400391	12123.653320
848.233398	12185.357422
847.066406	12412.956055
845.899414	12480.791016
844.732422	12490.548828
843.564453	12622.589844
842.396484	12750.427734
841.228516	12503.217773
840.060547	12633.096680
838.891602	12729.785156
837.722656	12861.627930
836.553711	12635.303711
835.384766	12595.334961
834.214844	12907.132813
833.044922	12695.422852
831.875000	12593.417969
830.705078	12867.791992
829.534180	12716.176758
828.363281	12918.064453
827.192383	12973.146484
826.020508	12926.969727
824.849609	12868.418945
823.677734	12968.906250
822.505859	12774.101563
821.333008	12690.847656
820.160156	12772.731445
818.987305	12675.069336
817.814453	12397.976563
816.640625	12387.058594
815.467773	12409.135742
814.293945	12183.815430
813.119141	12442.954102
811.945313	12394.940430
810.770508	12501.462891
809.595703	12624.416992
808.420898	12636.113281
807.245117	12569.566406
806.069336	12688.306641
804.893555	12607.369141
803.717773	12378.320313
802.541016	12252.225586
801.364258	12582.767578
800.187500	12678.754883
799.010742	12813.760742
797.833008	12845.939453
796.655273	13130.857422
795.477539	13162.952148
794.298828	13038.926758
793.121094	13099.776367
791.942383	13201.661133
790.762695	13090.021484
789.583984	12849.136719
788.404297	12850.468750
787.224609	12894.877930
786.044922	13023.354492
784.864258	13010.292969
783.683594	12974.684570
782.502930	12746.429688
781.322266	12731.383789
780.141602	13015.455078
778.959961	12998.307617
777.778320	13167.518555
776.595703	13064.354492
775.414063	12944.857422
774.231445	13126.248047
773.048828	12982.235352
771.865234	12893.515625
770.681641	12845.736328
769.499023	13000.406250
768.314453	13220.425781
767.130859	13235.963867
765.946289	13249.451172
764.761719	13124.010742
763.577148	13125.259766
762.391602	13536.965820
761.207031	13515.665039
760.021484	13578.061523
758.834961	13936.340820
757.649414	14027.182617
756.462891	14026.189453
755.276367	13982.367188
754.089844	14056.825195
752.902344	14214.831055
751.714844	14499.130859
750.527344	14551.010742
749.339844	14996.053711
748.151367	15359.431641
746.962891	16036.249023
745.774414	16533.613281
744.584961	17254.662109
743.396484	17586.707031
742.207031	18136.306641
741.016602	18512.767578
739.827148	18972.443359
738.636719	19299.759766
737.446289	19864.771484
736.255859	20073.871094
735.064453	20252.398438
733.873047	20656.343750
732.681641	20678.273438
731.490234	20462.609375
730.297852	20212.525391
729.105469	19700.708984
727.913086	19426.542969
726.720703	18482.968750
725.527344	18002.283203
724.333984	17065.507813
723.140625	16698.876953
721.947266	16636.470703
720.752930	16302.518555
719.558594	15905.895508
718.364258	15367.637695
717.168945	15135.441406
715.973633	14992.439453
714.778320	15197.708984
713.583008	14817.942383
712.386719	14911.860352
711.190430	14475.670898
709.994141	14423.984375
708.797852	14404.676758
707.600586	14753.350586
706.403320	14552.051758
705.206055	14613.564453
704.008789	14662.925781
702.810547	14356.730469
701.612305	14181.944336
700.414063	14215.210938
699.214844	14208.086914
698.015625	14287.752930
696.816406	14577.244141
695.617188	14676.967773
694.416992	14706.052734
693.217773	14775.454102
692.016602	15373.053711
690.816406	15758.744141
689.615234	16265.180664
688.414063	16714.982422
687.212891	17003.435547
686.011719	17211.205078
684.809570	17775.273438
683.607422	18210.259766
682.405273	18596.751953
681.202148	18820.085938
680.000000	18997.052734
678.795898	18500.148438
677.592773	18238.730469
676.389648	17730.140625
675.185547	17597.644531
673.981445	17786.734375
672.776367	18138.482422
671.571289	18305.275391
670.367188	18775.242188
669.161133	19273.113281
667.956055	19961.466797
666.750000	20765.923828
665.543945	22063.630859
664.337891	22688.736328
663.130859	24001.503906
661.923828	24595.833984
660.716797	24444.128906
659.509766	24286.476563
658.301758	24116.869141
657.093750	23067.814453
655.885742	22029.230469
654.677734	21431.666016
653.468750	20756.277344
652.259766	19921.044922
651.050781	19730.583984
649.840820	19410.152344
648.631836	18789.796875
647.420898	18259.708984
646.210938	17717.855469
645.000977	17234.208984
643.790039	16868.695313
642.579102	16511.330078
641.367188	15858.449219
640.155273	15227.822266
638.943359	15318.355469
637.731445	15283.071289
636.519531	15140.013672
635.306641	14835.374023
634.093750	14862.064453
632.880859	15092.206055
631.666992	15278.372070
630.453125	15009.852539
629.239258	15114.222656
628.025391	15222.531250
626.810547	15378.613281
625.595703	15397.169922
624.380859	15047.252930
623.165039	14848.824219
621.950195	14925.214844
620.734375	14770.685547
619.517578	14433.146484
618.301758	14280.780273
617.084961	14210.031250
615.868164	14254.655273
614.650391	14144.176758
613.433594	13976.100586
612.215820	13523.905273
610.998047	13419.617188
609.779297	13269.684570
608.560547	13368.072266
607.341797	13460.458984
606.123047	13578.612305
604.904297	13349.382813
603.684570	13263.123047
602.464844	13438.771484
601.244141	13185.917969
600.024414	13409.096680
598.803711	13398.233398
597.582031	12998.875000
596.361328	12974.232422
595.139648	12906.010742
593.917969	12699.161133
592.696289	12656.773438
591.473633	12626.284180
590.250977	12583.929688
589.028320	12721.691406
587.805664	12584.356445
586.582031	12747.773438
585.358398	12782.560547
584.134766	13066.480469
582.911133	13186.189453
581.686523	13505.471680
580.461914	13713.954102
579.237305	13760.340820
578.011719	14095.086914
576.786133	14001.159180
575.560547	14440.343750
574.334961	14152.936523
573.108398	14394.545898
571.881836	14403.229492
570.655273	14561.826172
569.427734	14532.996094
568.200195	14094.053711
566.972656	13982.541016
565.745117	14036.630859
564.516602	13938.970703
563.288086	13811.802734
562.059570	13836.347656
560.831055	13921.924805
559.601563	13993.681641
558.372070	13970.928711
557.142578	13928.505859
555.912109	14165.476563
554.681641	13906.658203
553.451172	13956.703125
552.220703	13534.853516
550.989258	13803.149414
549.757813	13631.106445
548.526367	13628.113281
547.294922	13387.427734
546.062500	13227.370117
544.830078	13208.756836
543.596680	13044.880859
542.364258	13350.156250
541.130859	13523.826172
539.897461	13618.946289
538.663086	13598.301758
537.429688	13391.374023
536.195313	13264.917969
534.959961	13381.569336
533.725586	13390.385742
532.490234	13853.740234
531.254883	13494.192383
530.019531	13626.353516
528.783203	13791.740234
527.546875	14131.272461
526.310547	14404.113281
525.073242	15199.258789
523.836914	16913.476563
522.598633	19025.919922
521.361328	20650.548828
520.124023	20440.738281
518.885742	18688.919922
517.646484	16976.951172
516.408203	16013.977539
515.168945	15094.398438
513.929688	14675.133789
512.690430	14461.049805
511.450195	14475.433594
510.210938	14690.813477
508.970703	14595.878906
507.729492	14627.776367
506.488281	14478.290039
505.247070	14434.156250
504.005859	14232.143555
502.764648	14188.082031
501.522461	13754.340820
