1802.243164	34313.890625
1801.274414	34169.050781
1800.304688	34346.984375
1799.334961	34405.023438
1798.365234	34540.402344
1797.395508	34471.125000
1796.425781	34122.460938
1795.455078	34080.726563
1794.485352	34303.335938
1793.514648	34239.136719
1792.543945	34621.156250
1791.572266	34599.281250
1790.601563	34602.332031
1789.629883	34754.851563
1788.658203	34461.472656
1787.686523	34579.093750
1786.714844	34856.007813
1785.742188	34826.632813
1784.769531	35135.738281
1783.796875	34782.847656
1782.824219	34880.375000
1781.851563	35030.093750
1780.877930	35092.714844
1779.905273	34904.199219
1778.931641	35289.960938
1777.958008	34728.691406
1776.983398	34870.828125
1776.009766	35253.875000
1775.035156	35132.566406
1774.060547	35170.234375
1773.085938	35570.363281
1772.111328	35503.667969
1771.135742	35580.941406
1770.161133	35673.070313
1769.185547	35457.542969
1768.208984	35765.437500
1767.233398	35483.019531
1766.257813	35825.492188
1765.281250	35860.453125
1764.304688	35863.183594
1763.328125	35660.253906
1762.351563	35967.726563
1761.374023	36153.710938
1760.396484	36035.035156
1759.418945	35896.597656
1758.441406	36367.136719
1757.463867	36592.480469
1756.485352	36171.937500
1755.507813	36209.214844
1754.529297	36434.449219
1753.550781	36261.464844
1752.571289	36773.382813
1751.592773	36684.441406
1750.613281	36306.382813
1749.633789	36711.734375
1748.654297	36573.445313
1747.674805	36548.820313
1746.694336	36889.667969
1745.713867	36437.875000
1744.733398	36418.222656
1743.752930	36827.984375
1742.772461	37415.234375
1741.791016	36536.917969
1740.810547	37059.859375
1739.829102	36953.785156
1738.847656	36938.972656
1737.865234	37150.933594
1736.883789	37237.125000
1735.901367	37227.187500
1734.918945	36924.101563
1733.936523	37372.328125
1732.954102	37212.156250
1731.970703	37283.464844
1730.987305	37426.125000
1730.003906	37278.335938
1729.020508	37536.574219
1728.037109	37563.476563
1727.052734	37637.093750
1726.068359	37865.589844
1725.083984	37985.824219
1724.099609	37953.613281
1723.115234	38029.539063
1722.129883	38159.488281
1721.144531	38289.382813
1720.159180	38414.312500
1719.173828	38364.847656
1718.188477	38467.609375
1717.202148	38354.332031
1716.215820	38596.933594
1715.229492	38959.656250
1714.243164	38662.363281
1713.256836	38590.824219
1712.269531	39210.789063
1711.282227	39234.769531
1710.294922	39903.375000
1709.307617	39434.640625
1708.320313	40166.628906
1707.332031	39624.539063
1706.343750	39851.679688
1705.355469	40213.398438
1704.367188	40430.535156
1703.378906	40238.828125
1702.389648	40751.964844
1701.400391	40959.066406
1700.411133	40742.898438
1699.421875	40808.066406
1698.431641	40694.710938
1697.442383	40603.398438
1696.452148	41450.679688
1695.461914	41180.859375
1694.470703	41050.410156
1693.480469	40988.402344
1692.489258	40958.164063
1691.498047	40947.472656
1690.506836	40775.664063
1689.515625	41079.859375
1688.523438	41249.722656
1687.532227	41202.375000
1686.540039	41030.640625
1685.547852	41241.859375
1684.554688	41245.742188
1683.562500	40932.707031
1682.569336	41134.062500
1681.576172	41347.515625
1680.583008	41687.574219
1679.589844	41961.722656
1678.595703	41205.617188
1677.601563	41650.187500
1676.607422	41632.050781
1675.613281	41820.792969
1674.619141	41627.425781
1673.624023	41920.703125
1672.628906	42089.808594
1671.633789	42200.480469
1670.638672	41858.867188
1669.643555	41962.242188
1668.647461	41965.925781
1667.651367	42603.816406
1666.655273	42374.140625
1665.659180	42353.441406
1664.663086	42939.863281
1663.666016	42926.339844
1662.668945	42895.824219
1661.671875	42875.031250
1660.674805	43363.804688
1659.676758	42898.960938
1658.679688	43562.164063
1657.681641	43664.914063
1656.683594	43619.726563
1655.684570	43499.410156
1654.686523	43817.804688
1653.687500	44199.062500
1652.688477	44131.992188
1651.689453	43871.179688
1650.690430	44496.769531
1649.690430	44378.828125
1648.691406	44471.527344
1647.691406	45072.410156
1646.690430	45034.261719
1645.690430	45201.757813
1644.690430	45243.410156
1643.689453	45662.277344
1642.688477	45790.855469
1641.687500	46013.644531
1640.685547	46229.093750
1639.684570	46362.300781
1638.682617	46222.472656
1637.680664	46650.281250
1636.678711	46380.054688
1635.675781	46520.355469
1634.672852	46568.871094
1633.670898	46677.699219
1632.667969	46805.785156
1631.664063	47196.753906
1630.661133	46878.492188
1629.657227	46685.742188
1628.653320	47192.210938
1627.649414	46606.585938
1626.645508	46961.039063
1625.640625	46980.445313
1624.636719	47320.218750
1623.631836	47002.363281
1622.626953	47361.253906
1621.621094	47274.625000
1620.616211	47216.910156
1619.610352	47310.824219
1618.604492	47635.671875
1617.598633	47257.980469
1616.591797	47414.351563
1615.585938	47339.824219
1614.579102	47469.664063
1613.572266	47464.851563
1612.565430	47628.250000
1611.557617	47978.980469
1610.550781	48156.617188
1609.542969	48437.445313
1608.535156	48415.621094
1607.526367	48396.199219
1606.518555	48724.804688
1605.509766	48534.953125
1604.500977	49626.316406
1603.492188	48824.695313
1602.483398	49270.445313
1601.473633	49716.011719
1600.464844	50051.125000
1599.455078	50414.855469
1598.444336	50450.156250
1597.434570	50600.433594
1596.424805	50547.050781
1595.414063	50833.746094
1594.403320	51560.867188
1593.392578	51550.402344
1592.380859	51977.914063
1591.369141	52115.718750
1590.358398	52743.894531
1589.346680	52647.078125
1588.333984	53021.398438
1587.322266	52989.113281
1586.309570	53413.406250
1585.296875	53796.890625
1584.284180	54072.695313
1583.271484	54021.101563
1582.257813	54712.332031
1581.245117	55014.042969
1580.231445	55418.289063
1579.217773	55039.429688
1578.203125	56319.347656
1577.189453	56117.023438
1576.174805	56131.859375
1575.160156	57363.066406
1574.145508	57143.945313
1573.129883	57475.640625
1572.115234	57599.820313
1571.099609	58069.500000
1570.083984	58136.320313
1569.067383	58617.601563
1568.051758	58193.652344
1567.035156	58124.671875
1566.018555	58538.992188
1565.001953	58443.777344
1563.985352	58629.406250
1562.967773	58950.574219
1561.951172	58860.082031
1560.933594	59537.804688
1559.915039	59304.554688
1558.897461	59378.070313
1557.878906	60043.378906
1556.861328	60385.234375
1555.842773	60805.347656
1554.823242	61652.855469
1553.804688	62295.773438
1552.785156	62254.597656
1551.765625	63248.464844
1550.746094	64474.523438
1549.726563	64722.417969
1548.706055	66135.093750
1547.686523	67053.812500
1546.666016	69006.132813
1545.645508	69570.609375
1544.624023	71028.539063
1543.603516	72542.757813
1542.582031	73793.328125
1541.560547	74979.421875
1540.539063	76920.617188
1539.516602	79175.968750
1538.495117	80528.328125
1537.472656	81903.804688
1536.450195	84140.187500
1535.426758	86396.953125
1534.404297	87964.367188
1533.380859	89677.781250
1532.357422	92187.406250
1531.333984	92757.312500
1530.310547	95355.101563
1529.286133	96049.375000
1528.261719	96355.851563
1527.237305	96326.742188
1526.212891	96361.414063
1525.188477	97073.781250
1524.163086	95996.289063
1523.137695	95627.359375
1522.112305	94821.984375
1521.086914	95161.273438
1520.060547	93759.492188
1519.035156	92900.734375
1518.008789	92721.421875
1516.982422	92245.132813
1515.955078	91825.601563
1514.928711	91736.156250
1513.901367	90499.328125
1512.874023	90323.023438
1511.846680	90193.882813
1510.818359	89549.125000
1509.791016	88979.960938
1508.762695	88305.109375
1507.734375	88105.875000
1506.705078	88061.992188
1505.676758	87277.171875
1504.647461	86725.484375
1503.618164	86258.671875
1502.588867	85430.015625
1501.559570	84540.585938
1500.529297	83677.367188
1499.499023	83425.328125
1498.468750	82684.820313
1497.438477	81766.132813
1496.408203	81070.867188
1495.376953	80443.960938
1494.345703	79946.382813
1493.314453	79010.218750
1492.283203	79059.742188
1491.250977	78248.445313
1490.219727	77479.679688
1489.187500	77428.664063
1488.154297	76829.140625
1487.122070	76222.835938
1486.088867	75865.148438
1485.056641	75231.164063
1484.023438	75428.906250
1482.989258	74734.375000
1481.956055	73836.453125
1480.921875	73788.562500
1479.887695	72706.312500
1478.853516	72277.289063
1477.819336	72337.343750
1476.784180	72540.039063
1475.750000	71730.156250
1474.714844	71628.960938
1473.678711	71263.687500
1472.643555	71305.171875
1471.607422	71105.984375
1470.571289	71257.265625
1469.535156	71226.320313
1468.499023	70947.875000
1467.462891	71850.789063
1466.425781	71273.562500
1465.388672	71772.328125
1464.351563	71582.640625
1463.313477	71761.570313
1462.276367	71278.101563
1461.238281	71484.992188
1460.200195	72018.148438
1459.162109	71087.437500
1458.123047	71939.679688
1457.083984	71990.156250
1456.045898	71791.382813
1455.005859	71986.242188
1453.966797	71685.101563
1452.926758	71979.984375
1451.887695	72016.421875
1450.847656	71882.976563
1449.806641	71079.585938
1448.766602	71148.726563
1447.725586	71194.585938
1446.685547	71570.562500
1445.643555	71174.656250
1444.602539	70897.437500
1443.561523	70081.273438
1442.519531	70062.242188
1441.477539	69281.414063
1440.435547	69703.734375
1439.392578	68449.687500
1438.350586	67760.187500
1437.307617	67906.390625
1436.264648	67324.007813
1435.220703	66595.710938
1434.177734	66537.960938
1433.133789	66392.125000
1432.089844	66111.882813
1431.045898	65523.488281
1430.001953	65658.328125
1428.957031	65010.023438
1427.912109	64644.574219
1426.867188	64256.113281
1425.822266	64756.921875
1424.777344	63935.699219
1423.731445	64512.734375
1422.685547	64219.480469
1421.639648	64370.527344
1420.592773	64375.792969
1419.546875	64276.988281
1418.500000	64333.128906
1417.453125	63922.300781
1416.406250	63904.527344
1415.358398	64279.562500
1414.311523	64331.019531
1413.263672	63516.320313
1412.215820	63812.683594
1411.166992	63919.605469
1410.119141	63467.878906
1409.070313	63260.957031
1408.021484	63437.132813
1406.972656	62965.011719
1405.922852	62910.535156
1404.873047	63404.871094
1403.824219	63006.812500
1402.773438	62917.773438
1401.723633	62324.089844
1400.673828	63013.964844
1399.623047	62980.253906
1398.572266	62453.703125
1397.520508	62574.382813
1396.469727	62628.250000
1395.417969	63388.683594
1394.366211	62636.957031
1393.314453	62481.406250
1392.262695	62657.140625
1391.209961	63044.375000
1390.158203	62649.703125
1389.105469	62712.648438
1388.051758	62596.292969
1386.999023	62174.375000
1385.945313	62586.562500
1384.891602	62635.667969
1383.837891	62528.597656
1382.784180	63411.109375
1381.729492	62849.417969
1380.675781	63609.859375
1379.621094	63440.707031
1378.565430	63372.562500
1377.510742	63976.449219
1376.455078	63798.144531
1375.399414	64160.964844
1374.343750	63703.046875
1373.288086	64769.273438
1372.231445	64678.000000
1371.175781	64676.101563
1370.119141	65320.046875
1369.061523	65098.191406
1368.004883	65345.726563
1366.947266	65158.281250
1365.889648	65616.226563
1364.832031	65604.960938
1363.774414	66412.585938
1362.715820	66568.101563
1361.657227	66017.031250
1360.598633	66897.210938
1359.540039	67518.757813
1358.481445	67545.937500
1357.421875	67703.320313
1356.362305	68331.156250
1355.302734	68760.062500
1354.242188	69216.171875
1353.182617	69455.242188
1352.122070	69810.601563
1351.061523	70127.015625
1350.000977	71063.804688
1348.939453	71388.953125
1347.877930	72320.523438
1346.817383	72328.359375
1345.754883	73906.687500
1344.693359	73750.101563
1343.630859	75013.054688
1342.568359	75797.093750
1341.505859	77008.984375
1340.443359	77327.773438
1339.380859	78047.093750
1338.317383	78463.398438
1337.253906	79289.132813
1336.190430	80082.664063
1335.125977	80539.218750
1334.062500	80395.187500
1332.998047	80526.335938
1331.933594	79991.359375
1330.868164	80147.523438
1329.803711	80378.609375
1328.738281	79771.281250
1327.672852	79734.312500
1326.607422	78682.265625
1325.541016	78702.289063
1324.475586	78315.984375
1323.409180	77475.929688
1322.342773	78015.781250
1321.275391	76851.726563
1320.208984	77135.187500
1319.141602	77366.367188
1318.074219	76697.390625
1317.005859	75808.828125
1315.938477	75924.546875
1314.870117	75165.648438
1313.801758	75100.226563
1312.733398	74208.171875
1311.665039	74149.765625
1310.595703	73149.609375
1309.526367	73157.070313
1308.457031	73064.953125
1307.387695	72425.359375
1306.317383	71620.906250
1305.248047	71490.703125
1304.177734	70876.695313
1303.106445	70179.296875
1302.036133	69900.296875
1300.964844	69115.257813
1299.893555	68933.734375
1298.822266	69224.343750
1297.750977	68211.843750
1296.678711	67373.601563
1295.606445	67700.460938
1294.534180	66318.773438
1293.461914	66625.398438
1292.389648	65758.835938
1291.316406	65506.105469
1290.243164	64897.195313
1289.169922	64786.769531
1288.095703	64874.738281
1287.022461	64338.437500
1285.948242	64214.667969
1284.874023	64138.250000
1283.798828	64178.972656
1282.724609	63663.511719
1281.649414	63323.855469
1280.574219	63038.355469
1279.499023	63531.554688
1278.422852	62298.960938
1277.347656	62753.867188
1276.271484	63246.808594
1275.195313	62370.273438
1274.118164	62593.332031
1273.041992	62951.144531
1271.964844	62796.488281
1270.887695	62536.308594
1269.809570	63289.199219
1268.732422	62889.789063
1267.654297	63098.968750
1266.576172	63119.507813
1265.498047	63016.605469
1264.418945	62626.546875
1263.340820	63495.105469
1262.261719	63194.812500
1261.182617	63269.105469
1260.102539	62027.402344
1259.023438	61747.761719
1257.943359	61752.828125
1256.863281	62201.500000
1255.782227	61657.671875
1254.702148	61102.867188
1253.621094	60767.714844
1252.540039	60746.101563
1251.458984	60728.968750
1250.376953	60427.660156
1249.295898	60137.656250
1248.213867	60245.906250
1247.131836	60512.882813
1246.048828	60019.574219
1244.966797	59510.824219
1243.883789	59670.503906
1242.800781	60040.140625
1241.717773	59142.992188
1240.633789	59434.410156
1239.549805	59071.437500
1238.465820	58954.187500
1237.381836	58801.273438
1236.297852	58614.945313
1235.212891	59113.644531
1234.127930	58623.953125
1233.042969	58567.117188
1231.957031	58510.300781
1230.872070	58567.199219
1229.786133	58365.531250
1228.700195	58587.324219
1227.614258	58249.828125
1226.527344	57925.832031
1225.440430	58530.601563
1224.353516	57999.613281
1223.266602	57800.519531
1222.179688	57470.199219
1221.091797	57758.582031
1220.003906	57697.578125
1218.916016	57345.234375
1217.827148	57782.437500
1216.739258	57112.296875
1215.650391	57573.812500
1214.561523	57746.230469
1213.471680	57874.140625
1212.382813	58055.308594
1211.292969	58109.800781
1210.203125	57835.644531
1209.113281	58016.695313
1208.022461	57833.664063
1206.932617	58065.667969
1205.841797	58284.261719
1204.750000	58476.144531
1203.659180	58144.574219
1202.567383	58318.660156
1201.475586	59018.031250
1200.383789	58409.511719
1199.291992	58977.832031
1198.199219	58278.742188
1197.106445	58791.476563
1196.013672	58830.105469
1194.920898	59475.335938
1193.827148	59606.769531
1192.734375	59563.312500
1191.640625	59471.195313
1190.545898	59863.558594
1189.452148	59612.171875
1188.357422	59531.144531
1187.262695	59562.898438
1186.167969	59435.492188
1185.073242	59405.371094
1183.977539	59348.742188
1182.881836	59510.812500
1181.786133	59337.136719
1180.690430	59788.371094
1179.593750	59363.050781
1178.497070	58836.386719
1177.400391	58740.210938
1176.303711	59094.109375
1175.206055	59059.671875
1174.109375	58972.320313
1173.011719	58732.875000
1171.913086	58850.613281
1170.815430	58234.445313
1169.716797	58012.925781
1168.618164	57901.636719
1167.519531	57682.472656
1166.420898	58000.664063
1165.321289	57799.175781
1164.221680	57683.605469
1163.122070	57794.738281
1162.022461	58106.023438
1160.921875	57543.933594
1159.821289	57760.574219
1158.720703	58012.296875
1157.620117	57795.687500
1156.518555	57860.480469
1155.416992	58257.035156
1154.315430	58334.878906
1153.213867	58133.746094
1152.112305	58648.562500
1151.009766	58708.703125
1149.907227	58400.050781
1148.804688	58247.339844
1147.701172	58395.277344
1146.598633	58501.468750
1145.495117	58346.625000
1144.391602	58674.238281
1143.287109	58607.109375
1142.183594	58180.550781
1141.079102	58148.605469
1139.974609	58186.777344
1138.869141	57977.417969
1137.764648	57871.066406
1136.659180	58077.851563
1135.553711	57465.855469
1134.447266	58022.800781
1133.341797	57975.593750
1132.235352	57488.687500
1131.128906	57367.242188
1130.022461	57733.480469
1128.915039	57209.757813
1127.808594	57554.011719
1126.701172	57603.097656
1125.593750	57099.382813
1124.485352	56991.257813
1123.376953	57125.593750
1122.268555	56934.531250
1121.160156	56645.304688
1120.051758	56807.992188
1118.942383	56852.773438
1117.833008	56956.433594
1116.723633	56745.957031
1115.614258	57096.015625
1114.503906	57343.449219
1113.394531	56819.117188
1112.283203	57445.707031
1111.172852	57671.113281
1110.062500	56996.722656
1108.951172	57492.187500
1107.839844	57020.621094
1106.728516	57095.691406
1105.616211	57416.687500
1104.503906	57204.382813
1103.391602	57335.925781
1102.279297	57360.824219
1101.166992	57018.171875
1100.053711	57295.339844
1098.940430	57557.171875
1097.827148	57436.371094
1096.712891	57541.601563
1095.599609	57366.535156
1094.485352	57228.460938
1093.371094	57991.644531
1092.255859	57949.019531
1091.141602	57882.535156
1090.026367	57915.898438
1088.911133	58309.425781
1087.794922	58711.457031
1086.679688	58519.058594
1085.563477	59152.886719
1084.447266	59032.007813
1083.330078	59166.941406
1082.213867	59767.710938
1081.096680	60166.738281
1079.979492	61128.773438
1078.862305	61598.804688
1077.744141	61211.226563
1076.625977	62217.878906
1075.507813	62966.558594
1074.389648	64236.390625
1073.271484	64982.152344
1072.152344	65437.773438
1071.033203	66440.289063
1069.914063	68549.304688
1068.793945	70670.390625
1067.674805	71921.835938
1066.554688	73321.828125
1065.433594	75261.257813
1064.313477	77320.804688
1063.192383	79023.203125
1062.071289	80321.187500
1060.950195	82054.601563
1059.829102	82753.664063
1058.707031	83497.734375
1057.584961	83115.554688
1056.462891	82817.640625
1055.340820	81590.593750
1054.217773	81209.046875
1053.094727	79056.156250
1051.971680	77453.601563
1050.848633	75795.718750
1049.724609	74256.984375
1048.601563	72299.000000
1047.476563	71002.765625
1046.352539	69909.398438
1045.228516	68715.343750
1044.103516	67364.742188
1042.978516	66608.382813
1041.852539	65299.644531
1040.727539	65090.164063
1039.601563	64162.781250
1038.475586	63936.425781
1037.349609	62919.425781
1036.222656	63275.609375
1035.096680	62847.675781
1033.969727	62939.585938
1032.841797	62277.886719
1031.714844	62043.609375
1030.586914	62212.875000
1029.458984	61998.011719
1028.331055	62192.953125
1027.202148	61952.441406
1026.074219	61767.777344
1024.945313	62095.539063
1023.815430	61977.355469
1022.686523	61994.218750
1021.556641	61790.406250
1020.426758	61706.621094
1019.296875	61834.875000
1018.166992	61802.496094
1017.036133	61408.371094
1015.905273	61677.839844
1014.774414	61525.679688
1013.643555	61236.675781
1012.511719	60701.832031
1011.379883	60620.527344
1010.248047	60921.929688
1009.115234	60618.316406
1007.983398	60637.507813
1006.850586	60588.320313
1005.717773	60833.917969
1004.583984	60648.023438
1003.451172	60773.933594
1002.317383	60206.019531
1001.183594	60496.292969
1000.048828	60291.410156
998.915039	60547.402344
997.780273	60641.187500
996.645508	60487.570313
995.509766	60835.019531
994.375000	60553.531250
993.239258	60736.722656
992.103516	60163.472656
990.967773	60740.738281
989.831055	60229.484375
988.694336	60516.906250
987.557617	61031.980469
986.420898	60540.136719
985.283203	60765.589844
984.145508	60939.886719
983.007813	60733.375000
981.870117	60667.300781
980.731445	60807.476563
979.592773	61066.621094
978.454102	61030.257813
977.315430	61522.957031
976.176758	61059.527344
975.037109	61040.167969
973.897461	61180.062500
972.756836	61347.492188
971.617188	61247.417969
970.476563	61100.699219
969.335938	61263.785156
968.195313	61157.417969
967.053711	61316.171875
965.912109	60970.250000
964.770508	61048.417969
963.628906	61397.816406
962.486328	60905.886719
961.344727	61365.316406
960.202148	61733.476563
959.058594	61072.378906
957.916016	61440.437500
956.772461	61406.183594
955.628906	61325.382813
954.485352	61682.562500
953.340820	61041.195313
952.196289	61019.730469
951.051758	61801.710938
949.907227	60945.105469
948.761719	61726.761719
947.617188	61405.109375
946.471680	61345.542969
945.325195	61598.585938
944.179688	61600.234375
943.033203	61988.218750
941.886719	61970.781250
940.740234	62757.355469
939.592773	62847.351563
938.445313	63897.066406
937.297852	63634.585938
936.150391	64525.542969
935.001953	65350.765625
933.854492	66078.687500
932.705078	67132.898438
931.556641	67723.187500
930.408203	68271.093750
929.258789	69578.945313
928.109375	69877.781250
926.958984	69679.742188
925.809570	69736.414063
924.659180	68877.828125
923.508789	68501.312500
922.358398	67780.046875
921.207031	67128.476563
920.055664	66102.992188
918.904297	65334.347656
917.752930	64421.042969
916.600586	63665.683594
915.449219	62868.636719
914.295898	62458.316406
913.143555	62701.105469
911.991211	62207.023438
910.837891	61606.125000
909.684570	61452.378906
908.530273	61153.953125
907.376953	61266.714844
906.222656	61161.355469
905.068359	61179.722656
903.913086	61487.308594
902.758789	61159.839844
901.603516	60991.730469
900.448242	61232.121094
899.292969	60961.449219
898.136719	61323.167969
896.980469	61008.625000
895.824219	60673.285156
894.667969	60819.316406
893.510742	61086.609375
892.353516	61305.679688
891.196289	61215.191406
890.038086	61020.210938
888.880859	60986.246094
887.722656	60709.894531
886.564453	60548.562500
885.405273	60422.804688
884.247070	61009.203125
883.087891	60973.167969
881.928711	60686.660156
880.768555	60992.960938
879.609375	60933.988281
878.449219	61523.800781
877.288086	61366.710938
876.127930	61361.898438
874.966797	61496.761719
873.805664	61806.640625
872.644531	61776.722656
871.483398	62713.492188
870.321289	62681.300781
869.159180	62624.128906
867.997070	63050.007813
866.833984	63105.179688
865.671875	63089.562500
864.508789	62703.589844
863.344727	62538.281250
862.181641	62707.886719
861.017578	62484.417969
859.853516	63080.128906
858.689453	62966.828125
857.524414	62797.464844
856.359375	63378.171875
855.194336	63088.308594
854.029297	63363.425781
852.864258	62909.664063
851.698242	63606.074219
850.532227	63098.488281
849.365234	63311.101563
848.199219	63013.304688
847.032227	63539.011719
845.865234	63069.183594
844.698242	63302.335938
843.530273	63033.796875
842.362305	63751.750000
841.194336	63164.167969
840.026367	63167.167969
838.857422	62900.945313
837.688477	63338.781250
836.519531	63093.328125
835.350586	62746.570313
834.180664	63328.980469
833.010742	62866.468750
831.840820	62819.859375
830.669922	63383.257813
829.500000	63472.996094
828.329102	63198.917969
827.158203	63011.742188
825.986328	63113.882813
824.814453	63928.589844
823.642578	63305.632813
822.470703	63292.011719
821.298828	63515.777344
820.125977	63594.976563
818.953125	63137.675781
817.780273	63666.625000
816.606445	63999.406250
815.432617	63979.445313
814.258789	63992.468750
813.084961	64129.152344
811.910156	64354.378906
810.736328	64655.734375
809.560547	64404.937500
808.385742	64627.886719
807.209961	64735.441406
806.035156	64038.093750
804.858398	64158.066406
803.682617	64255.347656
802.505859	65107.546875
801.330078	64503.253906
800.152344	64725.816406
798.975586	65499.230469
797.797852	65339.183594
796.620117	65485.378906
795.442383	66032.125000
794.264648	66178.101563
793.085938	66609.453125
791.907227	66348.718750
790.728516	65802.765625
789.548828	65911.703125
788.369141	65339.398438
787.189453	65134.527344
786.009766	65048.691406
784.830078	64669.675781
783.649414	65178.476563
782.468750	64697.105469
781.287109	64359.378906
780.106445	64296.320313
778.924805	63856.402344
777.743164	63777.089844
776.561523	63568.820313
775.378906	63620.593750
774.196289	64020.246094
773.013672	63697.468750
771.830078	63751.218750
770.647461	64138.300781
769.463867	64146.937500
768.280273	63544.328125
767.095703	64282.730469
765.911133	63913.292969
764.726563	64205.921875
763.541992	64157.324219
762.357422	64419.140625
761.171875	64925.832031
759.986328	64654.605469
758.800781	65154.898438
757.614258	65542.750000
756.427734	66162.976563
755.241211	66572.875000
754.054688	66988.703125
752.867188	67632.664063
751.679688	68245.765625
750.492188	69722.570313
749.304688	70381.804688
748.116211	71888.054688
746.927734	71923.406250
745.739258	73049.976563
744.549805	74399.960938
743.361328	75991.523438
742.171875	76654.625000
740.981445	77758.835938
739.791992	78846.296875
738.601563	79542.898438
737.411133	80692.515625
736.220703	81181.101563
735.029297	81781.226563
733.837891	81968.695313
732.646484	82127.640625
731.455078	81427.570313
730.262695	80644.554688
729.070313	79551.320313
727.877930	78144.015625
726.685547	76084.031250
725.492188	74801.812500
724.298828	73536.367188
723.105469	72506.664063
721.912109	71576.726563
720.717773	71251.132813
719.523438	71004.695313
718.329102	71349.882813
717.133789	71360.742188
715.938477	72260.523438
714.743164	71995.843750
713.547852	72577.312500
712.351563	73777.742188
711.155273	74140.062500
709.958984	74916.875000
708.762695	75598.296875
707.565430	75701.179688
706.368164	76353.835938
705.170898	77460.906250
703.973633	77579.468750
702.775391	77950.484375
701.577148	79759.304688
700.378906	80376.015625
699.179688	80723.960938
697.980469	82480.531250
696.781250	84498.656250
695.582031	85727.085938
694.381836	87412.828125
693.181641	89904.460938
691.981445	92856.703125
690.781250	94592.187500
689.580078	96280.570313
688.378906	97954.101563
687.177734	99500.000000
685.976563	100322.210938
684.774414	101496.421875
683.572266	102096.390625
682.370117	101774.320313
681.166992	101627.437500
679.963867	101273.398438
678.760742	99923.906250
677.557617	99514.078125
676.353516	96796.445313
675.149414	96487.953125
673.945313	94413.195313
672.741211	93283.617188
671.536133	92443.781250
670.331055	90017.781250
669.125977	89646.820313
667.919922	87375.039063
666.714844	86095.664063
665.508789	83604.914063
664.301758	82212.554688
663.095703	81482.664063
661.888672	79736.445313
660.681641	79360.234375
659.474609	79228.703125
658.266602	78441.960938
657.058594	77899.968750
655.850586	76837.429688
654.641602	76614.429688
653.433594	75834.921875
652.224609	74615.375000
651.014648	73960.710938
649.805664	73336.343750
648.595703	72448.187500
647.385742	72230.406250
646.175781	71694.781250
644.964844	71001.460938
643.753906	70902.039063
642.542969	70936.539063
641.332031	70685.328125
640.120117	70364.320313
638.908203	70203.203125
637.696289	70175.914063
636.483398	69366.179688
635.270508	70049.507813
634.057617	69794.804688
632.844727	69819.468750
631.630859	70083.437500
630.417969	70064.156250
629.203125	70511.335938
627.989258	70456.085938
626.774414	70735.601563
625.559570	70791.875000
624.344727	70840.156250
623.129883	70870.484375
621.914063	70687.781250
620.698242	70495.203125
619.482422	70047.984375
618.265625	70156.031250
617.048828	70325.695313
615.832031	69518.851563
614.615234	69660.726563
613.397461	69651.468750
612.179688	69755.492188
610.961914	69334.914063
609.743164	69500.531250
608.525391	69334.398438
607.306641	69777.921875
606.086914	69782.515625
604.868164	69632.296875
603.648438	69892.882813
602.428711	69627.632813
601.208008	69701.664063
599.988281	69914.460938
598.767578	69498.687500
597.546875	70335.804688
596.325195	69612.945313
595.103516	70061.335938
593.881836	70055.906250
592.660156	70109.890625
591.437500	70280.656250
590.215820	70013.875000
588.993164	69679.914063
587.769531	69658.726563
586.545898	69738.429688
585.322266	69756.781250
584.098633	69454.789063
582.875000	70032.656250
581.650391	70238.687500
580.425781	69814.257813
579.201172	69842.429688
577.975586	70798.921875
576.750000	70121.867188
575.524414	70574.421875
574.298828	70452.359375
573.072266	70545.460938
571.845703	70823.984375
570.619141	71214.812500
569.391602	71270.203125
568.164063	71073.179688
566.936523	71719.953125
565.708984	71802.773438
564.480469	72007.710938
563.251953	72407.593750
562.023438	71934.773438
560.794922	72553.054688
559.565430	72208.367188
558.335938	72739.703125
557.106445	72267.203125
555.875977	72898.625000
554.645508	72949.507813
553.415039	72500.851563
552.184570	73072.812500
550.953125	72706.875000
549.721680	73101.656250
548.490234	73478.570313
547.257813	72979.195313
546.026367	73511.117188
544.793945	73860.187500
543.560547	73690.843750
542.328125	74133.921875
541.094727	73976.359375
539.861328	73899.289063
538.626953	74361.632813
537.392578	74433.531250
536.158203	74556.375000
534.923828	75378.906250
533.689453	75019.398438
532.454102	75085.195313
531.218750	75370.343750
529.982422	75849.234375
528.747070	76040.101563
527.510742	75907.890625
526.273438	76094.734375
525.037109	75733.625000
523.799805	76972.851563
522.562500	77571.992188
521.325195	78407.460938
520.086914	78368.703125
518.848633	77127.953125
517.610352	75672.796875
516.372070	74999.726563
515.132813	74604.296875
513.893555	74570.304688
512.654297	74300.085938
511.414063	73877.734375
510.173828	73851.710938
508.933594	74368.085938
507.693359	73924.523438
506.452148	74559.601563
505.210938	74131.781250
503.969727	73593.039063
502.727539	74223.859375
501.485352	73843.140625
