1802.243164	35714.812500
1801.274414	35914.589844
1800.304688	35255.777344
1799.334961	35735.492188
1798.365234	35805.722656
1797.395508	35431.773438
1796.425781	35731.542969
1795.455078	35360.250000
1794.485352	35934.214844
1793.514648	36168.875000
1792.543945	36141.703125
1791.572266	35733.234375
1790.601563	35905.496094
1789.629883	35634.250000
1788.658203	36182.554688
1787.686523	36115.554688
1786.714844	36180.535156
1785.742188	36058.796875
1784.769531	36278.058594
1783.796875	36549.484375
1782.824219	36330.718750
1781.851563	36534.863281
1780.877930	36848.343750
1779.905273	36562.515625
1778.931641	36517.914063
1777.958008	36878.421875
1776.983398	36925.707031
1776.009766	36632.628906
1775.035156	36655.101563
1774.060547	36642.796875
1773.085938	37159.324219
1772.111328	37231.316406
1771.135742	36975.687500
1770.161133	37005.503906
1769.185547	37107.250000
1768.208984	36985.726563
1767.233398	37203.980469
1766.257813	37275.863281
1765.281250	37436.957031
1764.304688	37449.285156
1763.328125	37268.335938
1762.351563	37468.964844
1761.374023	37421.828125
1760.396484	37649.578125
1759.418945	37290.468750
1758.441406	37810.238281
1757.463867	38188.730469
1756.485352	37693.636719
1755.507813	37980.464844
1754.529297	37703.261719
1753.550781	38046.843750
1752.571289	38105.968750
1751.592773	38214.503906
1750.613281	38031.375000
1749.633789	38026.222656
1748.654297	37895.078125
1747.674805	37818.320313
1746.694336	37946.550781
1745.713867	38277.171875
1744.733398	38462.027344
1743.752930	37938.527344
1742.772461	38338.031250
1741.791016	38088.582031
1740.810547	38630.945313
1739.829102	38374.136719
1738.847656	38245.632813
1737.865234	38514.023438
1736.883789	38565.437500
1735.901367	38481.316406
1734.918945	38586.906250
1733.936523	38414.144531
1732.954102	38842.281250
1731.970703	38782.781250
1730.987305	38863.605469
1730.003906	38973.921875
1729.020508	38619.171875
1728.037109	38734.414063
1727.052734	39604.660156
1726.068359	38738.523438
1725.083984	39052.800781
1724.099609	38695.921875
1723.115234	39211.589844
1722.129883	39134.914063
1721.144531	39458.675781
1720.159180	39146.199219
1719.173828	39332.316406
1718.188477	39491.351563
1717.202148	39890.863281
1716.215820	39850.941406
1715.229492	39801.218750
1714.243164	40087.578125
1713.256836	40251.195313
1712.269531	40252.910156
1711.282227	40568.421875
1710.294922	40631.339844
1709.307617	40503.089844
1708.320313	41457.824219
1707.332031	41111.441406
1706.343750	41166.843750
1705.355469	41325.066406
1704.367188	41639.898438
1703.378906	42010.902344
1702.389648	41823.804688
1701.400391	42040.476563
1700.411133	42203.246094
1699.421875	42221.652344
1698.431641	42369.640625
1697.442383	42172.871094
1696.452148	42335.472656
1695.461914	41850.429688
1694.470703	42443.023438
1693.480469	42549.281250
1692.489258	42127.980469
1691.498047	42346.574219
1690.506836	42401.515625
1689.515625	42473.515625
1688.523438	41979.351563
1687.532227	42485.679688
1686.540039	42384.425781
1685.547852	42490.507813
1684.554688	42291.757813
1683.562500	42124.777344
1682.569336	42625.679688
1681.576172	42629.269531
1680.583008	42647.476563
1679.589844	42936.046875
1678.595703	42605.925781
1677.601563	42580.289063
1676.607422	42754.281250
1675.613281	42835.707031
1674.619141	43016.871094
1673.624023	42833.027344
1672.628906	43057.894531
1671.633789	42742.789063
1670.638672	43098.875000
1669.643555	43175.261719
1668.647461	43203.003906
1667.651367	43626.812500
1666.655273	43761.343750
1665.659180	43215.714844
1664.663086	43680.539063
1663.666016	43696.003906
1662.668945	44099.851563
1661.671875	44120.070313
1660.674805	44290.722656
1659.676758	44192.015625
1658.679688	44508.109375
1657.681641	44756.175781
1656.683594	44545.898438
1655.684570	44818.089844
1654.686523	44792.070313
1653.687500	44923.558594
1652.688477	45551.621094
1651.689453	45314.738281
1650.690430	45182.082031
1649.690430	45695.910156
1648.691406	45355.050781
1647.691406	45766.984375
1646.690430	46268.277344
1645.690430	46445.199219
1644.690430	46563.996094
1643.689453	46924.562500
1642.688477	46656.382813
1641.687500	46729.132813
1640.685547	46700.351563
1639.684570	47014.679688
1638.682617	47171.855469
1637.680664	47285.488281
1636.678711	47167.261719
1635.675781	47544.000000
1634.672852	47355.761719
1633.670898	47343.765625
1632.667969	47865.000000
1631.664063	48219.574219
1630.661133	47691.273438
1629.657227	47929.988281
1628.653320	48069.757813
1627.649414	48016.640625
1626.645508	48018.968750
1625.640625	48418.839844
1624.636719	47789.953125
1623.631836	48025.933594
1622.626953	48237.734375
1621.621094	47992.039063
1620.616211	48420.382813
1619.610352	47871.527344
1618.604492	48509.035156
1617.598633	48155.222656
1616.591797	47907.375000
1615.585938	48366.546875
1614.579102	48563.488281
1613.572266	48890.140625
1612.565430	48796.128906
1611.557617	48596.437500
1610.550781	49278.378906
1609.542969	49253.980469
1608.535156	49332.835938
1607.526367	49555.691406
1606.518555	49588.847656
1605.509766	50015.523438
1604.500977	49650.308594
1603.492188	50098.382813
1602.483398	50364.011719
1601.473633	50727.835938
1600.464844	50806.242188
1599.455078	51809.742188
1598.444336	51583.570313
1597.434570	51649.769531
1596.424805	51996.179688
1595.414063	52356.816406
1594.403320	52382.105469
1593.392578	52328.386719
1592.380859	52884.980469
1591.369141	53654.304688
1590.358398	53547.718750
1589.346680	54036.746094
1588.333984	54099.906250
1587.322266	54072.183594
1586.309570	54582.308594
1585.296875	55020.527344
1584.284180	54911.386719
1583.271484	55172.570313
1582.257813	55402.597656
1581.245117	56184.148438
1580.231445	56241.968750
1579.217773	56371.375000
1578.203125	56603.343750
1577.189453	56818.515625
1576.174805	57362.796875
1575.160156	57372.605469
1574.145508	57904.625000
1573.129883	57611.531250
1572.115234	58140.898438
1571.099609	58355.472656
1570.083984	58924.972656
1569.067383	58760.531250
1568.051758	59298.746094
1567.035156	59624.816406
1566.018555	59565.074219
1565.001953	58972.187500
1563.985352	59702.664063
1562.967773	59521.593750
1561.951172	60175.535156
1560.933594	60393.984375
1559.915039	60709.832031
1558.897461	60868.640625
1557.878906	61395.792969
1556.861328	61537.757813
1555.842773	62050.296875
1554.823242	63144.589844
1553.804688	63905.949219
1552.785156	64332.203125
1551.765625	65230.691406
1550.746094	66216.625000
1549.726563	67216.398438
1548.706055	68220.500000
1547.686523	69153.023438
1546.666016	71100.179688
1545.645508	72425.320313
1544.624023	73970.382813
1543.603516	75119.007813
1542.582031	77174.710938
1541.560547	78931.070313
1540.539063	81134.375000
1539.516602	82446.351563
1538.495117	84896.632813
1537.472656	86950.593750
1536.450195	88887.750000
1535.426758	91810.812500
1534.404297	93776.921875
1533.380859	96366.656250
1532.357422	98688.109375
1531.333984	100221.304688
1530.310547	101950.062500
1529.286133	103056.562500
1528.261719	103472.664063
1527.237305	102740.492188
1526.212891	102762.046875
1525.188477	101879.179688
1524.163086	100987.218750
1523.137695	100013.007813
1522.112305	99438.007813
1521.086914	98622.578125
1520.060547	97356.914063
1519.035156	97039.875000
1518.008789	96605.054688
1516.982422	95269.835938
1515.955078	95413.015625
1514.928711	93993.734375
1513.901367	93430.289063
1512.874023	92956.578125
1511.846680	91851.882813
1510.818359	91948.500000
1509.791016	91166.968750
1508.762695	90635.242188
1507.734375	89849.585938
1506.705078	89068.953125
1505.676758	88192.187500
1504.647461	88065.984375
1503.618164	87248.554688
1502.588867	86473.765625
1501.559570	85170.468750
1500.529297	84636.101563
1499.499023	83836.460938
1498.468750	83163.992188
1497.438477	82935.632813
1496.408203	81599.148438
1495.376953	81023.773438
1494.345703	80012.093750
1493.314453	79467.773438
1492.283203	78252.726563
1491.250977	78797.289063
1490.219727	77725.906250
1489.187500	76418.164063
1488.154297	76594.734375
1487.122070	75451.796875
1486.088867	74813.093750
1485.056641	74973.476563
1484.023438	74670.046875
1482.989258	74036.562500
1481.956055	73773.242188
1480.921875	72800.781250
1479.887695	73838.984375
1478.853516	73011.968750
1477.819336	72611.039063
1476.784180	72554.070313
1475.750000	72562.593750
1474.714844	72363.039063
1473.678711	72280.437500
1472.643555	72716.648438
1471.607422	72503.156250
1470.571289	72516.328125
1469.535156	72321.640625
1468.499023	72792.492188
1467.462891	72516.117188
1466.425781	73056.742188
1465.388672	72236.703125
1464.351563	72966.140625
1463.313477	73352.382813
1462.276367	73094.804688
1461.238281	73128.781250
1460.200195	73008.882813
1459.162109	72912.343750
1458.123047	73172.351563
1457.083984	73348.375000
1456.045898	73435.820313
1455.005859	73029.523438
1453.966797	73449.929688
1452.926758	72540.984375
1451.887695	72523.773438
1450.847656	72532.164063
1449.806641	73063.968750
1448.766602	72418.664063
1447.725586	72627.039063
1446.685547	72891.117188
1445.643555	72857.562500
1444.602539	72684.570313
1443.561523	71949.367188
1442.519531	71697.648438
1441.477539	72010.398438
1440.435547	71322.210938
1439.392578	71131.125000
1438.350586	70636.046875
1437.307617	69463.539063
1436.264648	69423.750000
1435.220703	68643.992188
1434.177734	67627.992188
1433.133789	67157.304688
1432.089844	67264.054688
1431.045898	66911.835938
1430.001953	66314.125000
1428.957031	66175.382813
1427.912109	66152.515625
1426.867188	65747.531250
1425.822266	65305.667969
1424.777344	65403.355469
1423.731445	65174.664063
1422.685547	65334.808594
1421.639648	64687.476563
1420.592773	64769.007813
1419.546875	64790.371094
1418.500000	65140.039063
1417.453125	64433.160156
1416.406250	64778.125000
1415.358398	64951.957031
1414.311523	64834.636719
1413.263672	64195.371094
1412.215820	64426.933594
1411.166992	64245.136719
1410.119141	64271.152344
1409.070313	64094.066406
1408.021484	64067.027344
1406.972656	64127.656250
1405.922852	63916.105469
1404.873047	63402.566406
1403.824219	63608.523438
1402.773438	63459.433594
1401.723633	63662.980469
1400.673828	64198.214844
1399.623047	63493.937500
1398.572266	63950.675781
1397.520508	63810.855469
1396.469727	63224.488281
1395.417969	63876.625000
1394.366211	63824.343750
1393.314453	63866.402344
1392.262695	63703.726563
1391.209961	63589.406250
1390.158203	63514.218750
1389.105469	63970.074219
1388.051758	63855.757813
1386.999023	63991.949219
1385.945313	63974.156250
1384.891602	64234.292969
1383.837891	64416.238281
1382.784180	64102.183594
1381.729492	64587.074219
1380.675781	65092.414063
1379.621094	65317.609375
1378.565430	64414.050781
1377.510742	65412.214844
1376.455078	65008.894531
1375.399414	65586.968750
1374.343750	66068.531250
1373.288086	66031.976563
1372.231445	66034.382813
1371.175781	65988.679688
1370.119141	66178.890625
1369.061523	66694.164063
1368.004883	66632.312500
1366.947266	66790.210938
1365.889648	67462.921875
1364.832031	67437.554688
1363.774414	67526.554688
1362.715820	68123.218750
1361.657227	68113.710938
1360.598633	68248.226563
1359.540039	68604.382813
1358.481445	68686.171875
1357.421875	69368.773438
1356.362305	70167.578125
1355.302734	69714.617188
1354.242188	70670.546875
1353.182617	71053.125000
1352.122070	71850.898438
1351.061523	72045.960938
1350.000977	72535.226563
1348.939453	73199.906250
1347.877930	73399.117188
1346.817383	74268.515625
1345.754883	74966.601563
1344.693359	75411.429688
1343.630859	76669.476563
1342.568359	77892.828125
1341.505859	78637.390625
1340.443359	79183.546875
1339.380859	80325.921875
1338.317383	80402.617188
1337.253906	81892.429688
1336.190430	82598.976563
1335.125977	82843.460938
1334.062500	82664.843750
1332.998047	83066.085938
1331.933594	83187.554688
1330.868164	83452.156250
1329.803711	82962.234375
1328.738281	82636.078125
1327.672852	81910.289063
1326.607422	81489.101563
1325.541016	81188.414063
1324.475586	80261.335938
1323.409180	79711.375000
1322.342773	79041.382813
1321.275391	78593.976563
1320.208984	78439.335938
1319.141602	77411.718750
1318.074219	77105.476563
1317.005859	76459.359375
1315.938477	76230.484375
1314.870117	75743.406250
1313.801758	75893.062500
1312.733398	74955.554688
1311.665039	74736.218750
1310.595703	74367.562500
1309.526367	74171.062500
1308.457031	73458.703125
1307.387695	73595.046875
1306.317383	72695.343750
1305.248047	72108.101563
1304.177734	71715.539063
1303.106445	71124.210938
1302.036133	70704.898438
1300.964844	70055.265625
1299.893555	69627.296875
1298.822266	68822.296875
1297.750977	68437.664063
1296.678711	67967.390625
1295.606445	67930.703125
1294.534180	67693.171875
1293.461914	67376.757813
1292.389648	66137.828125
1291.316406	66088.000000
1290.243164	65970.546875
1289.169922	65643.468750
1288.095703	65776.343750
1287.022461	65494.503906
1285.948242	65003.242188
1284.874023	65280.320313
1283.798828	65147.390625
1282.724609	65347.757813
1281.649414	64994.242188
1280.574219	65016.742188
1279.499023	64370.902344
1278.422852	65081.953125
1277.347656	64521.832031
1276.271484	64670.332031
1275.195313	64537.718750
1274.118164	65248.128906
1273.041992	65173.875000
1271.964844	64769.339844
1270.887695	65072.625000
1269.809570	65148.929688
1268.732422	64675.027344
1267.654297	64679.531250
1266.576172	64796.261719
1265.498047	64668.324219
1264.418945	64771.535156
1263.340820	64500.078125
1262.261719	64435.070313
1261.182617	64607.765625
1260.102539	64502.398438
1259.023438	63738.105469
1257.943359	63287.855469
1256.863281	62893.796875
1255.782227	62753.019531
1254.702148	62242.777344
1253.621094	62035.015625
1252.540039	61444.539063
1251.458984	61281.781250
1250.376953	60738.691406
1249.295898	60345.714844
1248.213867	60375.636719
1247.131836	60275.839844
1246.048828	59867.542969
1244.966797	60203.773438
1243.883789	59212.359375
1242.800781	59436.859375
1241.717773	58877.156250
1240.633789	59175.328125
1239.549805	59218.812500
1238.465820	59418.554688
1237.381836	58676.277344
1236.297852	58527.914063
1235.212891	59439.390625
1234.127930	58838.093750
1233.042969	58805.746094
1231.957031	59154.695313
1230.872070	59305.085938
1229.786133	59343.972656
1228.700195	58799.015625
1227.614258	59091.960938
1226.527344	58839.066406
1225.440430	59726.464844
1224.353516	59224.171875
1223.266602	58797.769531
1222.179688	58527.332031
1221.091797	58595.210938
1220.003906	58941.136719
1218.916016	58937.722656
1217.827148	58656.347656
1216.739258	58768.593750
1215.650391	58440.687500
1214.561523	58390.695313
1213.471680	58578.460938
1212.382813	58464.039063
1211.292969	58605.062500
1210.203125	58237.542969
1209.113281	57974.515625
1208.022461	58781.394531
1206.932617	58121.144531
1205.841797	58783.441406
1204.750000	58513.851563
1203.659180	58956.234375
1202.567383	58704.449219
1201.475586	59069.015625
1200.383789	59107.632813
1199.291992	59121.859375
1198.199219	58901.250000
1197.106445	58669.656250
1196.013672	59016.117188
1194.920898	59280.511719
1193.827148	59219.410156
1192.734375	59514.625000
1191.640625	59274.277344
1190.545898	59124.718750
1189.452148	59497.167969
1188.357422	59301.183594
1187.262695	59430.253906
1186.167969	59247.625000
1185.073242	59219.750000
1183.977539	59315.605469
1182.881836	58536.710938
1181.786133	59039.003906
1180.690430	59163.531250
1179.593750	59159.964844
1178.497070	59158.605469
1177.400391	59124.148438
1176.303711	59266.183594
1175.206055	59114.812500
1174.109375	59073.753906
1173.011719	59156.175781
1171.913086	58572.882813
1170.815430	58549.585938
1169.716797	58775.269531
1168.618164	58229.859375
1167.519531	58094.316406
1166.420898	58500.500000
1165.321289	58063.347656
1164.221680	57967.535156
1163.122070	57341.429688
1162.022461	57820.015625
1160.921875	58074.039063
1159.821289	58261.976563
1158.720703	58493.808594
1157.620117	58279.296875
1156.518555	58141.796875
1155.416992	58964.566406
1154.315430	58207.464844
1153.213867	58364.367188
1152.112305	58352.117188
1151.009766	58392.554688
1149.907227	58720.519531
1148.804688	58782.804688
1147.701172	58224.136719
1146.598633	58301.847656
1145.495117	58460.671875
1144.391602	58772.910156
1143.287109	58462.421875
1142.183594	58123.566406
1141.079102	58078.484375
1139.974609	57586.484375
1138.869141	58382.640625
1137.764648	57765.949219
1136.659180	57462.609375
1135.553711	57514.015625
1134.447266	57197.714844
1133.341797	57306.039063
1132.235352	56847.714844
1131.128906	57023.859375
1130.022461	57029.363281
1128.915039	57131.054688
1127.808594	56994.449219
1126.701172	56674.332031
1125.593750	57077.535156
1124.485352	56748.789063
1123.376953	56439.835938
1122.268555	57028.417969
1121.160156	56640.937500
1120.051758	56810.175781
1118.942383	56800.402344
1117.833008	57026.246094
1116.723633	57116.761719
1115.614258	56443.976563
1114.503906	56728.609375
1113.394531	56662.171875
1112.283203	56903.046875
1111.172852	56670.996094
1110.062500	56452.109375
1108.951172	56838.792969
1107.839844	56680.925781
1106.728516	57289.453125
1105.616211	56874.710938
1104.503906	56782.210938
1103.391602	56920.371094
1102.279297	56962.757813
1101.166992	56678.910156
1100.053711	56801.769531
1098.940430	56870.234375
1097.827148	56956.046875
1096.712891	57300.406250
1095.599609	57225.324219
1094.485352	56691.972656
1093.371094	57294.570313
1092.255859	56982.878906
1091.141602	57535.230469
1090.026367	57672.839844
1088.911133	57999.152344
1087.794922	57971.734375
1086.679688	58360.734375
1085.563477	58422.148438
1084.447266	59019.003906
1083.330078	58891.675781
1082.213867	59262.804688
1081.096680	59837.425781
1079.979492	60219.023438
1078.862305	60596.121094
1077.744141	61206.898438
1076.625977	61639.906250
1075.507813	62739.312500
1074.389648	63176.132813
1073.271484	64272.582031
1072.152344	64933.824219
1071.033203	66208.914063
1069.914063	68073.671875
1068.793945	69563.695313
1067.674805	70884.531250
1066.554688	73159.781250
1065.433594	74647.773438
1064.313477	76973.093750
1063.192383	77887.453125
1062.071289	79824.671875
1060.950195	81169.695313
1059.829102	81748.109375
1058.707031	82054.437500
1057.584961	81730.796875
1056.462891	81305.945313
1055.340820	80432.812500
1054.217773	79338.015625
1053.094727	77866.531250
1051.971680	76731.789063
1050.848633	74468.726563
1049.724609	73175.796875
1048.601563	71609.945313
1047.476563	70094.265625
1046.352539	68170.273438
1045.228516	67275.710938
1044.103516	66321.273438
1042.978516	65029.535156
1041.852539	64170.601563
1040.727539	63632.390625
1039.601563	62879.441406
1038.475586	62754.367188
1037.349609	62410.175781
1036.222656	62311.027344
1035.096680	61945.589844
1033.969727	61612.507813
1032.841797	61623.074219
1031.714844	61685.148438
1030.586914	61620.578125
1029.458984	61553.882813
1028.331055	61249.105469
1027.202148	61725.109375
1026.074219	61218.863281
1024.945313	61310.929688
1023.815430	60682.812500
1022.686523	61302.085938
1021.556641	60935.597656
1020.426758	61348.921875
1019.296875	60995.421875
1018.166992	60905.410156
1017.036133	60725.531250
1015.905273	60306.031250
1014.774414	60624.886719
1013.643555	60107.179688
1012.511719	59638.875000
1011.379883	59863.574219
1010.248047	60190.789063
1009.115234	59784.738281
1007.983398	59977.195313
1006.850586	59596.992188
1005.717773	60086.308594
1004.583984	59148.855469
1003.451172	59751.210938
1002.317383	59956.261719
1001.183594	59435.589844
1000.048828	59982.015625
998.915039	59073.292969
997.780273	59024.488281
996.645508	59229.457031
995.509766	59413.015625
994.375000	59123.300781
993.239258	59596.617188
992.103516	59332.546875
990.967773	59396.625000
989.831055	59550.117188
988.694336	59211.691406
987.557617	59541.839844
986.420898	59461.078125
985.283203	59957.000000
984.145508	59508.132813
983.007813	59854.937500
981.870117	60052.738281
980.731445	60146.269531
979.592773	60205.750000
978.454102	60290.703125
977.315430	59691.460938
976.176758	59812.593750
975.037109	60318.078125
973.897461	60271.269531
972.756836	60035.542969
971.617188	60419.664063
970.476563	60052.433594
969.335938	60203.011719
968.195313	60107.476563
967.053711	60327.953125
965.912109	60283.308594
964.770508	61173.480469
963.628906	60533.148438
962.486328	60297.781250
961.344727	60742.511719
960.202148	59852.753906
959.058594	60341.847656
957.916016	60765.105469
956.772461	60320.378906
955.628906	59759.449219
954.485352	60123.308594
953.340820	59937.050781
952.196289	59752.980469
951.051758	60550.031250
949.907227	60025.570313
948.761719	59509.781250
947.617188	60190.152344
946.471680	60196.332031
945.325195	60667.164063
944.179688	60394.496094
943.033203	60947.414063
941.886719	60296.976563
940.740234	61467.980469
939.592773	61260.765625
938.445313	61671.683594
937.297852	62548.488281
936.150391	63298.410156
935.001953	63957.363281
933.854492	64759.347656
932.705078	65617.875000
931.556641	66191.632813
930.408203	66918.898438
929.258789	67519.500000
928.109375	68252.476563
926.958984	68258.953125
925.809570	68048.664063
924.659180	67773.242188
923.508789	66765.906250
922.358398	66450.906250
921.207031	65271.855469
920.055664	64473.800781
918.904297	63457.503906
917.752930	63206.503906
916.600586	62577.453125
915.449219	61597.906250
914.295898	61141.656250
913.143555	61338.539063
911.991211	60573.972656
910.837891	60361.660156
909.684570	60428.488281
908.530273	60402.980469
907.376953	60310.371094
906.222656	60297.476563
905.068359	60567.589844
903.913086	60108.210938
902.758789	60466.246094
901.603516	60229.148438
900.448242	60375.449219
899.292969	60163.593750
898.136719	60316.121094
896.980469	60016.445313
895.824219	60018.253906
894.667969	59760.605469
893.510742	60400.476563
892.353516	59473.601563
891.196289	59713.878906
890.038086	59857.882813
888.880859	59868.058594
887.722656	59999.421875
886.564453	60116.105469
885.405273	59695.925781
884.247070	59257.132813
883.087891	59891.667969
881.928711	59238.011719
880.768555	59815.925781
879.609375	59736.339844
878.449219	59345.964844
877.288086	59681.546875
876.127930	59652.074219
874.966797	59691.406250
873.805664	59982.914063
872.644531	59482.445313
871.483398	59700.945313
870.321289	59950.593750
869.159180	60616.625000
867.997070	60091.449219
866.833984	59768.406250
865.671875	60431.957031
864.508789	60163.070313
863.344727	60597.417969
862.181641	60420.113281
861.017578	60488.246094
859.853516	60406.660156
858.689453	60668.054688
857.524414	60472.171875
856.359375	61207.117188
855.194336	61455.695313
854.029297	61344.898438
852.864258	61827.949219
851.698242	61781.460938
850.532227	61703.863281
849.365234	61454.074219
848.199219	62115.070313
847.032227	62458.457031
845.865234	61744.183594
844.698242	61683.238281
843.530273	61875.179688
842.362305	61660.882813
841.194336	61548.187500
840.026367	61566.031250
838.857422	61426.476563
837.688477	62034.406250
836.519531	61940.343750
835.350586	61639.363281
834.180664	61605.421875
833.010742	61840.414063
831.840820	61330.746094
830.669922	61611.183594
829.500000	61358.125000
828.329102	61429.667969
827.158203	61040.367188
825.986328	61655.296875
824.814453	61255.777344
823.642578	61639.097656
822.470703	61547.378906
821.298828	61540.328125
820.125977	61551.847656
818.953125	61685.097656
817.780273	61750.210938
816.606445	61378.054688
815.432617	61952.507813
814.258789	61881.445313
813.084961	62177.289063
811.910156	61910.437500
810.736328	61761.132813
809.560547	62149.484375
808.385742	62364.683594
807.209961	62635.378906
806.035156	62467.500000
804.858398	62723.640625
803.682617	62481.738281
802.505859	62996.953125
801.330078	62286.164063
800.152344	63261.785156
798.975586	63552.406250
797.797852	63764.792969
796.620117	64250.386719
795.442383	64207.773438
794.264648	63659.886719
793.085938	64362.855469
791.907227	64675.421875
790.728516	63862.980469
789.548828	64103.683594
788.369141	64477.644531
787.189453	63673.964844
786.009766	63077.769531
784.830078	63094.917969
783.649414	63220.703125
782.468750	62696.714844
781.287109	62888.097656
780.106445	62337.765625
778.924805	62840.468750
777.743164	62267.851563
776.561523	62235.980469
775.378906	62957.390625
774.196289	62270.500000
773.013672	62539.410156
771.830078	62247.699219
770.647461	62483.765625
769.463867	62228.992188
768.280273	62683.687500
767.095703	62490.285156
765.911133	62666.820313
764.726563	63096.601563
763.541992	63125.859375
762.357422	64074.031250
761.171875	63913.183594
759.986328	63907.531250
758.800781	64254.929688
757.614258	64330.812500
756.427734	64471.929688
755.241211	65247.246094
754.054688	65702.101563
752.867188	66130.257813
751.679688	67194.109375
750.492188	68459.218750
749.304688	69326.531250
748.116211	70378.796875
746.927734	71964.132813
745.739258	73233.210938
744.549805	74522.085938
743.361328	75958.960938
742.171875	76862.148438
740.981445	77917.500000
739.791992	78878.835938
738.601563	78766.195313
737.411133	79511.445313
736.220703	79305.218750
735.029297	79728.976563
733.837891	79890.476563
732.646484	79875.203125
731.455078	78850.718750
730.262695	78626.562500
729.070313	77320.640625
727.877930	75463.320313
726.685547	74258.062500
725.492188	72367.718750
724.298828	71058.179688
723.105469	70243.929688
721.912109	69350.976563
720.717773	70063.507813
719.523438	69308.750000
718.329102	69202.562500
717.133789	70021.992188
715.938477	69889.367188
714.743164	70487.617188
713.547852	70555.312500
712.351563	71147.085938
711.155273	71516.046875
709.958984	71822.140625
708.762695	73023.960938
707.565430	73649.031250
706.368164	74154.562500
705.170898	75381.351563
703.973633	75952.960938
702.775391	76318.265625
701.577148	77327.671875
700.378906	77860.101563
699.179688	79123.085938
697.980469	80175.617188
696.781250	81699.859375
695.582031	83382.820313
694.381836	85492.640625
693.181641	88069.390625
691.981445	89967.593750
690.781250	92056.453125
689.580078	93830.023438
688.378906	95220.000000
687.177734	96428.078125
685.976563	97295.265625
684.774414	97890.250000
683.572266	98750.687500
682.370117	98930.484375
681.166992	98576.960938
679.963867	98404.648438
678.760742	97168.414063
677.557617	95681.359375
676.353516	94683.476563
675.149414	92920.210938
673.945313	91961.531250
672.741211	90796.320313
671.536133	89868.640625
670.331055	89104.023438
669.125977	87253.507813
667.919922	85761.109375
666.714844	83336.125000
665.508789	81620.484375
664.301758	80457.250000
663.095703	79396.804688
661.888672	78771.945313
660.681641	77557.953125
659.474609	76919.726563
658.266602	76941.046875
657.058594	75976.664063
655.850586	75140.882813
654.641602	75012.367188
653.433594	73998.960938
652.224609	73340.289063
651.014648	72471.773438
649.805664	71157.445313
648.595703	70987.906250
647.385742	70562.437500
646.175781	70099.164063
644.964844	69430.187500
643.753906	69057.289063
642.542969	68796.453125
641.332031	68491.773438
640.120117	68608.656250
638.908203	67844.859375
637.696289	67758.187500
636.483398	67895.101563
635.270508	67990.046875
634.057617	67907.382813
632.844727	68223.687500
631.630859	67877.750000
630.417969	68483.023438
629.203125	68486.015625
627.989258	68776.000000
626.774414	68782.898438
625.559570	68783.820313
624.344727	68874.367188
623.129883	68743.835938
621.914063	68689.007813
620.698242	68407.296875
619.482422	68336.632813
618.265625	68192.390625
617.048828	68505.687500
615.832031	68444.984375
614.615234	68187.468750
613.397461	68349.484375
612.179688	67666.796875
610.961914	68293.781250
609.743164	67579.617188
608.525391	67975.953125
607.306641	67945.210938
606.086914	68079.242188
604.868164	68056.421875
603.648438	67614.914063
602.428711	67955.242188
601.208008	67882.859375
599.988281	68113.898438
598.767578	68737.382813
597.546875	68843.257813
596.325195	68261.429688
595.103516	68456.507813
593.881836	69168.492188
592.660156	68583.007813
591.437500	68835.289063
590.215820	68996.398438
588.993164	68803.179688
587.769531	68873.195313
586.545898	69044.070313
585.322266	69216.843750
584.098633	68946.609375
582.875000	69271.539063
581.650391	69244.507813
580.425781	69021.859375
579.201172	69336.671875
577.975586	69098.281250
576.750000	68609.195313
575.524414	69559.609375
574.298828	69090.375000
573.072266	69438.351563
571.845703	69375.781250
570.619141	69613.062500
569.391602	69643.164063
568.164063	69854.648438
566.936523	69799.906250
565.708984	70206.367188
564.480469	70395.890625
563.251953	70102.687500
562.023438	70796.359375
560.794922	71418.828125
559.565430	71145.257813
558.335938	71247.750000
557.106445	70927.101563
555.875977	71436.835938
554.645508	71047.429688
553.415039	71377.953125
552.184570	70827.500000
550.953125	71798.726563
549.721680	71727.937500
548.490234	71969.585938
547.257813	71134.632813
546.026367	71177.929688
544.793945	72146.023438
543.560547	72375.570313
542.328125	71892.554688
541.094727	72141.664063
539.861328	72777.132813
538.626953	72472.828125
537.392578	72782.414063
536.158203	72903.656250
534.923828	72719.070313
533.689453	73165.562500
532.454102	73613.820313
531.218750	73446.812500
529.982422	73702.875000
528.747070	73528.078125
527.510742	73660.679688
526.273438	73983.054688
525.037109	74150.710938
523.799805	74584.328125
522.562500	75868.515625
521.325195	76250.710938
520.086914	76540.859375
518.848633	75925.945313
517.610352	74586.343750
516.372070	73325.468750
515.132813	72877.671875
513.893555	72724.937500
512.654297	72605.453125
511.414063	72468.453125
510.173828	72130.507813
508.933594	72262.906250
507.693359	72092.890625
506.452148	71864.445313
505.210938	71948.054688
503.969727	71990.687500
502.727539	72251.570313
501.485352	71824.531250
