1802.271484	5850.950195
1801.302734	5995.787598
1800.333984	5819.820801
1799.364258	5766.237793
1798.394531	5892.367188
1797.424805	5666.621094
1796.454102	5500.837891
1795.484375	5255.306152
1794.513672	5388.916504
1793.542969	5410.278320
1792.572266	5536.325684
1791.601563	5652.353516
1790.629883	5658.698730
1789.658203	5737.286621
1788.687500	5551.826172
1787.714844	5558.186523
1786.743164	5524.708984
1785.771484	5864.628906
1784.798828	5913.230469
1783.826172	5934.441895
1782.853516	6204.418457
1781.880859	6163.381836
1780.907227	6211.883301
1779.933594	6327.494141
1778.959961	6453.001465
1777.986328	6588.398926
1777.012695	6328.666504
1776.038086	6160.954590
1775.064453	5951.085938
1774.089844	5890.296875
1773.115234	5985.945313
1772.139648	6136.165527
1771.165039	6398.004883
1770.189453	6520.787598
1769.213867	6678.251465
1768.238281	6875.336914
1767.262695	7002.908691
1766.286133	6892.417480
1765.310547	7129.000977
1764.333984	7239.096191
1763.357422	7215.346191
1762.379883	7112.331543
1761.403320	7096.045410
1760.425781	6790.038086
1759.448242	6974.363281
1758.470703	7200.694824
1757.493164	7236.374023
1756.514648	7784.223633
1755.536133	7866.773438
1754.558594	7875.089844
1753.579102	7819.108887
1752.600586	7350.269043
1751.622070	7225.202637
1750.642578	7339.907715
1749.663086	7279.135254
1748.683594	7406.134277
1747.703125	7542.960938
1746.723633	7398.224609
1745.743164	7031.347656
1744.762695	7113.861816
1743.782227	6932.279297
1742.801758	6866.736328
1741.820313	7124.382324
1740.839844	7159.948730
1739.858398	6985.898926
1738.875977	6863.691895
1737.894531	6911.612305
1736.913086	6848.614746
1735.930664	6793.033691
1734.948242	6875.426270
1733.965820	6898.675293
1732.982422	6988.400391
1732.000000	7302.125977
1731.016602	7192.355469
1730.033203	6927.588867
1729.049805	6618.640137
1728.066406	6435.272949
1727.082031	6564.332520
1726.097656	6821.206543
1725.113281	6923.092285
1724.128906	7236.323730
1723.144531	7352.829590
1722.159180	7046.683594
1721.173828	7111.593262
1720.188477	6952.979004
1719.203125	6811.616699
1718.217773	6832.342773
1717.231445	6779.423828
1716.245117	6913.033203
1715.258789	7063.763184
1714.272461	6966.673828
1713.286133	7173.740723
1712.298828	7334.134277
1711.311523	7602.332520
1710.324219	7647.373535
1709.336914	7734.056641
1708.349609	7565.894531
1707.361328	7461.488770
1706.373047	7430.598145
1705.384766	7598.057617
1704.396484	7684.661133
1703.408203	7749.200684
1702.418945	8237.068359
1701.429688	8445.822266
1700.440430	8468.583984
1699.451172	8630.738281
1698.460938	8721.916992
1697.471680	8854.618164
1696.481445	9023.928711
1695.491211	8777.742188
1694.500000	8920.123047
1693.509766	9201.680664
1692.518555	9209.595703
1691.527344	9805.962891
1690.536133	9830.841797
1689.544922	9884.998047
1688.552734	9782.956055
1687.561523	10137.189453
1686.569336	10374.194336
1685.577148	10350.155273
1684.583984	10350.506836
1683.591797	10363.047852
1682.598633	10051.421875
1681.605469	10025.027344
1680.612305	10135.077148
1679.619141	10442.383789
1678.625000	10649.716797
1677.630859	10679.221680
1676.636719	10789.048828
1675.642578	10886.661133
1674.648438	10830.930664
1673.653320	10855.507813
1672.659180	10724.401367
1671.664063	10729.533203
1670.667969	10917.018555
1669.672852	10783.546875
1668.676758	10392.501953
1667.681641	10392.834961
1666.685547	10359.154297
1665.688477	10461.508789
1664.692383	10770.240234
1663.695313	10765.638672
1662.698242	10651.800781
1661.701172	10273.465820
1660.704102	10535.880859
1659.707031	10390.618164
1658.708984	10645.625977
1657.710938	10510.098633
1656.712891	10624.354492
1655.714844	10983.392578
1654.715820	10981.173828
1653.717773	11012.877930
1652.718750	10809.578125
1651.718750	10722.621094
1650.719727	10468.607422
1649.720703	10827.238281
1648.720703	10609.614258
1647.720703	11018.893555
1646.720703	11094.094727
1645.719727	10876.546875
1644.719727	10929.977539
1643.718750	10932.603516
1642.717773	11116.555664
1641.716797	10952.355469
1640.715820	10901.805664
1639.713867	10957.590820
1638.711914	10566.440430
1637.709961	10750.277344
1636.708008	10789.154297
1635.706055	10888.370117
1634.703125	10688.237305
1633.700195	10681.248047
1632.697266	10739.407227
1631.694336	10491.176758
1630.690430	10498.701172
1629.687500	10301.257813
1628.683594	10605.350586
1627.679688	11039.480469
1626.674805	11102.312500
1625.670898	11153.071289
1624.666016	11023.140625
1623.661133	10878.812500
1622.656250	10826.042969
1621.651367	10751.626953
1620.645508	10313.791016
1619.639648	10104.746094
1618.633789	10170.066406
1617.627930	10028.487305
1616.622070	10331.891602
1615.615234	10151.863281
1614.608398	10149.806641
1613.601563	10414.542969
1612.594727	10544.600586
1611.587891	10982.132813
1610.580078	11160.062500
1609.572266	11311.501953
1608.564453	11270.791016
1607.556641	11038.046875
1606.547852	10894.201172
1605.540039	10800.805664
1604.531250	10995.345703
1603.522461	11304.943359
1602.512695	11357.808594
1601.503906	11504.162109
1600.494141	11139.849609
1599.484375	10996.182617
1598.474609	11154.500000
1597.464844	11027.657227
1596.454102	11209.855469
1595.443359	11037.550781
1594.432617	11315.443359
1593.421875	11198.244141
1592.411133	11906.788086
1591.399414	11988.121094
1590.387695	11992.864258
1589.375977	11873.227539
1588.364258	11801.466797
1587.352539	11450.000000
1586.339844	11789.502930
1585.327148	11710.630859
1584.314453	11502.760742
1583.301758	11538.647461
1582.288086	11856.358398
1581.274414	12073.644531
1580.260742	12484.228516
1579.247070	12426.790039
1578.233398	12426.652344
1577.218750	12357.317383
1576.205078	12209.287109
1575.190430	12509.709961
1574.174805	12256.785156
1573.160156	12006.346680
1572.144531	12475.862305
1571.128906	12392.298828
1570.113281	12261.116211
1569.097656	12523.043945
1568.082031	12499.061523
1567.065430	12682.252930
1566.048828	12691.577148
1565.032227	12612.828125
1564.015625	12524.591797
1562.998047	12655.282227
1561.980469	12843.009766
1560.962891	12942.663086
1559.945313	12918.628906
1558.927734	12792.378906
1557.909180	12949.023438
1556.890625	13005.796875
1555.872070	12908.115234
1554.853516	12760.587891
1553.834961	12803.113281
1552.815430	13132.925781
1551.795898	12899.979492
1550.776367	12887.859375
1549.756836	12764.212891
1548.736328	12785.338867
1547.716797	12732.921875
1546.696289	12422.030273
1545.675781	12815.463867
1544.654297	12424.082031
1543.633789	12348.078125
1542.612305	12321.866211
1541.590820	12279.080078
1540.569336	12447.119141
1539.546875	12307.229492
1538.525391	12508.339844
1537.502930	12574.438477
1536.480469	12732.810547
1535.457031	12756.242188
1534.434570	12595.137695
1533.411133	12557.090820
1532.387695	12367.713867
1531.364258	12358.098633
1530.340820	12414.673828
1529.316406	12286.885742
1528.291992	12485.219727
1527.267578	12284.235352
1526.243164	12121.122070
1525.218750	12172.960938
1524.193359	12359.349609
1523.167969	12387.512695
1522.142578	12493.541992
1521.117188	12085.165039
1520.091797	12332.750000
1519.065430	12221.742188
1518.039063	12096.629883
1517.012695	12167.244141
1515.985352	12259.041992
1514.958984	12009.098633
1513.931641	12143.298828
1512.904297	12093.707031
1511.876953	12074.750977
1510.849609	12237.110352
1509.821289	12152.214844
1508.792969	12013.217773
1507.764648	12215.492188
1506.736328	12045.953125
1505.707031	12048.196289
1504.677734	12123.342773
1503.649414	12177.295898
1502.619141	11953.831055
1501.589844	12125.311523
1500.559570	12266.172852
1499.530273	12251.918945
1498.500000	12458.463867
1497.468750	12343.193359
1496.438477	12446.326172
1495.407227	12382.747070
1494.375977	12061.028320
1493.344727	12002.246094
1492.313477	12095.976563
1491.282227	12086.465820
1490.250000	12159.034180
1489.217773	12306.598633
1488.185547	12055.608398
1487.152344	12081.264648
1486.120117	12217.036133
1485.086914	12038.837891
1484.053711	12212.035156
1483.020508	11858.283203
1481.986328	11979.939453
1480.953125	12305.188477
1479.918945	12035.880859
1478.884766	12089.571289
1477.849609	12173.648438
1476.815430	12355.921875
1475.780273	12467.968750
1474.745117	12568.281250
1473.709961	12717.635742
1472.673828	12757.093750
1471.638672	13212.417969
1470.602539	12885.015625
1469.566406	13080.888672
1468.529297	13379.420898
1467.493164	13262.288086
1466.456055	13378.605469
1465.418945	13716.559570
1464.381836	13648.422852
1463.344727	13738.927734
1462.306641	14176.879883
1461.268555	14178.635742
1460.230469	14483.440430
1459.192383	14440.848633
1458.154297	14514.783203
1457.115234	14775.064453
1456.076172	14641.596680
1455.037109	15185.851563
1453.998047	14968.534180
1452.958008	15037.625977
1451.917969	15202.107422
1450.877930	15501.478516
1449.837891	15456.422852
1448.797852	15816.090820
1447.756836	16031.433594
1446.715820	15997.918945
1445.674805	16180.591797
1444.633789	16251.637695
1443.591797	16229.712891
1442.549805	16170.626953
1441.507813	16169.628906
1440.465820	16013.051758
1439.423828	16281.389648
1438.380859	16025.042969
1437.337891	15636.524414
1436.294922	15765.561523
1435.251953	15985.013672
1434.208984	15988.686523
1433.165039	16228.869141
1432.121094	16341.447266
1431.077148	16236.106445
1430.032227	16705.501953
1428.988281	16535.255859
1427.943359	16527.222656
1426.898438	16607.197266
1425.853516	16589.890625
1424.807617	16669.816406
1423.761719	16916.351563
1422.716797	16575.031250
1421.669922	16372.661133
1420.624023	16341.537109
1419.578125	16305.799805
1418.531250	16078.174805
1417.484375	15841.395508
1416.436523	15937.514648
1415.389648	15557.599609
1414.341797	15461.991211
1413.293945	15271.723633
1412.246094	15321.692383
1411.198242	15364.713867
1410.149414	15273.836914
1409.101563	15254.538086
1408.052734	15147.568359
1407.002930	15015.265625
1405.954102	14839.196289
1404.904297	14799.246094
1403.854492	14662.484375
1402.804688	14885.348633
1401.754883	14778.582031
1400.704102	14653.425781
1399.654297	14744.851563
1398.603516	14539.145508
1397.551758	14579.898438
1396.500977	14645.957031
1395.449219	14702.781250
1394.397461	14550.176758
1393.345703	14321.711914
1392.293945	14592.483398
1391.241211	14543.480469
1390.189453	14540.482422
1389.136719	14521.393555
1388.083008	14635.613281
1387.030273	14683.147461
1385.976563	14562.954102
1384.922852	14654.123047
1383.869141	15032.304688
1382.815430	15272.573242
1381.760742	15386.491211
1380.707031	15491.181641
1379.652344	15740.381836
1378.596680	15883.953125
1377.541992	16357.737305
1376.486328	16732.722656
1375.430664	16440.398438
1374.375000	16714.355469
1373.319336	16871.322266
1372.262695	16879.296875
1371.207031	16763.566406
1370.150391	16785.296875
1369.092773	16887.162109
1368.036133	16947.775391
1366.978516	16685.636719
1365.920898	16634.134766
1364.863281	16566.636719
1363.805664	16849.142578
1362.747070	16742.750000
1361.688477	16474.058594
1360.629883	16358.640625
1359.571289	16373.544922
1358.512695	16102.809570
1357.453125	16382.769531
1356.393555	16413.644531
1355.333984	16771.068359
1354.274414	16685.406250
1353.213867	16531.298828
1352.153320	16669.378906
1351.092773	16524.464844
1350.032227	16792.519531
1348.970703	16773.082031
1347.910156	16954.320313
1346.848633	17112.683594
1345.787109	17229.951172
1344.724609	17404.142578
1343.663086	17480.289063
1342.600586	17668.021484
1341.538086	17598.318359
1340.474609	17763.177734
1339.412109	18167.007813
1338.348633	18249.738281
1337.285156	18821.693359
1336.221680	18776.845703
1335.157227	18675.146484
1334.093750	18853.216797
1333.029297	19226.753906
1331.964844	18877.236328
1330.900391	19148.335938
1329.834961	18903.501953
1328.769531	18826.888672
1327.704102	18536.792969
1326.638672	18076.500000
1325.573242	17922.904297
1324.506836	17932.810547
1323.440430	17756.613281
1322.374023	17278.705078
1321.306641	16930.302734
1320.240234	17146.798828
1319.172852	16864.326172
1318.105469	16810.953125
1317.038086	17006.935547
1315.969727	16792.652344
1314.902344	16929.646484
1313.833984	16880.830078
1312.764648	17219.316406
1311.696289	17261.031250
1310.626953	17488.365234
1309.558594	17554.904297
1308.489258	17413.222656
1307.418945	17572.507813
1306.349609	17505.525391
1305.279297	17463.447266
1304.208984	17317.378906
1303.138672	17173.628906
1302.067383	16785.845703
1300.997070	17012.843750
1299.925781	16749.507813
1298.854492	16556.300781
1297.782227	16322.522461
1296.710938	16260.431641
1295.638672	16017.781250
1294.566406	15693.985352
1293.494141	15496.679688
1292.420898	15574.672852
1291.347656	15303.042969
1290.274414	14954.855469
1289.201172	15057.709961
1288.127930	15065.851563
1287.053711	14866.662109
1285.979492	14694.591797
1284.905273	15103.766602
1283.831055	14891.177734
1282.755859	14908.347656
1281.681641	14907.500000
1280.606445	15061.953125
1279.530273	15324.353516
1278.455078	15228.925781
1277.378906	15455.191406
1276.302734	15373.266602
1275.226563	15606.151367
1274.150391	15436.558594
1273.073242	15651.352539
1271.996094	15598.662109
1270.918945	15426.927734
1269.841797	15459.655273
1268.763672	15297.000977
1267.686523	15161.355469
1266.608398	15162.689453
1265.529297	15188.708008
1264.451172	14860.206055
1263.372070	14630.543945
1262.292969	14919.061523
1261.213867	14554.940430
1260.134766	14533.975586
1259.054688	14542.156250
1257.974609	14169.375000
1256.894531	14123.855469
1255.814453	14091.793945
1254.734375	14232.188477
1253.653320	14361.328125
1252.572266	13926.288086
1251.491211	14059.912109
1250.409180	13974.189453
1249.328125	14065.239258
1248.246094	13910.210938
1247.163086	13804.443359
1246.081055	13730.021484
1244.999023	13852.337891
1243.916016	13789.108398
1242.833008	14018.611328
1241.749023	13658.258789
1240.666016	13865.357422
1239.582031	13648.097656
1238.498047	13781.435547
1237.414063	13856.684570
1236.329102	13766.761719
1235.245117	13696.955078
1234.160156	13711.943359
1233.075195	13325.487305
1231.989258	13349.463867
1230.904297	13582.981445
1229.818359	13551.171875
1228.732422	13403.500977
1227.645508	13496.502930
1226.559570	13511.504883
1225.472656	13791.506836
1224.385742	13454.655273
1223.298828	13416.229492
1222.210938	13364.465820
1221.124023	13708.789063
1220.036133	13416.724609
1218.948242	13369.439453
1217.859375	13671.292969
1216.771484	13557.275391
1215.682617	13458.864258
1214.593750	13604.947266
1213.503906	13306.599609
1212.415039	13290.491211
1211.325195	13136.691406
1210.235352	13389.296875
1209.145508	13313.239258
1208.054688	13219.456055
1206.964844	13194.501953
1205.874023	13278.268555
1204.782227	13055.897461
1203.691406	13048.732422
1202.599609	12890.799805
1201.507813	12896.970703
1200.416016	12679.294922
1199.324219	12599.089844
1198.231445	12273.013672
1197.138672	12126.478516
1196.045898	11966.717773
1194.953125	12121.405273
1193.860352	12165.351563
1192.766602	12459.351563
1191.672852	12443.468750
1190.579102	12485.106445
1189.484375	12493.550781
1188.389648	12409.122070
1187.294922	12541.377930
1186.200195	12565.274414
1185.105469	12496.350586
1184.009766	12617.455078
1182.914063	12652.363281
1181.818359	12574.627930
1180.722656	12834.738281
1179.625977	12957.875977
1178.529297	12972.817383
1177.432617	12656.769531
1176.335938	12949.733398
1175.239258	12865.411133
1174.141602	12765.688477
1173.043945	12672.620117
1171.946289	12557.547852
1170.847656	12468.967773
1169.749023	12472.963867
1168.650391	12560.666016
1167.551758	12432.496094
1166.453125	12399.062500
1165.353516	12279.784180
1164.253906	12140.746094
1163.154297	12116.194336
1162.054688	12153.254883
1160.954102	12108.912109
1159.853516	12101.973633
1158.752930	12141.209961
1157.652344	12121.076172
1156.551758	12509.736328
1155.450195	12258.814453
1154.348633	12741.746094
1153.246094	12622.663086
1152.144531	12949.403320
1151.041992	13155.253906
1149.939453	13536.619141
1148.836914	13944.157227
1147.734375	14316.417969
1146.630859	14445.029297
1145.527344	14974.934570
1144.423828	15096.773438
1143.320313	15194.445313
1142.215820	15208.788086
1141.111328	15117.939453
1140.006836	15121.335938
1138.902344	15085.302734
1137.796875	14696.702148
1136.691406	14454.959961
1135.585938	14189.239258
1134.480469	13838.275391
1133.374023	13791.604492
1132.268555	13541.501953
1131.162109	13317.749023
1130.054688	13144.384766
1128.948242	13141.621094
1127.840820	12476.558594
1126.733398	12550.421875
1125.625977	12423.244141
1124.518555	12328.884766
1123.410156	12129.734375
1122.301758	11976.520508
1121.193359	11991.464844
1120.083984	11945.290039
1118.975586	11927.500977
1117.866211	11942.444336
1116.756836	11891.944336
1115.647461	12100.973633
1114.537109	12166.015625
1113.426758	12076.260742
1112.316406	12339.601563
1111.206055	12572.326172
1110.094727	12687.314453
1108.983398	12649.794922
1107.872070	12819.156250
1106.760742	12997.153320
1105.649414	13005.298828
1104.537109	13019.967773
1103.424805	13062.914063
1102.312500	12929.647461
1101.199219	12972.593750
1100.086914	12882.886719
1098.973633	12862.780273
1097.859375	12823.121094
1096.746094	12848.666016
1095.631836	12559.188477
1094.517578	12380.605469
1093.403320	12265.073242
1092.289063	11997.610352
1091.173828	11786.696289
1090.058594	11831.955078
1088.943359	11675.408203
1087.828125	11557.972656
1086.711914	11449.261719
1085.596680	11416.489258
1084.480469	11518.140625
1083.363281	11294.628906
1082.247070	11428.766602
1081.129883	11534.681641
1080.012695	11475.929688
1078.895508	11406.372070
1077.777344	11442.937500
1076.659180	11641.840820
1075.541016	11626.396484
1074.422852	11476.803711
1073.304688	11576.057617
1072.185547	11629.847656
1071.066406	11709.563477
1069.947266	11791.407227
1068.827148	11784.593750
1067.707031	11974.438477
1066.587891	12209.575195
1065.466797	12148.670898
1064.346680	12100.750977
1063.225586	12622.887695
1062.104492	12400.024414
1060.983398	12760.001953
1059.862305	12824.198242
1058.740234	12774.024414
1057.618164	12844.660156
1056.496094	12757.840820
1055.374023	12906.066406
1054.250977	12648.977539
1053.127930	12596.734375
1052.004883	12402.304688
1050.881836	12623.719727
1049.757813	12582.281250
1048.634766	12245.857422
1047.509766	12589.875000
1046.385742	12641.021484
1045.261719	12382.265625
1044.136719	12211.829102
1043.011719	12009.198242
1041.885742	12120.636719
1040.760742	12079.369141
1039.634766	11939.233398
1038.508789	11835.693359
1037.382813	11760.128906
1036.255859	11575.033203
1035.129883	11471.633789
1034.002930	11557.247070
1032.875000	11640.676758
1031.748047	11728.363281
1030.620117	11809.573242
1029.492188	11912.204102
1028.364258	11944.001953
1027.235352	11952.194336
1026.107422	12191.957031
1024.978516	12028.591797
1023.849609	12041.044922
1022.719727	12040.635742
1021.589844	11935.249023
1020.460938	12054.808594
1019.330078	12080.091797
1018.200195	12049.697266
1017.069336	12276.182617
1015.938477	11933.300781
1014.807617	12033.473633
1013.676758	12048.035156
1012.544922	12199.469727
1011.413086	12030.093750
1010.281250	12023.265625
1009.149414	12240.866211
1008.016602	12278.870117
1006.883789	12169.440430
1005.750977	12395.413086
1004.618164	12303.087891
1003.484375	12178.773438
1002.350586	12419.541016
1001.216797	12380.623047
1000.083008	12226.496094
998.948242	12174.833984
997.813477	11978.157227
996.678711	11935.097656
995.543945	12019.972656
994.408203	11787.217773
993.272461	11887.003906
992.136719	11745.989258
991.000977	11937.336914
989.864258	12015.728516
988.727539	12085.569336
987.590820	11738.137695
986.454102	11920.807617
985.316406	11573.556641
984.179688	11802.986328
983.041992	11913.207031
981.903320	11897.914063
980.765625	11861.367188
979.626953	11758.940430
978.488281	11843.572266
977.349609	12123.640625
976.209961	12210.280273
975.070313	11842.386719
973.930664	11982.132813
972.791016	12253.439453
971.650391	12335.730469
970.509766	12689.602539
969.369141	12839.653320
968.228516	12824.194336
967.087891	13224.388672
965.946289	12903.542969
964.804688	13002.543945
963.662109	13033.684570
962.520508	13168.634766
961.377930	12869.254883
960.235352	12951.231445
959.092773	12910.358398
957.949219	12611.222656
956.805664	12815.961914
955.662109	12436.558594
954.518555	12459.297852
953.375000	12462.988281
952.230469	12284.805664
951.085938	12273.730469
949.940430	12118.914063
948.795898	12285.406250
947.650391	12325.046875
946.504883	12322.419922
945.359375	12250.093750
944.212891	12338.282227
943.067383	12401.097656
941.919922	12470.217773
940.773438	12634.270508
939.626953	12758.166016
938.479492	12949.507813
937.332031	13703.852539
936.184570	13574.419922
935.036133	13938.321289
933.887695	14576.052734
932.739258	14977.512695
931.590820	15416.719727
930.441406	16093.743164
929.292969	16492.513672
928.142578	16861.636719
926.993164	17527.390625
925.843750	17449.992188
924.693359	17406.291016
923.542969	16794.650391
922.391602	16446.158203
921.241211	16324.897461
920.089844	15646.607422
918.938477	14724.803711
917.787109	14568.262695
916.634766	14002.124023
915.482422	13583.253906
914.330078	13114.163086
913.177734	12754.446289
912.024414	12571.202148
910.872070	12442.598633
909.717773	12337.129883
908.564453	12076.474609
907.411133	12157.783203
906.256836	12004.212891
905.102539	12154.680664
903.947266	11898.475586
902.792969	11960.890625
901.637695	11826.345703
900.482422	11865.708008
899.326172	11804.534180
898.170898	11969.501953
897.014648	11728.313477
895.858398	11807.421875
894.701172	11861.387695
893.544922	11808.643555
892.387695	11912.779297
891.230469	11732.496094
890.072266	11686.083008
888.915039	11794.355469
887.756836	11637.196289
886.598633	11686.934570
885.439453	11607.148438
884.281250	11915.818359
883.122070	11919.529297
881.962891	11929.500977
880.802734	11926.945313
879.643555	11801.286133
878.483398	11967.728516
877.322266	12179.981445
876.162109	12231.585938
875.000977	12381.148438
873.839844	12226.342773
872.678711	12646.739258
871.517578	12531.525391
870.355469	12541.335938
869.193359	12567.801758
868.031250	12531.793945
866.868164	12516.617188
865.706055	12237.140625
864.542969	12065.978516
863.378906	12227.730469
862.215820	12287.501953
861.051758	12313.976563
859.887695	12244.809570
858.723633	12063.433594
857.558594	12098.249023
856.394531	12182.910156
855.229492	12169.910156
854.063477	12206.754883
852.898438	12349.470703
851.732422	12290.773438
850.566406	12188.517578
849.400391	12098.753906
848.233398	11992.433594
847.066406	12261.552734
845.899414	12439.319336
844.732422	12359.942383
843.564453	12255.725586
842.396484	12329.765625
841.228516	12662.745117
840.060547	12336.895508
838.891602	12572.396484
837.722656	12306.748047
836.553711	12475.913086
835.384766	12313.875000
834.214844	12644.355469
833.044922	12416.152344
831.875000	12326.617188
830.705078	12594.845703
829.534180	12573.531250
828.363281	12519.154297
827.192383	12590.853516
826.020508	12447.657227
824.849609	12711.436523
823.677734	12665.333984
822.505859	12617.186523
821.333008	12680.527344
820.160156	12333.146484
818.987305	12239.706055
817.814453	12043.159180
816.640625	12071.503906
815.467773	12163.757813
814.293945	11996.213867
813.119141	12265.698242
811.945313	12390.818359
810.770508	12394.331055
809.595703	12422.558594
808.420898	12599.045898
807.245117	12686.922852
806.069336	12624.495117
804.893555	12286.319336
803.717773	12195.197266
802.541016	12400.338867
801.364258	12537.520508
800.187500	12452.569336
799.010742	12303.923828
797.833008	12710.286133
796.655273	12947.970703
795.477539	12934.906250
794.298828	13006.062500
793.121094	12822.542969
791.942383	13031.250977
790.762695	12683.587891
789.583984	12728.053711
788.404297	12754.034180
787.224609	12790.257813
786.044922	12766.989258
784.864258	12840.102539
783.683594	12876.283203
782.502930	12869.405273
781.322266	12743.678711
780.141602	13099.452148
778.959961	13094.576172
777.778320	13155.231445
776.595703	12818.667969
775.414063	12461.779297
774.231445	12843.831055
773.048828	12904.484375
771.865234	12973.293945
770.681641	12706.665039
769.499023	12744.814453
768.314453	12899.471680
767.130859	13086.762695
765.946289	13041.023438
764.761719	12923.799805
763.577148	12994.538086
762.391602	13065.244141
761.207031	13276.792969
760.021484	13349.447266
758.834961	13562.881836
757.649414	13682.368164
756.462891	13779.364258
755.276367	13957.894531
754.089844	13895.745117
752.902344	14063.978516
751.714844	14452.253906
750.527344	14298.339844
749.339844	14729.176758
748.151367	14866.528320
746.962891	15824.468750
745.774414	16576.367188
744.584961	16760.042969
743.396484	17324.187500
742.207031	17835.189453
741.016602	18447.673828
739.827148	18661.287109
738.636719	18836.173828
737.446289	19346.400391
736.255859	19695.847656
735.064453	19850.072266
733.873047	19821.396484
732.681641	20310.652344
731.490234	19788.443359
730.297852	19365.937500
729.105469	19045.101563
727.913086	18602.644531
726.720703	18300.371094
725.527344	17428.238281
724.333984	16546.343750
723.140625	16226.458984
721.947266	15955.363281
720.752930	15499.958008
719.558594	15433.784180
718.364258	14800.416992
717.168945	14394.163086
715.973633	14474.062500
714.778320	14345.406250
713.583008	14269.429688
712.386719	14268.357422
711.190430	14170.173828
709.994141	13829.306641
708.797852	13921.352539
707.600586	14377.289063
706.403320	14105.322266
705.206055	14518.579102
704.008789	14242.657227
702.810547	14055.738281
701.612305	13737.622070
700.414063	13710.409180
699.214844	13465.179688
698.015625	14061.700195
696.816406	14101.021484
695.617188	14444.960938
694.416992	14113.049805
693.217773	14337.857422
692.016602	14701.679688
690.816406	15200.394531
689.615234	15368.389648
688.414063	15991.660156
687.212891	16143.291992
686.011719	16276.732422
684.809570	16597.369141
683.607422	17258.076172
682.405273	17761.507813
681.202148	17972.951172
680.000000	17888.572266
678.795898	17434.146484
677.592773	17428.343750
676.389648	17020.453125
675.185547	16890.121094
673.981445	17290.371094
672.776367	17423.230469
671.571289	17793.056641
670.367188	18154.689453
669.161133	18608.523438
667.956055	18999.927734
666.750000	19836.705078
665.543945	21156.687500
664.337891	21970.560547
663.130859	23106.988281
661.923828	23956.173828
660.716797	24019.119141
659.509766	23889.619141
658.301758	23613.890625
657.093750	22472.787109
655.885742	21652.662109
654.677734	21381.601563
653.468750	20546.050781
652.259766	20245.322266
651.050781	19866.671875
649.840820	19192.060547
648.631836	18553.750000
647.420898	17909.714844
646.210938	17503.906250
645.000977	16958.333984
643.790039	16512.933594
642.579102	15897.875977
641.367188	15460.888672
640.155273	14992.133789
638.943359	14647.391602
637.731445	14726.052734
636.519531	14433.413086
635.306641	14388.356445
634.093750	14540.840820
632.880859	14657.352539
631.666992	14524.524414
630.453125	14521.354492
629.239258	14298.908203
628.025391	14686.415039
626.810547	14792.799805
625.595703	14805.506836
624.380859	14425.844727
623.165039	14406.764648
621.950195	14318.012695
620.734375	14318.867188
619.517578	14007.296875
618.301758	14203.188477
617.084961	13635.185547
615.868164	13654.082031
614.650391	13657.063477
613.433594	13385.728516
612.215820	13496.082031
610.998047	12905.005859
609.779297	12765.118164
608.560547	12843.755859
607.341797	13271.826172
606.123047	12913.578125
604.904297	12910.754883
603.684570	12997.225586
602.464844	12877.333984
601.244141	12866.583984
600.024414	12974.818359
598.803711	12801.478516
597.582031	12610.375000
596.361328	12639.323242
595.139648	12420.599609
593.917969	12604.080078
592.696289	12349.810547
591.473633	12160.990234
590.250977	12120.716797
589.028320	12175.458008
587.805664	12101.560547
586.582031	11988.129883
585.358398	12333.598633
584.134766	12651.232422
582.911133	12699.862305
581.686523	13044.946289
580.461914	13247.600586
579.237305	13639.826172
578.011719	13619.061523
576.786133	13704.942383
575.560547	13869.758789
574.334961	13933.832031
573.108398	13911.043945
571.881836	13866.560547
570.655273	14070.645508
569.427734	14032.062500
568.200195	13888.992188
566.972656	13730.212891
565.745117	13628.658203
564.516602	13416.801758
563.288086	13309.448242
562.059570	13326.224609
560.831055	13439.481445
559.601563	13523.157227
558.372070	13352.885742
557.142578	13592.001953
555.912109	13608.694336
554.681641	13424.744141
553.451172	13421.797852
552.220703	13418.851563
550.989258	13533.848633
549.757813	13122.101563
548.526367	13158.517578
547.294922	13035.798828
546.062500	12704.953125
544.830078	12741.433594
543.596680	12756.303711
542.364258	12918.366211
541.130859	13041.113281
539.897461	13287.398438
538.663086	13129.530273
537.429688	13083.503906
536.195313	13125.720703
534.959961	13136.556641
533.725586	12990.614258
532.490234	13220.908203
531.254883	13253.259766
530.019531	13121.093750
528.783203	13227.853516
527.546875	13506.826172
526.310547	13955.941406
525.073242	14727.706055
523.836914	16271.836914
522.598633	18227.958984
521.361328	19596.611328
520.124023	19572.750000
518.885742	17656.943359
517.646484	16330.154297
516.408203	14908.218750
515.168945	14418.587891
513.929688	14163.505859
512.690430	13904.630859
511.450195	13878.146484
510.210938	13974.617188
508.970703	14151.038086
507.729492	14173.279297
506.488281	14148.706055
505.247070	14030.553711
504.005859	13678.531250
502.764648	13595.612305
501.522461	13138.621094
