1802.271484	5124.263672
1801.302734	5246.626465
1800.333984	5080.795898
1799.364258	5219.568848
1798.394531	5178.594727
1797.424805	5082.742188
1796.454102	4797.329590
1795.484375	4721.544434
1794.513672	4713.119629
1793.542969	4774.508301
1792.572266	4950.537109
1791.601563	5081.635254
1790.629883	4941.083008
1789.658203	5119.463379
1788.687500	4996.394043
1787.714844	4845.981445
1786.743164	4927.173828
1785.771484	5028.247070
1784.798828	5271.137207
1783.826172	5426.841797
1782.853516	5338.685547
1781.880859	5519.186523
1780.907227	5463.374023
1779.933594	5686.042969
1778.959961	5816.649902
1777.986328	5872.646973
1777.012695	5873.956543
1776.038086	5564.733398
1775.064453	5429.496582
1774.089844	5321.629883
1773.115234	5365.254395
1772.139648	5428.719238
1771.165039	5794.934570
1770.189453	5826.030762
1769.213867	6058.057617
1768.238281	6265.187988
1767.262695	6504.472168
1766.286133	6550.275879
1765.310547	6722.479492
1764.333984	6899.570313
1763.357422	6915.532715
1762.379883	6864.601074
1761.403320	6759.200195
1760.425781	6884.137695
1759.448242	6912.467773
1758.470703	7178.416992
1757.493164	7204.201172
1756.514648	7692.673340
1755.536133	7713.395996
1754.558594	7617.863281
1753.579102	7376.471191
1752.600586	7063.477539
1751.622070	7059.589355
1750.642578	7157.027832
1749.663086	7224.776367
1748.683594	7250.501465
1747.703125	7424.407715
1746.723633	7084.615234
1745.743164	6885.684082
1744.762695	6741.137207
1743.782227	6685.491211
1742.801758	6615.062988
1741.820313	6722.278809
1740.839844	6666.669434
1739.858398	6677.661133
1738.875977	6461.830566
1737.894531	6443.279297
1736.913086	6387.768555
1735.930664	6255.898438
1734.948242	6412.301758
1733.965820	6511.994629
1732.982422	6872.665527
1732.000000	6684.177734
1731.016602	6606.530762
1730.033203	6504.304688
1729.049805	6215.124512
1728.066406	6061.357910
1727.082031	6207.708984
1726.097656	6258.100098
1725.113281	6569.070313
1724.128906	6700.481934
1723.144531	6969.460449
1722.159180	6781.327637
1721.173828	6539.226563
1720.188477	6459.319824
1719.203125	6261.580078
1718.217773	6405.167969
1717.231445	6352.334961
1716.245117	6446.765625
1715.258789	6533.796875
1714.272461	6642.870605
1713.286133	6808.309082
1712.298828	7022.721680
1711.311523	7251.757324
1710.324219	7355.695313
1709.336914	7386.073242
1708.349609	7200.830078
1707.361328	7231.226074
1706.373047	7317.939453
1705.384766	7233.213867
1704.396484	7422.711914
1703.408203	7834.867676
1702.418945	8085.346191
1701.429688	8198.710938
1700.440430	8414.768555
1699.451172	8557.368164
1698.460938	8910.195313
1697.471680	8935.292969
1696.481445	9185.244141
1695.491211	9151.626953
1694.500000	9247.511719
1693.509766	9443.508789
1692.518555	9382.993164
1691.527344	9676.551758
1690.536133	9872.342773
1689.544922	10212.056641
1688.552734	10009.899414
1687.561523	10290.893555
1686.569336	10476.643555
1685.577148	10564.766602
1684.583984	10469.983398
1683.591797	10260.660156
1682.598633	10480.386719
1681.605469	10353.997070
1680.612305	10122.895508
1679.619141	10544.688477
1678.625000	10605.880859
1677.630859	10837.487305
1676.636719	10772.007813
1675.642578	10893.962891
1674.648438	10665.461914
1673.653320	10656.011719
1672.659180	10751.158203
1671.664063	10809.786133
1670.667969	10805.173828
1669.672852	10596.366211
1668.676758	10411.945313
1667.681641	10414.704102
1666.685547	10410.172852
1665.688477	10544.093750
1664.692383	10687.672852
1663.695313	10634.528320
1662.698242	10678.502930
1661.701172	10605.963867
1660.704102	10402.422852
1659.707031	10591.977539
1658.708984	10538.902344
1657.710938	10614.375000
1656.712891	10859.535156
1655.714844	10813.708008
1654.715820	11126.587891
1653.717773	11262.455078
1652.718750	11037.301758
1651.718750	10773.485352
1650.719727	10715.611328
1649.720703	10803.027344
1648.720703	11069.533203
1647.720703	11178.622070
1646.720703	11033.603516
1645.719727	11174.103516
1644.719727	10992.863281
1643.718750	10985.803711
1642.717773	10884.457031
1641.716797	11213.413086
1640.715820	10947.723633
1639.713867	10667.643555
1638.711914	10718.631836
1637.709961	10791.336914
1636.708008	10979.919922
1635.706055	10876.298828
1634.703125	10519.272461
1633.700195	10748.820313
1632.697266	10572.922852
1631.694336	10520.125000
1630.690430	10460.112305
1629.687500	10414.590820
1628.683594	10619.816406
1627.679688	10832.188477
1626.674805	10952.899414
1625.670898	10950.682617
1624.666016	10897.877930
1623.661133	11013.683594
1622.656250	10753.804688
1621.651367	10585.513672
1620.645508	10376.372070
1619.639648	9969.984375
1618.633789	10218.186523
1617.627930	9965.945313
1616.622070	10252.526367
1615.615234	10017.210938
1614.608398	10019.989258
1613.601563	10157.364258
1612.594727	10549.406250
1611.587891	10765.901367
1610.580078	10826.173828
1609.572266	11080.949219
1608.564453	10939.438477
1607.556641	10901.211914
1606.547852	10834.197266
1605.540039	10515.247070
1604.531250	10865.791992
1603.522461	11132.239258
1602.512695	11206.723633
1601.503906	11257.199219
1600.494141	11310.051758
1599.484375	11159.160156
1598.474609	11063.442383
1597.464844	11233.692383
1596.454102	11147.578125
1595.443359	11437.479492
1594.432617	11497.410156
1593.421875	11576.465820
1592.411133	11803.875000
1591.399414	12174.761719
1590.387695	12119.659180
1589.375977	12138.724609
1588.364258	11918.644531
1587.352539	11758.424805
1586.339844	11973.564453
1585.327148	11889.875000
1584.314453	11966.312500
1583.301758	12021.216797
1582.288086	12513.187500
1581.274414	12290.951172
1580.260742	12543.916016
1579.247070	12603.429688
1578.233398	12586.548828
1577.218750	12600.693359
1576.205078	12808.061523
1575.190430	12688.589844
1574.174805	12411.783203
1573.160156	12232.836914
1572.144531	12454.410156
1571.128906	12694.957031
1570.113281	12551.799805
1569.097656	12758.877930
1568.082031	12987.306641
1567.065430	12908.466797
1566.048828	13341.511719
1565.032227	13176.942383
1564.015625	13076.692383
1562.998047	12897.966797
1561.980469	13211.719727
1560.962891	13201.896484
1559.945313	13320.478516
1558.927734	13087.166992
1557.909180	13172.446289
1556.890625	13112.733398
1555.872070	13019.781250
1554.853516	13031.382813
1553.834961	13161.724609
1552.815430	13256.395508
1551.795898	13210.965820
1550.776367	13243.877930
1549.756836	12885.234375
1548.736328	12635.872070
1547.716797	12711.574219
1546.696289	12682.898438
1545.675781	12625.780273
1544.654297	12469.122070
1543.633789	12478.431641
1542.612305	12312.387695
1541.590820	12359.629883
1540.569336	12437.644531
1539.546875	12525.098633
1538.525391	12648.032227
1537.502930	12562.602539
1536.480469	12825.111328
1535.457031	12744.411133
1534.434570	12524.166016
1533.411133	12613.857422
1532.387695	12457.575195
1531.364258	12781.305664
1530.340820	12265.753906
1529.316406	12471.224609
1528.291992	12298.556641
1527.267578	12336.207031
1526.243164	12125.845703
1525.218750	12189.490234
1524.193359	12172.837891
1523.167969	12319.060547
1522.142578	12304.747070
1521.117188	12052.132813
1520.091797	12153.467773
1519.065430	12235.892578
1518.039063	11931.568359
1517.012695	12080.014648
1515.985352	11912.554688
1514.958984	11870.060547
1513.931641	12105.601563
1512.904297	12197.353516
1511.876953	12211.348633
1510.849609	12168.825195
1509.821289	12166.339844
1508.792969	12227.403320
1507.764648	12417.868164
1506.736328	12093.007813
1505.707031	12224.614258
1504.677734	12492.569336
1503.649414	12471.206055
1502.619141	12463.955078
1501.589844	12484.911133
1500.559570	12416.563477
1499.530273	12726.489258
1498.500000	12667.514648
1497.468750	12650.833984
1496.438477	12852.516602
1495.407227	12845.193359
1494.375977	12664.197266
1493.344727	12741.386719
1492.313477	12539.371094
1491.282227	12328.054688
1490.250000	12304.426758
1489.217773	12290.186523
1488.185547	12543.176758
1487.152344	12346.090820
1486.120117	12463.063477
1485.086914	12273.101563
1484.053711	12361.933594
1483.020508	12094.792969
1481.986328	12249.177734
1480.953125	12078.137695
1479.918945	12234.801758
1478.884766	12124.666992
1477.849609	12145.577148
1476.815430	12159.461914
1475.780273	12608.268555
1474.745117	12549.578125
1473.709961	13086.940430
1472.673828	12983.772461
1471.638672	13023.167969
1470.602539	13228.398438
1469.566406	13496.600586
1468.529297	13727.332031
1467.493164	13859.919922
1466.456055	14022.794922
1465.418945	14330.281250
1464.381836	14425.333008
1463.344727	14629.975586
1462.306641	14729.588867
1461.268555	15094.965820
1460.230469	15534.789063
1459.192383	15240.269531
1458.154297	15488.804688
1457.115234	15634.730469
1456.076172	15913.361328
1455.037109	15910.096680
1453.998047	15951.070313
1452.958008	16264.378906
1451.917969	16233.114258
1450.877930	16215.822266
1449.837891	16382.319336
1448.797852	16644.109375
1447.756836	16938.345703
1446.715820	16992.994141
1445.674805	17252.169922
1444.633789	16897.705078
1443.591797	17252.056641
1442.549805	17099.839844
1441.507813	16687.558594
1440.465820	16691.097656
1439.423828	16764.283203
1438.380859	16447.488281
1437.337891	16383.772461
1436.294922	16531.218750
1435.251953	16314.410156
1434.208984	16494.275391
1433.165039	16664.792969
1432.121094	16772.644531
1431.077148	16984.751953
1430.032227	17189.818359
1428.988281	17051.910156
1427.943359	17451.451172
1426.898438	17528.919922
1425.853516	17504.476563
1424.807617	17361.982422
1423.761719	17573.656250
1422.716797	17320.132813
1421.669922	17344.332031
1420.624023	17063.201172
1419.578125	16759.060547
1418.531250	16549.837891
1417.484375	16539.498047
1416.436523	16365.072266
1415.389648	16028.971680
1414.341797	15933.266602
1413.293945	16070.878906
1412.246094	15820.484375
1411.198242	15584.044922
1410.149414	15643.160156
1409.101563	15716.097656
1408.052734	15604.417969
1407.002930	15287.473633
1405.954102	15312.002930
1404.904297	15117.459961
1403.854492	15254.977539
1402.804688	15058.219727
1401.754883	15082.772461
1400.704102	14973.681641
1399.654297	14809.349609
1398.603516	14806.298828
1397.551758	14936.797852
1396.500977	14975.157227
1395.449219	14873.101563
1394.397461	14893.047852
1393.345703	14862.370117
1392.293945	14962.816406
1391.241211	15093.116211
1390.189453	15023.326172
1389.136719	15162.752930
1388.083008	15086.081055
1387.030273	15023.226563
1385.976563	14967.289063
1384.922852	15285.765625
1383.869141	15411.211914
1382.815430	15626.147461
1381.760742	15820.333984
1380.707031	16333.442383
1379.652344	16339.250977
1378.596680	16661.632813
1377.541992	16683.423828
1376.486328	17026.238281
1375.430664	17270.328125
1374.375000	17397.416016
1373.319336	17274.658203
1372.262695	17186.316406
1371.207031	17565.320313
1370.150391	17383.054688
1369.092773	17393.203125
1368.036133	17243.095703
1366.978516	17397.464844
1365.920898	17451.080078
1364.863281	17184.369141
1363.805664	17071.021484
1362.747070	17108.660156
1361.688477	17169.146484
1360.629883	17010.152344
1359.571289	16967.783203
1358.512695	16911.720703
1357.453125	17052.154297
1356.393555	17016.652344
1355.333984	17186.691406
1354.274414	16986.785156
1353.213867	17133.931641
1352.153320	17157.775391
1351.092773	17373.277344
1350.032227	17527.091797
1348.970703	17669.439453
1347.910156	17592.814453
1346.848633	18172.822266
1345.787109	17988.990234
1344.724609	18242.787109
1343.663086	18141.039063
1342.600586	18242.074219
1341.538086	18470.605469
1340.474609	18867.541016
1339.412109	18890.955078
1338.348633	19057.751953
1337.285156	19493.003906
1336.221680	19384.310547
1335.157227	19812.488281
1334.093750	19847.046875
1333.029297	19606.468750
1331.964844	19754.718750
1330.900391	19936.996094
1329.834961	19864.697266
1328.769531	19512.988281
1327.704102	19152.339844
1326.638672	19098.412109
1325.573242	18667.611328
1324.506836	18502.574219
1323.440430	17999.449219
1322.374023	17850.501953
1321.306641	17703.882813
1320.240234	17566.396484
1319.172852	17086.552734
1318.105469	17237.177734
1317.038086	17498.806641
1315.969727	17336.544922
1314.902344	17484.753906
1313.833984	17345.212891
1312.764648	17599.802734
1311.696289	17591.625000
1310.626953	17737.390625
1309.558594	17652.228516
1308.489258	17578.416016
1307.418945	17762.554688
1306.349609	17842.562500
1305.279297	17642.107422
1304.208984	17803.503906
1303.138672	17440.376953
1302.067383	17251.427734
1300.997070	17195.875000
1299.925781	17038.681641
1298.854492	16642.130859
1297.782227	16575.445313
1296.710938	16427.505859
1295.638672	16013.267578
1294.566406	15757.176758
1293.494141	15704.264648
1292.420898	15633.326172
1291.347656	15449.645508
1290.274414	15060.838867
1289.201172	15107.308594
1288.127930	14860.735352
1287.053711	15148.355469
1285.979492	15039.313477
1284.905273	15036.187500
1283.831055	14938.472656
1282.755859	15284.377930
1281.681641	15233.924805
1280.606445	15579.623047
1279.530273	15706.899414
1278.455078	15726.131836
1277.378906	16044.517578
1276.302734	16162.620117
1275.226563	16246.946289
1274.150391	16243.566406
1273.073242	16469.429688
1271.996094	16398.593750
1270.918945	16395.181641
1269.841797	16317.651367
1268.763672	15990.889648
1267.686523	15953.885742
1266.608398	16042.596680
1265.529297	15830.547852
1264.451172	15593.905273
1263.372070	15238.467773
1262.292969	15185.954102
1261.213867	14922.682617
1260.134766	14695.389648
1259.054688	14510.776367
1257.974609	14599.632813
1256.894531	14137.297852
1255.814453	14192.593750
1254.734375	14124.691406
1253.653320	14168.769531
1252.572266	14002.400391
1251.491211	14106.913086
1250.409180	13857.831055
1249.328125	14000.360352
1248.246094	13861.002930
1247.163086	14238.278320
1246.081055	13770.265625
1244.999023	13923.868164
1243.916016	13617.024414
1242.833008	13889.015625
1241.749023	13935.266602
1240.666016	13711.248047
1239.582031	13643.631836
1238.498047	13756.877930
1237.414063	13530.801758
1236.329102	13675.265625
1235.245117	13467.148438
1234.160156	13366.189453
1233.075195	13452.608398
1231.989258	13251.354492
1230.904297	13351.136719
1229.818359	13216.850586
1228.732422	13272.029297
1227.645508	13298.221680
1226.559570	13195.211914
1225.472656	13188.002930
1224.385742	13318.838867
1223.298828	13429.584961
1222.210938	13001.700195
1221.124023	13301.597656
1220.036133	13002.944336
1218.948242	12993.555664
1217.859375	12948.591797
1216.771484	13223.791016
1215.682617	13025.424805
1214.593750	13064.926758
1213.503906	13035.535156
1212.415039	13008.375977
1211.325195	12836.868164
1210.235352	12951.869141
1209.145508	12918.082031
1208.054688	12784.430664
1206.964844	12715.186523
1205.874023	12619.346680
1204.782227	12694.342773
1203.691406	12485.446289
1202.599609	12227.857422
1201.507813	12116.679688
1200.416016	12320.258789
1199.324219	11925.483398
1198.231445	11858.744141
1197.138672	11380.063477
1196.045898	11583.624023
1194.953125	11570.129883
1193.860352	11689.451172
1192.766602	11702.496094
1191.672852	11684.558594
1190.579102	11642.294922
1189.484375	11887.561523
1188.389648	11847.483398
1187.294922	11765.416992
1186.200195	12067.968750
1185.105469	12100.797852
1184.009766	11912.680664
1182.914063	12329.870117
1181.818359	12099.822266
1180.722656	12114.951172
1179.625977	12240.447266
1178.529297	12092.219727
1177.432617	12171.328125
1176.335938	12060.679688
1175.239258	12223.574219
1174.141602	12022.547852
1173.043945	11956.091797
1171.946289	12008.692383
1170.847656	11880.559570
1169.749023	12171.109375
1168.650391	11963.692383
1167.551758	11881.898438
1166.453125	11725.271484
1165.353516	11835.087891
1164.253906	11590.495117
1163.154297	11614.470703
1162.054688	11524.031250
1160.954102	11631.594727
1159.853516	11604.963867
1158.752930	11677.284180
1157.652344	11644.058594
1156.551758	11878.975586
1155.450195	11918.231445
1154.348633	12168.368164
1153.246094	12400.828125
1152.144531	12633.189453
1151.041992	12929.121094
1149.939453	13378.578125
1148.836914	13577.667969
1147.734375	14312.029297
1146.630859	14539.354492
1145.527344	15167.932617
1144.423828	15552.856445
1143.320313	15624.125000
1142.215820	15666.870117
1141.111328	15380.898438
1140.006836	15263.742188
1138.902344	15144.443359
1137.796875	14898.176758
1136.691406	14509.697266
1135.585938	13887.154297
1134.480469	13711.338867
1133.374023	13820.049805
1132.268555	13305.236328
1131.162109	13182.144531
1130.054688	12851.364258
1128.948242	12640.966797
1127.840820	12358.525391
1126.733398	12143.948242
1125.625977	12067.107422
1124.518555	11863.602539
1123.410156	11843.634766
1122.301758	11563.837891
1121.193359	11500.280273
1120.083984	11766.318359
1118.975586	11630.732422
1117.866211	11364.302734
1116.756836	11396.810547
1115.647461	11355.157227
1114.537109	11751.759766
1113.426758	11736.207031
1112.316406	11820.911133
1111.206055	11899.041992
1110.094727	12203.698242
1108.983398	12264.290039
1107.872070	12370.583008
1106.760742	12387.571289
1105.649414	12667.922852
1104.537109	12558.622070
1103.424805	12534.218750
1102.312500	12836.112305
1101.199219	12694.220703
1100.086914	12626.315430
1098.973633	12475.832031
1097.859375	12623.166992
1096.746094	12498.821289
1095.631836	12409.286133
1094.517578	12141.681641
1093.403320	12017.513672
1092.289063	11919.450195
1091.173828	11617.384766
1090.058594	11473.872070
1088.943359	11471.451172
1087.828125	11228.241211
1086.711914	11334.313477
1085.596680	11002.330078
1084.480469	10950.146484
1083.363281	11151.577148
1082.247070	11134.054688
1081.129883	11142.537109
1080.012695	10938.739258
1078.895508	11042.546875
1077.777344	11083.518555
1076.659180	11016.237305
1075.541016	10620.016602
1074.422852	11204.164063
1073.304688	10955.177734
1072.185547	11006.935547
1071.066406	11101.920898
1069.947266	11175.245117
1068.827148	11250.699219
1067.707031	11347.730469
1066.587891	11559.233398
1065.466797	11725.282227
1064.346680	11951.732422
1063.225586	11728.963867
1062.104492	11866.805664
1060.983398	12034.805664
1059.862305	12114.260742
1058.740234	12385.690430
1057.618164	12357.188477
1056.496094	12330.854492
1055.374023	12528.758789
1054.250977	12478.686523
1053.127930	12297.171875
1052.004883	12423.851563
1050.881836	12300.586914
1049.757813	12183.835938
1048.634766	12052.059570
1047.509766	12243.266602
1046.385742	12201.932617
1045.261719	12154.159180
1044.136719	11815.956055
1043.011719	11839.267578
1041.885742	11866.869141
1040.760742	11791.252930
1039.634766	11750.063477
1038.508789	11504.714844
1037.382813	11575.336914
1036.255859	11398.873047
1035.129883	11282.623047
1034.002930	11273.791992
1032.875000	11393.779297
1031.748047	11423.562500
1030.620117	11403.974609
1029.492188	11774.887695
1028.364258	11909.680664
1027.235352	11681.966797
1026.107422	11844.595703
1024.978516	11533.384766
1023.849609	11805.282227
1022.719727	11905.636719
1021.589844	11832.414063
1020.460938	11778.499023
1019.330078	12015.847656
1018.200195	11786.350586
1017.069336	11914.425781
1015.938477	11999.644531
1014.807617	11751.038086
1013.676758	11938.934570
1012.544922	11840.158203
1011.413086	11974.498047
1010.281250	12044.644531
1009.149414	11796.288086
1008.016602	11907.042969
1006.883789	12071.162109
1005.750977	12034.422852
1004.618164	12192.037109
1003.484375	12247.097656
1002.350586	12056.646484
1001.216797	12139.455078
1000.083008	11929.902344
998.948242	11803.636719
997.813477	11786.200195
996.678711	11598.176758
995.543945	11655.408203
994.408203	11495.201172
993.272461	11356.372070
992.136719	11143.030273
991.000977	11206.697266
989.864258	11336.356445
988.727539	11429.763672
987.590820	11314.508789
986.454102	11424.905273
985.316406	11239.478516
984.179688	11222.197266
983.041992	11196.415039
981.903320	11434.332031
980.765625	11400.009766
979.626953	11329.565430
978.488281	11639.555664
977.349609	11685.948242
976.209961	11515.645508
975.070313	11500.453125
973.930664	11712.465820
972.791016	11775.784180
971.650391	12191.403320
970.509766	12294.909180
969.369141	12703.874023
968.228516	12531.482422
967.087891	12783.292969
965.946289	12695.763672
964.804688	12555.277344
963.662109	12931.958008
962.520508	12727.914063
961.377930	12504.890625
960.235352	12303.140625
959.092773	12560.972656
957.949219	12437.625000
956.805664	12396.876953
955.662109	12286.313477
954.518555	12313.315430
953.375000	12204.929688
952.230469	12096.588867
951.085938	11728.230469
949.940430	11871.589844
948.795898	11962.049805
947.650391	11834.833984
946.504883	12104.828125
945.359375	12098.023438
944.212891	12144.011719
943.067383	12388.430664
941.919922	12341.462891
940.773438	12381.037109
939.626953	12669.552734
938.479492	12797.631836
937.332031	13054.300781
936.184570	13563.877930
935.036133	13773.894531
933.887695	14215.656250
932.739258	14870.048828
931.590820	15760.109375
930.441406	16325.428711
929.292969	17029.488281
928.142578	17718.507813
926.993164	17792.605469
925.843750	18102.369141
924.693359	18010.134766
923.542969	17844.316406
922.391602	17400.960938
921.241211	16909.431641
920.089844	16188.972656
918.938477	15330.105469
917.787109	14797.303711
916.634766	13989.519531
915.482422	13623.162109
914.330078	13179.261719
913.177734	12767.042969
912.024414	12338.208008
910.872070	12041.766602
909.717773	12009.818359
908.564453	11818.457031
907.411133	11813.833008
906.256836	11618.401367
905.102539	11441.918945
903.947266	11686.789063
902.792969	11453.789063
901.637695	11470.194336
900.482422	11423.754883
899.326172	11400.369141
898.170898	11029.444336
897.014648	11334.788086
895.858398	11336.547852
894.701172	11179.290039
893.544922	11354.707031
892.387695	11507.041992
891.230469	11111.474609
890.072266	11056.832031
888.915039	11158.968750
887.756836	11108.518555
886.598633	11070.623047
885.439453	11272.949219
884.281250	11243.386719
883.122070	11378.776367
881.962891	11182.210938
880.802734	11503.292969
879.643555	11473.704102
878.483398	11640.216797
877.322266	11402.047852
876.162109	11639.398438
875.000977	11680.682617
873.839844	11840.752930
872.678711	11896.561523
871.517578	11973.179688
870.355469	12110.168945
869.193359	12015.943359
868.031250	11863.459961
866.868164	11933.771484
865.706055	11781.369141
864.542969	11901.603516
863.378906	11790.876953
862.215820	11486.776367
861.051758	11569.565430
859.887695	11770.816406
858.723633	11541.737305
857.558594	11628.616211
856.394531	11545.094727
855.229492	11777.332031
854.063477	11747.807617
852.898438	11774.352539
851.732422	11607.836914
850.566406	11796.276367
849.400391	11667.174805
848.233398	11706.158203
847.066406	11786.604492
845.899414	11748.822266
844.732422	11939.098633
843.564453	11791.446289
842.396484	11869.730469
841.228516	11945.908203
840.060547	12017.909180
838.891602	11988.405273
837.722656	12035.519531
836.553711	12063.982422
835.384766	11895.824219
834.214844	12015.344727
833.044922	11930.014648
831.875000	12177.705078
830.705078	11968.308594
829.534180	11965.734375
828.363281	12207.054688
827.192383	12280.886719
826.020508	12410.469727
824.849609	12246.686523
823.677734	12427.846680
822.505859	12288.904297
821.333008	12195.434570
820.160156	12044.217773
818.987305	11880.685547
817.814453	11973.021484
816.640625	11885.883789
815.467773	11798.783203
814.293945	11771.503906
813.119141	12014.242188
811.945313	11710.796875
810.770508	11978.165039
809.595703	11862.296875
808.420898	12123.337891
807.245117	11947.779297
806.069336	12105.764648
804.893555	12059.938477
803.717773	11728.128906
802.541016	11768.801758
801.364258	11772.435547
800.187500	11954.959961
799.010742	12135.348633
797.833008	12325.935547
796.655273	12795.907227
795.477539	12717.132813
794.298828	12630.176758
793.121094	12641.828125
791.942383	12598.039063
790.762695	12435.211914
789.583984	12381.223633
788.404297	12427.795898
787.224609	12402.550781
786.044922	12381.416016
784.864258	12356.189453
783.683594	12199.770508
782.502930	12287.320313
781.322266	12264.176758
780.141602	12425.426758
778.959961	12537.447266
777.778320	12491.736328
776.595703	12511.560547
775.414063	12336.916016
774.231445	12362.903320
773.048828	12433.891602
771.865234	12333.016602
770.681641	12129.925781
769.499023	12395.166016
768.314453	12688.910156
767.130859	12819.018555
765.946289	12832.596680
764.761719	12784.877930
763.577148	12849.518555
762.391602	12746.679688
761.207031	13074.669922
760.021484	13047.349609
758.834961	13177.178711
757.649414	13415.086914
756.462891	13365.269531
755.276367	13564.283203
754.089844	13655.143555
752.902344	13978.359375
751.714844	14295.319336
750.527344	14463.391602
749.339844	14474.523438
748.151367	15110.943359
746.962891	15688.033203
745.774414	16543.792969
744.584961	16990.050781
743.396484	17391.343750
742.207031	18252.279297
741.016602	18732.455078
739.827148	19194.119141
738.636719	19852.806641
737.446289	19874.935547
736.255859	20145.003906
735.064453	20927.003906
733.873047	21269.859375
732.681641	21506.949219
731.490234	21406.851563
730.297852	21069.263672
729.105469	20750.087891
727.913086	19852.697266
726.720703	19381.755859
725.527344	18434.337891
724.333984	17894.953125
723.140625	17369.996094
721.947266	16995.269531
720.752930	16642.998047
719.558594	15843.082031
718.364258	15270.400391
717.168945	15147.592773
715.973633	14826.397461
714.778320	14713.860352
713.583008	14451.592773
712.386719	14656.887695
711.190430	14334.049805
709.994141	14082.145508
708.797852	14107.402344
707.600586	14047.729492
706.403320	14143.729492
705.206055	14415.509766
704.008789	14208.308594
702.810547	14120.380859
701.612305	13731.563477
700.414063	13775.023438
699.214844	13547.949219
698.015625	13918.398438
696.816406	14189.808594
695.617188	14584.165039
694.416992	14284.496094
693.217773	14757.305664
692.016602	15010.148438
690.816406	15641.833008
689.615234	15876.235352
688.414063	16390.595703
687.212891	16864.443359
686.011719	17058.144531
684.809570	17694.732422
683.607422	18258.572266
682.405273	18824.179688
681.202148	18930.757813
680.000000	19093.617188
678.795898	18874.253906
677.592773	18325.199219
676.389648	18104.083984
675.185547	17758.445313
673.981445	17923.386719
672.776367	18160.583984
671.571289	18622.650391
670.367188	19144.761719
669.161133	19572.279297
667.956055	20463.314453
666.750000	21241.572266
665.543945	22093.728516
664.337891	23589.464844
663.130859	24577.123047
661.923828	25638.539063
660.716797	25839.447266
659.509766	25525.154297
658.301758	25074.730469
657.093750	24478.248047
655.885742	23411.314453
654.677734	22905.568359
653.468750	21567.146484
652.259766	21396.306641
651.050781	20635.162109
649.840820	20102.443359
648.631836	19405.921875
647.420898	18773.701172
646.210938	18239.732422
645.000977	17448.113281
643.790039	16816.730469
642.579102	16211.597656
641.367188	15794.519531
640.155273	15253.787109
638.943359	14899.002930
637.731445	15079.429688
636.519531	14784.717773
635.306641	14496.120117
634.093750	14676.513672
632.880859	14739.137695
631.666992	15138.770508
630.453125	14985.926758
629.239258	14865.042969
628.025391	15116.902344
626.810547	14958.182617
625.595703	14737.774414
624.380859	14656.880859
623.165039	14396.808594
621.950195	14604.691406
620.734375	14247.212891
619.517578	13995.356445
618.301758	13890.833984
617.084961	13893.766602
615.868164	13500.956055
614.650391	13484.088867
613.433594	13361.875000
612.215820	12941.612305
610.998047	12787.778320
609.779297	12681.686523
608.560547	12674.942383
607.341797	12791.308594
606.123047	12826.230469
604.904297	12718.234375
603.684570	12772.998047
602.464844	12536.107422
601.244141	12638.488281
600.024414	12522.692383
598.803711	12506.075195
597.582031	12265.482422
596.361328	12155.787109
595.139648	11921.318359
593.917969	11980.116211
592.696289	11862.630859
591.473633	11937.252930
590.250977	11679.280273
589.028320	11579.747070
587.805664	11622.721680
586.582031	11786.349609
585.358398	12246.575195
584.134766	12404.060547
582.911133	12446.813477
581.686523	12770.210938
580.461914	12921.547852
579.237305	13232.844727
578.011719	13253.647461
576.786133	13432.423828
575.560547	13599.273438
574.334961	13809.475586
573.108398	13575.552734
571.881836	13631.768555
570.655273	13699.794922
569.427734	13746.095703
568.200195	13861.387695
566.972656	13566.593750
565.745117	13232.509766
564.516602	13223.697266
563.288086	12992.274414
562.059570	13141.083008
560.831055	13118.509766
559.601563	13141.224609
558.372070	13142.278320
557.142578	13208.269531
555.912109	13278.166016
554.681641	13131.662109
553.451172	13018.652344
552.220703	13084.609375
550.989258	12883.201172
549.757813	12821.415039
548.526367	12631.940430
547.294922	12367.901367
546.062500	12365.185547
544.830078	12307.490234
543.596680	12153.627930
542.364258	12296.196289
541.130859	12544.664063
539.897461	12616.457031
538.663086	12733.330078
537.429688	12552.084961
536.195313	12329.747070
534.959961	12348.598633
533.725586	12635.915039
532.490234	12768.325195
531.254883	12659.742188
530.019531	12574.708008
528.783203	12834.307617
527.546875	13211.242188
526.310547	13496.028320
525.073242	14492.908203
523.836914	15649.758789
522.598633	17915.033203
521.361328	19563.369141
520.124023	19199.359375
518.885742	17793.757813
517.646484	16021.411133
516.408203	15037.158203
515.168945	14276.003906
513.929688	13675.311523
512.690430	13561.017578
511.450195	13450.676758
510.210938	13619.446289
508.970703	13770.581055
507.729492	13960.661133
506.488281	13620.202148
505.247070	13619.151367
504.005859	13288.663086
502.764648	13125.924805
501.522461	12965.206055
