1802.271484	5031.866699
1801.302734	5373.983887
1800.333984	5183.161133
1799.364258	5187.118164
1798.394531	5383.242676
1797.424805	5195.026367
1796.454102	4927.054199
1795.484375	4821.312988
1794.513672	4790.424805
1793.542969	4891.689453
1792.572266	5010.362305
1791.601563	5221.199219
1790.629883	5152.879395
1789.658203	5082.094727
1788.687500	5038.736816
1787.714844	4791.196777
1786.743164	4989.416992
1785.771484	5150.219238
1784.798828	5457.792480
1783.826172	5471.630371
1782.853516	5614.824707
1781.880859	5437.107422
1780.907227	5413.639160
1779.933594	5703.446777
1778.959961	5687.391113
1777.986328	5847.794434
1777.012695	5613.057617
1776.038086	5447.973145
1775.064453	5417.078125
1774.089844	5227.265625
1773.115234	5263.460938
1772.139648	5475.882324
1771.165039	5780.043945
1770.189453	5813.624512
1769.213867	6159.769043
1768.238281	6317.273926
1767.262695	6271.372559
1766.286133	6418.874023
1765.310547	6484.515625
1764.333984	6470.825195
1763.357422	6605.808105
1762.379883	6493.005859
1761.403320	6271.269531
1760.425781	6282.394531
1759.448242	6355.410156
1758.470703	6675.927734
1757.493164	6835.453125
1756.514648	7012.234375
1755.536133	7260.685547
1754.558594	7083.623535
1753.579102	7200.899902
1752.600586	6727.238770
1751.622070	6720.946289
1750.642578	6529.305176
1749.663086	6565.058594
1748.683594	6640.322754
1747.703125	6915.615723
1746.723633	6684.577637
1745.743164	6441.287109
1744.762695	6331.386719
1743.782227	6359.730957
1742.801758	6489.226563
1741.820313	6401.583008
1740.839844	6422.496094
1739.858398	6268.321289
1738.875977	6286.786621
1737.894531	6154.884277
1736.913086	6131.469238
1735.930664	6164.733398
1734.948242	6170.886230
1733.965820	6250.923828
1732.982422	6434.351563
1732.000000	6620.167480
1731.016602	6382.538574
1730.033203	6322.193848
1729.049805	5991.222656
1728.066406	5896.540039
1727.082031	5870.761230
1726.097656	6174.495117
1725.113281	6396.976563
1724.128906	6631.658203
1723.144531	6613.123047
1722.159180	6491.401367
1721.173828	6352.532227
1720.188477	6292.311035
1719.203125	5971.828613
1718.217773	6095.834473
1717.231445	6111.790527
1716.245117	6120.377930
1715.258789	6285.988770
1714.272461	6176.790527
1713.286133	6354.584961
1712.298828	6696.596680
1711.311523	6969.826172
1710.324219	7059.114258
1709.336914	6846.943848
1708.349609	6742.662109
1707.361328	6667.817871
1706.373047	6759.542480
1705.384766	6767.976563
1704.396484	7062.837402
1703.408203	6985.539551
1702.418945	7231.294922
1701.429688	7574.816406
1700.440430	7813.014648
1699.451172	7879.920410
1698.460938	8076.392578
1697.471680	8038.096191
1696.481445	8144.021973
1695.491211	8179.037109
1694.500000	8148.071777
1693.509766	8466.425781
1692.518555	8269.342773
1691.527344	8624.168945
1690.536133	8829.936523
1689.544922	8820.834961
1688.552734	8984.995117
1687.561523	9180.804688
1686.569336	9188.711914
1685.577148	9225.879883
1684.583984	9494.669922
1683.591797	9463.502930
1682.598633	9273.923828
1681.605469	9167.271484
1680.612305	9162.986328
1679.619141	9375.492188
1678.625000	9405.260742
1677.630859	9844.071289
1676.636719	9717.933594
1675.642578	9832.798828
1674.648438	9928.150391
1673.653320	9755.846680
1672.659180	9926.578125
1671.664063	9961.053711
1670.667969	9783.982422
1669.672852	9833.057617
1668.676758	9811.629883
1667.681641	9583.666016
1666.685547	9732.357422
1665.688477	9701.246094
1664.692383	9825.568359
1663.695313	9896.423828
1662.698242	9887.143555
1661.701172	9579.345703
1660.704102	9591.970703
1659.707031	9716.186523
1658.708984	9745.755859
1657.710938	9831.088867
1656.712891	9756.367188
1655.714844	10362.833984
1654.715820	10128.078125
1653.717773	10315.032227
1652.718750	10259.651367
1651.718750	9811.913086
1650.719727	10039.982422
1649.720703	9979.846680
1648.720703	10120.647461
1647.720703	10193.625977
1646.720703	10419.012695
1645.719727	10191.923828
1644.719727	10044.743164
1643.718750	10291.785156
1642.717773	10115.630859
1641.716797	10186.101563
1640.715820	10104.290039
1639.713867	9935.526367
1638.711914	9989.079102
1637.709961	10057.100586
1636.708008	10086.458008
1635.706055	9978.189453
1634.703125	9891.688477
1633.700195	9846.248047
1632.697266	10044.518555
1631.694336	9943.581055
1630.690430	9828.211914
1629.687500	9601.967773
1628.683594	10050.854492
1627.679688	10150.054688
1626.674805	10145.590820
1625.670898	10157.992188
1624.666016	10286.016602
1623.661133	10339.327148
1622.656250	10149.415039
1621.651367	9901.800781
1620.645508	9690.390625
1619.639648	9486.284180
1618.633789	9595.038086
1617.627930	9492.063477
1616.622070	9511.785156
1615.615234	9478.599609
1614.608398	9464.658203
1613.601563	9354.581055
1612.594727	9725.159180
1611.587891	10047.534180
1610.580078	10425.026367
1609.572266	10432.519531
1608.564453	10408.793945
1607.556641	10325.062500
1606.547852	10238.964844
1605.540039	10176.897461
1604.531250	10249.208008
1603.522461	10439.022461
1602.512695	10607.176758
1601.503906	10525.901367
1600.494141	10542.943359
1599.484375	10456.918945
1598.474609	10378.118164
1597.464844	10390.386719
1596.454102	10385.882813
1595.443359	10347.853516
1594.432617	10451.102539
1593.421875	10590.216797
1592.411133	10822.612305
1591.399414	10985.521484
1590.387695	11222.526367
1589.375977	11110.221680
1588.364258	10885.567383
1587.352539	10759.031250
1586.339844	10893.099609
1585.327148	10874.157227
1584.314453	10613.889648
1583.301758	10821.960938
1582.288086	11199.529297
1581.274414	11395.457031
1580.260742	11519.678711
1579.247070	11393.213867
1578.233398	11531.704102
1577.218750	11522.202148
1576.205078	11629.596680
1575.190430	11603.381836
1574.174805	11579.561523
1573.160156	11198.135742
1572.144531	11319.806641
1571.128906	11651.144531
1570.113281	11825.091797
1569.097656	11670.228516
1568.082031	11898.877930
1567.065430	12122.671875
1566.048828	12015.455078
1565.032227	12053.474609
1564.015625	12096.238281
1562.998047	11796.369141
1561.980469	12081.800781
1560.962891	12400.412109
1559.945313	12523.913086
1558.927734	12350.196289
1557.909180	12233.594727
1556.890625	12252.492188
1555.872070	12230.991211
1554.853516	12323.516602
1553.834961	12226.011719
1552.815430	12316.125000
1551.795898	12384.834961
1550.776367	12289.749023
1549.756836	12201.819336
1548.736328	11997.671875
1547.716797	11933.556641
1546.696289	11924.010742
1545.675781	11900.243164
1544.654297	11961.823242
1543.633789	11741.339844
1542.612305	11674.967773
1541.590820	11691.541992
1540.569336	11866.805664
1539.546875	11755.453125
1538.525391	11890.380859
1537.502930	11689.114258
1536.480469	11923.401367
1535.457031	12117.365234
1534.434570	11741.110352
1533.411133	11890.091797
1532.387695	11665.378906
1531.364258	11736.292969
1530.340820	11573.161133
1529.316406	11618.066406
1528.291992	11450.298828
1527.267578	11386.541016
1526.243164	11499.950195
1525.218750	11580.251953
1524.193359	11521.227539
1523.167969	11561.364258
1522.142578	11705.321289
1521.117188	11478.783203
1520.091797	11457.568359
1519.065430	11507.116211
1518.039063	11537.779297
1517.012695	11429.334961
1515.985352	11233.722656
1514.958984	11516.574219
1513.931641	11608.465820
1512.904297	11179.729492
1511.876953	11634.341797
1510.849609	11622.546875
1509.821289	11566.026367
1508.792969	11490.699219
1507.764648	11657.783203
1506.736328	11650.695313
1505.707031	11728.291016
1504.677734	11511.883789
1503.649414	11523.638672
1502.619141	11801.029297
1501.589844	11742.208984
1500.559570	11718.660156
1499.530273	11824.334961
1498.500000	11655.146484
1497.468750	11967.449219
1496.438477	11779.516602
1495.407227	11878.047852
1494.375977	11685.514648
1493.344727	12046.829102
1492.313477	11598.625000
1491.282227	11542.304688
1490.250000	11523.528320
1489.217773	11509.448242
1488.185547	11643.049805
1487.152344	11422.711914
1486.120117	11471.922852
1485.086914	11425.065430
1484.053711	11577.309570
1483.020508	11310.329102
1481.986328	11324.402344
1480.953125	11350.172852
1479.918945	11516.346680
1478.884766	11373.602539
1477.849609	11385.309570
1476.815430	11485.884766
1475.780273	11490.547852
1474.745117	11813.155273
1473.709961	11766.325195
1472.673828	12095.753906
1471.638672	12179.722656
1470.602539	12443.524414
1469.566406	12354.562500
1468.529297	12503.803711
1467.493164	12631.973633
1466.456055	12853.450195
1465.418945	13053.833984
1464.381836	13088.487305
1463.344727	13349.385742
1462.306641	13404.952148
1461.268555	13420.856445
1460.230469	13523.005859
1459.192383	13802.244141
1458.154297	14195.546875
1457.115234	14078.479492
1456.076172	14285.222656
1455.037109	14398.730469
1453.998047	14686.812500
1452.958008	14618.620117
1451.917969	14373.579102
1450.877930	14712.676758
1449.837891	14616.602539
1448.797852	14992.723633
1447.756836	15419.848633
1446.715820	15479.457031
1445.674805	15239.183594
1444.633789	15161.687500
1443.591797	15537.306641
1442.549805	15445.840820
1441.507813	15182.542969
1440.465820	15165.493164
1439.423828	15389.895508
1438.380859	14838.948242
1437.337891	15037.796875
1436.294922	14737.725586
1435.251953	14945.790039
1434.208984	15091.149414
1433.165039	15013.848633
1432.121094	15455.870117
1431.077148	15473.553711
1430.032227	15565.383789
1428.988281	15464.876953
1427.943359	15702.599609
1426.898438	15741.057617
1425.853516	15541.011719
1424.807617	15581.799805
1423.761719	15511.476563
1422.716797	15482.833008
1421.669922	15516.665039
1420.624023	15321.492188
1419.578125	15156.461914
1418.531250	15033.116211
1417.484375	14431.319336
1416.436523	14617.862305
1415.389648	14342.198242
1414.341797	14683.462891
1413.293945	14507.213867
1412.246094	14289.469727
1411.198242	14143.386719
1410.149414	14126.625977
1409.101563	13927.554688
1408.052734	14120.809570
1407.002930	14101.754883
1405.954102	13686.010742
1404.904297	14095.947266
1403.854492	13968.551758
1402.804688	13921.880859
1401.754883	13667.826172
1400.704102	13722.610352
1399.654297	13627.642578
1398.603516	13581.077148
1397.551758	13739.458984
1396.500977	13586.991211
1395.449219	13545.064453
1394.397461	13615.909180
1393.345703	13429.048828
1392.293945	13607.997070
1391.241211	13692.581055
1390.189453	13629.978516
1389.136719	13606.478516
1388.083008	13571.497070
1387.030273	13729.546875
1385.976563	13756.581055
1384.922852	13893.854492
1383.869141	14430.644531
1382.815430	14379.454102
1381.760742	14507.329102
1380.707031	14772.849609
1379.652344	15072.677734
1378.596680	15253.090820
1377.541992	15176.549805
1376.486328	15448.588867
1375.430664	15676.955078
1374.375000	15818.125000
1373.319336	15938.610352
1372.262695	15871.166016
1371.207031	15957.228516
1370.150391	15935.611328
1369.092773	15712.501953
1368.036133	15704.678711
1366.978516	15726.612305
1365.920898	15645.559570
1364.863281	15589.707031
1363.805664	15643.671875
1362.747070	15388.875977
1361.688477	15561.754883
1360.629883	15572.255859
1359.571289	15393.051758
1358.512695	15207.066406
1357.453125	15585.449219
1356.393555	15390.362305
1355.333984	15428.286133
1354.274414	15628.299805
1353.213867	15682.135742
1352.153320	15617.273438
1351.092773	15807.993164
1350.032227	15813.849609
1348.970703	16154.981445
1347.910156	16060.426758
1346.848633	16262.292969
1345.787109	16320.472656
1344.724609	16458.390625
1343.663086	16550.679688
1342.600586	16583.703125
1341.538086	16912.787109
1340.474609	17109.667969
1339.412109	17240.443359
1338.348633	17450.828125
1337.285156	17435.837891
1336.221680	17714.347656
1335.157227	17517.332031
1334.093750	18159.582031
1333.029297	17921.626953
1331.964844	18017.939453
1330.900391	17830.111328
1329.834961	17699.167969
1328.769531	17654.609375
1327.704102	17357.943359
1326.638672	17247.615234
1325.573242	16792.222656
1324.506836	16897.701172
1323.440430	16565.123047
1322.374023	16175.954102
1321.306641	16140.841797
1320.240234	15876.665039
1319.172852	15705.570313
1318.105469	15867.816406
1317.038086	15873.593750
1315.969727	15847.640625
1314.902344	15948.579102
1313.833984	16174.065430
1312.764648	16268.097656
1311.696289	16384.734375
1310.626953	16372.279297
1309.558594	16484.316406
1308.489258	16541.996094
1307.418945	16511.414063
1306.349609	16469.535156
1305.279297	16366.611328
1304.208984	16198.158203
1303.138672	16167.669922
1302.067383	15978.985352
1300.997070	15697.732422
1299.925781	15662.845703
1298.854492	15365.962891
1297.782227	15448.585938
1296.710938	15300.880859
1295.638672	14737.894531
1294.566406	14750.631836
1293.494141	14474.548828
1292.420898	14295.583008
1291.347656	14285.846680
1290.274414	14161.112305
1289.201172	14029.664063
1288.127930	14056.051758
1287.053711	13926.932617
1285.979492	13899.254883
1284.905273	14108.111328
1283.831055	13868.704102
1282.755859	14106.750977
1281.681641	14085.808594
1280.606445	14395.733398
1279.530273	14367.988281
1278.455078	14727.218750
1277.378906	14694.915039
1276.302734	14869.520508
1275.226563	15176.707031
1274.150391	15139.832031
1273.073242	14896.203125
1271.996094	15508.782227
1270.918945	14791.159180
1269.841797	14877.924805
1268.763672	14935.459961
1267.686523	14781.928711
1266.608398	14821.500977
1265.529297	14537.891602
1264.451172	14375.561523
1263.372070	14296.297852
1262.292969	14080.256836
1261.213867	13974.177734
1260.134766	13924.189453
1259.054688	13910.083008
1257.974609	13490.374023
1256.894531	13559.259766
1255.814453	13348.116211
1254.734375	13300.545898
1253.653320	13208.212891
1252.572266	13288.289063
1251.491211	13265.376953
1250.409180	13255.900391
1249.328125	13114.431641
1248.246094	12829.871094
1247.163086	13097.785156
1246.081055	12951.963867
1244.999023	12938.087891
1243.916016	13140.998047
1242.833008	13037.710938
1241.749023	12896.488281
1240.666016	13001.005859
1239.582031	12788.392578
1238.498047	12910.747070
1237.414063	12577.708984
1236.329102	12880.814453
1235.245117	12806.731445
1234.160156	12866.518555
1233.075195	12573.907227
1231.989258	12682.770508
1230.904297	12517.386719
1229.818359	12508.088867
1228.732422	12648.091797
1227.645508	12785.808594
1226.559570	12687.361328
1225.472656	12831.691406
1224.385742	12497.265625
1223.298828	12510.238281
1222.210938	12587.746094
1221.124023	12444.937500
1220.036133	12511.301758
1218.948242	12617.672852
1217.859375	12534.983398
1216.771484	12630.187500
1215.682617	12427.500000
1214.593750	12429.347656
1213.503906	12491.184570
1212.415039	12632.963867
1211.325195	12421.557617
1210.235352	12405.639648
1209.145508	12383.066406
1208.054688	12311.672852
1206.964844	12335.727539
1205.874023	12242.186523
1204.782227	12306.170898
1203.691406	12108.443359
1202.599609	11992.833984
1201.507813	11830.720703
1200.416016	11890.301758
1199.324219	11754.866211
1198.231445	11373.583008
1197.138672	11056.690430
1196.045898	11074.307617
1194.953125	11249.106445
1193.860352	11357.426758
1192.766602	11299.724609
1191.672852	11547.379883
1190.579102	11438.782227
1189.484375	11679.667969
1188.389648	11480.427734
1187.294922	11508.974609
1186.200195	11676.753906
1185.105469	11535.092773
1184.009766	11837.563477
1182.914063	11691.508789
1181.818359	11689.059570
1180.722656	12011.177734
1179.625977	11968.927734
1178.529297	11915.659180
1177.432617	11981.565430
1176.335938	11890.811523
1175.239258	11958.899414
1174.141602	11861.571289
1173.043945	11777.511719
1171.946289	11664.831055
1170.847656	11697.646484
1169.749023	11644.517578
1168.650391	11604.627930
1167.551758	11582.373047
1166.453125	11298.097656
1165.353516	11374.981445
1164.253906	11403.409180
1163.154297	11233.776367
1162.054688	11407.426758
1160.954102	11321.448242
1159.853516	11312.475586
1158.752930	11435.427734
1157.652344	11501.173828
1156.551758	11450.409180
1155.450195	11628.185547
1154.348633	11935.501953
1153.246094	11941.782227
1152.144531	12125.929688
1151.041992	12443.921875
1149.939453	12684.955078
1148.836914	13075.116211
1147.734375	13355.408203
1146.630859	13824.232422
1145.527344	13955.112305
1144.423828	14173.644531
1143.320313	14523.619141
1142.215820	14450.430664
1141.111328	14594.212891
1140.006836	14286.617188
1138.902344	14231.044922
1137.796875	13779.116211
1136.691406	13482.830078
1135.585938	13335.521484
1134.480469	13015.376953
1133.374023	12620.970703
1132.268555	12462.994141
1131.162109	12361.951172
1130.054688	12031.343750
1128.948242	11958.852539
1127.840820	11892.950195
1126.733398	11634.763672
1125.625977	11549.291016
1124.518555	11507.541992
1123.410156	11382.818359
1122.301758	11120.586914
1121.193359	11253.595703
1120.083984	11283.966797
1118.975586	11155.028320
1117.866211	11296.670898
1116.756836	11374.998047
1115.647461	11475.098633
1114.537109	11422.536133
1113.426758	11457.188477
1112.316406	11648.740234
1111.206055	11940.441406
1110.094727	11922.677734
1108.983398	11937.590820
1107.872070	12131.054688
1106.760742	12041.416016
1105.649414	12134.650391
1104.537109	12164.736328
1103.424805	12149.119141
1102.312500	12209.641602
1101.199219	12248.389648
1100.086914	12004.458008
1098.973633	12110.622070
1097.859375	12145.016602
1096.746094	11859.973633
1095.631836	11681.500977
1094.517578	11748.542969
1093.403320	11272.662109
1092.289063	11361.471680
1091.173828	11044.330078
1090.058594	11219.958008
1088.943359	10909.487305
1087.828125	10683.749023
1086.711914	10785.599609
1085.596680	10733.451172
1084.480469	10759.369141
1083.363281	10752.764648
1082.247070	10568.466797
1081.129883	10678.897461
1080.012695	10644.151367
1078.895508	10737.192383
1077.777344	10763.073242
1076.659180	10791.107422
1075.541016	10732.558594
1074.422852	10717.309570
1073.304688	10702.066406
1072.185547	10799.298828
1071.066406	10898.652344
1069.947266	10809.871094
1068.827148	10995.639648
1067.707031	11287.220703
1066.587891	11397.187500
1065.466797	11416.380859
1064.346680	11539.230469
1063.225586	11908.180664
1062.104492	11795.566406
1060.983398	11829.764648
1059.862305	12043.050781
1058.740234	11967.153320
1057.618164	11981.878906
1056.496094	12013.849609
1055.374023	12043.649414
1054.250977	11771.654297
1053.127930	12001.918945
1052.004883	11596.456055
1050.881836	11727.564453
1049.757813	11781.082031
1048.634766	11759.209961
1047.509766	11472.544922
1046.385742	11498.098633
1045.261719	11400.980469
1044.136719	11256.569336
1043.011719	11213.317383
1041.885742	11170.083008
1040.760742	11135.466797
1039.634766	11115.912109
1038.508789	11074.873047
1037.382813	11055.337891
1036.255859	10689.934570
1035.129883	10722.036133
1034.002930	10597.364258
1032.875000	10661.674805
1031.748047	11082.272461
1030.620117	11165.765625
1029.492188	11077.577148
1028.364258	11064.504883
1027.235352	10967.794922
1026.107422	10989.057617
1024.978516	11113.209961
1023.849609	11158.006836
1022.719727	11252.069336
1021.589844	11219.690430
1020.460938	11247.298828
1019.330078	11071.454102
1018.200195	11420.235352
1017.069336	11276.536133
1015.938477	11250.602539
1014.807617	11207.563477
1013.676758	11194.489258
1012.544922	11153.617188
1011.413086	11236.783203
1010.281250	11345.567383
1009.149414	11210.641602
1008.016602	11325.793945
1006.883789	11184.518555
1005.750977	11297.491211
1004.618164	11359.160156
1003.484375	11529.694336
1002.350586	11409.839844
1001.216797	11319.914063
1000.083008	11387.924805
998.948242	11372.707031
997.813477	10973.579102
996.678711	11013.896484
995.543945	11009.425781
994.408203	10810.988281
993.272461	10838.526367
992.136719	10842.615234
991.000977	10870.133789
989.864258	10682.541016
988.727539	10903.840820
987.590820	11016.478516
986.454102	10786.404297
985.316406	10679.845703
984.179688	10888.190430
983.041992	10807.177734
981.903320	10879.308594
980.765625	10864.238281
979.626953	10730.139648
978.488281	10929.749023
977.349609	10963.543945
976.209961	10982.455078
975.070313	11084.185547
973.930664	11032.990234
972.791016	11170.754883
971.650391	11601.359375
970.509766	11685.892578
969.369141	12018.611328
968.228516	11973.631836
967.087891	11841.723633
965.946289	12059.703125
964.804688	11885.436523
963.662109	12007.944336
962.520508	12011.744141
961.377930	11924.450195
960.235352	11830.838867
959.092773	11853.729492
957.949219	11713.596680
956.805664	11592.572266
955.662109	11670.515625
954.518555	11538.972656
953.375000	11399.023438
952.230469	11312.002930
951.085938	11320.164063
949.940430	11302.954102
948.795898	11184.305664
947.650391	11268.553711
946.504883	11173.200195
945.359375	11219.395508
944.212891	11331.032227
943.067383	11446.841797
941.919922	11644.920898
940.773438	11920.995117
939.626953	11764.434570
938.479492	12012.941406
937.332031	12027.250000
936.184570	12667.771484
935.036133	12856.900391
933.887695	13421.096680
932.739258	13742.731445
931.590820	14413.937500
930.441406	14958.482422
929.292969	15393.292969
928.142578	15602.645508
926.993164	15908.732422
925.843750	16004.244141
924.693359	15748.348633
923.542969	15917.475586
922.391602	15089.665039
921.241211	14752.123047
920.089844	14126.722656
918.938477	13921.937500
917.787109	13248.651367
916.634766	12619.769531
915.482422	12440.639648
914.330078	12129.289063
913.177734	11572.429688
912.024414	11448.210938
910.872070	11351.327148
909.717773	11315.330078
908.564453	11191.244141
907.411133	11027.363281
906.256836	10987.262695
905.102539	11156.814453
903.947266	10925.973633
902.792969	10844.009766
901.637695	10667.803711
900.482422	11094.908203
899.326172	10608.792969
898.170898	11048.288086
897.014648	10914.050781
895.858398	10844.746094
894.701172	10733.625000
893.544922	10773.165039
892.387695	10881.705078
891.230469	10896.103516
890.072266	10722.346680
888.915039	10872.627930
887.756836	10845.223633
886.598633	10744.708984
885.439453	10673.479492
884.281250	10905.083008
883.122070	10860.990234
881.962891	10860.750977
880.802734	10931.467773
879.643555	10983.375000
878.483398	10995.624023
877.322266	11208.085938
876.162109	11282.834961
875.000977	11103.215820
873.839844	11280.083008
872.678711	11544.395508
871.517578	11560.670898
870.355469	11549.860352
869.193359	11312.062500
868.031250	11442.887695
866.868164	11392.557617
865.706055	11215.297852
864.542969	11300.281250
863.378906	10998.300781
862.215820	10912.749023
861.051758	11028.931641
859.887695	10947.566406
858.723633	11138.514648
857.558594	11044.691406
856.394531	11185.673828
855.229492	11297.514648
854.063477	11172.565430
852.898438	11041.440430
851.732422	11364.969727
850.566406	11071.980469
849.400391	11057.153320
848.233398	11181.320313
847.066406	11108.403320
845.899414	11444.007813
844.732422	11480.939453
843.564453	11194.516602
842.396484	11430.417969
841.228516	11477.684570
840.060547	11626.425781
838.891602	11499.673828
837.722656	11410.243164
836.553711	11434.701172
835.384766	11740.607422
834.214844	11423.578125
833.044922	11390.091797
831.875000	11497.258789
830.705078	11347.974609
829.534180	11498.516602
828.363281	11626.257813
827.192383	11658.886719
826.020508	11753.481445
824.849609	11655.937500
823.677734	11574.955078
822.505859	11661.245117
821.333008	11435.799805
820.160156	11340.468750
818.987305	11406.118164
817.814453	11323.210938
816.640625	11376.458984
815.467773	10945.113281
814.293945	11159.220703
813.119141	11319.646484
811.945313	11311.026367
810.770508	11380.699219
809.595703	11411.204102
808.420898	11552.900391
807.245117	11398.053711
806.069336	11642.612305
804.893555	11331.402344
803.717773	11425.666992
802.541016	11042.636719
801.364258	11470.103516
800.187500	11494.362305
799.010742	11660.459961
797.833008	11664.113281
796.655273	11641.048828
795.477539	12082.303711
794.298828	12034.509766
793.121094	12087.362305
791.942383	12006.736328
790.762695	11679.821289
789.583984	11724.503906
788.404297	11549.623047
787.224609	11797.397461
786.044922	11696.408203
784.864258	11741.045898
783.683594	11656.510742
782.502930	11469.532227
781.322266	11684.266602
780.141602	11909.151367
778.959961	12099.118164
777.778320	11910.154297
776.595703	11930.103516
775.414063	11677.800781
774.231445	11775.557617
773.048828	11592.961914
771.865234	11598.640625
770.681641	11755.659180
769.499023	11616.123047
768.314453	12028.604492
767.130859	12070.969727
765.946289	12068.362305
764.761719	12033.066406
763.577148	12238.803711
762.391602	12183.064453
761.207031	12253.930664
760.021484	12361.506836
758.834961	12466.994141
757.649414	12741.782227
756.462891	12724.748047
755.276367	12603.708984
754.089844	13027.133789
752.902344	12918.311523
751.714844	13170.281250
750.527344	13369.162109
749.339844	13482.391602
748.151367	13917.384766
746.962891	14551.750977
745.774414	15018.896484
744.584961	15485.839844
743.396484	16095.031250
742.207031	16522.880859
741.016602	16592.533203
739.827148	16912.300781
738.636719	17640.613281
737.446289	18128.738281
736.255859	18084.166016
735.064453	18523.212891
733.873047	18647.185547
732.681641	18779.228516
731.490234	18531.486328
730.297852	18224.972656
729.105469	17932.800781
727.913086	17472.322266
726.720703	16567.718750
725.527344	15981.970703
724.333984	15510.041992
723.140625	14821.369141
721.947266	15041.137695
720.752930	14565.663086
719.558594	14043.791016
718.364258	13992.126953
717.168945	13735.923828
715.973633	13516.280273
714.778320	13480.957031
713.583008	13332.302734
712.386719	13139.192383
711.190430	13126.226563
709.994141	13008.083984
708.797852	13025.484375
707.600586	13311.780273
706.403320	13276.548828
705.206055	13219.101563
704.008789	13278.868164
702.810547	13223.463867
701.612305	12756.075195
700.414063	12591.768555
699.214844	12591.053711
698.015625	12947.582031
696.816406	13162.702148
695.617188	13397.903320
694.416992	13328.431641
693.217773	13373.933594
692.016602	13818.611328
690.816406	14287.282227
689.615234	14417.185547
688.414063	15000.366211
687.212891	14966.890625
686.011719	15150.934570
684.809570	15793.978516
683.607422	16128.741211
682.405273	16799.468750
681.202148	16932.644531
680.000000	16914.880859
678.795898	16816.669922
677.592773	16093.116211
676.389648	15960.947266
675.185547	15756.474609
673.981445	15943.956055
672.776367	16687.886719
671.571289	16646.089844
670.367188	17279.087891
669.161133	17365.679688
667.956055	18088.574219
666.750000	18811.154297
665.543945	19814.328125
664.337891	20612.447266
663.130859	21504.480469
661.923828	22129.431641
660.716797	22421.318359
659.509766	22003.544922
658.301758	21607.992188
657.093750	20870.021484
655.885742	20310.638672
654.677734	19617.324219
653.468750	19188.593750
652.259766	18441.779297
651.050781	18195.605469
649.840820	17809.480469
648.631836	17173.470703
647.420898	16733.734375
646.210938	16226.204102
645.000977	15762.875000
643.790039	15269.766602
642.579102	14804.846680
641.367188	14240.240234
640.155273	14085.335938
638.943359	13978.423828
637.731445	13903.501953
636.519531	13722.820313
635.306641	13779.695313
634.093750	13389.625000
632.880859	13847.488281
631.666992	13609.138672
630.453125	13618.131836
629.239258	13579.277344
628.025391	13881.243164
626.810547	13653.052734
625.595703	13767.607422
624.380859	13678.958984
623.165039	13389.230469
621.950195	13487.838867
620.734375	13584.413086
619.517578	13099.876953
618.301758	13124.868164
617.084961	13165.761719
615.868164	12870.553711
614.650391	13050.657227
613.433594	12773.491211
612.215820	12430.863281
610.998047	12193.691406
609.779297	12230.755859
608.560547	12102.960938
607.341797	12326.674805
606.123047	12365.668945
604.904297	12069.223633
603.684570	12253.109375
602.464844	12260.348633
601.244141	12168.413086
600.024414	12072.549805
598.803711	12065.944336
597.582031	11916.625977
596.361328	11719.811523
595.139648	11758.854492
593.917969	11780.050781
592.696289	11407.137695
591.473633	11404.640625
590.250977	11412.041992
589.028320	11106.741211
587.805664	11337.792969
586.582031	11483.678711
585.358398	11485.120117
584.134766	11731.753906
582.911133	11960.486328
581.686523	12248.413086
580.461914	12476.931641
579.237305	12657.932617
578.011719	12882.308594
576.786133	12917.006836
575.560547	13070.149414
574.334961	12919.242188
573.108398	13032.846680
571.881836	13166.129883
570.655273	13599.191406
569.427734	13262.912109
568.200195	12922.834961
566.972656	12935.772461
565.745117	12749.643555
564.516602	12589.211914
563.288086	12923.324219
562.059570	12699.895508
560.831055	12602.590820
559.601563	12509.264648
558.372070	12760.429688
557.142578	12631.687500
555.912109	12705.645508
554.681641	12885.787109
553.451172	12772.832031
552.220703	12848.673828
550.989258	12696.459961
549.757813	12646.505859
548.526367	12189.852539
547.294922	12171.460938
546.062500	12048.985352
544.830078	11922.635742
543.596680	11872.902344
542.364258	12041.047852
541.130859	12279.759766
539.897461	12302.565430
538.663086	12227.291992
537.429688	12191.268555
536.195313	11972.931641
534.959961	12315.277344
533.725586	12357.642578
532.490234	12415.663086
531.254883	12463.862305
530.019531	12374.954102
528.783203	12476.003906
527.546875	13052.683594
526.310547	13272.920898
525.073242	14105.491211
523.836914	15759.306641
522.598633	18300.322266
521.361328	19567.281250
520.124023	19379.212891
518.885742	17727.306641
517.646484	15783.014648
516.408203	14693.318359
515.168945	13934.192383
513.929688	13337.480469
512.690430	13244.736328
511.450195	13118.849609
510.210938	13439.909180
508.970703	13419.390625
507.729492	13398.879883
506.488281	13097.547852
505.247070	13348.133789
504.005859	13083.981445
502.764648	12977.807617
501.522461	12630.066406
