1802.271484	5201.676758
1801.302734	5356.503418
1800.333984	5080.795898
1799.364258	5234.545898
1798.394531	5173.603027
1797.424805	5224.968750
1796.454102	5034.327148
1795.484375	4843.760742
1794.513672	4855.261719
1793.542969	4966.485840
1792.572266	5169.895996
1791.601563	5281.012695
1790.629883	5269.990234
1789.658203	5184.234863
1788.687500	5113.458496
1787.714844	5129.867676
1786.743164	5061.619141
1785.771484	5289.616211
1784.798828	5355.754395
1783.826172	5553.742188
1782.853516	5617.312500
1781.880859	5641.061035
1780.907227	5689.667480
1779.933594	5904.832520
1778.959961	5866.365234
1777.986328	6039.158691
1777.012695	5868.987305
1776.038086	5698.883301
1775.064453	5531.330566
1774.089844	5475.591797
1773.115234	5444.702637
1772.139648	5709.215332
1771.165039	5923.986816
1770.189453	6024.532715
1769.213867	6206.903809
1768.238281	6294.951172
1767.262695	6405.280762
1766.286133	6572.589844
1765.310547	6536.570313
1764.333984	6649.262207
1763.357422	6791.642578
1762.379883	6765.509277
1761.403320	6598.208008
1760.425781	6604.314941
1759.448242	6806.007813
1758.470703	7015.045898
1757.493164	7189.352539
1756.514648	7363.588379
1755.536133	7485.803711
1754.558594	7674.750000
1753.579102	7547.096680
1752.600586	7122.813477
1751.622070	6891.503906
1750.642578	6937.077637
1749.663086	7027.107910
1748.683594	7178.860840
1747.703125	7128.023926
1746.723633	6998.187012
1745.743164	6794.335938
1744.762695	6588.097656
1743.782227	6483.125000
1742.801758	6637.269531
1741.820313	6786.418457
1740.839844	6770.257813
1739.858398	6734.376953
1738.875977	6528.396484
1737.894531	6645.401855
1736.913086	6464.165527
1735.930664	6361.847168
1734.948242	6222.618164
1733.965820	6608.049316
1732.982422	6742.156250
1732.000000	6851.589844
1731.016602	6535.148438
1730.033203	6457.546387
1729.049805	6360.291504
1728.066406	6127.777344
1727.082031	6087.194824
1726.097656	6361.377441
1725.113281	6691.994629
1724.128906	6759.473633
1723.144531	6740.913086
1722.159180	6742.015625
1721.173828	6566.248535
1720.188477	6535.456543
1719.203125	6406.455566
1718.217773	6272.596191
1717.231445	6354.789551
1716.245117	6336.333496
1715.258789	6555.878906
1714.272461	6414.736816
1713.286133	6800.951172
1712.298828	7093.831543
1711.311523	7207.628906
1710.324219	7272.358398
1709.336914	7187.575684
1708.349609	7080.775391
1707.361328	6991.165039
1706.373047	7246.915039
1705.384766	6990.800781
1704.396484	7268.479980
1703.408203	7658.638184
1702.418945	7889.575195
1701.429688	7976.066406
1700.440430	8111.445313
1699.451172	8422.857422
1698.460938	8472.509766
1697.471680	8605.261719
1696.481445	8689.075195
1695.491211	8416.075195
1694.500000	8707.564453
1693.509766	8796.191406
1692.518555	9050.851563
1691.527344	9212.624023
1690.536133	9513.481445
1689.544922	9643.364258
1688.552734	9499.887695
1687.561523	9761.466797
1686.569336	9932.687500
1685.577148	10220.900391
1684.583984	10279.796875
1683.591797	10109.517578
1682.598633	9839.376953
1681.605469	9761.852539
1680.612305	10025.442383
1679.619141	10113.546875
1678.625000	10257.627930
1677.630859	10077.815430
1676.636719	10455.541992
1675.642578	10416.925781
1674.648438	10409.958008
1673.653320	10485.709961
1672.659180	10364.408203
1671.664063	10513.094727
1670.667969	10408.854492
1669.672852	10258.468750
1668.676758	10392.501953
1667.681641	10055.074219
1666.685547	10065.191406
1665.688477	10298.768555
1664.692383	10505.538086
1663.695313	10452.429688
1662.698242	10438.182617
1661.701172	9970.091797
1660.704102	10135.507813
1659.707031	10400.322266
1658.708984	10495.243164
1657.710938	10330.646484
1656.712891	10454.635742
1655.714844	10467.068359
1654.715820	10792.135742
1653.717773	10857.801758
1652.718750	10821.691406
1651.718750	10579.716797
1650.719727	10550.941406
1649.720703	10614.179688
1648.720703	10837.153320
1647.720703	11135.059570
1646.720703	10886.004883
1645.719727	10753.169922
1644.719727	10644.574219
1643.718750	10712.549805
1642.717773	10666.865234
1641.716797	10826.660156
1640.715820	10952.556641
1639.713867	10643.481445
1638.711914	10443.238281
1637.709961	10491.845703
1636.708008	10653.926758
1635.706055	10473.115234
1634.703125	10415.479492
1633.700195	10606.435547
1632.697266	10676.673828
1631.694336	10556.309570
1630.690430	10312.990234
1629.687500	10250.619141
1628.683594	10439.001953
1627.679688	10489.916992
1626.674805	10950.490234
1625.670898	10984.414063
1624.666016	10734.072266
1623.661133	10719.857422
1622.656250	10662.303711
1621.651367	10315.880859
1620.645508	10239.175781
1619.639648	9994.048828
1618.633789	10093.075195
1617.627930	10004.432617
1616.622070	10324.676758
1615.615234	10127.818359
1614.608398	9967.100586
1613.601563	10073.240234
1612.594727	10335.534180
1611.587891	10732.265625
1610.580078	10951.082031
1609.572266	10970.475586
1608.564453	10879.411133
1607.556641	10805.186523
1606.547852	10757.393555
1605.540039	10760.011719
1604.531250	10719.442383
1603.522461	11009.907227
1602.512695	10940.524414
1601.503906	11170.881836
1600.494141	11206.971680
1599.484375	11132.795898
1598.474609	10723.176758
1597.464844	10979.742188
1596.454102	11006.257813
1595.443359	11248.291992
1594.432617	10860.527344
1593.421875	11226.969727
1592.411133	11490.349609
1591.399414	11698.586914
1590.387695	11787.122070
1589.375977	11734.499023
1588.364258	11720.160156
1587.352539	11581.499023
1586.339844	11581.537109
1585.327148	11514.657227
1584.314453	11627.011719
1583.301758	11634.206055
1582.288086	11770.374023
1581.274414	12164.387695
1580.260742	12290.840820
1579.247070	12183.315430
1578.233398	12431.424805
1577.218750	12257.103516
1576.205078	12237.913086
1575.190430	12104.247070
1574.174805	12087.479492
1573.160156	11818.002930
1572.144531	12123.086914
1571.128906	12201.648438
1570.113281	12458.875977
1569.097656	12492.075195
1568.082031	12711.031250
1567.065430	12770.357422
1566.048828	12570.161133
1565.032227	12722.318359
1564.015625	12505.553711
1562.998047	12757.590820
1561.980469	12843.009766
1560.962891	12678.672852
1559.945313	13001.852539
1558.927734	12923.131836
1557.909180	12903.864258
1556.890625	12808.559570
1555.872070	12881.980469
1554.853516	12772.464844
1553.834961	12957.482422
1552.815430	12660.416016
1551.795898	12940.336914
1550.776367	12643.393555
1549.756836	12730.991211
1548.736328	12685.694336
1547.716797	12490.977539
1546.696289	12656.811523
1545.675781	12414.757813
1544.654297	12421.710938
1543.633789	12314.897461
1542.612305	11956.949219
1541.590820	11949.774414
1540.569336	12241.048828
1539.546875	12347.488281
1538.525391	12477.560547
1537.502930	12505.790039
1536.480469	12377.806641
1535.457031	12375.282227
1534.434570	12628.257813
1533.411133	12450.655273
1532.387695	12599.460938
1531.364258	12410.113281
1530.340820	12426.492188
1529.316406	12163.993164
1528.291992	12187.502930
1527.267578	12050.362305
1526.243164	12021.923828
1525.218750	12028.916016
1524.193359	12019.378906
1523.167969	12064.134766
1522.142578	11988.514648
1521.117188	12262.125000
1520.091797	11903.416016
1519.065430	11985.891602
1518.039063	11997.592773
1517.012695	11757.032227
1515.985352	12002.123047
1514.958984	11848.851563
1513.931641	11945.387695
1512.904297	11907.613281
1511.876953	11947.574219
1510.849609	12067.575195
1509.821289	12192.235352
1508.792969	11975.558594
1507.764648	12248.437500
1506.736328	12140.062500
1505.707031	12024.673828
1504.677734	12001.050781
1503.649414	12360.695313
1502.619141	12471.007813
1501.589844	12212.273438
1500.559570	12409.513672
1499.530273	12547.938477
1498.500000	12275.251953
1497.468750	12460.613281
1496.438477	12549.634766
1495.407227	12516.551758
1494.375977	12323.887695
1493.344727	12288.516602
1492.313477	12332.922852
1491.282227	12377.310547
1490.250000	12503.755859
1489.217773	12130.756836
1488.185547	12151.714844
1487.152344	12142.198242
1486.120117	12027.243164
1485.086914	11851.425781
1484.053711	12153.481445
1483.020508	12115.868164
1481.986328	11975.256836
1480.953125	12061.752930
1479.918945	11890.786133
1478.884766	11972.583008
1477.849609	12117.505859
1476.815430	12187.527344
1475.780273	12105.528320
1474.745117	12332.158203
1473.709961	12663.875977
1472.673828	12633.239258
1471.638672	12777.844727
1470.602539	13090.578125
1469.566406	13372.821289
1468.529297	13423.785156
1467.493164	13446.713867
1466.456055	13518.646484
1465.418945	13833.237305
1464.381836	13951.720703
1463.344727	14116.806641
1462.306641	14209.529297
1461.268555	14556.359375
1460.230469	14506.751953
1459.192383	14872.023438
1458.154297	15074.030273
1457.115234	14842.626953
1456.076172	15144.711914
1455.037109	15425.714844
1453.998047	15287.509766
1452.958008	15607.937500
1451.917969	15614.044922
1450.877930	15434.000000
1449.837891	15740.240234
1448.797852	16076.590820
1447.756836	16296.531250
1446.715820	16262.961914
1445.674805	16440.931641
1444.633789	16425.935547
1443.591797	16194.860352
1442.549805	16632.910156
1441.507813	16531.947266
1440.465820	16270.801758
1439.423828	16144.416016
1438.380859	16006.474609
1437.337891	16084.409180
1436.294922	16076.464844
1435.251953	15852.791016
1434.208984	16039.708984
1433.165039	16094.381836
1432.121094	16111.939453
1431.077148	16421.529297
1430.032227	16371.807617
1428.988281	16590.859375
1427.943359	16965.015625
1426.898438	16810.996094
1425.853516	16789.015625
1424.807617	16667.501953
1423.761719	16594.640625
1422.716797	16679.160156
1421.669922	16495.277344
1420.624023	16397.048828
1419.578125	16224.860352
1418.531250	15844.655273
1417.484375	15707.322266
1416.436523	15530.756836
1415.389648	15425.892578
1414.341797	15411.166992
1413.293945	15114.664063
1412.246094	15000.710938
1411.198242	15256.203125
1410.149414	14828.340820
1409.101563	14882.982422
1408.052734	14946.831055
1407.002930	14895.309570
1405.954102	14753.860352
1404.904297	14637.833008
1403.854492	14512.631836
1402.804688	14641.024414
1401.754883	14230.117188
1400.704102	14448.370117
1399.654297	14466.125000
1398.603516	14110.778320
1397.551758	14460.165039
1396.500977	14328.267578
1395.449219	14375.951172
1394.397461	14382.192383
1393.345703	14455.150391
1392.293945	14286.556641
1391.241211	14658.467773
1390.189453	14331.250977
1389.136719	14365.076172
1388.083008	14474.731445
1387.030273	14630.296875
1385.976563	14827.150391
1384.922852	14619.669922
1383.869141	14968.004883
1382.815430	15288.644531
1381.760742	15703.265625
1380.707031	15904.279297
1379.652344	16018.018555
1378.596680	16202.825195
1377.541992	16399.021484
1376.486328	16379.585938
1375.430664	16827.851563
1374.375000	16812.917969
1373.319336	16912.572266
1372.262695	17119.873047
1371.207031	17114.046875
1370.150391	17069.289063
1369.092773	16985.621094
1368.036133	16773.787109
1366.978516	16951.140625
1365.920898	16824.068359
1364.863281	16902.957031
1363.805664	16526.615234
1362.747070	17003.460938
1361.688477	16842.181641
1360.629883	16687.824219
1359.571289	16599.812500
1358.512695	16767.761719
1357.453125	16590.667969
1356.393555	16975.537109
1355.333984	16519.867188
1354.274414	16769.884766
1353.213867	16994.687500
1352.153320	16943.246094
1351.092773	16889.544922
1350.032227	17182.619141
1348.970703	17477.851563
1347.910156	17328.294922
1346.848633	17381.707031
1345.787109	17669.875000
1344.724609	17622.919922
1343.663086	17992.939453
1342.600586	18112.228516
1341.538086	18359.005859
1340.474609	18300.558594
1339.412109	18572.236328
1338.348633	18529.699219
1337.285156	19065.185547
1336.221680	19124.943359
1335.157227	19180.126953
1334.093750	19323.978516
1333.029297	19449.580078
1331.964844	19404.634766
1330.900391	19255.156250
1329.834961	19205.722656
1328.769531	19076.792969
1327.704102	18686.705078
1326.638672	18455.742188
1325.573242	18338.396484
1324.506836	17839.742188
1323.440430	17577.322266
1322.374023	17703.013672
1321.306641	17184.380859
1320.240234	17330.513672
1319.172852	16957.298828
1318.105469	17110.216797
1317.038086	17260.804688
1315.969727	17139.382813
1314.902344	17119.968750
1313.833984	17211.560547
1312.764648	17373.322266
1311.696289	17519.166016
1310.626953	17560.808594
1309.558594	17683.917969
1308.489258	17492.425781
1307.418945	17434.498047
1306.349609	17688.748047
1305.279297	17626.277344
1304.208984	17294.767578
1303.138672	17322.826172
1302.067383	17210.746094
1300.997070	17039.960938
1299.925781	16632.031250
1298.854492	16615.025391
1297.782227	16392.527344
1296.710938	16364.289063
1295.638672	15866.542969
1294.566406	15858.734375
1293.494141	15641.086914
1292.420898	15570.161133
1291.347656	15312.064453
1290.274414	15444.180664
1289.201172	15050.946289
1288.127930	14914.832031
1287.053711	14801.309570
1285.979492	14944.683594
1284.905273	14952.840820
1283.831055	14859.647461
1282.755859	14962.387695
1281.681641	15150.630859
1280.606445	15458.083008
1279.530273	15643.892578
1278.455078	15566.395508
1277.378906	15664.378906
1276.302734	15787.058594
1275.226563	16121.035156
1274.150391	16164.889648
1273.073242	16228.951172
1271.996094	16070.532227
1270.918945	15970.587891
1269.841797	15935.820313
1268.763672	15544.016602
1267.686523	16070.632813
1266.608398	15705.897461
1265.529297	15449.035156
1264.451172	15573.711914
1263.372070	15209.304688
1262.292969	15022.229492
1261.213867	14808.323242
1260.134766	14585.538086
1259.054688	14454.742188
1257.974609	14375.540039
1256.894531	14117.133789
1255.814453	14118.673828
1254.734375	14032.870117
1253.653320	14009.795898
1252.572266	14208.350586
1251.491211	13896.529297
1250.409180	13864.543945
1249.328125	13926.533203
1248.246094	14120.462891
1247.163086	13981.108398
1246.081055	13937.950195
1244.999023	13984.221680
1243.916016	13972.367188
1242.833008	13996.267578
1241.749023	13819.102539
1240.666016	13704.547852
1239.582031	13659.262695
1238.498047	13571.578125
1237.414063	13762.937500
1236.329102	13541.369141
1235.245117	13717.036133
1234.160156	13334.959961
1233.075195	13526.206055
1231.989258	13273.652344
1230.904297	13353.365234
1229.818359	13410.756836
1228.732422	13583.997070
1227.645508	13255.891602
1226.559570	13344.448242
1225.472656	13406.244141
1224.385742	13398.992188
1223.298828	13336.092773
1222.210938	13480.194336
1221.124023	13350.549805
1220.036133	13151.994141
1218.948242	13402.801758
1217.859375	13540.094727
1216.771484	13592.847656
1215.682617	13454.418945
1214.593750	13220.488281
1213.503906	13328.818359
1212.415039	13194.971680
1211.325195	13092.273438
1210.235352	13291.597656
1209.145508	13140.081055
1208.054688	13148.431641
1206.964844	12897.148438
1205.874023	12974.321289
1204.782227	12911.719727
1203.691406	12647.334961
1202.599609	12507.224609
1201.507813	12708.547852
1200.416016	12533.021484
1199.324219	12180.301758
1198.231445	12120.155273
1197.138672	11867.337891
1196.045898	11632.340820
1194.953125	11880.083984
1193.860352	11729.293945
1192.766602	12016.746094
1191.672852	12222.211914
1190.579102	12058.170898
1189.484375	12150.747070
1188.389648	12201.271484
1187.294922	12079.338867
1186.200195	12118.803711
1185.105469	12335.035156
1184.009766	12456.174805
1182.914063	12334.287109
1181.818359	12464.208008
1180.722656	12527.834961
1179.625977	12304.463867
1178.529297	12816.120117
1177.432617	12617.051758
1176.335938	12576.904297
1175.239258	12415.463867
1174.141602	12439.324219
1173.043945	12427.898438
1171.946289	12445.131836
1170.847656	12319.111328
1169.749023	12071.960938
1168.650391	12071.632813
1167.551758	12126.363281
1166.453125	12101.801758
1165.353516	12048.629883
1164.253906	11722.555664
1163.154297	11922.546875
1162.054688	11860.643555
1160.954102	12034.125000
1159.853516	11897.452148
1158.752930	11952.122070
1157.652344	11962.803711
1156.551758	11982.270508
1155.450195	12063.253906
1154.348633	12355.100586
1153.246094	12675.376953
1152.144531	12940.619141
1151.041992	13383.583008
1149.939453	13624.418945
1148.836914	14071.440430
1147.734375	14467.809570
1146.630859	14778.459961
1145.527344	14996.866211
1144.423828	15278.767578
1143.320313	15343.517578
1142.215820	15386.322266
1141.111328	15492.656250
1140.006836	15040.273438
1138.902344	15074.350586
1137.796875	14687.942383
1136.691406	14551.297852
1135.585938	14230.831055
1134.480469	13790.126953
1133.374023	13607.803711
1132.268555	13289.922852
1131.162109	13230.261719
1130.054688	12871.044922
1128.948242	12501.045898
1127.840820	12417.541992
1126.733398	12401.818359
1125.625977	12095.511719
1124.518555	12162.868164
1123.410156	12020.536133
1122.301758	11801.839844
1121.193359	11738.231445
1120.083984	11914.733398
1118.975586	11768.206055
1117.866211	11852.996094
1116.756836	11824.327148
1115.647461	11867.633789
1114.537109	11819.349609
1113.426758	11943.291016
1112.316406	11999.619141
1111.206055	12278.172852
1110.094727	12462.933594
1108.983398	12765.228516
1107.872070	12749.474609
1106.760742	12759.851563
1105.649414	12937.823242
1104.537109	13202.765625
1103.424805	12873.627930
1102.312500	12938.348633
1101.199219	12926.922852
1100.086914	12824.179688
1098.973633	12741.043945
1097.859375	12542.750977
1096.746094	12746.538086
1095.631836	12580.913086
1094.517578	12287.208008
1093.403320	12087.003906
1092.289063	12101.824219
1091.173828	11838.792969
1090.058594	11545.488281
1088.943359	11508.336914
1087.828125	11440.831055
1086.711914	11379.859375
1085.596680	11303.733398
1084.480469	11522.476563
1083.363281	11142.907227
1082.247070	11218.567383
1081.129883	11426.354492
1080.012695	11250.656250
1078.895508	11131.336914
1077.777344	11200.438477
1076.659180	11514.122070
1075.541016	11306.086914
1074.422852	11286.388672
1073.304688	11420.296875
1072.185547	11285.948242
1071.066406	11454.396484
1069.947266	11304.962891
1068.827148	11611.671875
1067.707031	11872.868164
1066.587891	11999.996094
1065.466797	11988.820313
1064.346680	12098.590820
1063.225586	12208.314453
1062.104492	12538.186523
1060.983398	12224.737305
1059.862305	12444.414063
1058.740234	12812.857422
1057.618164	12702.300781
1056.496094	12576.695313
1055.374023	12418.800781
1054.250977	12582.154297
1053.127930	12534.236328
1052.004883	12510.038086
1050.881836	12328.591797
1049.757813	12263.524414
1048.634766	12323.375977
1047.509766	12236.807617
1046.385742	12195.475586
1045.261719	12231.629883
1044.136719	11839.622070
1043.011719	11807.001953
1041.885742	11924.934570
1040.760742	11791.252930
1039.634766	11821.001953
1038.508789	11797.006836
1037.382813	11882.608398
1036.255859	11392.428711
1035.129883	11454.451172
1034.002930	11576.573242
1032.875000	11466.774414
1031.748047	11599.574219
1030.620117	11659.351563
1029.492188	11762.014648
1028.364258	11871.068359
1027.235352	11879.276367
1026.107422	11821.008789
1024.978516	11790.634766
1023.849609	11873.868164
1022.719727	12004.207031
1021.589844	11868.834961
1020.460938	11817.053711
1019.330078	11803.840820
1018.200195	11981.184570
1017.069336	11811.678711
1015.938477	11929.020508
1014.807617	11956.445313
1013.676758	11949.630859
1012.544922	11876.517578
1011.413086	12066.445313
1010.281250	12066.022461
1009.149414	11826.210938
1008.016602	11983.972656
1006.883789	12152.348633
1005.750977	12072.872070
1004.618164	12204.850586
1003.484375	12319.692383
1002.350586	12297.865234
1001.216797	11958.046875
1000.083008	11799.742188
998.948242	11914.569336
997.813477	11935.500000
996.678711	11640.825195
995.543945	11619.165039
994.408203	11744.586914
993.272461	11537.511719
992.136719	11392.310547
991.000977	11513.437500
989.864258	11581.271484
988.727539	11830.060547
987.590820	11533.773438
986.454102	11746.284180
985.316406	11354.384766
984.179688	11505.145508
983.041992	11630.318359
981.903320	11687.388672
980.765625	11618.995117
979.626953	11648.408203
978.488281	11798.943359
977.349609	11615.833008
976.209961	11840.658203
975.070313	11937.958984
973.930664	11767.673828
972.791016	12138.801758
971.650391	11977.034180
970.509766	12443.449219
969.369141	12765.399414
968.228516	12569.662109
967.087891	12776.930664
965.946289	12746.648438
964.804688	12947.430664
963.662109	12768.772461
962.520508	12664.348633
961.377930	12718.848633
960.235352	12567.883789
959.092773	12508.035156
957.949219	12484.200195
956.805664	12602.186523
955.662109	12390.003906
954.518555	12306.967773
953.375000	12039.940430
952.230469	12149.458984
951.085938	12161.669922
949.940430	11858.906250
948.795898	11871.172852
947.650391	11822.156250
946.504883	11857.662109
945.359375	11981.858398
944.212891	12169.350586
943.067383	12135.087891
941.919922	12134.611328
940.773438	12528.756836
939.626953	12682.211914
938.479492	12734.350586
937.332031	12655.712891
936.184570	13175.916016
935.036133	13613.684570
933.887695	14167.181641
932.739258	14594.013672
931.590820	15039.623047
930.441406	15575.609375
929.292969	16132.423828
928.142578	16238.457031
926.993164	16420.220703
925.843750	16570.337891
924.693359	16491.056641
923.542969	16291.905273
922.391602	15945.623047
921.241211	15263.064453
920.089844	14694.314453
918.938477	14258.216797
917.787109	13879.039063
916.634766	13510.527344
915.482422	13037.151367
914.330078	12641.675781
913.177734	12586.486328
912.024414	12359.198242
910.872070	11974.611328
909.717773	11904.910156
908.564453	11927.538086
907.411133	11637.664063
906.256836	11547.109375
905.102539	11729.120117
903.947266	11588.281250
902.792969	11644.475586
901.637695	11537.234375
900.482422	11662.535156
899.326172	11333.357422
898.170898	11513.082031
897.014648	11414.330078
895.858398	11303.063477
894.701172	11815.356445
893.544922	11570.169922
892.387695	11550.961914
891.230469	11473.213867
890.072266	11401.770508
888.915039	11380.518555
887.756836	11455.398438
886.598633	11198.063477
885.439453	11479.734375
884.281250	11479.364258
883.122070	11451.851563
881.962891	11706.148438
880.802734	11789.206055
879.643555	11738.690430
878.483398	11742.433594
877.322266	11938.050781
876.162109	11841.660156
875.000977	12158.083984
873.839844	12153.393555
872.678711	12261.231445
871.517578	12048.181641
870.355469	12276.803711
869.193359	12126.314453
868.031250	12109.140625
866.868164	12100.298828
865.706055	12031.106445
864.542969	11995.235352
863.378906	11734.710938
862.215820	11590.766602
861.051758	11754.628906
859.887695	11876.840820
858.723633	11797.389648
857.558594	11882.134766
856.394531	11748.697266
855.229492	11943.502930
854.063477	12005.316406
852.898438	11994.433594
851.732422	11875.614258
850.566406	11744.392578
849.400391	11839.391602
848.233398	11826.476563
847.066406	12023.041992
845.899414	11869.088867
844.732422	11982.634766
843.564453	12156.237305
842.396484	12259.309570
841.228516	12424.490234
840.060547	12394.892578
838.891602	12168.572266
837.722656	12145.252930
836.553711	12163.342773
835.384766	12322.153320
834.214844	12358.817383
833.044922	12391.328125
831.875000	12204.591797
830.705078	12268.136719
829.534180	12339.921875
828.363281	12145.047852
827.192383	12483.398438
826.020508	12205.935547
824.849609	12523.470703
823.677734	12235.791016
822.505859	12443.754883
821.333008	12143.829102
820.160156	12149.470703
818.987305	12138.602539
817.814453	12109.171875
816.640625	11953.944336
815.467773	11823.527344
814.293945	11915.813477
813.119141	11843.169922
811.945313	12038.444336
810.770508	12145.043945
809.595703	12134.188477
808.420898	12121.278320
807.245117	12203.082031
806.069336	12229.271484
804.893555	12076.402344
803.717773	12063.512695
802.541016	12027.999023
801.364258	12292.775391
800.187500	12199.651367
799.010742	12425.215820
797.833008	12432.813477
796.655273	12701.381836
795.477539	12725.350586
794.298828	12714.391602
793.121094	12652.095703
791.942383	12600.091797
790.762695	12455.739258
789.583984	12412.007813
788.404297	12559.112305
787.224609	12496.913086
786.044922	12512.675781
784.864258	12347.987305
783.683594	12402.724609
782.502930	12449.238281
781.322266	12694.499023
780.141602	12601.615234
778.959961	12621.425781
777.778320	12420.062500
776.595703	12767.483398
775.414063	12414.700195
774.231445	12604.390625
773.048828	12622.128906
771.865234	12670.542969
770.681641	12338.533203
769.499023	12532.163086
768.314453	12815.656250
767.130859	12831.282227
765.946289	12765.164063
764.761719	12817.565430
763.577148	12822.965820
762.391602	12997.855469
761.207031	13099.169922
760.021484	13086.132813
758.834961	13389.416992
757.649414	13525.263672
756.462891	13450.944336
755.276367	13688.688477
754.089844	13730.586914
752.902344	14010.975586
751.714844	14162.841797
750.527344	14381.884766
749.339844	14745.474609
748.151367	15198.525391
746.962891	15759.305664
745.774414	16647.623047
744.584961	16961.554688
743.396484	17112.544922
742.207031	18109.857422
741.016602	18590.064453
739.827148	18832.119141
738.636719	18795.509766
737.446289	19655.390625
736.255859	19669.425781
735.064453	20193.472656
733.873047	20772.140625
732.681641	20430.484375
731.490234	20255.486328
730.297852	20090.712891
729.105469	19548.478516
727.913086	19183.025391
726.720703	18146.177734
725.527344	17795.382813
724.333984	16682.218750
723.140625	16384.607422
721.947266	15959.417969
720.752930	15621.557617
719.558594	15350.708984
718.364258	14978.686523
717.168945	14728.345703
715.973633	14644.155273
714.778320	14329.210938
713.583008	14230.972656
712.386719	14092.305664
711.190430	13799.936523
709.994141	13928.418945
708.797852	13791.926758
707.600586	13958.768555
706.403320	14103.301758
705.206055	14015.360352
704.008789	14169.918945
702.810547	13849.689453
701.612305	13792.152344
700.414063	13359.067383
699.214844	13588.325195
698.015625	13968.856445
696.816406	14052.592773
695.617188	14255.320313
694.416992	14314.751953
693.217773	14491.117188
692.016602	14739.986328
690.816406	15143.955078
689.615234	15519.534180
688.414063	16064.193359
687.212891	16511.925781
686.011719	16371.387695
684.809570	17036.314453
683.607422	17477.500000
682.405273	18135.857422
681.202148	18377.402344
680.000000	18180.277344
678.795898	17868.591797
677.592773	17569.105469
676.389648	17086.798828
675.185547	17034.841797
673.981445	17218.025391
672.776367	17652.271484
671.571289	17839.257813
670.367188	18216.945313
669.161133	18777.179688
667.956055	19423.486328
666.750000	20338.443359
665.543945	21543.943359
664.337891	22746.912109
663.130859	23520.150391
661.923828	24252.943359
660.716797	24778.925781
659.509766	24007.875000
658.301758	23591.847656
657.093750	23109.886719
655.885742	22099.335938
654.677734	21183.345703
653.468750	20870.400391
652.259766	20143.234375
651.050781	19706.568359
649.840820	19220.072266
648.631836	18507.740234
647.420898	17909.714844
646.210938	17439.919922
645.000977	16702.449219
643.790039	16375.025391
642.579102	16081.712891
641.367188	15155.227539
640.155273	14892.266602
638.943359	14735.255859
637.731445	14710.080078
636.519531	15048.195313
635.306641	14571.953125
634.093750	14720.407227
632.880859	14386.068359
631.666992	14731.932617
630.453125	14668.901367
629.239258	14476.323242
628.025391	14859.805664
626.810547	14776.859375
625.595703	14745.743164
624.380859	14423.852539
623.165039	14297.245117
621.950195	14335.930664
620.734375	14366.636719
619.517578	14039.135742
618.301758	13966.435547
617.084961	13756.519531
615.868164	13721.696289
614.650391	13613.322266
613.433594	13522.885742
612.215820	13166.182617
610.998047	13012.299805
609.779297	12798.888672
608.560547	12895.393555
607.341797	12926.330078
606.123047	12925.489258
604.904297	12912.739258
603.684570	12776.966797
602.464844	12750.366211
601.244141	12699.975586
600.024414	12621.842773
598.803711	12553.657227
597.582031	12315.036133
596.361328	12577.890625
595.139648	12392.861328
593.917969	12336.666992
592.696289	12153.750000
591.473633	12026.352539
590.250977	12043.515625
589.028320	12088.377930
587.805664	11903.693359
586.582031	12089.019531
585.358398	12345.465820
584.134766	12688.802734
582.911133	12796.732422
581.686523	12886.825195
580.461914	13172.509766
579.237305	13705.022461
578.011719	13628.937500
576.786133	13679.270508
575.560547	13828.297852
574.334961	13766.049805
573.108398	13620.942383
571.881836	13797.503906
570.655273	13739.247070
569.427734	13917.675781
568.200195	13855.471680
566.972656	13675.015625
565.745117	13311.345703
564.516602	13475.915039
563.288086	13238.527344
562.059570	13326.224609
560.831055	13059.434570
559.601563	13225.879883
558.372070	13370.600586
557.142578	13281.081055
555.912109	13545.736328
554.681641	13377.536133
553.451172	13209.409180
552.220703	13310.714844
550.989258	13345.141602
549.757813	13479.780273
548.526367	13062.240234
547.294922	12660.597656
546.062500	12575.331055
544.830078	12625.584961
543.596680	12634.590820
542.364258	12810.418945
541.130859	12923.377930
539.897461	13051.980469
538.663086	12866.704102
537.429688	12787.399414
536.195313	12927.708008
534.959961	13050.312500
533.725586	13276.725586
532.490234	13336.502930
531.254883	13406.046875
530.019531	13191.594727
528.783203	13312.044922
527.546875	13726.067383
526.310547	14077.281250
525.073242	14905.761719
523.836914	16610.263672
522.598633	18613.250000
521.361328	20455.013672
520.124023	20059.527344
518.885742	18640.056641
517.646484	16578.320313
516.408203	15490.402344
515.168945	14785.791016
513.929688	14112.733398
512.690430	14008.105469
511.450195	14065.531250
510.210938	14134.639648
508.970703	14457.354492
507.729492	14144.020508
506.488281	14137.004883
505.247070	14063.699219
504.005859	13867.617188
502.764648	13566.378906
501.522461	13232.147461
