1802.271484	5553.782715
1801.302734	5643.682129
1800.333984	5452.805176
1799.364258	5461.700684
1798.394531	5500.541016
1797.424805	5539.365234
1796.454102	5271.324707
1795.484375	5085.699707
1794.513672	5062.239746
1793.542969	5298.083496
1792.572266	5376.791504
1791.601563	5525.250000
1790.629883	5454.377441
1789.658203	5358.620605
1788.687500	5377.475098
1787.714844	5381.380371
1786.743164	5380.304688
1785.771484	5625.662598
1784.798828	5938.117676
1783.826172	5914.536133
1782.853516	5843.696289
1781.880859	5986.787598
1780.907227	5886.120117
1779.933594	6101.246094
1778.959961	6162.168945
1777.986328	6406.975586
1777.012695	6177.096680
1776.038086	5972.151367
1775.064453	5973.439941
1774.089844	5671.769531
1773.115234	5827.048340
1772.139648	5962.406738
1771.165039	6276.397949
1770.189453	6520.787598
1769.213867	6750.194336
1768.238281	6714.118652
1767.262695	6973.151367
1766.286133	6932.086426
1765.310547	7138.916504
1764.333984	7343.184570
1763.357422	7113.756348
1762.379883	7464.107910
1761.403320	7343.726074
1760.425781	7362.064941
1759.448242	7499.235352
1758.470703	7522.485840
1757.493164	7808.057617
1756.514648	8014.335938
1755.536133	8403.593750
1754.558594	8421.696289
1753.579102	7913.076660
1752.600586	7782.928223
1751.622070	7647.888184
1750.642578	7601.870605
1749.663086	7805.427246
1748.683594	7769.276855
1747.703125	7770.188477
1746.723633	7571.080566
1745.743164	7297.985840
1744.762695	7141.014160
1743.782227	7171.664063
1742.801758	7202.301270
1741.820313	7005.971680
1740.839844	7300.533203
1739.858398	7109.193848
1738.875977	7033.804688
1737.894531	7128.524414
1736.913086	6860.936523
1735.930664	6704.332520
1734.948242	6774.425781
1733.965820	7019.358887
1732.982422	7210.019531
1732.000000	7166.718750
1731.016602	7103.743652
1730.033203	6870.986816
1729.049805	6601.416504
1728.066406	6484.472168
1727.082031	6520.062012
1726.097656	6653.995605
1725.113281	6972.261719
1724.128906	7179.790039
1723.144531	7220.125000
1722.159180	7022.113770
1721.173828	6838.920898
1720.188477	6874.386719
1719.203125	6676.562988
1718.217773	6937.909180
1717.231445	6845.696289
1716.245117	6981.746582
1715.258789	7058.855957
1714.272461	6905.347656
1713.286133	7200.718750
1712.298828	7449.381348
1711.311523	7700.395508
1710.324219	7664.531250
1709.336914	7582.120117
1708.349609	7766.802246
1707.361328	7586.418457
1706.373047	7504.071777
1705.384766	7931.069336
1704.396484	8032.294922
1703.408203	8113.897949
1702.418945	8601.692383
1701.429688	8812.819336
1700.440430	9109.475586
1699.451172	9095.414063
1698.460938	9487.254883
1697.471680	9673.584961
1696.481445	9830.508789
1695.491211	9718.563477
1694.500000	9936.494141
1693.509766	9958.919922
1692.518555	10130.311523
1691.527344	10411.510742
1690.536133	10702.361328
1689.544922	10592.812500
1688.552734	10905.470703
1687.561523	11074.055664
1686.569336	11196.226563
1685.577148	11379.317383
1684.583984	11374.585938
1683.591797	11525.874023
1682.598633	10994.656250
1681.605469	11036.302734
1680.612305	11246.037109
1679.619141	11438.635742
1678.625000	11502.083984
1677.630859	11514.373047
1676.636719	11796.870117
1675.642578	11811.528320
1674.648438	12088.983398
1673.653320	11689.985352
1672.659180	11602.494141
1671.664063	11595.289063
1670.667969	11665.892578
1669.672852	11559.008789
1668.676758	11376.825195
1667.681641	11359.949219
1666.685547	11583.594727
1665.688477	11595.831055
1664.692383	11729.484375
1663.695313	11627.569336
1662.698242	11452.871094
1661.701172	11613.166992
1660.704102	11370.597656
1659.707031	11695.814453
1658.708984	11608.558594
1657.710938	11802.641602
1656.712891	11822.079102
1655.714844	11999.071289
1654.715820	12265.663086
1653.717773	12478.838867
1652.718750	11994.222656
1651.718750	11877.960938
1650.719727	11708.469727
1649.720703	11691.577148
1648.720703	12083.776367
1647.720703	12185.400391
1646.720703	11933.712891
1645.719727	12110.318359
1644.719727	11740.232422
1643.718750	12190.058594
1642.717773	11957.913086
1641.716797	11928.906250
1640.715820	11844.325195
1639.713867	11769.443359
1638.711914	11559.309570
1637.709961	11699.470703
1636.708008	11528.070313
1635.706055	11771.994141
1634.703125	11262.717773
1633.700195	11443.849609
1632.697266	11540.458984
1631.694336	11415.095703
1630.690430	11441.727539
1629.687500	11046.362305
1628.683594	11299.676758
1627.679688	11408.266602
1626.674805	11531.270508
1625.670898	11678.318359
1624.666016	11476.014648
1623.661133	11485.733398
1622.656250	11117.402344
1621.651367	11348.671875
1620.645508	10843.320313
1619.639648	10617.323242
1618.633789	10622.390625
1617.627930	10740.512695
1616.622070	10560.366211
1615.615234	10644.789063
1614.608398	10440.694336
1613.601563	10529.913086
1612.594727	10746.457031
1611.587891	10955.704102
1610.580078	11220.114258
1609.572266	11563.669922
1608.564453	11460.478516
1607.556641	11194.086914
1606.547852	11047.809570
1605.540039	11141.554688
1604.531250	11331.228516
1603.522461	11254.571289
1602.512695	11516.088867
1601.503906	11770.307617
1600.494141	11827.849609
1599.484375	11667.266602
1598.474609	11360.577148
1597.464844	11640.970703
1596.454102	11595.493164
1595.443359	11794.301758
1594.432617	11923.594727
1593.421875	11787.121094
1592.411133	12395.026367
1591.399414	12820.828125
1590.387695	12636.407227
1589.375977	12588.395508
1588.364258	12447.139648
1587.352539	12380.057617
1586.339844	12420.571289
1585.327148	12747.858398
1584.314453	12494.377930
1583.301758	12575.454102
1582.288086	12797.415039
1581.274414	12902.274414
1580.260742	13176.602539
1579.247070	13099.927734
1578.233398	12872.932617
1577.218750	13213.907227
1576.205078	13309.029297
1575.190430	13318.249023
1574.174805	12998.391602
1573.160156	13038.664063
1572.144531	13078.917969
1571.128906	13405.131836
1570.113281	13323.778320
1569.097656	13578.342773
1568.082031	13611.306641
1567.065430	13618.063477
1566.048828	13717.664063
1565.032227	13755.337891
1564.015625	13795.375000
1562.998047	13561.780273
1561.980469	13806.413086
1560.962891	14115.160156
1559.945313	14100.399414
1558.927734	14126.057617
1557.909180	13961.557617
1556.890625	13911.188477
1555.872070	13715.911133
1554.853516	14000.541016
1553.834961	13962.067383
1552.815430	14270.274414
1551.795898	14034.722656
1550.776367	14029.491211
1549.756836	13680.179688
1548.736328	13646.551758
1547.716797	13655.631836
1546.696289	13617.277344
1545.675781	13706.973633
1544.654297	13689.958008
1543.633789	13371.949219
1542.612305	13234.158203
1541.590820	13229.091797
1540.569336	13370.881836
1539.546875	13278.167969
1538.525391	13471.976563
1537.502930	13426.622070
1536.480469	13563.519531
1535.457031	13456.640625
1534.434570	13524.869141
1533.411133	13597.798828
1532.387695	13528.813477
1531.364258	13379.468750
1530.340820	13270.369141
1529.316406	13298.384766
1528.291992	13425.628906
1527.267578	12884.273438
1526.243164	12952.500977
1525.218750	12900.268555
1524.193359	13218.719727
1523.167969	13057.874023
1522.142578	12946.651367
1521.117188	13000.636719
1520.091797	13040.444336
1519.065430	12622.686523
1518.039063	12959.664063
1517.012695	13176.269531
1515.985352	12857.733398
1514.958984	12909.309570
1513.931641	12960.863281
1512.904297	12871.058594
1511.876953	13075.681641
1510.849609	13134.231445
1509.821289	13395.214844
1508.792969	13246.549805
1507.764648	13166.187500
1506.736328	13135.264648
1505.707031	13261.954102
1504.677734	13390.943359
1503.649414	13407.016602
1502.619141	13691.074219
1501.589844	13457.944336
1500.559570	13788.870117
1499.530273	13654.487305
1498.500000	13766.791016
1497.468750	13848.518555
1496.438477	13707.159180
1495.407227	13849.897461
1494.375977	13762.574219
1493.344727	13759.759766
1492.313477	13557.535156
1491.282227	13622.781250
1490.250000	13343.280273
1489.217773	13478.878906
1488.185547	13251.088867
1487.152344	13248.377930
1486.120117	13252.695313
1485.086914	13069.599609
1484.053711	12945.132813
1483.020508	12834.765625
1481.986328	13047.528320
1480.953125	13035.494141
1479.918945	13007.083008
1478.884766	12805.539063
1477.849609	13256.738281
1476.815430	13048.208984
1475.780273	13244.293945
1474.745117	13414.582031
1473.709961	13668.945313
1472.673828	13820.379883
1471.638672	14030.162109
1470.602539	13978.233398
1469.566406	14276.642578
1468.529297	14563.253906
1467.493164	14933.789063
1466.456055	15199.140625
1465.418945	15319.703125
1464.381836	15673.521484
1463.344727	15740.286133
1462.306641	16166.166992
1461.268555	16097.566406
1460.230469	16485.898438
1459.192383	17016.242188
1458.154297	17136.251953
1457.115234	17137.398438
1456.076172	17408.732422
1455.037109	17652.009766
1453.998047	17755.490234
1452.958008	17693.652344
1451.917969	18048.429688
1450.877930	18244.835938
1449.837891	18122.447266
1448.797852	18235.021484
1447.756836	18756.824219
1446.715820	18913.394531
1445.674805	18823.505859
1444.633789	18696.470703
1443.591797	18897.101563
1442.549805	18709.701172
1441.507813	18956.695313
1440.465820	18606.812500
1439.423828	18554.238281
1438.380859	18531.857422
1437.337891	18449.148438
1436.294922	18371.113281
1435.251953	18318.625000
1434.208984	18187.304688
1433.165039	18519.785156
1432.121094	18699.123047
1431.077148	18885.337891
1430.032227	19011.226563
1428.988281	19225.101563
1427.943359	19156.291016
1426.898438	19557.632813
1425.853516	19065.060547
1424.807617	19399.121094
1423.761719	19281.722656
1422.716797	18995.453125
1421.669922	18783.330078
1420.624023	18705.451172
1419.578125	18435.660156
1418.531250	18068.871094
1417.484375	18097.517578
1416.436523	17763.302734
1415.389648	17329.867188
1414.341797	17319.371094
1413.293945	17456.697266
1412.246094	17314.550781
1411.198242	16812.298828
1410.149414	16741.898438
1409.101563	16676.140625
1408.052734	16520.423828
1407.002930	16318.634766
1405.954102	16345.256836
1404.904297	16581.705078
1403.854492	16034.209961
1402.804688	16102.361328
1401.754883	16175.091797
1400.704102	16176.368164
1399.654297	15970.326172
1398.603516	16089.096680
1397.551758	15887.760742
1396.500977	16004.196289
1395.449219	15743.116211
1394.397461	16098.851563
1393.345703	15881.570313
1392.293945	16057.711914
1391.241211	15983.110352
1390.189453	16216.638672
1389.136719	15981.119141
1388.083008	15798.555664
1387.030273	16130.781250
1385.976563	16074.616211
1384.922852	16305.583008
1383.869141	16472.154297
1382.815430	17063.404297
1381.760742	17197.611328
1380.707031	17575.031250
1379.652344	17754.966797
1378.596680	18129.820313
1377.541992	18171.951172
1376.486328	18629.113281
1375.430664	18863.701172
1374.375000	19183.000000
1373.319336	19380.708984
1372.262695	19058.230469
1371.207031	19015.353516
1370.150391	19327.482422
1369.092773	19138.019531
1368.036133	18907.425781
1366.978516	18935.564453
1365.920898	18952.248047
1364.863281	19078.744141
1363.805664	18791.162109
1362.747070	18917.636719
1361.688477	18842.847656
1360.629883	19046.980469
1359.571289	18462.519531
1358.512695	18595.808594
1357.453125	18861.546875
1356.393555	18764.000000
1355.333984	18741.851563
1354.274414	18977.708984
1353.213867	18898.457031
1352.153320	18940.195313
1351.092773	18765.146484
1350.032227	19222.085938
1348.970703	19236.357422
1347.910156	19314.470703
1346.848633	19515.664063
1345.787109	19933.314453
1344.724609	20072.763672
1343.663086	19915.955078
1342.600586	20283.144531
1341.538086	20688.898438
1340.474609	20711.943359
1339.412109	21176.628906
1338.348633	21238.251953
1337.285156	21404.529297
1336.221680	21632.164063
1335.157227	21752.792969
1334.093750	22137.179688
1333.029297	22478.205078
1331.964844	22214.396484
1330.900391	22325.708984
1329.834961	22064.312500
1328.769531	21930.246094
1327.704102	21739.449219
1326.638672	21221.718750
1325.573242	20686.039063
1324.506836	20856.541016
1323.440430	20110.089844
1322.374023	19935.746094
1321.306641	19427.992188
1320.240234	19548.710938
1319.172852	19170.501953
1318.105469	18921.673828
1317.038086	18897.351563
1315.969727	18929.693359
1314.902344	19027.726563
1313.833984	19293.349609
1312.764648	19393.529297
1311.696289	19502.724609
1310.626953	19591.498047
1309.558594	19487.843750
1308.489258	19531.322266
1307.418945	19850.802734
1306.349609	19966.568359
1305.279297	19571.183594
1304.208984	19863.320313
1303.138672	19617.316406
1302.067383	19120.539063
1300.997070	19069.119141
1299.925781	18760.171875
1298.854492	18580.097656
1297.782227	18366.224609
1296.710938	18109.542969
1295.638672	17740.099609
1294.566406	17305.361328
1293.494141	17191.205078
1292.420898	17289.150391
1291.347656	16917.925781
1290.274414	16515.283203
1289.201172	16338.257813
1288.127930	16497.152344
1287.053711	16279.637695
1285.979492	16377.643555
1284.905273	16322.429688
1283.831055	16442.904297
1282.755859	16263.856445
1281.681641	16670.195313
1280.606445	16936.818359
1279.530273	17196.580078
1278.455078	17253.750000
1277.378906	17538.076172
1276.302734	17831.279297
1275.226563	17924.253906
1274.150391	17895.798828
1273.073242	17844.878906
1271.996094	17843.414063
1270.918945	18100.298828
1269.841797	17919.093750
1268.763672	17731.226563
1267.686523	17736.517578
1266.608398	17546.519531
1265.529297	17201.750000
1264.451172	16976.041016
1263.372070	16494.693359
1262.292969	16237.824219
1261.213867	16299.470703
1260.134766	15856.672852
1259.054688	15723.370117
1257.974609	15554.267578
1256.894531	15376.272461
1255.814453	15386.509766
1254.734375	14937.638672
1253.653320	15138.282227
1252.572266	14915.746094
1251.491211	14787.303711
1250.409180	14867.015625
1249.328125	14953.405273
1248.246094	14898.844727
1247.163086	14770.508789
1246.081055	14756.250977
1244.999023	14873.882813
1243.916016	14691.993164
1242.833008	14820.759766
1241.749023	14574.170898
1240.666016	14564.431641
1239.582031	14507.802734
1238.498047	14303.848633
1237.414063	14430.326172
1236.329102	14280.030273
1235.245117	14259.202148
1234.160156	14383.375977
1233.075195	14282.246094
1231.989258	14176.697266
1230.904297	13801.450195
1229.818359	14139.578125
1228.732422	14147.768555
1227.645508	14220.564453
1226.559570	14170.820313
1225.472656	13947.393555
1224.385742	14140.412109
1223.298828	14059.549805
1222.210938	14185.696289
1221.124023	14122.656250
1220.036133	14035.170898
1218.948242	14299.138672
1217.859375	14200.533203
1216.771484	14157.548828
1215.682617	14105.690430
1214.593750	14076.075195
1213.503906	14162.007813
1212.415039	13994.666992
1211.325195	14089.462891
1210.235352	14042.108398
1209.145508	14005.874023
1208.054688	13927.482422
1206.964844	13980.047852
1205.874023	13699.800781
1204.782227	13787.879883
1203.691406	13807.173828
1202.599609	13706.729492
1201.507813	13420.121094
1200.416016	13237.795898
1199.324219	12993.503906
1198.231445	12773.681641
1197.138672	12403.338867
1196.045898	12551.324219
1194.953125	12621.758789
1193.860352	12705.443359
1192.766602	12915.235352
1191.672852	12804.117188
1190.579102	12861.164063
1189.484375	13030.979492
1188.389648	12736.375977
1187.294922	13021.102539
1186.200195	13086.893555
1185.105469	13004.601563
1184.009766	12973.157227
1182.914063	13173.655273
1181.818359	13281.316406
1180.722656	13196.840820
1179.625977	13216.150391
1178.529297	13224.416992
1177.432617	13259.157227
1176.335938	13176.959961
1175.239258	13390.350586
1174.141602	13224.362305
1173.043945	13195.133789
1171.946289	13159.304688
1170.847656	12870.055664
1169.749023	12788.038086
1168.650391	12580.491211
1167.551758	12650.532227
1166.453125	12680.909180
1165.353516	12361.238281
1164.253906	12499.510742
1163.154297	12347.251953
1162.054688	12236.857422
1160.954102	12295.879883
1159.853516	12374.668945
1158.752930	12512.790039
1157.652344	12545.335938
1156.551758	12889.952148
1155.450195	13041.058594
1154.348633	13187.708008
1153.246094	13430.935547
1152.144531	13792.640625
1151.041992	14086.133789
1149.939453	14638.513672
1148.836914	15137.991211
1147.734375	15970.759766
1146.630859	16375.419922
1145.527344	17049.669922
1144.423828	16991.269531
1143.320313	17299.000000
1142.215820	17288.791016
1141.111328	17364.046875
1140.006836	16720.666016
1138.902344	16682.105469
1137.796875	16417.998047
1136.691406	15919.723633
1135.585938	15436.982422
1134.480469	15284.915039
1133.374023	14774.062500
1132.268555	14652.823242
1131.162109	14188.248047
1130.054688	13997.206055
1128.948242	13633.529297
1127.840820	13412.082031
1126.733398	13061.791992
1125.625977	13083.078125
1124.518555	12835.670898
1123.410156	12717.220703
1122.301758	12640.305664
1121.193359	12600.534180
1120.083984	12543.318359
1118.975586	12483.943359
1117.866211	12470.408203
1116.756836	12435.065430
1115.647461	12467.339844
1114.537109	12556.287109
1113.426758	12547.104492
1112.316406	12914.955078
1111.206055	13062.581055
1110.094727	13157.860352
1108.983398	13270.523438
1107.872070	13341.764648
1106.760742	13645.921875
1105.649414	13751.878906
1104.537109	13670.639648
1103.424805	13970.182617
1102.312500	13895.455078
1101.199219	13953.421875
1100.086914	13813.498047
1098.973633	13669.285156
1097.859375	13759.861328
1096.746094	13641.793945
1095.631836	13469.463867
1094.517578	13336.301758
1093.403320	13038.155273
1092.289063	12757.502930
1091.173828	12518.209961
1090.058594	12363.655273
1088.943359	12111.527344
1087.828125	12087.279297
1086.711914	11993.638672
1085.596680	11941.235352
1084.480469	12142.500000
1083.363281	11866.837891
1082.247070	11870.834961
1081.129883	11827.165039
1080.012695	11738.025391
1078.895508	11833.000977
1077.777344	11824.007813
1076.659180	11726.264648
1075.541016	11894.764648
1074.422852	11952.839844
1073.304688	11852.965820
1072.185547	11839.647461
1071.066406	12057.714844
1069.947266	11973.013672
1068.827148	12130.436523
1067.707031	12406.650391
1066.587891	12442.919922
1065.466797	12736.231445
1064.346680	12843.684570
1063.225586	12849.607422
1062.104492	12995.847656
1060.983398	13267.207031
1059.862305	13255.771484
1058.740234	13507.543945
1057.618164	13502.531250
1056.496094	13570.840820
1055.374023	13315.713867
1054.250977	13463.789063
1053.127930	13426.459961
1052.004883	13337.432617
1050.881836	13076.105469
1049.757813	13062.570313
1048.634766	13236.377930
1047.509766	13046.280273
1046.385742	13090.872070
1045.261719	13122.533203
1044.136719	12962.697266
1043.011719	12944.896484
1041.885742	12602.366211
1040.760742	12690.002930
1039.634766	12667.969727
1038.508789	12671.735352
1037.382813	12512.193359
1036.255859	12402.128906
1035.129883	12440.311523
1034.002930	12106.978516
1032.875000	12319.107422
1031.748047	12483.923828
1030.620117	12867.563477
1029.492188	12504.381836
1028.364258	12690.501953
1027.235352	12730.706055
1026.107422	12449.261719
1024.978516	12845.361328
1023.849609	12688.321289
1022.719727	12477.775391
1021.589844	12693.654297
1020.460938	12521.750000
1019.330078	12763.223633
1018.200195	12679.159180
1017.069336	12783.499023
1015.938477	12849.271484
1014.807617	12814.451172
1013.676758	12659.848633
1012.544922	12714.910156
1011.413086	12577.499023
1010.281250	12673.171875
1009.149414	12664.070313
1008.016602	12710.533203
1006.883789	12966.350586
1005.750977	12923.013672
1004.618164	12971.524414
1003.484375	13139.582031
1002.350586	13034.328125
1001.216797	13311.143555
1000.083008	13030.926758
998.948242	12782.829102
997.813477	12603.086914
996.678711	12431.949219
995.543945	12341.898438
994.408203	12403.221680
993.272461	12240.758789
992.136719	12359.601563
991.000977	12367.625977
989.864258	12322.404297
988.727539	12260.166992
987.590820	12291.622070
986.454102	12212.389648
985.316406	12050.202148
984.179688	12124.228516
983.041992	12381.141602
981.903320	12278.562500
980.765625	12169.648438
979.626953	12218.075195
978.488281	12291.982422
977.349609	12591.078125
976.209961	12637.257813
975.070313	12802.351563
973.930664	12910.041992
972.791016	13043.162109
971.650391	13301.449219
970.509766	13716.653320
969.369141	13872.851563
968.228516	13861.414063
967.087891	13915.721680
965.946289	14078.134766
964.804688	13947.952148
963.662109	14146.316406
962.520508	14058.549805
961.377930	13981.413086
960.235352	13622.620117
959.092773	13469.376953
957.949219	13398.762695
956.805664	13353.576172
955.662109	13162.395508
954.518555	13201.904297
953.375000	13072.177734
952.230469	13077.850586
951.085938	12977.804688
949.940430	12824.952148
948.795898	12790.517578
947.650391	12663.125000
946.504883	12692.113281
945.359375	13177.298828
944.212891	12777.501953
943.067383	13108.344727
941.919922	13113.992188
940.773438	13423.516602
939.626953	13593.660156
938.479492	13932.480469
937.332031	14125.639648
936.184570	14723.543945
935.036133	15021.851563
933.887695	15604.553711
932.739258	16132.221680
931.590820	16960.919922
930.441406	17671.312500
929.292969	18345.603516
928.142578	18663.804688
926.993164	19015.544922
925.843750	18809.458984
924.693359	19043.193359
923.542969	18679.421875
922.391602	18206.443359
921.241211	17477.144531
920.089844	16668.271484
918.938477	16011.069336
917.787109	15543.262695
916.634766	15012.629883
915.482422	14139.859375
914.330078	13731.547852
913.177734	13499.767578
912.024414	13433.911133
910.872070	13023.911133
909.717773	12744.170898
908.564453	12365.958008
907.411133	12560.456055
906.256836	12448.736328
905.102539	12362.219727
903.947266	12344.904297
902.792969	12277.304688
901.637695	12203.448242
900.482422	12376.781250
899.326172	12250.581055
898.170898	12153.744141
897.014648	12151.143555
895.858398	12200.863281
894.701172	12003.666016
893.544922	12319.061523
892.387695	12165.841797
891.230469	12336.789063
890.072266	12225.440430
888.915039	12149.669922
887.756836	12289.164063
886.598633	12077.613281
885.439453	12079.204102
884.281250	12210.268555
883.122070	12470.721680
881.962891	12129.891602
880.802734	12258.770508
879.643555	12231.106445
878.483398	12274.378906
877.322266	12530.365234
876.162109	12661.129883
875.000977	12754.313477
873.839844	12853.708984
872.678711	13092.677734
871.517578	13012.786133
870.355469	13072.484375
869.193359	12930.154297
868.031250	13046.057617
866.868164	12780.979492
865.706055	12590.935547
864.542969	12509.167969
863.378906	12853.886719
862.215820	12468.445313
861.051758	12155.945313
859.887695	12300.939453
858.723633	12402.223633
857.558594	12328.909180
856.394531	12448.840820
855.229492	12664.267578
854.063477	12580.557617
852.898438	12667.135742
851.732422	12602.142578
850.566406	12632.641602
849.400391	12492.985352
848.233398	12465.409180
847.066406	12566.432617
845.899414	12955.637695
844.732422	12658.471680
843.564453	12705.496094
842.396484	12872.689453
841.228516	12965.225586
840.060547	12979.010742
838.891602	13021.781250
837.722656	12882.333008
836.553711	12829.883789
835.384766	12974.064453
834.214844	12973.344727
833.044922	12958.143555
831.875000	12932.606445
830.705078	12828.504883
829.534180	12854.688477
828.363281	12965.602539
827.192383	13101.265625
826.020508	13315.377930
824.849609	13167.924805
823.677734	13132.049805
822.505859	13079.671875
821.333008	12882.821289
820.160156	12791.305664
818.987305	12978.379883
817.814453	12738.353516
816.640625	12521.117188
815.467773	12784.420898
814.293945	12554.896484
813.119141	12618.149414
811.945313	12623.674805
810.770508	12843.460938
809.595703	12968.401367
808.420898	12776.148438
807.245117	12674.569336
806.069336	12760.352539
804.893555	12786.416016
803.717773	12781.603516
802.541016	12832.333984
801.364258	12926.232422
800.187500	13238.050781
799.010742	13442.833008
797.833008	13363.887695
796.655273	13496.630859
795.477539	13859.415039
794.298828	13883.128906
793.121094	13791.832031
791.942383	13776.539063
790.762695	13761.251953
789.583984	13532.536133
788.404297	13453.700195
787.224609	13432.334961
786.044922	13351.501953
784.864258	13639.790039
783.683594	13458.493164
782.502930	13564.217773
781.322266	13510.061523
780.141602	13785.769531
778.959961	13862.676758
777.778320	13788.009766
776.595703	13557.773438
775.414063	13714.507813
774.231445	13519.175781
773.048828	13716.769531
771.865234	13441.740234
770.681641	13586.089844
769.499023	13748.778320
768.314453	13664.036133
767.130859	13953.354492
765.946289	13856.342773
764.761719	13910.551758
763.577148	13948.396484
762.391602	14108.749023
761.207031	14266.988281
760.021484	14663.979492
758.834961	14481.223633
757.649414	14761.696289
756.462891	14768.704102
755.276367	15159.122070
754.089844	15174.194336
752.902344	15770.247070
751.714844	15927.846680
750.527344	16274.880859
749.339844	16768.445313
748.151367	17074.408203
746.962891	18101.107422
745.774414	19100.892578
744.584961	19646.335938
743.396484	20645.351563
742.207031	21015.248047
741.016602	21531.439453
739.827148	22265.013672
738.636719	22882.373047
737.446289	23192.507813
736.255859	23600.058594
735.064453	24464.621094
733.873047	24843.277344
732.681641	25043.033203
731.490234	24952.322266
730.297852	24549.000000
729.105469	23926.638672
727.913086	23109.732422
726.720703	22270.861328
725.527344	21278.191406
724.333984	20502.945313
723.140625	19719.921875
721.947266	19129.814453
720.752930	18852.066406
719.558594	17628.189453
718.364258	17312.396484
717.168945	16640.275391
715.973633	16353.179688
714.778320	16244.360352
713.583008	16234.765625
712.386719	15842.713867
711.190430	15612.683594
709.994141	15506.137695
708.797852	15506.817383
707.600586	15562.085938
706.403320	15690.099609
705.206055	15630.107422
704.008789	15596.407227
702.810547	15508.177734
701.612305	15407.868164
700.414063	14825.010742
699.214844	14995.406250
698.015625	15373.614258
696.816406	15440.901367
695.617188	15554.559570
694.416992	15791.206055
693.217773	15789.791992
692.016602	16306.525391
690.816406	16879.472656
689.615234	17458.216797
688.414063	17984.320313
687.212891	18437.677734
686.011719	19176.818359
684.809570	19549.175781
683.607422	20213.267578
682.405273	20774.423828
681.202148	20703.503906
680.000000	20859.943359
678.795898	20698.523438
677.592773	20227.496094
676.389648	19847.142578
675.185547	19776.496094
673.981445	19936.978516
672.776367	20109.445313
671.571289	20755.888672
670.367188	21363.892578
669.161133	22196.505859
667.956055	22998.644531
666.750000	24183.761719
665.543945	25615.162109
664.337891	27449.158203
663.130859	28538.261719
661.923828	29797.332031
660.716797	29891.082031
659.509766	29720.218750
658.301758	29098.550781
657.093750	28262.781250
655.885742	27062.824219
654.677734	25959.511719
653.468750	25038.873047
652.259766	24368.849609
651.050781	23434.947266
649.840820	22809.580078
648.631836	21988.443359
647.420898	20727.669922
646.210938	20245.263672
645.000977	19555.160156
643.790039	18479.615234
642.579102	18099.919922
641.367188	17338.810547
640.155273	16747.808594
638.943359	16638.318359
637.731445	16397.107422
636.519531	16381.554688
635.306641	16078.639648
634.093750	16224.769531
632.880859	16261.124023
631.666992	16552.732422
630.453125	16654.794922
629.239258	16487.699219
628.025391	16611.652344
626.810547	16679.757813
625.595703	16403.195313
624.380859	16208.411133
623.165039	15934.060547
621.950195	15924.608398
620.734375	15811.659180
619.517578	15455.984375
618.301758	15275.541016
617.084961	15130.978516
615.868164	14731.931641
614.650391	14684.971680
613.433594	14651.946289
612.215820	14436.097656
610.998047	14077.285156
609.779297	13957.006836
608.560547	13824.862305
607.341797	13921.121094
606.123047	14005.425781
604.904297	13756.254883
603.684570	13747.293945
602.464844	13817.691406
601.244141	13729.380859
600.024414	13722.412109
598.803711	13507.275391
597.582031	13551.891602
596.361328	13221.945313
595.139648	13244.808594
593.917969	13160.696289
592.696289	13149.894531
591.473633	13141.076172
590.250977	12884.819336
589.028320	13022.515625
587.805664	12798.052734
586.582031	13090.008789
585.358398	13379.858398
584.134766	13671.556641
582.911133	13860.326172
581.686523	14100.400391
580.461914	14279.110352
579.237305	14228.567383
578.011719	14470.375977
576.786133	15031.991211
575.560547	15064.236328
574.334961	15299.778320
573.108398	14994.483398
571.881836	15036.577148
570.655273	15268.021484
569.427734	15187.759766
568.200195	15143.023438
566.972656	14885.403320
565.745117	14744.177734
564.516602	14333.061523
563.288086	14278.697266
562.059570	14409.497070
560.831055	14384.675781
559.601563	14560.673828
558.372070	14437.414063
557.142578	14320.110352
555.912109	14444.850586
554.681641	14284.321289
553.451172	13950.803711
552.220703	14268.220703
550.989258	14190.392578
549.757813	14008.437500
548.526367	13785.300781
547.294922	13552.438477
546.062500	13486.615234
544.830078	13312.825195
543.596680	13496.396484
542.364258	13736.804688
541.130859	13510.090820
539.897461	13813.166016
538.663086	13702.254883
537.429688	13754.151367
536.195313	13504.102539
534.959961	13703.024414
533.725586	13958.688477
532.490234	14137.829102
531.254883	13860.488281
530.019531	13894.650391
528.783203	14263.604492
527.546875	14501.242188
526.310547	14646.791016
525.073242	15557.326172
523.836914	16807.841797
522.598633	18662.144531
521.361328	20212.548828
520.124023	19869.900391
518.885742	18747.554688
517.646484	17219.255859
516.408203	16338.282227
515.168945	15535.823242
513.929688	15202.384766
512.690430	15366.940430
511.450195	15016.115234
510.210938	15326.999023
508.970703	14984.140625
507.729492	15230.521484
506.488281	14959.989258
505.247070	15089.279297
504.005859	14853.984375
502.764648	14667.514648
501.522461	14257.049805
