1802.243164	35093.011719
1801.274414	35337.738281
1800.304688	34993.625000
1799.334961	35218.781250
1798.365234	35201.761719
1797.395508	35174.769531
1796.425781	35210.152344
1795.455078	35315.355469
1794.485352	35245.953125
1793.514648	35393.488281
1792.543945	35413.835938
1791.572266	35454.109375
1790.601563	35397.187500
1789.629883	35711.476563
1788.658203	35744.187500
1787.686523	35535.335938
1786.714844	35617.859375
1785.742188	36118.539063
1784.769531	35683.253906
1783.796875	35897.570313
1782.824219	35708.785156
1781.851563	35430.535156
1780.877930	36134.652344
1779.905273	35998.140625
1778.931641	36043.136719
1777.958008	35861.960938
1776.983398	36036.167969
1776.009766	36180.496094
1775.035156	36185.675781
1774.060547	36394.472656
1773.085938	36776.980469
1772.111328	36335.226563
1771.135742	36725.031250
1770.161133	36395.113281
1769.185547	36261.308594
1768.208984	36323.496094
1767.233398	36608.835938
1766.257813	36460.183594
1765.281250	36502.457031
1764.304688	36918.933594
1763.328125	36802.515625
1762.351563	36993.324219
1761.374023	37003.250000
1760.396484	37250.894531
1759.418945	37337.511719
1758.441406	37290.421875
1757.463867	37599.726563
1756.485352	37503.113281
1755.507813	37661.343750
1754.529297	37401.515625
1753.550781	37455.839844
1752.571289	37438.441406
1751.592773	37235.660156
1750.613281	37458.027344
1749.633789	37349.210938
1748.654297	37786.382813
1747.674805	37939.343750
1746.694336	38089.773438
1745.713867	38119.164063
1744.733398	37812.847656
1743.752930	37807.730469
1742.772461	37802.609375
1741.791016	37975.109375
1740.810547	38145.066406
1739.829102	37841.503906
1738.847656	38134.687500
1737.865234	38541.136719
1736.883789	37927.156250
1735.901367	38040.277344
1734.918945	38653.417969
1733.936523	38436.312500
1732.954102	38332.558594
1731.970703	37940.800781
1730.987305	38211.324219
1730.003906	38309.468750
1729.020508	38282.089844
1728.037109	38941.050781
1727.052734	39014.390625
1726.068359	38890.980469
1725.083984	38762.699219
1724.099609	39359.574219
1723.115234	39123.121094
1722.129883	39184.054688
1721.144531	39461.132813
1720.159180	39207.601563
1719.173828	39572.957031
1718.188477	39464.347656
1717.202148	39532.503906
1716.215820	39544.187500
1715.229492	39585.308594
1714.243164	39805.480469
1713.256836	39692.015625
1712.269531	40181.800781
1711.282227	40220.296875
1710.294922	40131.324219
1709.307617	40794.707031
1708.320313	40583.144531
1707.332031	40719.503906
1706.343750	40975.816406
1705.355469	41173.253906
1704.367188	41049.906250
1703.378906	41479.769531
1702.389648	41904.562500
1701.400391	41771.347656
1700.411133	42002.660156
1699.421875	41835.238281
1698.431641	42266.945313
1697.442383	42238.875000
1696.452148	42276.812500
1695.461914	41869.976563
1694.470703	42122.968750
1693.480469	42368.523438
1692.489258	42230.554688
1691.498047	42187.863281
1690.506836	42630.988281
1689.515625	42424.703125
1688.523438	42584.531250
1687.532227	42449.082031
1686.540039	42274.660156
1685.547852	42939.238281
1684.554688	42618.484375
1683.562500	42956.058594
1682.569336	42520.875000
1681.576172	42373.406250
1680.583008	42674.273438
1679.589844	42575.546875
1678.595703	42756.917969
1677.601563	43152.476563
1676.607422	42717.765625
1675.613281	42519.308594
1674.619141	42924.402344
1673.624023	42594.605469
1672.628906	43089.515625
1671.633789	43083.253906
1670.638672	42911.660156
1669.643555	43274.929688
1668.647461	43720.683594
1667.651367	43427.558594
1666.655273	44023.722656
1665.659180	43682.074219
1664.663086	44224.511719
1663.666016	43756.703125
1662.668945	44150.828125
1661.671875	44333.644531
1660.674805	44285.871094
1659.676758	44313.316406
1658.679688	44685.171875
1657.681641	45059.300781
1656.683594	44713.191406
1655.684570	45009.589844
1654.686523	45007.765625
1653.687500	45248.250000
1652.688477	45384.460938
1651.689453	45106.441406
1650.690430	45920.667969
1649.690430	45787.910156
1648.691406	45754.453125
1647.691406	46023.519531
1646.690430	46311.832031
1645.690430	46706.464844
1644.690430	46414.039063
1643.689453	46419.167969
1642.688477	46968.265625
1641.687500	47478.460938
1640.685547	47193.359375
1639.684570	47087.164063
1638.682617	47362.695313
1637.680664	47476.292969
1636.678711	47541.546875
1635.675781	47423.285156
1634.672852	47980.929688
1633.670898	48514.207031
1632.667969	48275.175781
1631.664063	48012.113281
1630.661133	48477.527344
1629.657227	48696.789063
1628.653320	48694.164063
1627.649414	48539.687500
1626.645508	48852.781250
1625.640625	49286.218750
1624.636719	49129.296875
1623.631836	48921.859375
1622.626953	49622.285156
1621.621094	49359.457031
1620.616211	49722.535156
1619.610352	49221.546875
1618.604492	50087.347656
1617.598633	49701.945313
1616.591797	50074.269531
1615.585938	49895.808594
1614.579102	50784.796875
1613.572266	50202.468750
1612.565430	50523.914063
1611.557617	50496.855469
1610.550781	50592.308594
1609.542969	50630.085938
1608.535156	51047.214844
1607.526367	50943.242188
1606.518555	51734.554688
1605.509766	51820.046875
1604.500977	51180.964844
1603.492188	52089.269531
1602.483398	51961.195313
1601.473633	51972.234375
1600.464844	52069.566406
1599.455078	52313.054688
1598.444336	52381.515625
1597.434570	52723.058594
1596.424805	53601.000000
1595.414063	53805.652344
1594.403320	54343.023438
1593.392578	54624.039063
1592.380859	54600.984375
1591.369141	54692.789063
1590.358398	54815.660156
1589.346680	55517.300781
1588.333984	55757.121094
1587.322266	55659.730469
1586.309570	55995.031250
1585.296875	56129.445313
1584.284180	56378.492188
1583.271484	56679.992188
1582.257813	56883.437500
1581.245117	57595.437500
1580.231445	57397.511719
1579.217773	57397.785156
1578.203125	58123.554688
1577.189453	58137.988281
1576.174805	58863.304688
1575.160156	59271.113281
1574.145508	58953.839844
1573.129883	59437.746094
1572.115234	59818.957031
1571.099609	60338.230469
1570.083984	60954.976563
1569.067383	60270.816406
1568.051758	60696.785156
1567.035156	60748.734375
1566.018555	61793.406250
1565.001953	61659.449219
1563.985352	61837.281250
1562.967773	62122.109375
1561.951172	62292.632813
1560.933594	63002.953125
1559.915039	63301.625000
1558.897461	63956.765625
1557.878906	64314.535156
1556.861328	65009.593750
1555.842773	65977.593750
1554.823242	67118.593750
1553.804688	68071.507813
1552.785156	68606.140625
1551.765625	70287.148438
1550.746094	71231.710938
1549.726563	72740.640625
1548.706055	73885.968750
1547.686523	74869.523438
1546.666016	76362.554688
1545.645508	78383.710938
1544.624023	79839.843750
1543.603516	81731.476563
1542.582031	82544.171875
1541.560547	84500.804688
1540.539063	85729.476563
1539.516602	88352.460938
1538.495117	90462.968750
1537.472656	93332.468750
1536.450195	94742.914063
1535.426758	97612.726563
1534.404297	99310.328125
1533.380859	102081.054688
1532.357422	103774.679688
1531.333984	105044.406250
1530.310547	106925.835938
1529.286133	107572.835938
1528.261719	107950.210938
1527.237305	108443.179688
1526.212891	107190.531250
1525.188477	106044.640625
1524.163086	106074.945313
1523.137695	104582.757813
1522.112305	102536.601563
1521.086914	102128.718750
1520.060547	100567.468750
1519.035156	99926.656250
1518.008789	98375.914063
1516.982422	97073.335938
1515.955078	96492.539063
1514.928711	95221.507813
1513.901367	94924.046875
1512.874023	93762.195313
1511.846680	92381.789063
1510.818359	91303.328125
1509.791016	90689.078125
1508.762695	89691.421875
1507.734375	89553.085938
1506.705078	88518.414063
1505.676758	86978.437500
1504.647461	86899.515625
1503.618164	85818.984375
1502.588867	85194.937500
1501.559570	84719.210938
1500.529297	83644.468750
1499.499023	82469.140625
1498.468750	81940.226563
1497.438477	80953.593750
1496.408203	80054.226563
1495.376953	78906.390625
1494.345703	79073.320313
1493.314453	77804.132813
1492.283203	77248.640625
1491.250977	76949.031250
1490.219727	77177.171875
1489.187500	76204.804688
1488.154297	75861.046875
1487.122070	75177.601563
1486.088867	75382.468750
1485.056641	73942.718750
1484.023438	74239.093750
1482.989258	74057.632813
1481.956055	73534.437500
1480.921875	73325.101563
1479.887695	73094.789063
1478.853516	73444.828125
1477.819336	73177.140625
1476.784180	73286.109375
1475.750000	73528.320313
1474.714844	73347.273438
1473.678711	73575.328125
1472.643555	73494.828125
1471.607422	73813.875000
1470.571289	74048.695313
1469.535156	73799.976563
1468.499023	74282.203125
1467.462891	74330.007813
1466.425781	74475.820313
1465.388672	74530.562500
1464.351563	74806.914063
1463.313477	73979.843750
1462.276367	75172.703125
1461.238281	74921.796875
1460.200195	75062.617188
1459.162109	75504.031250
1458.123047	76073.421875
1457.083984	75717.687500
1456.045898	76461.484375
1455.005859	77225.929688
1453.966797	76076.218750
1452.926758	76793.859375
1451.887695	76475.554688
1450.847656	76266.734375
1449.806641	76490.695313
1448.766602	76579.664063
1447.725586	75831.445313
1446.685547	75334.617188
1445.643555	75400.507813
1444.602539	75387.351563
1443.561523	74702.710938
1442.519531	74171.656250
1441.477539	73108.960938
1440.435547	72413.585938
1439.392578	71980.828125
1438.350586	71738.570313
1437.307617	71201.695313
1436.264648	71052.500000
1435.220703	70170.335938
1434.177734	70125.773438
1433.133789	70013.976563
1432.089844	69642.578125
1431.045898	69044.187500
1430.001953	68126.250000
1428.957031	68281.375000
1427.912109	67843.445313
1426.867188	67266.742188
1425.822266	67102.414063
1424.777344	66556.187500
1423.731445	66848.007813
1422.685547	66868.968750
1421.639648	66515.132813
1420.592773	66635.609375
1419.546875	66614.960938
1418.500000	66032.492188
1417.453125	66095.187500
1416.406250	66257.234375
1415.358398	66074.929688
1414.311523	65931.960938
1413.263672	66239.437500
1412.215820	65431.437500
1411.166992	65981.304688
1410.119141	65875.390625
1409.070313	65725.671875
1408.021484	65486.023438
1406.972656	65530.210938
1405.922852	65509.800781
1404.873047	64585.484375
1403.824219	65349.105469
1402.773438	65001.433594
1401.723633	64628.546875
1400.673828	65433.148438
1399.623047	64993.519531
1398.572266	65334.796875
1397.520508	64922.992188
1396.469727	64778.398438
1395.417969	65006.718750
1394.366211	65209.628906
1393.314453	64512.890625
1392.262695	64715.808594
1391.209961	65240.601563
1390.158203	65250.144531
1389.105469	65786.101563
1388.051758	65276.101563
1386.999023	65476.339844
1385.945313	65221.617188
1384.891602	66087.867188
1383.837891	66494.476563
1382.784180	66046.828125
1381.729492	66253.570313
1380.675781	66409.726563
1379.621094	66614.007813
1378.565430	66900.781250
1377.510742	66547.523438
1376.455078	67125.406250
1375.399414	67097.796875
1374.343750	67320.039063
1373.288086	67390.937500
1372.231445	68039.179688
1371.175781	67880.812500
1370.119141	68013.375000
1369.061523	68207.703125
1368.004883	69091.015625
1366.947266	69081.328125
1365.889648	69346.242188
1364.832031	69919.898438
1363.774414	70051.851563
1362.715820	70865.250000
1361.657227	70509.929688
1360.598633	71377.750000
1359.540039	71664.687500
1358.481445	71770.984375
1357.421875	72384.414063
1356.362305	72787.437500
1355.302734	73585.367188
1354.242188	73289.328125
1353.182617	73913.328125
1352.122070	74941.015625
1351.061523	74697.343750
1350.000977	75786.031250
1348.939453	76411.265625
1347.877930	76260.921875
1346.817383	77011.179688
1345.754883	77597.007813
1344.693359	78187.140625
1343.630859	78660.835938
1342.568359	79617.250000
1341.505859	80379.679688
1340.443359	80982.398438
1339.380859	81364.031250
1338.317383	82016.359375
1337.253906	82290.664063
1336.190430	83386.171875
1335.125977	82932.171875
1334.062500	84138.523438
1332.998047	83825.515625
1331.933594	83239.843750
1330.868164	84111.265625
1329.803711	83839.343750
1328.738281	83985.554688
1327.672852	83386.687500
1326.607422	83301.281250
1325.541016	83145.531250
1324.475586	82252.093750
1323.409180	82094.343750
1322.342773	82608.281250
1321.275391	81851.617188
1320.208984	81013.609375
1319.141602	80230.359375
1318.074219	80200.125000
1317.005859	79106.828125
1315.938477	78952.195313
1314.870117	78285.554688
1313.801758	77755.109375
1312.733398	77406.062500
1311.665039	76821.664063
1310.595703	76119.781250
1309.526367	75692.054688
1308.457031	74533.585938
1307.387695	74110.882813
1306.317383	73783.351563
1305.248047	72829.515625
1304.177734	72362.195313
1303.106445	71476.859375
1302.036133	71236.015625
1300.964844	70771.562500
1299.893555	69952.617188
1298.822266	69531.531250
1297.750977	69327.406250
1296.678711	68895.320313
1295.606445	68727.523438
1294.534180	68307.023438
1293.461914	68290.578125
1292.389648	67150.710938
1291.316406	66893.179688
1290.243164	66989.781250
1289.169922	66892.445313
1288.095703	66659.906250
1287.022461	66754.226563
1285.948242	66650.234375
1284.874023	66066.476563
1283.798828	66397.320313
1282.724609	65975.968750
1281.649414	65975.765625
1280.574219	66281.648438
1279.499023	66400.632813
1278.422852	66348.585938
1277.347656	66433.757813
1276.271484	66006.156250
1275.195313	65850.781250
1274.118164	65569.578125
1273.041992	65537.960938
1271.964844	65456.917969
1270.887695	65164.734375
1269.809570	65070.316406
1268.732422	65317.265625
1267.654297	64502.167969
1266.576172	64901.761719
1265.498047	64805.218750
1264.418945	64181.437500
1263.340820	64634.675781
1262.261719	64775.972656
1261.182617	64031.492188
1260.102539	63926.246094
1259.023438	63599.140625
1257.943359	63485.054688
1256.863281	62931.886719
1255.782227	62788.859375
1254.702148	61989.714844
1253.621094	61887.238281
1252.540039	61999.707031
1251.458984	61751.785156
1250.376953	60884.140625
1249.295898	61157.812500
1248.213867	60597.070313
1247.131836	60494.992188
1246.048828	60699.253906
1244.966797	60536.835938
1243.883789	60499.632813
1242.800781	59738.500000
1241.717773	60224.207031
1240.633789	60410.429688
1239.549805	59826.187500
1238.465820	60287.003906
1237.381836	60446.296875
1236.297852	59679.414063
1235.212891	59356.835938
1234.127930	59250.765625
1233.042969	59173.730469
1231.957031	59134.625000
1230.872070	59282.792969
1229.786133	58679.789063
1228.700195	59024.078125
1227.614258	58768.921875
1226.527344	58663.101563
1225.440430	58592.957031
1224.353516	58538.417969
1223.266602	58557.363281
1222.179688	58318.128906
1221.091797	57883.187500
1220.003906	58166.972656
1218.916016	58096.996094
1217.827148	57955.886719
1216.739258	58217.234375
1215.650391	58089.488281
1214.561523	58290.695313
1213.471680	58105.210938
1212.382813	58663.960938
1211.292969	58540.656250
1210.203125	58157.609375
1209.113281	58367.449219
1208.022461	58643.785156
1206.932617	58902.250000
1205.841797	59202.753906
1204.750000	58921.984375
1203.659180	59166.910156
1202.567383	58899.562500
1201.475586	59057.929688
1200.383789	59358.070313
1199.291992	59004.421875
1198.199219	59918.089844
1197.106445	59770.445313
1196.013672	59664.937500
1194.920898	59900.414063
1193.827148	59914.441406
1192.734375	59928.460938
1191.640625	60446.929688
1190.545898	59865.769531
1189.452148	59839.968750
1188.357422	60289.574219
1187.262695	60685.933594
1186.167969	60156.031250
1185.073242	59997.589844
1183.977539	60157.351563
1182.881836	59764.832031
1181.786133	60359.621094
1180.690430	60075.402344
1179.593750	59989.972656
1178.497070	60096.582031
1177.400391	59294.050781
1176.303711	59482.378906
1175.206055	59295.671875
1174.109375	59563.296875
1173.011719	59852.855469
1171.913086	59141.574219
1170.815430	59144.601563
1169.716797	58308.167969
1168.618164	58588.921875
1167.519531	58089.910156
1166.420898	57813.500000
1165.321289	58481.625000
1164.221680	57712.218750
1163.122070	57961.976563
1162.022461	58420.632813
1160.921875	58362.187500
1159.821289	58453.304688
1158.720703	58599.343750
1157.620117	58477.136719
1156.518555	58273.660156
1155.416992	58823.941406
1154.315430	58708.343750
1153.213867	58900.285156
1152.112305	58712.246094
1151.009766	58754.808594
1149.907227	58760.031250
1148.804688	59054.929688
1147.701172	58847.253906
1146.598633	58753.734375
1145.495117	59015.539063
1144.391602	58761.945313
1143.287109	58387.882813
1142.183594	58798.628906
1141.079102	58166.136719
1139.974609	58105.718750
1138.869141	58062.843750
1137.764648	58140.425781
1136.659180	57309.347656
1135.553711	57334.515625
1134.447266	57057.648438
1133.341797	56949.378906
1132.235352	57164.921875
1131.128906	56662.976563
1130.022461	56766.957031
1128.915039	55819.304688
1127.808594	56474.230469
1126.701172	56189.187500
1125.593750	55781.906250
1124.485352	56187.394531
1123.376953	56260.750000
1122.268555	56148.472656
1121.160156	55896.523438
1120.051758	55673.054688
1118.942383	55471.492188
1117.833008	55734.707031
1116.723633	55869.117188
1115.614258	56042.718750
1114.503906	55849.957031
1113.394531	56197.871094
1112.283203	55364.421875
1111.172852	55827.761719
1110.062500	56042.562500
1108.951172	55423.105469
1107.839844	55971.054688
1106.728516	55994.097656
1105.616211	56091.132813
1104.503906	56270.816406
1103.391602	56104.488281
1102.279297	55807.710938
1101.166992	56063.449219
1100.053711	56266.890625
1098.940430	55957.214844
1097.827148	56382.273438
1096.712891	56511.628906
1095.599609	56297.671875
1094.485352	56602.917969
1093.371094	56319.539063
1092.255859	56309.835938
1091.141602	56354.398438
1090.026367	57323.437500
1088.911133	57463.230469
1087.794922	57012.914063
1086.679688	57712.257813
1085.563477	57799.828125
1084.447266	58227.718750
1083.330078	58642.417969
1082.213867	59056.941406
1081.096680	59432.285156
1079.979492	59718.660156
1078.862305	59868.476563
1077.744141	60776.031250
1076.625977	61061.929688
1075.507813	61518.679688
1074.389648	62191.609375
1073.271484	62790.699219
1072.152344	63863.203125
1071.033203	65036.882813
1069.914063	65725.781250
1068.793945	67434.617188
1067.674805	67882.835938
1066.554688	69836.789063
1065.433594	71083.554688
1064.313477	72014.476563
1063.192383	73458.890625
1062.071289	75420.789063
1060.950195	75663.851563
1059.829102	76075.109375
1058.707031	76324.390625
1057.584961	76584.335938
1056.462891	75919.046875
1055.340820	75144.070313
1054.217773	74263.796875
1053.094727	72916.226563
1051.971680	72497.882813
1050.848633	70767.796875
1049.724609	69400.273438
1048.601563	68289.562500
1047.476563	67263.281250
1046.352539	66704.500000
1045.228516	65270.109375
1044.103516	64638.824219
1042.978516	63994.898438
1041.852539	63123.277344
1040.727539	62632.589844
1039.601563	62309.781250
1038.475586	61974.210938
1037.349609	61621.585938
1036.222656	61698.765625
1035.096680	61155.187500
1033.969727	60994.066406
1032.841797	60886.679688
1031.714844	60341.460938
1030.586914	60483.191406
1029.458984	60017.664063
1028.331055	59445.074219
1027.202148	59711.281250
1026.074219	59750.089844
1024.945313	59801.738281
1023.815430	59621.886719
1022.686523	59566.394531
1021.556641	59652.316406
1020.426758	59515.437500
1019.296875	59896.847656
1018.166992	59751.406250
1017.036133	59449.757813
1015.905273	59503.492188
1014.774414	59403.148438
1013.643555	59367.015625
1012.511719	59108.464844
1011.379883	59209.257813
1010.248047	58766.988281
1009.115234	58739.558594
1007.983398	58618.109375
1006.850586	58674.035156
1005.717773	59197.726563
1004.583984	59242.820313
1003.451172	59313.511719
1002.317383	58841.968750
1001.183594	59256.316406
1000.048828	58691.093750
998.915039	58962.359375
997.780273	59173.789063
996.645508	59080.187500
995.509766	59244.589844
994.375000	59353.500000
993.239258	59611.535156
992.103516	59387.941406
990.967773	59158.050781
989.831055	58813.250000
988.694336	59316.023438
987.557617	59744.074219
986.420898	59420.640625
985.283203	59652.714844
984.145508	59882.558594
983.007813	59484.847656
981.870117	60078.253906
980.731445	59561.605469
979.592773	59036.664063
978.454102	59901.800781
977.315430	59391.878906
976.176758	59891.191406
975.037109	59595.984375
973.897461	59931.535156
972.756836	59734.089844
971.617188	59806.277344
970.476563	60069.410156
969.335938	59927.210938
968.195313	59763.859375
967.053711	59715.089844
965.912109	60616.179688
964.770508	59982.191406
963.628906	60149.558594
962.486328	60352.871094
961.344727	60456.531250
960.202148	60532.609375
959.058594	59660.019531
957.916016	59880.183594
956.772461	59746.785156
955.628906	59539.371094
954.485352	60406.808594
953.340820	59556.308594
952.196289	59372.320313
951.051758	59524.585938
949.907227	59317.421875
948.761719	59560.503906
947.617188	59887.996094
946.471680	59264.710938
945.325195	59471.730469
944.179688	59547.738281
943.033203	59551.929688
941.886719	59857.949219
940.740234	60094.195313
939.592773	61001.257813
938.445313	60916.527344
937.297852	61694.378906
936.150391	62164.054688
935.001953	62736.820313
933.854492	63564.355469
932.705078	64265.105469
931.556641	64988.722656
930.408203	65806.812500
929.258789	66712.984375
928.109375	66319.789063
926.958984	66524.531250
925.809570	66280.945313
924.659180	66111.101563
923.508789	65423.855469
922.358398	65239.531250
921.207031	63858.890625
920.055664	63220.902344
918.904297	62858.511719
917.752930	61405.707031
916.600586	61113.175781
915.449219	60211.656250
914.295898	60450.781250
913.143555	59365.023438
911.991211	59839.312500
910.837891	60271.421875
909.684570	59469.636719
908.530273	59215.687500
907.376953	59301.597656
906.222656	59441.984375
905.068359	58999.523438
903.913086	58634.792969
902.758789	59493.960938
901.603516	59164.890625
900.448242	59120.816406
899.292969	59290.355469
898.136719	59440.972656
896.980469	58971.933594
895.824219	59256.488281
894.667969	58770.945313
893.510742	59206.023438
892.353516	58896.371094
891.196289	59101.222656
890.038086	58996.585938
888.880859	59303.738281
887.722656	59587.765625
886.564453	59466.371094
885.405273	59407.683594
884.247070	58831.121094
883.087891	59423.992188
881.928711	59027.183594
880.768555	58828.800781
879.609375	59291.917969
878.449219	59151.964844
877.288086	59301.964844
876.127930	59337.214844
874.966797	59170.230469
873.805664	59299.277344
872.644531	59555.378906
871.483398	59642.613281
870.321289	59763.132813
869.159180	60021.039063
867.997070	60018.578125
866.833984	59668.492188
865.671875	59518.339844
864.508789	59636.656250
863.344727	60048.234375
862.181641	60056.148438
861.017578	59608.679688
859.853516	60473.187500
858.689453	60994.375000
857.524414	60137.613281
856.359375	60912.101563
855.194336	60475.296875
854.029297	60541.226563
852.864258	61477.066406
851.698242	61775.234375
850.532227	61394.636719
849.365234	61582.718750
848.199219	61893.105469
847.032227	61543.824219
845.865234	61426.929688
844.698242	61399.222656
843.530273	61545.625000
842.362305	60993.628906
841.194336	60816.851563
840.026367	60950.847656
838.857422	61677.054688
837.688477	61831.503906
836.519531	61555.324219
835.350586	60995.734375
834.180664	61086.078125
833.010742	60816.429688
831.840820	60958.468750
830.669922	60562.824219
829.500000	60694.511719
828.329102	60968.757813
827.158203	61319.335938
825.986328	60709.074219
824.814453	61160.761719
823.642578	61003.046875
822.470703	61051.859375
821.298828	61589.867188
820.125977	61029.714844
818.953125	60816.437500
817.780273	61407.773438
816.606445	61458.488281
815.432617	61568.976563
814.258789	61902.062500
813.084961	61853.695313
811.910156	61774.433594
810.736328	61303.765625
809.560547	62559.378906
808.385742	62278.195313
807.209961	62406.839844
806.035156	62720.691406
804.858398	62742.164063
803.682617	62928.226563
802.505859	62739.812500
801.330078	63065.644531
800.152344	62829.980469
798.975586	63457.839844
797.797852	62844.003906
796.620117	64314.089844
795.442383	64265.296875
794.264648	64056.312500
793.085938	64087.675781
791.907227	63776.152344
790.728516	63698.765625
789.548828	63668.609375
788.369141	63576.906250
787.189453	63472.933594
786.009766	63278.757813
784.830078	62795.546875
783.649414	62984.949219
782.468750	62715.160156
781.287109	62437.285156
780.106445	62343.910156
778.924805	62191.171875
777.743164	61876.718750
776.561523	61863.359375
775.378906	61735.375000
774.196289	61476.464844
773.013672	61700.531250
771.830078	62120.871094
770.647461	61862.035156
769.463867	62024.519531
768.280273	62227.812500
767.095703	62208.238281
765.911133	62527.871094
764.726563	62702.308594
763.541992	62903.222656
762.357422	62912.093750
761.171875	63294.570313
759.986328	63323.753906
758.800781	64069.222656
757.614258	64606.253906
756.427734	65169.562500
755.241211	65893.742188
754.054688	67363.875000
752.867188	68570.390625
751.679688	69678.546875
750.492188	71305.828125
749.304688	73792.109375
748.116211	75884.210938
746.927734	77576.273438
745.739258	78854.320313
744.549805	80306.851563
743.361328	82159.648438
742.171875	83551.828125
740.981445	83305.921875
739.791992	83845.117188
738.601563	84231.578125
737.411133	83361.593750
736.220703	82804.968750
735.029297	82342.039063
733.837891	81611.156250
732.646484	80831.828125
731.455078	79301.515625
730.262695	78009.390625
729.070313	76685.335938
727.877930	75213.718750
726.685547	73763.023438
725.492188	72191.242188
724.298828	71439.445313
723.105469	70343.281250
721.912109	69772.609375
720.717773	69471.726563
719.523438	69403.984375
718.329102	69099.250000
717.133789	69866.046875
715.938477	70745.898438
714.743164	70301.367188
713.547852	70950.000000
712.351563	71537.632813
711.155273	72100.734375
709.958984	72370.289063
708.762695	73511.320313
707.565430	73333.625000
706.368164	74813.539063
705.170898	75209.570313
703.973633	75393.281250
702.775391	77025.289063
701.577148	77404.414063
700.378906	78643.546875
699.179688	79615.664063
697.980469	80298.734375
696.781250	82878.304688
695.582031	84851.515625
694.381836	86448.703125
693.181641	89749.187500
691.981445	90665.171875
690.781250	93475.500000
689.580078	95434.164063
688.378906	97670.015625
687.177734	98496.835938
685.976563	98721.132813
684.774414	99511.109375
683.572266	99948.460938
682.370117	100200.445313
681.166992	100697.804688
679.963867	100148.828125
678.760742	98936.359375
677.557617	98361.851563
676.353516	97280.953125
675.149414	95788.476563
673.945313	94989.937500
672.741211	94460.968750
671.536133	92881.671875
670.331055	91491.835938
669.125977	90580.460938
667.919922	88579.460938
666.714844	86489.023438
665.508789	84477.742188
664.301758	83472.367188
663.095703	81919.890625
661.888672	80281.859375
660.681641	79632.875000
659.474609	79084.390625
658.266602	78097.289063
657.058594	77643.531250
655.850586	76508.937500
654.641602	75939.562500
653.433594	75162.203125
652.224609	74032.882813
651.014648	73568.468750
649.805664	72345.937500
648.595703	71121.929688
647.385742	71334.421875
646.175781	71248.890625
644.964844	70351.757813
643.753906	70366.406250
642.542969	69869.492188
641.332031	69226.953125
640.120117	69109.992188
638.908203	69574.179688
637.696289	69341.382813
636.483398	68609.687500
635.270508	69355.039063
634.057617	69096.500000
632.844727	69063.468750
631.630859	69152.101563
630.417969	68738.242188
629.203125	69391.031250
627.989258	69539.312500
626.774414	69701.468750
625.559570	69299.781250
624.344727	69059.593750
623.129883	69110.218750
621.914063	68756.695313
620.698242	68896.929688
619.482422	68332.656250
618.265625	68329.664063
617.048828	68386.343750
615.832031	68114.867188
614.615234	68161.625000
613.397461	68091.070313
612.179688	68332.554688
610.961914	68254.046875
609.743164	68121.921875
608.525391	68120.937500
607.306641	68550.820313
606.086914	68001.820313
604.868164	68425.578125
603.648438	68384.820313
602.428711	68137.757813
601.208008	68333.093750
599.988281	68728.632813
598.767578	68325.015625
597.546875	69049.398438
596.325195	68628.046875
595.103516	68636.804688
593.881836	68370.218750
592.660156	68818.671875
591.437500	69098.625000
590.215820	69178.515625
588.993164	68820.992188
587.769531	69526.156250
586.545898	69261.679688
585.322266	69616.359375
584.098633	69490.382813
582.875000	69680.765625
581.650391	69467.851563
580.425781	69300.484375
579.201172	68998.835938
577.975586	69232.593750
576.750000	69193.726563
575.524414	69245.695313
574.298828	69279.867188
573.072266	69315.992188
571.845703	69916.390625
570.619141	69542.046875
569.391602	70605.578125
568.164063	71146.132813
566.936523	71331.609375
565.708984	71913.140625
564.480469	71219.539063
563.251953	72131.789063
562.023438	72180.968750
560.794922	72761.781250
559.565430	72476.109375
558.335938	73076.281250
557.106445	72719.804688
555.875977	73575.414063
554.645508	73069.492188
553.415039	72862.695313
552.184570	72960.742188
550.953125	72946.687500
549.721680	73080.039063
548.490234	73392.117188
547.257813	72798.468750
546.026367	73279.367188
544.793945	72931.437500
543.560547	73107.804688
542.328125	73028.937500
541.094727	73120.820313
539.861328	73306.828125
538.626953	73875.210938
537.392578	73392.273438
536.158203	73766.289063
534.923828	73916.679688
533.689453	73843.601563
532.454102	74003.703125
531.218750	74398.781250
529.982422	74155.257813
528.747070	73939.242188
527.510742	74361.460938
526.273438	74090.695313
525.037109	74831.617188
523.799805	74733.000000
522.562500	76447.421875
521.325195	76575.296875
520.086914	76746.125000
518.848633	75525.273438
517.610352	74005.984375
516.372070	73325.468750
515.132813	72383.515625
513.893555	72805.000000
512.654297	72281.367188
511.414063	71921.921875
510.173828	71915.843750
508.933594	71868.789063
507.693359	71700.820313
506.452148	71842.992188
505.210938	71316.335938
503.969727	71764.562500
502.727539	72046.937500
501.485352	71140.617188
