1802.271484	5416.436523
1801.302734	5334.028809
1800.333984	5397.877441
1799.364258	5409.280273
1798.394531	5285.910156
1797.424805	5299.825195
1796.454102	5164.051758
1795.484375	4963.482910
1794.513672	4897.654785
1793.542969	4871.743652
1792.572266	5157.432617
1791.601563	5054.220703
1790.629883	5257.531738
1789.658203	5189.217285
1788.687500	4946.579590
1787.714844	5050.180176
1786.743164	5051.660156
1785.771484	5214.939453
1784.798828	5400.551270
1783.826172	5464.165527
1782.853516	5594.922852
1781.880859	5660.958984
1780.907227	5629.985840
1779.933594	5879.970215
1778.959961	5677.448242
1777.986328	5860.220703
1777.012695	5801.898926
1776.038086	5512.563965
1775.064453	5364.918945
1774.089844	5192.500000
1773.115234	5491.875488
1772.139648	5513.116211
1771.165039	5695.663574
1770.189453	5878.137695
1769.213867	6082.865234
1768.238281	6232.944336
1767.262695	6144.903809
1766.286133	6475.897461
1765.310547	6365.533691
1764.333984	6490.651855
1763.357422	6479.440430
1762.379883	6339.413574
1761.403320	6172.197266
1760.425781	6071.908203
1759.448242	6090.498047
1758.470703	6537.310059
1757.493164	6701.812988
1756.514648	6923.158691
1755.536133	7104.834473
1754.558594	7086.096680
1753.579102	6859.648438
1752.600586	6823.660156
1751.622070	6508.367676
1750.642578	6334.068359
1749.663086	6594.708496
1748.683594	6899.710449
1747.703125	6863.748535
1746.723633	6832.739746
1745.743164	6673.361328
1744.762695	6368.412109
1743.782227	6290.630371
1742.801758	6284.433105
1741.820313	6376.914063
1740.839844	6479.223145
1739.858398	6369.423340
1738.875977	6336.094727
1737.894531	6302.779297
1736.913086	6279.334473
1735.930664	6201.692383
1734.948242	6042.787598
1733.965820	6310.034180
1732.982422	6495.912598
1732.000000	6381.358887
1731.016602	6414.537598
1730.033203	6302.506348
1729.049805	6180.677734
1728.066406	5886.700195
1727.082031	5976.518555
1726.097656	5985.153809
1725.113281	6539.568848
1724.128906	6808.633789
1723.144531	6613.123047
1722.159180	6513.514160
1721.173828	6369.727539
1720.188477	6353.711426
1719.203125	6229.658203
1718.217773	6221.041016
1717.231445	6097.063477
1716.245117	6277.436523
1715.258789	6457.736816
1714.272461	6223.398438
1713.286133	6447.782715
1712.298828	6750.541992
1711.311523	6984.535645
1710.324219	7041.956543
1709.336914	6846.943848
1708.349609	6825.965332
1707.361328	6753.553711
1706.373047	6602.799316
1705.384766	6640.648438
1704.396484	6832.713867
1703.408203	7181.350098
1702.418945	7314.497559
1701.429688	7680.021973
1700.440430	7920.645508
1699.451172	7804.104980
1698.460938	7900.340332
1697.471680	8079.655762
1696.481445	8036.478027
1695.491211	8064.183594
1694.500000	8060.116699
1693.509766	8090.248535
1692.518555	8445.182617
1691.527344	8687.653320
1690.536133	8715.198242
1689.544922	8803.750000
1688.552734	8816.617188
1687.561523	9049.057617
1686.569336	9093.580078
1685.577148	9247.829102
1684.583984	9441.028320
1683.591797	9195.345703
1682.598633	9061.877930
1681.605469	8962.579102
1680.612305	9153.241211
1679.619141	9407.157227
1678.625000	9432.049805
1677.630859	9532.411133
1676.636719	9664.377930
1675.642578	9650.259766
1674.648438	9541.245117
1673.653320	9587.977539
1672.659180	9641.988281
1671.664063	9552.495117
1670.667969	9776.688477
1669.672852	9412.509766
1668.676758	9242.910156
1667.681641	9522.917969
1666.685547	9355.793945
1665.688477	9560.366211
1664.692383	9364.159180
1663.695313	9629.346680
1662.698242	9532.730469
1661.701172	9217.723633
1660.704102	9152.773438
1659.707031	9526.957031
1658.708984	9520.182617
1657.710938	9469.758789
1656.712891	9761.215820
1655.714844	9788.333008
1654.715820	9897.839844
1653.717773	9840.109375
1652.718750	9816.318359
1651.718750	9603.612305
1650.719727	9444.267578
1649.720703	9408.462891
1648.720703	9592.950195
1647.720703	9753.160156
1646.720703	10039.126953
1645.719727	10034.678711
1644.719727	9793.202148
1643.718750	9740.439453
1642.717773	9929.467773
1641.716797	10004.810547
1640.715820	9807.034180
1639.713867	9660.077148
1638.711914	9472.111328
1637.709961	9791.422852
1636.708008	9784.613281
1635.706055	9645.020508
1634.703125	9655.137695
1633.700195	9740.062500
1632.697266	9590.910156
1631.694336	9912.220703
1630.690430	9565.322266
1629.687500	9457.287109
1628.683594	9657.884766
1627.679688	9959.635742
1626.674805	10087.752930
1625.670898	9982.107422
1624.666016	10047.535156
1623.661133	10086.443359
1622.656250	9682.277344
1621.651367	9632.167969
1620.645508	9425.625977
1619.639648	9202.321289
1618.633789	9116.248047
1617.627930	9164.916992
1616.622070	9261.665039
1615.615234	9240.552734
1614.608398	9195.407227
1613.601563	9443.512695
1612.594727	9530.511719
1611.587891	10052.338867
1610.580078	10136.776367
1609.572266	10502.165039
1608.564453	10233.513672
1607.556641	10044.190430
1606.547852	10030.153320
1605.540039	9766.557617
1604.531250	9915.724609
1603.522461	10208.750000
1602.512695	10216.272461
1601.503906	10324.494141
1600.494141	10300.825195
1599.484375	10171.708984
1598.474609	10205.588867
1597.464844	10313.722656
1596.454102	10244.562500
1595.443359	10295.168945
1594.432617	10211.672852
1593.421875	10494.463867
1592.411133	10499.513672
1591.399414	10873.057617
1590.387695	11047.884766
1589.375977	10878.210938
1588.364258	10591.427734
1587.352539	10553.414063
1586.339844	10513.024414
1585.327148	10704.472656
1584.314453	10456.186523
1583.301758	10456.451172
1582.288086	10793.490234
1581.274414	11266.505859
1580.260742	11247.503906
1579.247070	11168.834961
1578.233398	11154.632813
1577.218750	11147.593750
1576.205078	11219.280273
1575.190430	11069.125000
1574.174805	11109.797852
1573.160156	11014.559570
1572.144531	11017.087891
1571.128906	11310.356445
1570.113281	11034.051758
1569.097656	11146.152344
1568.082031	11422.541992
1567.065430	11848.833984
1566.048828	11613.114258
1565.032227	11408.432617
1564.015625	11539.377930
1562.998047	11598.890625
1561.980469	11632.212891
1560.962891	11891.458008
1559.945313	11758.258789
1558.927734	11829.562500
1557.909180	11739.211914
1556.890625	11755.833984
1555.872070	11767.696289
1554.853516	11746.297852
1553.834961	11893.525391
1552.815430	11950.463867
1551.795898	11836.456055
1550.776367	11943.224609
1549.756836	11921.808594
1548.736328	11798.383789
1547.716797	11594.359375
1546.696289	11504.251953
1545.675781	11475.827148
1544.654297	11357.332031
1543.633789	11440.339844
1542.612305	11179.723633
1541.590820	11037.667969
1540.569336	11239.121094
1539.546875	11423.913086
1538.525391	11326.877930
1537.502930	11476.068359
1536.480469	11428.761719
1535.457031	11372.008789
1534.434570	11376.788086
1533.411133	11433.599609
1532.387695	11450.185547
1531.364258	11428.936523
1530.340820	11360.418945
1529.316406	11325.015625
1528.291992	11294.351563
1527.267578	11055.811523
1526.243164	11112.603516
1525.218750	11424.400391
1524.193359	11245.000977
1523.167969	11162.452148
1522.142578	11278.170898
1521.117188	11129.583008
1520.091797	11113.157227
1519.065430	11059.001953
1518.039063	11014.299805
1517.012695	11042.699219
1515.985352	11068.729492
1514.958984	11134.809570
1513.931641	11132.535156
1512.904297	11368.178711
1511.876953	11245.745117
1510.849609	11325.861328
1509.821289	11403.588867
1508.792969	11462.455078
1507.764648	11509.531250
1506.736328	11137.800781
1505.707031	11309.591797
1504.677734	11368.425781
1503.649414	11246.187500
1502.619141	11608.262695
1501.589844	11363.807617
1500.559570	11502.474609
1499.530273	11697.469727
1498.500000	11509.516602
1497.468750	11436.710938
1496.438477	11596.378906
1495.407227	11601.049805
1494.375977	11518.880859
1493.344727	11568.147461
1492.313477	11523.552734
1491.282227	11495.394531
1490.250000	11488.352539
1489.217773	11471.934570
1488.185547	11385.201172
1487.152344	11253.972656
1486.120117	11485.982422
1485.086914	11160.346680
1484.053711	11104.192383
1483.020508	11019.960938
1481.986328	11448.486328
1480.953125	11242.500000
1479.918945	11088.082031
1478.884766	11256.614258
1477.849609	11226.237305
1476.815430	11443.786133
1475.780273	11460.149414
1474.745117	11565.342773
1473.709961	11637.770508
1472.673828	11693.808594
1471.638672	11654.030273
1470.602539	11801.141602
1469.566406	12142.036133
1468.529297	12382.385742
1467.493164	12459.220703
1466.456055	12659.726563
1465.418945	12517.119141
1464.381836	12631.207031
1463.344727	12805.893555
1462.306641	12740.301758
1461.268555	13211.009766
1460.230469	13429.759766
1459.192383	13371.070313
1458.154297	13237.836914
1457.115234	13626.514648
1456.076172	13649.340820
1455.037109	13788.595703
1453.998047	13643.741211
1452.958008	13864.411133
1451.917969	14133.864258
1450.877930	14182.154297
1449.837891	14395.596680
1448.797852	14639.187500
1447.756836	14740.826172
1446.715820	14807.548828
1445.674805	14985.817383
1444.633789	14971.121094
1443.591797	14756.607422
1442.549805	14614.195313
1441.507813	14817.902344
1440.465820	14617.482422
1439.423828	14588.942383
1438.380859	14648.616211
1437.337891	14394.977539
1436.294922	14201.766602
1435.251953	14514.327148
1434.208984	14685.286133
1433.165039	14761.106445
1432.121094	14943.534180
1431.077148	14778.217773
1430.032227	15291.940430
1428.988281	14864.816406
1427.943359	14947.466797
1426.898438	14886.496094
1425.853516	15010.783203
1424.807617	15246.134766
1423.761719	14944.435547
1422.716797	14959.874023
1421.669922	14896.645508
1420.624023	14999.981445
1419.578125	14430.321289
1418.531250	14281.691406
1417.484375	14331.919922
1416.436523	14324.349609
1415.389648	14261.325195
1414.341797	13985.790039
1413.293945	13853.569336
1412.246094	13866.881836
1411.198242	13882.498047
1410.149414	13715.752930
1409.101563	13816.780273
1408.052734	13419.383789
1407.002930	13677.294922
1405.954102	13572.998047
1404.904297	13563.285156
1403.854492	13396.807617
1402.804688	13163.553711
1401.754883	13301.415039
1400.704102	13305.586914
1399.654297	13344.309570
1398.603516	13205.680664
1397.551758	13083.225586
1396.500977	13257.791016
1395.449219	13372.442383
1394.397461	13022.212891
1393.345703	13198.981445
1392.293945	13384.876953
1391.241211	13246.434570
1390.189453	13296.585938
1389.136719	13385.795898
1388.083008	13300.296875
1387.030273	13332.021484
1385.976563	13193.728516
1384.922852	13459.743164
1383.869141	13714.165039
1382.815430	14005.215820
1381.760742	14073.486328
1380.707031	14086.647461
1379.652344	14076.857422
1378.596680	14622.229492
1377.541992	14713.248047
1376.486328	14955.573242
1375.430664	14973.120117
1374.375000	14944.816406
1373.319336	15306.107422
1372.262695	15254.833008
1371.207031	15077.587891
1370.150391	15150.053711
1369.092773	15000.378906
1368.036133	15178.136719
1366.978516	15049.116211
1365.920898	15300.016602
1364.863281	14839.277344
1363.805664	14923.133789
1362.747070	14899.468750
1361.688477	15019.860352
1360.629883	15005.326172
1359.571289	14901.663086
1358.512695	15088.243164
1357.453125	15014.302734
1356.393555	14908.414063
1355.333984	14912.183594
1354.274414	15059.790039
1353.213867	14990.478516
1352.153320	15183.650391
1351.092773	15383.586914
1350.032227	15496.750977
1348.970703	15493.546875
1347.910156	15481.220703
1346.848633	15653.568359
1345.787109	15857.755859
1344.724609	15558.214844
1343.663086	15864.865234
1342.600586	16068.878906
1341.538086	16086.051758
1340.474609	16189.744141
1339.412109	16361.689453
1338.348633	16549.494141
1337.285156	17085.392578
1336.221680	16854.339844
1335.157227	17071.496094
1334.093750	17143.009766
1333.029297	17369.107422
1331.964844	17424.617188
1330.900391	17057.359375
1329.834961	16710.705078
1328.769531	16779.943359
1327.704102	16765.111328
1326.638672	16682.156250
1325.573242	16315.428711
1324.506836	16150.879883
1323.440430	15643.703125
1322.374023	15590.542969
1321.306641	15303.741211
1320.240234	15268.815430
1319.172852	15224.833984
1318.105469	15251.150391
1317.038086	15349.990234
1315.969727	15283.353516
1314.902344	15021.889648
1313.833984	15340.443359
1312.764648	15722.279297
1311.696289	15488.056641
1310.626953	15373.915039
1309.558594	15547.270508
1308.489258	15571.200195
1307.418945	15803.265625
1306.349609	15799.987305
1305.279297	15439.388672
1304.208984	15675.856445
1303.138672	15631.912109
1302.067383	15334.853516
1300.997070	15132.822266
1299.925781	15145.495117
1298.854492	14968.430664
1297.782227	14908.867188
1296.710938	14650.644531
1295.638672	14503.134766
1294.566406	14389.539063
1293.494141	14140.607422
1292.420898	14315.885742
1291.347656	13789.654297
1290.274414	13987.480469
1289.201172	13826.760742
1288.127930	13672.869141
1287.053711	13586.646484
1285.979492	13324.718750
1284.905273	13434.580078
1283.831055	13526.377930
1282.755859	13658.666992
1281.681641	13784.147461
1280.606445	13925.329102
1279.530273	13996.693359
1278.455078	14009.531250
1277.378906	14220.305664
1276.302734	14174.620117
1275.226563	14448.225586
1274.150391	14341.815430
1273.073242	14421.988281
1271.996094	14538.079102
1270.918945	14530.561523
1269.841797	14255.764648
1268.763672	14394.271484
1267.686523	14283.509766
1266.608398	14249.112305
1265.529297	14071.099609
1264.451172	14101.826172
1263.372070	13843.159180
1262.292969	13432.088867
1261.213867	13485.350586
1260.134766	13552.041016
1259.054688	13345.251953
1257.974609	13165.440430
1256.894531	12961.056641
1255.814453	13153.237305
1254.734375	12845.921875
1253.653320	12935.046875
1252.572266	12997.271484
1251.491211	12797.608398
1250.409180	12812.843750
1249.328125	12794.513672
1248.246094	12637.512695
1247.163086	12666.186523
1246.081055	12940.785156
1244.999023	12596.082031
1243.916016	12843.760742
1242.833008	12724.894531
1241.749023	12690.966797
1240.666016	12538.678711
1239.582031	12511.500977
1238.498047	12607.123047
1237.414063	12450.480469
1236.329102	12445.652344
1235.245117	12581.386719
1234.160156	12583.222656
1233.075195	12194.772461
1231.989258	12194.457031
1230.904297	12024.716797
1229.818359	12187.139648
1228.732422	12398.517578
1227.645508	12202.103516
1226.559570	12208.466797
1225.472656	12246.002930
1224.385742	12519.530273
1223.298828	12154.075195
1222.210938	12418.604492
1221.124023	12082.247070
1220.036133	12217.650391
1218.948242	12212.875000
1217.859375	12152.507813
1216.771484	12425.650391
1215.682617	12345.257813
1214.593750	12511.573242
1213.503906	12244.560547
1212.415039	12126.490234
1211.325195	12286.082031
1210.235352	12139.185547
1209.145508	12101.128906
1208.054688	12054.208984
1206.964844	11936.297852
1205.874023	12038.076172
1204.782227	11951.270508
1203.691406	11758.052734
1202.599609	11957.358398
1201.507813	11677.765625
1200.416016	11730.730469
1199.324219	11291.762695
1198.231445	11008.051758
1197.138672	11025.682617
1196.045898	10839.579102
1194.953125	10784.175781
1193.860352	11080.740234
1192.766602	11116.042969
1191.672852	11434.539063
1190.579102	11179.965820
1189.484375	11374.461914
1188.389648	11345.545898
1187.294922	11292.324219
1186.200195	11289.959961
1185.105469	11243.400391
1184.009766	11322.791016
1182.914063	11532.470703
1181.818359	11611.765625
1180.722656	11490.104492
1179.625977	11549.506836
1178.529297	11469.841797
1177.432617	11579.973633
1176.335938	11575.340820
1175.239258	11533.213867
1174.141602	11462.436523
1173.043945	11570.269531
1171.946289	11320.969727
1170.847656	11340.634766
1169.749023	11241.311523
1168.650391	11294.025391
1167.551758	11166.121094
1166.453125	11181.395508
1165.353516	11165.841797
1164.253906	11205.319336
1163.154297	11251.380859
1162.054688	11202.819336
1160.954102	11149.877930
1159.853516	11092.559570
1158.752930	10989.091797
1157.652344	11043.940430
1156.551758	11070.194336
1155.450195	11274.417969
1154.348633	11289.626953
1153.246094	11649.662109
1152.144531	11816.302734
1151.041992	12171.683594
1149.939453	12237.173828
1148.836914	12550.619141
1147.734375	12738.869141
1146.630859	13253.889648
1145.527344	13566.921875
1144.423828	13656.166016
1143.320313	13918.559570
1142.215820	13900.292969
1141.111328	13608.118164
1140.006836	13809.008789
1138.902344	13484.118164
1137.796875	13246.960938
1136.691406	13073.397461
1135.585938	12845.179688
1134.480469	12623.624023
1133.374023	12321.200195
1132.268555	11983.901367
1131.162109	11942.011719
1130.054688	11744.882813
1128.948242	11547.835938
1127.840820	11342.127930
1126.733398	11424.970703
1125.625977	11195.339844
1124.518555	11044.444336
1123.410156	11011.544922
1122.301758	10867.300781
1121.193359	10836.634766
1120.083984	10947.848633
1118.975586	10834.255859
1117.866211	11095.958008
1116.756836	10807.883789
1115.647461	11006.238281
1114.537109	11027.904297
1113.426758	11241.385742
1112.316406	11306.579102
1111.206055	11358.671875
1110.094727	11467.380859
1108.983398	11464.965820
1107.872070	11837.086914
1106.760742	11695.260742
1105.649414	11768.978516
1104.537109	11988.467773
1103.424805	11985.942383
1102.312500	11946.437500
1101.199219	11717.742188
1100.086914	11689.180664
1098.973633	11736.716797
1097.859375	11684.253906
1096.746094	11479.706055
1095.631836	11223.104492
1094.517578	11264.179688
1093.403320	11029.445313
1092.289063	11003.237305
1091.173828	10864.165039
1090.058594	10655.704102
1088.943359	10655.626953
1087.828125	10570.946289
1086.711914	10655.469727
1085.596680	10338.807617
1084.480469	10421.174805
1083.363281	10453.655273
1082.247070	10403.775391
1081.129883	10483.908203
1080.012695	10349.563477
1078.895508	10371.201172
1077.777344	10520.574219
1076.659180	10340.846680
1075.541016	10373.291016
1074.422852	10438.178711
1073.304688	10546.304688
1072.185547	10565.707031
1071.066406	10902.976563
1069.947266	10922.293945
1068.827148	10768.680664
1067.707031	10988.995117
1066.587891	11066.615234
1065.466797	11250.049805
1064.346680	11331.900391
1063.225586	11305.753906
1062.104492	11501.972656
1060.983398	11657.098633
1059.862305	11546.741211
1058.740234	11684.532227
1057.618164	11533.232422
1056.496094	11448.846680
1055.374023	11605.972656
1054.250977	11642.319336
1053.127930	11577.358398
1052.004883	11646.013672
1050.881836	11546.610352
1049.757813	11270.640625
1048.634766	11240.262695
1047.509766	11345.527344
1046.385742	11427.070313
1045.261719	10961.984375
1044.136719	11166.207031
1043.011719	11032.630859
1041.885742	11002.338867
1040.760742	10888.203125
1039.634766	10905.245117
1038.508789	10688.015625
1037.382813	10696.496094
1036.255859	10627.633789
1035.129883	10524.434570
1034.002930	10152.854492
1032.875000	10320.312500
1031.748047	10605.753906
1030.620117	10549.856445
1029.492188	10695.666016
1028.364258	10847.847656
1027.235352	10680.410156
1026.107422	10993.345703
1024.978516	10750.915039
1023.849609	10950.106445
1022.719727	10952.071289
1021.589844	10943.322266
1020.460938	10932.434570
1019.330078	10990.078125
1018.200195	11077.670898
1017.069336	11077.462891
1015.938477	10946.706055
1014.807617	11115.557617
1013.676758	11023.352539
1012.544922	11200.669922
1011.413086	10965.218750
1010.281250	10984.270508
1009.149414	11063.161133
1008.016602	11041.581055
1006.883789	11175.972656
1005.750977	11024.078125
1004.618164	11239.568359
1003.484375	11055.696289
1002.350586	11298.836914
1001.216797	11095.821289
1000.083008	11153.210938
998.948242	11016.443359
997.813477	10890.397461
996.678711	10728.154297
995.543945	10881.507813
994.408203	10655.388672
993.272461	10552.965820
992.136719	10531.547852
991.000977	10718.893555
989.864258	10712.356445
988.727539	10754.793945
987.590820	10818.500977
986.454102	10720.425781
985.316406	10867.099609
984.179688	10579.713867
983.041992	10628.511719
981.903320	10745.336914
980.765625	10768.565430
979.626953	10768.401367
978.488281	10683.229492
977.349609	10876.430664
976.209961	10816.762695
975.070313	10810.213867
973.930664	10907.711914
972.791016	10871.424805
971.650391	11310.583008
970.509766	11416.398438
969.369141	11666.433594
968.228516	11689.403320
967.087891	11797.189453
965.946289	11652.625000
964.804688	11571.712891
963.662109	11787.537109
962.520508	11863.424805
961.377930	11657.532227
960.235352	11671.993164
959.092773	11589.042969
957.949219	11364.285156
956.805664	11262.383789
955.662109	11272.681641
954.518555	11401.453125
953.375000	11193.844727
952.230469	11246.444336
951.085938	11062.214844
949.940430	11047.173828
948.795898	11063.839844
947.650391	11050.916016
946.504883	10913.358398
945.359375	11179.266602
944.212891	11202.222656
943.067383	11147.053711
941.919922	11305.092773
940.773438	11507.378906
939.626953	11745.445313
938.479492	11745.049805
937.332031	11999.833984
936.184570	12376.800781
935.036133	12606.043945
933.887695	12940.567383
932.739258	13426.661133
931.590820	13982.067383
930.441406	14343.461914
929.292969	14721.546875
928.142578	15145.787109
926.993164	15325.678711
925.843750	15381.331055
924.693359	15249.703125
923.542969	15141.270508
922.391602	14620.676758
921.241211	14148.665039
920.089844	13668.445313
918.938477	13257.787109
917.787109	12670.795898
916.634766	12483.213867
915.482422	12217.997070
914.330078	11700.899414
913.177734	11526.240234
912.024414	11452.409180
910.872070	11307.256836
909.717773	11313.231445
908.564453	10849.318359
907.411133	10991.709961
906.256836	11129.845703
905.102539	10808.819336
903.947266	10909.207031
902.792969	10961.355469
901.637695	10651.043945
900.482422	10636.198242
899.326172	10684.181641
898.170898	10606.523438
897.014648	10639.838867
895.858398	10767.313477
894.701172	10488.823242
893.544922	10923.780273
892.387695	10609.819336
891.230469	10659.822266
890.072266	10720.255859
888.915039	10582.105469
887.756836	10418.937500
886.598633	10673.676758
885.439453	10686.012695
884.281250	10667.017578
883.122070	10675.171875
881.962891	10796.041992
880.802734	11092.163086
879.643555	10824.800781
878.483398	10793.276367
877.322266	10922.356445
876.162109	10907.504883
875.000977	11163.672852
873.839844	11386.380859
872.678711	11381.856445
871.517578	11289.831055
870.355469	11333.235352
869.193359	11282.908203
868.031250	11292.980469
866.868164	11203.131836
865.706055	11238.190430
864.542969	11054.758789
863.378906	11029.504883
862.215820	10964.744141
861.051758	10875.058594
859.887695	10824.910156
858.723633	10814.273438
857.558594	11025.989258
856.394531	11237.613281
855.229492	11139.653320
854.063477	10996.046875
852.898438	11394.400391
851.732422	11057.751953
850.566406	11142.541992
849.400391	10938.883789
848.233398	11148.129883
847.066406	11060.701172
845.899414	11018.927734
844.732422	11099.485352
843.564453	11258.769531
842.396484	11227.338867
841.228516	11301.583008
840.060547	11481.432617
838.891602	11344.356445
837.722656	11348.129883
836.553711	11476.101563
835.384766	11469.495117
834.214844	11435.993164
833.044922	11247.354492
831.875000	11236.663086
830.705078	11219.772461
829.534180	11409.621094
828.363281	11527.046875
827.192383	11520.435547
826.020508	11658.445313
824.849609	11627.019531
823.677734	11591.475586
822.505859	11663.309570
821.333008	11491.534180
820.160156	11392.063477
818.987305	11164.708008
817.814453	11162.304688
816.640625	11176.401367
815.467773	11219.360352
814.293945	11243.745117
813.119141	11068.190430
811.945313	11236.842773
810.770508	11211.760742
809.595703	11372.068359
808.420898	11460.230469
807.245117	11309.521484
806.069336	11204.162109
804.893555	11327.287109
803.717773	11092.340820
802.541016	11073.494141
801.364258	11143.091797
800.187500	11200.320313
799.010742	11296.584961
797.833008	11551.068359
796.655273	11661.598633
795.477539	11780.297852
794.298828	11890.728516
793.121094	11845.040039
791.942383	11468.814453
790.762695	11474.551758
789.583984	11422.823242
788.404297	11362.908203
787.224609	11561.491211
786.044922	11546.691406
784.864258	11513.442383
783.683594	11441.256836
782.502930	11348.605469
781.322266	11559.268555
780.141602	11640.770508
778.959961	11820.553711
777.778320	11750.423828
776.595703	11602.522461
775.414063	11643.002930
774.231445	11640.489258
773.048828	11660.481445
771.865234	11608.869141
770.681641	11557.277344
769.499023	11493.438477
768.314453	11625.878906
767.130859	11809.357422
765.946289	11788.415039
764.761719	11657.161133
763.577148	11707.748047
762.391602	11844.079102
761.207031	12047.724609
760.021484	12034.914063
758.834961	12434.341797
757.649414	12466.339844
756.462891	12543.199219
755.276367	12393.647461
754.089844	12382.811523
752.902344	12712.416992
751.714844	13088.756836
750.527344	13032.946289
749.339844	13105.503906
748.151367	13446.886719
746.962891	14207.607422
745.774414	14719.618164
744.584961	14970.866211
743.396484	15374.631836
742.207031	15737.529297
741.016602	16167.396484
739.827148	16481.154297
738.636719	16707.345703
737.446289	16909.042969
736.255859	17070.003906
735.064453	17706.371094
733.873047	17867.087891
732.681641	17867.279297
731.490234	17960.878906
730.297852	17571.253906
729.105469	16966.642578
727.913086	16820.914063
726.720703	16224.840820
725.527344	15345.044922
724.333984	14708.987305
723.140625	14129.975586
721.947266	14096.505859
720.752930	13988.063477
719.558594	13638.544922
718.364258	13528.221680
717.168945	13154.648438
715.973633	12920.956055
714.778320	12875.639648
713.583008	13032.746094
712.386719	12827.559570
711.190430	12478.817383
709.994141	12585.335938
708.797852	12661.474609
707.600586	12721.403320
706.403320	13019.831055
705.206055	12867.454102
704.008789	13002.056641
702.810547	12657.840820
701.612305	12529.875000
700.414063	12250.523438
699.214844	12179.224609
698.015625	12493.458008
696.816406	13051.718750
695.617188	12845.121094
694.416992	12830.228516
693.217773	12825.424805
692.016602	13070.624023
690.816406	13716.839844
689.615234	14038.316406
688.414063	14339.503906
687.212891	14487.466797
686.011719	14721.963867
684.809570	15119.452148
683.607422	15544.950195
682.405273	15742.833984
681.202148	16192.156250
680.000000	15768.177734
678.795898	15734.579102
677.592773	15097.727539
676.389648	15237.185547
675.185547	15046.940430
673.981445	15001.465820
672.776367	15341.764648
671.571289	15892.828125
670.367188	15929.535156
669.161133	16795.457031
667.956055	17022.650391
666.750000	17829.753906
665.543945	18660.583984
664.337891	19511.109375
663.130859	20467.564453
661.923828	21012.533203
660.716797	21382.849609
659.509766	20917.197266
658.301758	20628.087891
657.093750	19788.154297
655.885742	19108.824219
654.677734	18329.662109
653.468750	18057.380859
652.259766	17553.017578
651.050781	17251.001953
649.840820	16875.087891
648.631836	16533.341797
647.420898	15761.750000
646.210938	15554.361328
645.000977	15125.163086
643.790039	14684.159180
642.579102	14399.207031
641.367188	13846.675781
640.155273	13637.928711
638.943359	13295.478516
637.731445	13248.655273
636.519531	13409.441406
635.306641	13264.827148
634.093750	13018.522461
632.880859	13079.513672
631.666992	13349.878906
630.453125	13013.989258
629.239258	13051.017578
628.025391	13068.098633
626.810547	13487.669922
625.595703	13223.756836
624.380859	13005.766602
623.165039	13056.690430
621.950195	13199.168945
620.734375	12951.468750
619.517578	12761.583984
618.301758	12870.209961
617.084961	12642.631836
615.868164	12623.960938
614.650391	12692.778320
613.433594	12226.851563
612.215820	12035.381836
610.998047	11863.863281
609.779297	11626.866211
608.560547	11884.496094
607.341797	11822.330078
606.123047	11911.063477
604.904297	12037.467773
603.684570	11969.353516
602.464844	11782.235352
601.244141	11700.320313
600.024414	11473.681641
598.803711	11524.701172
597.582031	11629.215820
596.361328	11315.543945
595.139648	11406.187500
593.917969	11215.511719
592.696289	10937.781250
591.473633	10905.687500
590.250977	10946.850586
589.028320	10768.314453
587.805664	10765.957031
586.582031	10919.880859
585.358398	11111.314453
584.134766	11579.496094
582.911133	11790.469727
581.686523	11886.712891
580.461914	12006.625977
579.237305	12118.583008
578.011719	12111.977539
576.786133	12346.296875
575.560547	12614.076172
574.334961	12569.860352
573.108398	12494.086914
571.881836	12611.704102
570.655273	12845.653320
569.427734	12986.806641
568.200195	12567.920898
566.972656	12486.312500
565.745117	12247.068359
564.516602	12281.821289
563.288086	12068.335938
562.059570	12205.529297
560.831055	12372.199219
559.601563	12241.518555
558.372070	12345.120117
557.142578	12464.418945
555.912109	12400.694336
554.681641	12382.236328
553.451172	12247.759766
552.220703	12376.801758
550.989258	12244.348633
549.757813	12168.946289
548.526367	12048.383789
547.294922	11698.039063
546.062500	11567.811523
544.830078	11761.625000
543.596680	11335.009766
542.364258	11495.422852
541.130859	11814.707031
539.897461	11990.636719
538.663086	12025.268555
537.429688	11710.833984
536.195313	11737.668945
534.959961	11772.331055
533.725586	11901.041016
532.490234	11959.161133
531.254883	11846.839844
530.019531	11871.652344
528.783203	12258.672852
527.546875	12490.877930
526.310547	12830.620117
525.073242	13594.805664
523.836914	15593.028320
522.598633	17768.347656
521.361328	19512.531250
520.124023	19404.626953
518.885742	17230.863281
517.646484	15405.878906
516.408203	14107.226563
515.168945	13225.177734
513.929688	12614.952148
512.690430	12485.272461
511.450195	12728.465820
510.210938	12776.402344
508.970703	13007.716797
507.729492	12770.776367
506.488281	12875.225586
505.247070	12663.763672
504.005859	12489.432617
502.764648	12352.206055
501.522461	11955.891602
