1802.243164	33896.859375
1801.274414	33632.156250
1800.304688	33473.140625
1799.334961	33910.777344
1798.365234	33951.421875
1797.395508	33837.343750
1796.425781	33922.886719
1795.455078	33908.625000
1794.485352	33991.625000
1793.514648	33785.375000
1792.543945	34244.757813
1791.572266	33786.824219
1790.601563	33922.097656
1789.629883	33823.140625
1788.658203	34262.214844
1787.686523	34173.187500
1786.714844	34614.503906
1785.742188	34391.019531
1784.769531	34463.781250
1783.796875	34466.843750
1782.824219	34335.562500
1781.851563	34589.851563
1780.877930	34829.121094
1779.905273	34566.070313
1778.931641	34447.296875
1777.958008	34790.824219
1776.983398	34734.164063
1776.009766	34950.796875
1775.035156	34827.066406
1774.060547	35001.371094
1773.085938	35145.812500
1772.111328	35339.839844
1771.135742	35044.882813
1770.161133	35549.003906
1769.185547	35452.582031
1768.208984	35180.093750
1767.233398	35026.742188
1766.257813	35545.332031
1765.281250	35384.527344
1764.304688	35441.878906
1763.328125	35385.222656
1762.351563	35234.449219
1761.374023	35465.164063
1760.396484	35542.250000
1759.418945	35849.554688
1758.441406	35750.785156
1757.463867	35911.906250
1756.485352	36048.218750
1755.507813	35939.570313
1754.529297	36031.296875
1753.550781	35831.195313
1752.571289	35930.320313
1751.592773	35881.093750
1750.613281	35881.316406
1749.633789	36565.953125
1748.654297	36301.707031
1747.674805	36326.531250
1746.694336	36529.140625
1745.713867	36595.878906
1744.733398	36753.917969
1743.752930	36487.417969
1742.772461	36660.218750
1741.791016	36939.019531
1740.810547	36719.496094
1739.829102	36468.007813
1738.847656	36714.621094
1737.865234	36934.023438
1736.883789	36850.214844
1735.901367	37010.363281
1734.918945	37182.761719
1733.936523	36951.171875
1732.954102	36877.265625
1731.970703	37155.445313
1730.987305	36914.148438
1730.003906	36904.273438
1729.020508	37354.503906
1728.037109	37014.906250
1727.052734	37651.847656
1726.068359	37585.269531
1725.083984	37398.250000
1724.099609	37776.636719
1723.115234	37530.671875
1722.129883	37800.769531
1721.144531	37572.085938
1720.159180	37503.136719
1719.173828	37849.191406
1718.188477	38391.503906
1717.202148	38150.609375
1716.215820	38000.605469
1715.229492	38383.074219
1714.243164	38713.878906
1713.256836	38630.062500
1712.269531	38820.910156
1711.282227	38594.914063
1710.294922	38932.750000
1709.307617	38998.437500
1708.320313	39233.148438
1707.332031	39396.726563
1706.343750	40130.878906
1705.355469	40181.570313
1704.367188	40281.199219
1703.378906	39766.437500
1702.389648	40105.925781
1701.400391	40107.636719
1700.411133	40319.718750
1699.421875	40641.761719
1698.431641	40545.554688
1697.442383	40251.367188
1696.452148	40575.667969
1695.461914	41217.515625
1694.470703	40432.281250
1693.480469	40414.367188
1692.489258	40508.800781
1691.498047	40603.191406
1690.506836	40463.187500
1689.515625	40791.855469
1688.523438	40544.492188
1687.532227	40738.824219
1686.540039	40762.324219
1685.547852	40895.558594
1684.554688	40711.761719
1683.562500	41039.968750
1682.569336	40675.851563
1681.576172	40865.031250
1680.583008	40927.445313
1679.589844	41491.609375
1678.595703	41320.078125
1677.601563	41411.574219
1676.607422	40928.527344
1675.613281	41136.882813
1674.619141	40972.851563
1673.624023	41329.515625
1672.628906	41484.148438
1671.633789	41791.925781
1670.638672	41705.687500
1669.643555	41865.003906
1668.647461	42104.460938
1667.651367	42001.195313
1666.655273	42357.132813
1665.659180	42370.445313
1664.663086	42284.179688
1663.666016	42127.539063
1662.668945	42514.710938
1661.671875	42605.636719
1660.674805	42633.429688
1659.676758	43003.277344
1658.679688	43586.417969
1657.681641	42833.132813
1656.683594	43243.925781
1655.684570	43569.707031
1654.686523	43473.660156
1653.687500	43535.144531
1652.688477	43725.000000
1651.689453	44411.304688
1650.690430	44060.882813
1649.690430	44516.832031
1648.691406	44328.710938
1647.691406	44648.886719
1646.690430	44746.328125
1645.690430	45126.761719
1644.690430	45011.218750
1643.689453	45152.046875
1642.688477	45408.859375
1641.687500	45467.359375
1640.685547	46190.425781
1639.684570	45837.980469
1638.682617	46352.921875
1637.680664	46785.535156
1636.678711	46358.320313
1635.675781	46785.921875
1634.672852	46868.179688
1633.670898	46704.246094
1632.667969	46509.011719
1631.664063	47093.027344
1630.661133	47179.968750
1629.657227	47090.843750
1628.653320	47606.875000
1627.649414	48026.281250
1626.645508	47768.343750
1625.640625	47780.355469
1624.636719	48001.937500
1623.631836	48274.000000
1622.626953	47907.851563
1621.621094	48254.449219
1620.616211	48793.457031
1619.610352	48793.199219
1618.604492	48701.511719
1617.598633	49206.417969
1616.591797	48746.714844
1615.585938	49405.289063
1614.579102	48919.285156
1613.572266	49457.375000
1612.565430	49416.113281
1611.557617	49809.726563
1610.550781	49674.722656
1609.542969	49719.886719
1608.535156	50386.914063
1607.526367	50302.281250
1606.518555	50680.902344
1605.509766	51047.367188
1604.500977	50717.929688
1603.492188	51081.832031
1602.483398	51505.542969
1601.473633	51463.925781
1600.464844	51947.308594
1599.455078	51747.429688
1598.444336	51789.648438
1597.434570	52524.214844
1596.424805	52772.242188
1595.414063	53206.960938
1594.403320	52580.832031
1593.392578	53613.855469
1592.380859	53648.445313
1591.369141	54092.191406
1590.358398	54334.796875
1589.346680	54749.515625
1588.333984	55240.585938
1587.322266	54741.628906
1586.309570	55473.925781
1585.296875	55990.832031
1584.284180	56211.234375
1583.271484	56670.437500
1582.257813	56749.683594
1581.245117	56656.964844
1580.231445	56860.328125
1579.217773	56925.160156
1578.203125	57536.472656
1577.189453	57126.312500
1576.174805	57260.218750
1575.160156	57959.328125
1574.145508	57880.781250
1573.129883	57890.472656
1572.115234	57943.058594
1571.099609	58586.636719
1570.083984	58412.703125
1569.067383	59034.480469
1568.051758	59122.503906
1567.035156	59146.199219
1566.018555	59686.488281
1565.001953	59798.121094
1563.985352	60100.078125
1562.967773	60604.148438
1561.951172	61203.160156
1560.933594	61240.652344
1559.915039	61841.660156
1558.897461	62504.230469
1557.878906	63242.585938
1556.861328	64223.027344
1555.842773	64635.230469
1554.823242	65968.914063
1553.804688	67617.906250
1552.785156	68534.906250
1551.765625	69836.101563
1550.746094	70790.250000
1549.726563	72209.101563
1548.706055	74203.875000
1547.686523	75761.390625
1546.666016	76908.000000
1545.645508	79038.109375
1544.624023	80136.164063
1543.603516	82124.906250
1542.582031	83401.960938
1541.560547	84858.539063
1540.539063	87098.531250
1539.516602	89512.843750
1538.495117	91353.203125
1537.472656	94004.742188
1536.450195	95791.351563
1535.426758	98336.781250
1534.404297	100339.414063
1533.380859	103053.164063
1532.357422	104174.328125
1531.333984	105566.914063
1530.310547	106207.242188
1529.286133	106528.257813
1528.261719	106520.703125
1527.237305	105142.992188
1526.212891	104457.859375
1525.188477	103933.570313
1524.163086	102795.664063
1523.137695	101396.203125
1522.112305	99050.984375
1521.086914	98504.609375
1520.060547	97420.609375
1519.035156	94938.460938
1518.008789	94303.640625
1516.982422	92393.656250
1515.955078	91434.335938
1514.928711	90989.125000
1513.901367	88802.953125
1512.874023	88038.093750
1511.846680	87297.085938
1510.818359	86229.093750
1509.791016	85745.351563
1508.762695	84454.500000
1507.734375	83608.921875
1506.705078	82391.953125
1505.676758	82154.007813
1504.647461	81328.218750
1503.618164	80145.367188
1502.588867	79792.828125
1501.559570	79687.203125
1500.529297	78763.882813
1499.499023	77979.539063
1498.468750	77406.914063
1497.438477	76862.703125
1496.408203	76379.750000
1495.376953	76061.312500
1494.345703	75606.875000
1493.314453	75213.632813
1492.283203	73961.914063
1491.250977	74221.210938
1490.219727	73523.617188
1489.187500	74003.273438
1488.154297	73245.062500
1487.122070	72939.476563
1486.088867	72439.523438
1485.056641	71899.945313
1484.023438	71718.937500
1482.989258	71748.750000
1481.956055	71937.742188
1480.921875	71504.031250
1479.887695	71299.835938
1478.853516	71776.578125
1477.819336	72692.914063
1476.784180	71550.726563
1475.750000	72361.500000
1474.714844	71549.476563
1473.678711	71754.531250
1472.643555	72167.476563
1471.607422	73246.132813
1470.571289	73203.093750
1469.535156	73057.304688
1468.499023	73509.328125
1467.462891	73755.726563
1466.425781	74193.406250
1465.388672	74112.859375
1464.351563	74491.953125
1463.313477	74560.656250
1462.276367	74228.203125
1461.238281	74164.015625
1460.200195	74743.250000
1459.162109	74905.054688
1458.123047	75118.046875
1457.083984	75866.789063
1456.045898	75448.265625
1455.005859	75502.656250
1453.966797	75778.195313
1452.926758	75597.375000
1451.887695	74627.664063
1450.847656	74891.570313
1449.806641	75011.132813
1448.766602	74946.898438
1447.725586	74989.648438
1446.685547	75548.507813
1445.643555	74470.726563
1444.602539	74260.226563
1443.561523	74005.656250
1442.519531	73876.632813
1441.477539	73396.960938
1440.435547	73237.914063
1439.392578	72408.000000
1438.350586	71652.687500
1437.307617	72085.851563
1436.264648	71351.796875
1435.220703	71042.539063
1434.177734	70095.625000
1433.133789	70292.226563
1432.089844	68872.921875
1431.045898	69391.851563
1430.001953	69027.679688
1428.957031	67885.195313
1427.912109	68763.039063
1426.867188	68306.570313
1425.822266	68382.828125
1424.777344	67722.906250
1423.731445	67702.031250
1422.685547	67780.671875
1421.639648	67577.023438
1420.592773	67267.062500
1419.546875	67260.164063
1418.500000	66675.250000
1417.453125	66564.445313
1416.406250	66220.257813
1415.358398	65991.742188
1414.311523	65770.250000
1413.263672	65495.722656
1412.215820	65867.882813
1411.166992	66276.820313
1410.119141	65792.296875
1409.070313	65107.183594
1408.021484	65269.136719
1406.972656	65640.937500
1405.922852	64986.253906
1404.873047	65438.660156
1403.824219	64180.265625
1402.773438	64194.707031
1401.723633	63990.214844
1400.673828	64200.519531
1399.623047	64148.132813
1398.572266	63768.734375
1397.520508	64105.585938
1396.469727	63970.363281
1395.417969	63812.179688
1394.366211	63718.488281
1393.314453	64163.187500
1392.262695	63673.824219
1391.209961	63722.792969
1390.158203	63955.671875
1389.105469	64298.796875
1388.051758	64480.894531
1386.999023	64389.472656
1385.945313	64851.742188
1384.891602	64415.746094
1383.837891	64889.292969
1382.784180	64933.308594
1381.729492	65147.164063
1380.675781	65087.824219
1379.621094	65680.140625
1378.565430	65962.523438
1377.510742	65992.484375
1376.455078	66306.781250
1375.399414	66299.968750
1374.343750	66682.828125
1373.288086	66749.265625
1372.231445	67248.718750
1371.175781	67615.093750
1370.119141	67667.546875
1369.061523	67928.343750
1368.004883	68525.562500
1366.947266	69317.078125
1365.889648	68943.492188
1364.832031	69455.460938
1363.774414	69896.304688
1362.715820	70849.242188
1361.657227	70676.835938
1360.598633	71007.421875
1359.540039	71870.382813
1358.481445	71585.898438
1357.421875	72452.945313
1356.362305	72394.578125
1355.302734	73315.898438
1354.242188	72928.585938
1353.182617	73863.109375
1352.122070	74537.062500
1351.061523	74989.406250
1350.000977	75288.718750
1348.939453	75482.976563
1347.877930	75893.789063
1346.817383	76698.835938
1345.754883	76685.250000
1344.693359	77464.726563
1343.630859	78237.039063
1342.568359	79204.937500
1341.505859	79555.226563
1340.443359	80067.031250
1339.380859	80530.812500
1338.317383	81108.203125
1337.253906	81573.843750
1336.190430	81766.273438
1335.125977	81642.437500
1334.062500	81996.226563
1332.998047	82588.609375
1331.933594	81846.335938
1330.868164	81727.109375
1329.803711	81678.375000
1328.738281	81756.875000
1327.672852	81253.867188
1326.607422	81089.421875
1325.541016	80954.562500
1324.475586	80869.687500
1323.409180	80859.742188
1322.342773	80121.437500
1321.275391	80272.703125
1320.208984	79852.351563
1319.141602	79380.007813
1318.074219	79270.601563
1317.005859	78619.500000
1315.938477	78206.609375
1314.870117	77950.226563
1313.801758	76935.085938
1312.733398	76722.093750
1311.665039	75340.796875
1310.595703	74956.164063
1309.526367	74220.859375
1308.457031	73644.257813
1307.387695	72911.789063
1306.317383	72419.382813
1305.248047	72198.554688
1304.177734	71620.578125
1303.106445	71309.578125
1302.036133	70386.218750
1300.964844	70398.726563
1299.893555	69871.281250
1298.822266	69524.750000
1297.750977	69501.289063
1296.678711	68811.789063
1295.606445	68578.539063
1294.534180	68699.710938
1293.461914	67952.132813
1292.389648	67698.890625
1291.316406	67567.546875
1290.243164	67512.921875
1289.169922	67706.312500
1288.095703	67176.078125
1287.022461	67222.960938
1285.948242	66875.539063
1284.874023	66679.179688
1283.798828	65879.328125
1282.724609	66626.703125
1281.649414	66311.187500
1280.574219	66333.414063
1279.499023	65219.250000
1278.422852	65673.648438
1277.347656	65527.281250
1276.271484	65657.578125
1275.195313	64976.156250
1274.118164	64641.187500
1273.041992	64614.257813
1271.964844	64549.136719
1270.887695	63920.164063
1269.809570	64555.972656
1268.732422	64394.332031
1267.654297	63990.281250
1266.576172	63999.410156
1265.498047	63972.625000
1264.418945	63593.585938
1263.340820	63387.429688
1262.261719	62862.878906
1261.182617	62668.164063
1260.102539	62439.898438
1259.023438	62682.414063
1257.943359	61860.394531
1256.863281	61981.937500
1255.782227	61973.507813
1254.702148	61420.875000
1253.621094	60825.929688
1252.540039	60596.117188
1251.458984	60632.730469
1250.376953	60778.968750
1249.295898	60359.136719
1248.213867	60400.238281
1247.131836	60226.640625
1246.048828	60348.234375
1244.966797	60735.777344
1243.883789	60651.601563
1242.800781	60612.144531
1241.717773	60255.484375
1240.633789	60169.214844
1239.549805	60328.609375
1238.465820	60284.773438
1237.381836	59511.066406
1236.297852	59152.757813
1235.212891	58801.289063
1234.127930	58764.484375
1233.042969	58424.382813
1231.957031	58222.667969
1230.872070	58382.171875
1229.786133	58124.820313
1228.700195	58159.484375
1227.614258	57875.546875
1226.527344	57905.785156
1225.440430	57524.027344
1224.353516	57872.703125
1223.266602	57729.285156
1222.179688	57398.980469
1221.091797	57562.773438
1220.003906	57755.417969
1218.916016	57240.699219
1217.827148	56939.664063
1216.739258	57401.312500
1215.650391	57458.226563
1214.561523	57532.890625
1213.471680	58000.785156
1212.382813	57915.359375
1211.292969	58016.523438
1210.203125	57571.414063
1209.113281	57956.753906
1208.022461	57820.347656
1206.932617	58318.640625
1205.841797	58089.027344
1204.750000	58429.562500
1203.659180	58929.621094
1202.567383	58739.925781
1201.475586	58745.375000
1200.383789	58992.390625
1199.291992	58499.222656
1198.199219	58794.914063
1197.106445	58884.500000
1196.013672	58874.394531
1194.920898	58715.957031
1193.827148	58825.410156
1192.734375	59499.132813
1191.640625	59252.152344
1190.545898	59310.535156
1189.452148	59592.265625
1188.357422	59000.468750
1187.262695	59655.746094
1186.167969	59384.656250
1185.073242	59270.574219
1183.977539	59373.046875
1182.881836	58987.316406
1181.786133	58780.625000
1180.690430	58805.847656
1179.593750	59190.871094
1178.497070	58498.714844
1177.400391	58837.296875
1176.303711	58805.113281
1175.206055	58369.312500
1174.109375	58707.699219
1173.011719	58342.644531
1171.913086	57838.875000
1170.815430	57573.316406
1169.716797	57479.726563
1168.618164	57414.808594
1167.519531	57156.101563
1166.420898	57373.117188
1165.321289	57180.566406
1164.221680	56985.890625
1163.122070	57227.000000
1162.022461	57369.000000
1160.921875	56923.644531
1159.821289	57397.714844
1158.720703	57055.867188
1157.620117	57476.945313
1156.518555	57236.316406
1155.416992	57277.039063
1154.315430	57500.082031
1153.213867	58006.359375
1152.112305	57245.375000
1151.009766	57444.121094
1149.907227	57484.738281
1148.804688	57402.445313
1147.701172	57618.574219
1146.598633	57452.921875
1145.495117	57666.750000
1144.391602	57259.953125
1143.287109	57024.316406
1142.183594	57242.472656
1141.079102	57140.605469
1139.974609	57043.156250
1138.869141	56400.335938
1137.764648	56767.343750
1136.659180	56124.843750
1135.553711	56356.027344
1134.447266	56223.812500
1133.341797	55719.671875
1132.235352	56320.496094
1131.128906	55746.550781
1130.022461	55688.910156
1128.915039	55511.042969
1127.808594	55392.265625
1126.701172	55216.714844
1125.593750	54855.523438
1124.485352	55208.781250
1123.376953	54943.828125
1122.268555	54899.515625
1121.160156	55302.742188
1120.051758	54802.207031
1118.942383	54814.679688
1117.833008	54907.859375
1116.723633	54822.144531
1115.614258	54812.785156
1114.503906	54949.503906
1113.394531	55216.953125
1112.283203	54691.000000
1111.172852	54790.605469
1110.062500	54360.808594
1108.951172	54434.300781
1107.839844	54677.605469
1106.728516	54694.390625
1105.616211	54027.710938
1104.503906	54664.820313
1103.391602	54100.679688
1102.279297	54015.320313
1101.166992	54667.246094
1100.053711	54336.097656
1098.940430	54535.511719
1097.827148	53982.839844
1096.712891	54729.816406
1095.599609	54277.265625
1094.485352	54741.496094
1093.371094	55279.359375
1092.255859	54811.769531
1091.141602	55019.449219
1090.026367	55174.949219
1088.911133	55302.175781
1087.794922	55548.652344
1086.679688	55588.984375
1085.563477	56058.632813
1084.447266	56649.484375
1083.330078	56505.316406
1082.213867	56896.453125
1081.096680	57458.574219
1079.979492	58122.261719
1078.862305	57525.277344
1077.744141	58102.058594
1076.625977	58717.554688
1075.507813	58588.289063
1074.389648	59657.812500
1073.271484	60086.535156
1072.152344	60512.910156
1071.033203	61384.558594
1069.914063	62009.371094
1068.793945	62943.011719
1067.674805	64070.746094
1066.554688	65420.542969
1065.433594	67061.382813
1064.313477	67863.570313
1063.192383	68183.906250
1062.071289	69492.820313
1060.950195	70492.539063
1059.829102	71468.093750
1058.707031	70812.242188
1057.584961	71599.648438
1056.462891	70721.914063
1055.340820	70437.460938
1054.217773	69469.796875
1053.094727	68888.312500
1051.971680	67524.921875
1050.848633	66476.625000
1049.724609	65837.976563
1048.601563	64489.003906
1047.476563	63967.289063
1046.352539	63213.332031
1045.228516	62679.191406
1044.103516	61267.468750
1042.978516	60972.718750
1041.852539	60615.722656
1040.727539	59727.796875
1039.601563	59601.222656
1038.475586	59698.210938
1037.349609	59270.863281
1036.222656	59067.117188
1035.096680	58949.363281
1033.969727	58827.363281
1032.841797	58155.796875
1031.714844	58137.039063
1030.586914	58244.898438
1029.458984	58181.066406
1028.331055	58016.437500
1027.202148	57573.070313
1026.074219	57824.605469
1024.945313	57975.273438
1023.815430	57890.113281
1022.686523	57597.132813
1021.556641	57827.011719
1020.426758	58144.605469
1019.296875	57584.062500
1018.166992	57638.222656
1017.036133	57917.117188
1015.905273	57966.898438
1014.774414	57259.214844
1013.643555	57204.285156
1012.511719	57335.449219
1011.379883	56887.074219
1010.248047	57400.910156
1009.115234	57138.656250
1007.983398	57152.175781
1006.850586	56798.210938
1005.717773	57016.847656
1004.583984	56953.488281
1003.451172	56881.617188
1002.317383	57287.933594
1001.183594	57132.781250
1000.048828	56815.523438
998.915039	56562.394531
997.780273	56942.828125
996.645508	56966.984375
995.509766	56564.738281
994.375000	56640.113281
993.239258	57655.242188
992.103516	57289.316406
990.967773	56966.144531
989.831055	57520.531250
988.694336	57016.457031
987.557617	57630.199219
986.420898	57311.472656
985.283203	57424.832031
984.145508	57667.917969
983.007813	57585.464844
981.870117	57979.386719
980.731445	57412.156250
979.592773	57548.738281
978.454102	57489.746094
977.315430	57658.117188
976.176758	58251.265625
975.037109	58001.007813
973.897461	57958.941406
972.756836	57897.785156
971.617188	58174.117188
970.476563	58505.500000
969.335938	57775.968750
968.195313	58120.015625
967.053711	57683.515625
965.912109	57985.023438
964.770508	58356.351563
963.628906	58873.750000
962.486328	58070.886719
961.344727	58041.574219
960.202148	57927.554688
959.058594	58182.019531
957.916016	58372.859375
956.772461	58148.769531
955.628906	58288.742188
954.485352	58221.316406
953.340820	57963.542969
952.196289	58118.257813
951.051758	57414.488281
949.907227	57645.347656
948.761719	57246.304688
947.617188	57644.019531
946.471680	57114.160156
945.325195	57237.156250
944.179688	57472.011719
943.033203	57596.984375
941.886719	57869.648438
940.740234	57734.910156
939.592773	57988.433594
938.445313	58659.500000
937.297852	59385.109375
936.150391	59570.636719
935.001953	60177.683594
933.854492	59975.160156
932.705078	61479.488281
931.556641	62239.515625
930.408203	62537.953125
929.258789	63596.441406
928.109375	62650.207031
926.958984	63842.925781
925.809570	62572.953125
924.659180	62788.925781
923.508789	62115.007813
922.358398	61052.308594
921.207031	60366.425781
920.055664	60080.250000
918.904297	59630.253906
917.752930	58707.660156
916.600586	57898.902344
915.449219	58138.578125
914.295898	57960.257813
913.143555	57670.738281
911.991211	56911.156250
910.837891	57012.316406
909.684570	57342.125000
908.530273	56954.378906
907.376953	56717.796875
906.222656	56380.667969
905.068359	56481.812500
903.913086	56251.761719
902.758789	56354.980469
901.603516	57348.523438
900.448242	55943.378906
899.292969	56813.027344
898.136719	56534.980469
896.980469	56686.152344
895.824219	56701.226563
894.667969	57009.218750
893.510742	56833.851563
892.353516	56892.792969
891.196289	56928.707031
890.038086	56870.527344
888.880859	56494.679688
887.722656	56568.257813
886.564453	56639.710938
885.405273	56596.250000
884.247070	56141.414063
883.087891	56634.644531
881.928711	56488.917969
880.768555	56787.773438
879.609375	56034.898438
878.449219	55741.277344
877.288086	56348.753906
876.127930	56574.386719
874.966797	56693.597656
873.805664	56639.761719
872.644531	56779.738281
871.483398	56796.734375
870.321289	56515.859375
869.159180	57076.421875
867.997070	56774.781250
866.833984	57228.878906
865.671875	57204.117188
864.508789	57406.160156
863.344727	57296.074219
862.181641	57375.292969
861.017578	57916.089844
859.853516	57269.597656
858.689453	57664.687500
857.524414	58090.773438
856.359375	57833.152344
855.194336	57984.832031
854.029297	58366.953125
852.864258	58418.785156
851.698242	58705.156250
850.532227	59082.714844
849.365234	58428.886719
848.199219	58090.648438
847.032227	58310.460938
845.865234	58708.500000
844.698242	58878.324219
843.530273	57885.304688
842.362305	57959.902344
841.194336	58351.445313
840.026367	57978.496094
838.857422	58195.902344
837.688477	57843.843750
836.519531	58477.250000
835.350586	58154.246094
834.180664	58547.289063
833.010742	58278.187500
831.840820	58079.519531
830.669922	58501.261719
829.500000	57907.761719
828.329102	57967.648438
827.158203	58267.214844
825.986328	58339.386719
824.814453	57851.757813
823.642578	57878.550781
822.470703	58363.679688
821.298828	58792.859375
820.125977	58689.402344
818.953125	58897.546875
817.780273	58428.976563
816.606445	58736.074219
815.432617	58733.742188
814.258789	59172.574219
813.084961	59040.289063
811.910156	58716.417969
810.736328	58860.347656
809.560547	59333.777344
808.385742	59380.718750
807.209961	59433.812500
806.035156	59847.105469
804.858398	59443.195313
803.682617	59866.585938
802.505859	59378.496094
801.330078	60780.683594
800.152344	60214.460938
798.975586	60318.664063
797.797852	59857.597656
796.620117	61124.894531
795.442383	61247.308594
794.264648	61100.593750
793.085938	61175.718750
791.907227	61382.210938
790.728516	61254.023438
789.548828	61251.074219
788.369141	60969.074219
787.189453	60598.988281
786.009766	60729.476563
784.830078	59980.257813
783.649414	60289.167969
782.468750	59632.589844
781.287109	59679.144531
780.106445	59664.214844
778.924805	59706.636719
777.743164	59493.062500
776.561523	59271.386719
775.378906	58615.855469
774.196289	59524.117188
773.013672	59208.449219
771.830078	59205.886719
770.647461	59002.898438
769.463867	59777.371094
768.280273	59547.765625
767.095703	59816.949219
765.911133	58911.062500
764.726563	59204.773438
763.541992	60047.792969
762.357422	60134.875000
761.171875	60822.156250
759.986328	61215.207031
758.800781	61483.597656
757.614258	61717.179688
756.427734	62448.386719
755.241211	63073.222656
754.054688	64749.898438
752.867188	66340.226563
751.679688	67418.296875
750.492188	69046.070313
749.304688	70929.820313
748.116211	72285.226563
746.927734	73845.710938
745.739258	75554.132813
744.549805	77542.703125
743.361328	79037.937500
742.171875	79942.492188
740.981445	80454.062500
739.791992	80672.554688
738.601563	80512.757813
737.411133	79822.468750
736.220703	79648.687500
735.029297	78485.429688
733.837891	78157.617188
732.646484	76767.695313
731.455078	76562.218750
730.262695	74704.265625
729.070313	73616.382813
727.877930	71268.773438
726.685547	69814.875000
725.492188	67947.804688
724.298828	66777.132813
723.105469	66168.585938
721.912109	65517.738281
720.717773	65821.718750
719.523438	65343.445313
718.329102	65244.195313
717.133789	66062.460938
715.938477	66382.242188
714.743164	66416.429688
713.547852	66833.140625
712.351563	66840.906250
711.155273	67526.406250
709.958984	68332.976563
708.762695	68682.156250
707.565430	69342.539063
706.368164	70257.335938
705.170898	70809.968750
703.973633	71241.132813
702.775391	71415.554688
701.577148	72062.492188
700.378906	73438.070313
699.179688	73813.757813
697.980469	75396.242188
696.781250	76953.812500
695.582031	79255.132813
694.381836	81065.328125
693.181641	83324.414063
691.981445	86203.484375
690.781250	87204.695313
689.580078	89140.539063
688.378906	90831.742188
687.177734	91782.929688
685.976563	92383.273438
684.774414	93160.539063
683.572266	92882.617188
682.370117	93681.562500
681.166992	93188.328125
679.963867	92534.367188
678.760742	91957.109375
677.557617	92439.828125
676.353516	90899.835938
675.149414	90070.031250
673.945313	89511.875000
672.741211	89498.429688
671.536133	89127.437500
670.331055	88385.070313
669.125977	86484.515625
667.919922	84701.210938
666.714844	83081.242188
665.508789	81175.039063
664.301758	79207.468750
663.095703	77585.726563
661.888672	76524.125000
660.681641	75547.187500
659.474609	74274.031250
658.266602	73177.757813
657.058594	72891.359375
655.850586	71715.734375
654.641602	70800.960938
653.433594	69454.109375
652.224609	69120.710938
651.014648	68271.117188
649.805664	67958.117188
648.595703	67685.257813
647.385742	66710.523438
646.175781	66522.023438
644.964844	66259.640625
643.753906	65873.445313
642.542969	65739.187500
641.332031	65636.953125
640.120117	65446.871094
638.908203	65019.234375
637.696289	64889.257813
636.483398	64641.566406
635.270508	64633.453125
634.057617	64948.554688
632.844727	64856.585938
631.630859	64786.593750
630.417969	64271.996094
629.203125	64750.343750
627.989258	64522.960938
626.774414	64975.132813
625.559570	64472.882813
624.344727	64689.839844
623.129883	64197.816406
621.914063	64472.464844
620.698242	63942.875000
619.482422	63863.242188
618.265625	63779.660156
617.048828	63773.683594
615.832031	63853.218750
614.615234	63924.757813
613.397461	63841.218750
612.179688	63745.785156
610.961914	63946.441406
609.743164	64375.445313
608.525391	64500.398438
607.306641	64704.710938
606.086914	64668.730469
604.868164	64545.429688
603.648438	64828.960938
602.428711	64439.832031
601.208008	64423.757813
599.988281	64802.300781
598.767578	64911.042969
597.546875	64522.222656
596.325195	64623.042969
595.103516	64484.082031
593.881836	64650.230469
592.660156	64889.570313
591.437500	64748.652344
590.215820	63992.156250
588.993164	64239.390625
587.769531	63976.015625
586.545898	64191.484375
585.322266	64124.027344
584.098633	63671.011719
582.875000	64449.816406
581.650391	64166.898438
580.425781	63901.882813
579.201172	64109.152344
577.975586	63970.671875
576.750000	64377.281250
575.524414	64694.863281
574.298828	64751.746094
573.072266	64850.042969
571.845703	65248.191406
570.619141	65490.328125
569.391602	65322.144531
568.164063	65844.132813
566.936523	65940.093750
565.708984	66242.945313
564.480469	66778.171875
563.251953	66282.843750
562.023438	66518.437500
560.794922	66641.687500
559.565430	66717.632813
558.335938	67053.343750
557.106445	67587.664063
555.875977	66955.062500
554.645508	67459.656250
553.415039	67631.671875
552.184570	67581.437500
550.953125	67267.820313
549.721680	67398.476563
548.490234	67415.117188
547.257813	67476.929688
546.026367	67340.343750
544.793945	67284.320313
543.560547	67234.210938
542.328125	67403.929688
541.094727	66928.000000
539.861328	67129.093750
538.626953	67365.406250
537.392578	67678.078125
536.158203	67778.875000
534.923828	67564.054688
533.689453	68086.148438
532.454102	68623.679688
531.218750	68015.085938
529.982422	68791.304688
528.747070	67634.710938
527.510742	68447.859375
526.273438	67828.070313
525.037109	68323.835938
523.799805	69202.796875
522.562500	69488.765625
521.325195	71104.242188
520.086914	70423.921875
518.848633	69472.226563
517.610352	68341.179688
516.372070	67624.789063
515.132813	67385.281250
513.893555	66948.656250
512.654297	66978.820313
511.414063	66577.601563
510.173828	66110.195313
508.933594	66343.421875
507.693359	65889.929688
506.452148	65840.312500
505.210938	66030.539063
503.969727	66257.710938
502.727539	66634.843750
501.485352	66329.843750
