1802.271484	5176.704590
1801.302734	5436.414063
1800.333984	5068.312500
1799.364258	5324.409180
1798.394531	5265.944336
1797.424805	5162.588867
1796.454102	4902.107422
1795.484375	4846.254883
1794.513672	4822.843262
1793.542969	4844.318359
1792.572266	5197.315918
1791.601563	5355.779297
1790.629883	5369.659180
1789.658203	5097.042480
1788.687500	5008.847656
1787.714844	5035.238770
1786.743164	5136.311035
1785.771484	5321.976074
1784.798828	5475.213379
1783.826172	5543.789063
1782.853516	5704.383301
1781.880859	5750.499512
1780.907227	5647.393066
1779.933594	5822.786621
1778.959961	6032.910156
1777.986328	5989.453613
1777.012695	5784.505371
1776.038086	5711.304688
1775.064453	5662.970215
1774.089844	5460.692383
1773.115234	5556.427246
1772.139648	5629.782715
1771.165039	6013.330566
1770.189453	5982.351074
1769.213867	6390.481445
1768.238281	6418.965332
1767.262695	6566.466797
1766.286133	6619.696289
1765.310547	6720.000488
1764.333984	6850.004395
1763.357422	6930.399414
1762.379883	6755.600098
1761.403320	6801.305664
1760.425781	6797.466797
1759.448242	7038.734375
1758.470703	7161.089844
1757.493164	7370.014160
1756.514648	7729.788574
1755.536133	7911.302246
1754.558594	7778.629883
1753.579102	7606.444824
1752.600586	7342.851563
1751.622070	7190.597168
1750.642578	7127.371582
1749.663086	7212.422363
1748.683594	7292.497559
1747.703125	7184.831055
1746.723633	7185.859375
1745.743164	6811.618164
1744.762695	6891.708008
1743.782227	6764.463379
1742.801758	6775.443359
1741.820313	6779.017578
1740.839844	6846.716309
1739.858398	6598.751953
1738.875977	6698.509277
1737.894531	6672.516113
1736.913086	6461.701172
1735.930664	6477.651367
1734.948242	6508.375488
1733.965820	6640.067383
1732.982422	6673.208008
1732.000000	6890.980957
1731.016602	6884.674316
1730.033203	6605.203613
1729.049805	6384.895996
1728.066406	6221.255859
1727.082031	6234.763184
1726.097656	6378.590332
1725.113281	6448.604492
1724.128906	6840.587402
1723.144531	7033.354980
1722.159180	6810.811523
1721.173828	6681.704102
1720.188477	6510.896484
1719.203125	6485.032227
1718.217773	6341.337402
1717.231445	6413.698242
1716.245117	6606.278320
1715.258789	6725.173828
1714.272461	6694.384766
1713.286133	6700.396484
1712.298828	7110.996094
1711.311523	7359.626465
1710.324219	7451.287109
1709.336914	7405.677734
1708.349609	7200.830078
1707.361328	7400.248535
1706.373047	7141.603516
1705.384766	7314.018066
1704.396484	7461.881836
1703.408203	7661.085938
1702.418945	8100.028809
1701.429688	8215.837891
1700.440430	8576.214844
1699.451172	8601.390625
1698.460938	8856.401367
1697.471680	8976.852539
1696.481445	9107.030273
1695.491211	9056.323242
1694.500000	9142.454102
1693.509766	9262.748047
1692.518555	9639.425781
1691.527344	9715.619141
1690.536133	9962.667969
1689.544922	10058.290039
1688.552734	10112.389648
1687.561523	10451.917969
1686.569336	10659.588867
1685.577148	10623.297852
1684.583984	10540.693359
1683.591797	10345.983398
1682.598633	10309.775391
1681.605469	10307.697266
1680.612305	10407.944336
1679.619141	10410.717773
1678.625000	10613.186523
1677.630859	10810.703125
1676.636719	10864.513672
1675.642578	11227.401367
1674.648438	10872.298828
1673.653320	11096.363281
1672.659180	10904.398438
1671.664063	10785.467773
1670.667969	10992.392578
1669.672852	10922.108398
1668.676758	10472.706055
1667.681641	10759.754883
1666.685547	10828.037109
1665.688477	10697.117188
1664.692383	10952.375000
1663.695313	10981.728516
1662.698242	10651.800781
1661.701172	10528.300781
1660.704102	10931.401367
1659.707031	10795.762695
1658.708984	10859.071289
1657.710938	11150.307617
1656.712891	10878.931641
1655.714844	10913.094727
1654.715820	11402.874023
1653.717773	11245.493164
1652.718750	11158.430664
1651.718750	11286.969727
1650.719727	11018.311523
1649.720703	11035.454102
1648.720703	10907.351563
1647.720703	11338.351563
1646.720703	11379.613281
1645.719727	11316.833984
1644.719727	11137.983398
1643.718750	11048.676758
1642.717773	11273.706055
1641.716797	11123.976563
1640.715820	11095.143555
1639.713867	11015.580078
1638.711914	10989.195313
1637.709961	10962.819336
1636.708008	10902.647461
1635.706055	11269.826172
1634.703125	10970.650391
1633.700195	10695.727539
1632.697266	10770.773438
1631.694336	10778.243164
1630.690430	10546.937500
1629.687500	10429.058594
1628.683594	10776.521484
1627.679688	10931.013672
1626.674805	11013.146484
1625.670898	11080.789063
1624.666016	11374.840820
1623.661133	11001.641602
1622.656250	10845.306641
1621.651367	10597.550781
1620.645508	10299.349609
1619.639648	10297.263672
1618.633789	10100.292969
1617.627930	10175.222656
1616.622070	10103.416016
1615.615234	10147.054688
1614.608398	10056.049805
1613.601563	10428.963867
1612.594727	10671.961914
1611.587891	10628.955078
1610.580078	11027.948242
1609.572266	11263.470703
1608.564453	11198.757813
1607.556641	10973.230469
1606.547852	10884.600586
1605.540039	10762.411133
1604.531250	11146.493164
1603.522461	11458.458984
1602.512695	11405.772461
1601.503906	11230.825195
1600.494141	11398.749023
1599.484375	11240.649414
1598.474609	11420.482422
1597.464844	11231.296875
1596.454102	11415.848633
1595.443359	11344.083008
1594.432617	11305.866211
1593.421875	11566.890625
1592.411133	11933.115234
1591.399414	12203.476563
1590.387695	12318.223633
1589.375977	12191.345703
1588.364258	12236.698242
1587.352539	12136.186523
1586.339844	11894.680664
1585.327148	12136.038086
1584.314453	12176.583008
1583.301758	12128.719727
1582.288086	12508.410156
1581.274414	12718.399414
1580.260742	12773.116211
1579.247070	12866.000977
1578.233398	12763.152344
1577.218750	12789.191406
1576.205078	12805.676758
1575.190430	12917.557617
1574.174805	12988.853516
1573.160156	12521.313477
1572.144531	12811.953125
1571.128906	13123.921875
1570.113281	12825.804688
1569.097656	13035.208984
1568.082031	13187.367188
1567.065430	13396.612305
1566.048828	13389.125977
1565.032227	13431.626953
1564.015625	13543.122070
1562.998047	13359.542969
1561.980469	13211.719727
1560.962891	13299.406250
1559.945313	13453.635742
1558.927734	13436.633789
1557.909180	13310.303711
1556.890625	13416.906250
1555.872070	13055.418945
1554.853516	13219.038086
1553.834961	13370.715820
1552.815430	13510.458984
1551.795898	13213.339844
1550.776367	12970.930664
1549.756836	13151.007813
1548.736328	13110.369141
1547.716797	13038.911133
1546.696289	12946.136719
1545.675781	12917.417969
1544.654297	13026.203125
1543.633789	12819.722656
1542.612305	12504.324219
1541.590820	12741.056641
1540.569336	12811.886719
1539.546875	13038.985352
1538.525391	12842.179688
1537.502930	12841.929688
1536.480469	12865.344727
1535.457031	12964.468750
1534.434570	13080.112305
1533.411133	12788.884766
1532.387695	13010.929688
1531.364258	12665.456055
1530.340820	12556.500977
1529.316406	12764.275391
1528.291992	12577.371094
1527.267578	12586.616211
1526.243164	12456.507813
1525.218750	12642.876953
1524.193359	12652.102539
1523.167969	12557.463867
1522.142578	12656.378906
1521.117188	12462.678711
1520.091797	12502.596680
1519.065430	12382.120117
1518.039063	12414.961914
1517.012695	12464.292969
1515.985352	12471.176758
1514.958984	12324.878906
1513.931641	12320.005859
1512.904297	12487.093750
1511.876953	12418.599609
1510.849609	12620.917969
1509.821289	12615.985352
1508.792969	12858.191406
1507.764648	12832.032227
1506.736328	12951.751953
1505.707031	12751.517578
1504.677734	12842.982422
1503.649414	12741.603516
1502.619141	12901.204102
1501.589844	13213.510742
1500.559570	13055.719727
1499.530273	13175.217773
1498.500000	13238.292969
1497.468750	13190.965820
1496.438477	13035.654297
1495.407227	13056.462891
1494.375977	13318.999023
1493.344727	12884.522461
1492.313477	13001.533203
1491.282227	12815.922852
1490.250000	12956.348633
1489.217773	12749.720703
1488.185547	12866.660156
1487.152344	12437.491211
1486.120117	12753.610352
1485.086914	12547.190430
1484.053711	12544.623047
1483.020508	12469.462891
1481.986328	12495.004883
1480.953125	12394.135742
1479.918945	12487.548828
1478.884766	12527.107422
1477.849609	12510.505859
1476.815430	12807.311523
1475.780273	13005.785156
1474.745117	12792.714844
1473.709961	12832.166992
1472.673828	13345.991211
1471.638672	13354.938477
1470.602539	13571.780273
1469.566406	13716.132813
1468.529297	14014.534180
1467.493164	14266.123047
1466.456055	14431.248047
1465.418945	14549.634766
1464.381836	14863.948242
1463.344727	15098.825195
1462.306641	15319.612305
1461.268555	15626.577148
1460.230469	15737.599609
1459.192383	15902.180664
1458.154297	16031.740234
1457.115234	16107.663086
1456.076172	16388.525391
1455.037109	16326.945313
1453.998047	16435.353516
1452.958008	16769.513672
1451.917969	16807.964844
1450.877930	16992.990234
1449.837891	17068.599609
1448.797852	17479.105469
1447.756836	17640.623047
1446.715820	17532.378906
1445.674805	17561.322266
1444.633789	17639.056641
1443.591797	17607.552734
1442.549805	17545.863281
1441.507813	17646.773438
1440.465820	17397.009766
1439.423828	17358.613281
1438.380859	17236.669922
1437.337891	17214.564453
1436.294922	17118.220703
1435.251953	16945.367188
1434.208984	17194.679688
1433.165039	16994.052734
1432.121094	17493.625000
1431.077148	17724.126953
1430.032227	17613.886719
1428.988281	17895.238281
1427.943359	17998.111328
1426.898438	18059.255859
1425.853516	18208.359375
1424.807617	17908.304688
1423.761719	18050.433594
1422.716797	18021.267578
1421.669922	17693.671875
1420.624023	17618.328125
1419.578125	17200.757813
1418.531250	17030.750000
1417.484375	16911.666016
1416.436523	16619.296875
1415.389648	16502.654297
1414.341797	16462.296875
1413.293945	16186.364258
1412.246094	15970.583984
1411.198242	16055.029297
1410.149414	15802.431641
1409.101563	15796.870117
1408.052734	15666.715820
1407.002930	15532.000000
1405.954102	15461.916992
1404.904297	15876.099609
1403.854492	15494.741211
1402.804688	15443.146484
1401.754883	15216.431641
1400.704102	15298.544922
1399.654297	15325.338867
1398.603516	15377.455078
1397.551758	15192.383789
1396.500977	14991.272461
1395.449219	15278.187500
1394.397461	15028.816406
1393.345703	15274.191406
1392.293945	15220.438477
1391.241211	15086.216797
1390.189453	15227.959961
1389.136719	15321.369141
1388.083008	15364.175781
1387.030273	15253.009766
1385.976563	15311.892578
1384.922852	15324.813477
1383.869141	15934.793945
1382.815430	16083.039063
1381.760742	16284.017578
1380.707031	16427.537109
1379.652344	16690.312500
1378.596680	17154.853516
1377.541992	17183.421875
1376.486328	17195.927734
1375.430664	17412.470703
1374.375000	17754.992188
1373.319336	17739.869141
1372.262695	17935.541016
1371.207031	18055.537109
1370.150391	17623.531250
1369.092773	17951.910156
1368.036133	18129.058594
1366.978516	17804.878906
1365.920898	17991.134766
1364.863281	17525.263672
1363.805664	17814.433594
1362.747070	17684.972656
1361.688477	17807.074219
1360.629883	17734.814453
1359.571289	17546.021484
1358.512695	17700.064453
1357.453125	17673.560547
1356.393555	17537.429688
1355.333984	17944.859375
1354.274414	17790.460938
1353.213867	17825.589844
1352.153320	17712.357422
1351.092773	18069.210938
1350.032227	17990.193359
1348.970703	18262.451172
1347.910156	18459.343750
1346.848633	18530.761719
1345.787109	18472.222656
1344.724609	18664.388672
1343.663086	18972.675781
1342.600586	18891.298828
1341.538086	19106.029297
1340.474609	19288.792969
1339.412109	19708.242188
1338.348633	19838.453125
1337.285156	19998.191406
1336.221680	20312.574219
1335.157227	20360.687500
1334.093750	20356.470703
1333.029297	20738.792969
1331.964844	20679.939453
1330.900391	20748.386719
1329.834961	20419.146484
1328.769531	20433.091797
1327.704102	20281.218750
1326.638672	19945.462891
1325.573242	19623.468750
1324.506836	19539.955078
1323.440430	18898.173828
1322.374023	18442.720703
1321.306641	18518.296875
1320.240234	18049.500000
1319.172852	18304.267578
1318.105469	17905.988281
1317.038086	17707.341797
1315.969727	17816.982422
1314.902344	17806.490234
1313.833984	18027.060547
1312.764648	18331.335938
1311.696289	18393.199219
1310.626953	18319.205078
1309.558594	18614.173828
1308.489258	18712.142578
1307.418945	18509.164063
1306.349609	18399.011719
1305.279297	18757.037109
1304.208984	18434.335938
1303.138672	18093.683594
1302.067383	18001.785156
1300.997070	17991.269531
1299.925781	17732.248047
1298.854492	17676.617188
1297.782227	17171.619141
1296.710938	16987.431641
1295.638672	17205.119141
1294.566406	16506.443359
1293.494141	16293.174805
1292.420898	16258.208008
1291.347656	16202.956055
1290.274414	16093.607422
1289.201172	15984.303711
1288.127930	15561.735352
1287.053711	15729.771484
1285.979492	15334.466797
1284.905273	15734.498047
1283.831055	15636.637695
1282.755859	15876.568359
1281.681641	16012.842773
1280.606445	16297.609375
1279.530273	16480.994141
1278.455078	16441.570313
1277.378906	16705.822266
1276.302734	16646.126953
1275.226563	16883.244141
1274.150391	16547.037109
1273.073242	16651.474609
1271.996094	16870.462891
1270.918945	16601.863281
1269.841797	16827.507813
1268.763672	16792.568359
1267.686523	16333.312500
1266.608398	16428.677734
1265.529297	16389.351563
1264.451172	15793.596680
1263.372070	15731.984375
1262.292969	15647.968750
1261.213867	15274.727539
1260.134766	15163.937500
1259.054688	14961.296875
1257.974609	14725.125000
1256.894531	14598.833008
1255.814453	14362.833008
1254.734375	14453.901367
1253.653320	14287.439453
1252.572266	14378.483398
1251.491211	14178.533203
1250.409180	14193.479492
1249.328125	14358.311523
1248.246094	14319.532227
1247.163086	14296.420898
1246.081055	14212.953125
1244.999023	14339.639648
1243.916016	14401.460938
1242.833008	13911.360352
1241.749023	14044.729492
1240.666016	14021.699219
1239.582031	14221.978516
1238.498047	13904.225586
1237.414063	13867.844727
1236.329102	13806.929688
1235.245117	13795.125000
1234.160156	13604.871094
1233.075195	13557.428711
1231.989258	13525.613281
1230.904297	13527.249023
1229.818359	13758.451172
1228.732422	13637.477539
1227.645508	13676.960938
1226.559570	13700.834961
1225.472656	13620.032227
1224.385742	13481.373047
1223.298828	13447.393555
1222.210938	13469.066406
1221.124023	13497.405273
1220.036133	13654.759766
1218.948242	13602.976563
1217.859375	13675.740234
1216.771484	13697.339844
1215.682617	13401.072266
1214.593750	13627.169922
1213.503906	13502.121094
1212.415039	13226.071289
1211.325195	13378.770508
1210.235352	13464.792969
1209.145508	13228.879883
1208.054688	13463.603516
1206.964844	13380.902344
1205.874023	13304.891602
1204.782227	13100.260742
1203.691406	12804.790039
1202.599609	12955.098633
1201.507813	12537.859375
1200.416016	12747.999023
1199.324219	12359.782227
1198.231445	12204.337891
1197.138672	11902.775391
1196.045898	11935.715820
1194.953125	11962.000000
1193.860352	12247.250977
1192.766602	12067.645508
1191.672852	12155.834961
1190.579102	12332.471680
1189.484375	12343.159180
1188.389648	12448.922852
1187.294922	12433.052734
1186.200195	12585.166992
1185.105469	12416.797852
1184.009766	12621.874023
1182.914063	12451.357422
1181.818359	12614.378906
1180.722656	12598.489258
1179.625977	12626.754883
1178.529297	12743.288086
1177.432617	12665.595703
1176.335938	12839.428711
1175.239258	12680.138672
1174.141602	12483.427734
1173.043945	12716.713867
1171.946289	12354.757813
1170.847656	12482.190430
1169.749023	12309.918945
1168.650391	12245.658203
1167.551758	12300.352539
1166.453125	12293.369141
1165.353516	12050.831055
1164.253906	12175.962891
1163.154297	12065.582031
1162.054688	11933.246094
1160.954102	11910.946289
1159.853516	12128.363281
1158.752930	12279.727539
1157.652344	12239.781250
1156.551758	12153.697266
1155.450195	12236.841797
1154.348633	12513.273438
1153.246094	12668.787109
1152.144531	13285.380859
1151.041992	13684.362305
1149.939453	13874.650391
1148.836914	14345.759766
1147.734375	14838.610352
1146.630859	15282.994141
1145.527344	15604.373047
1144.423828	15982.625977
1143.320313	15799.504883
1142.215820	16019.748047
1141.111328	15992.277344
1140.006836	15747.922852
1138.902344	15225.488281
1137.796875	15298.936523
1136.691406	14997.952148
1135.585938	14694.903320
1134.480469	14269.421875
1133.374023	14089.186523
1132.268555	13891.524414
1131.162109	13442.418945
1130.054688	13050.355469
1128.948242	12844.289063
1127.840820	12817.543945
1126.733398	12377.780273
1125.625977	12300.890625
1124.518555	12309.224609
1123.410156	12193.069336
1122.301758	12015.823242
1121.193359	11880.129883
1120.083984	11910.368164
1118.975586	11807.484375
1117.866211	11857.359375
1116.756836	11935.568359
1115.647461	11911.249023
1114.537109	12248.866211
1113.426758	12259.366211
1112.316406	12282.937500
1111.206055	12210.625977
1110.094727	12539.179688
1108.983398	12595.344727
1107.872070	12721.166992
1106.760742	12779.445313
1105.649414	13057.537109
1104.537109	13063.491211
1103.424805	13223.916016
1102.312500	13064.512695
1101.199219	13177.023438
1100.086914	13348.192383
1098.973633	13327.988281
1097.859375	13033.942383
1096.746094	12870.395508
1095.631836	12541.808594
1094.517578	12441.422852
1093.403320	12275.931641
1092.289063	12188.668945
1091.173828	12021.127930
1090.058594	11769.019531
1088.943359	11645.031250
1087.828125	11666.437500
1086.711914	11520.833008
1085.596680	11490.213867
1084.480469	11257.990234
1083.363281	11249.112305
1082.247070	11443.935547
1081.129883	11378.690430
1080.012695	11109.860352
1078.895508	11358.728516
1077.777344	11217.759766
1076.659180	11256.521484
1075.541016	11390.493164
1074.422852	11305.863281
1073.304688	11439.766602
1072.185547	11614.707031
1071.066406	11739.837891
1069.947266	11670.336914
1068.827148	11795.401367
1067.707031	11788.586914
1066.587891	12021.602539
1065.466797	12131.390625
1064.346680	12295.123047
1063.225586	12370.256836
1062.104492	12432.406250
1060.983398	12671.510742
1059.862305	12703.357422
1058.740234	12963.875977
1057.618164	12807.992188
1056.496094	13033.873047
1055.374023	12839.228516
1054.250977	12812.802734
1053.127930	12844.574219
1052.004883	12792.300781
1050.881836	12692.654297
1049.757813	12804.119141
1048.634766	12508.560547
1047.509766	12544.665039
1046.385742	12432.239258
1045.261719	12317.707031
1044.136719	12467.855469
1043.011719	12379.175781
1041.885742	12075.475586
1040.760742	12017.015625
1039.634766	12229.438477
1038.508789	12100.045898
1037.382813	12293.020508
1036.255859	11858.609375
1035.129883	11705.749023
1034.002930	11782.722656
1032.875000	11932.659180
1031.748047	11970.915039
1030.620117	12054.219727
1029.492188	12040.938477
1028.364258	11971.888672
1027.235352	12233.144531
1026.107422	12106.188477
1024.978516	12157.216797
1023.849609	12214.652344
1022.719727	12289.205078
1021.589844	12271.603516
1020.460938	12298.989258
1019.330078	12474.124023
1018.200195	12338.735352
1017.069336	12406.757813
1015.938477	12464.049805
1014.807617	12296.652344
1013.676758	12225.588867
1012.544922	12235.828125
1011.413086	12179.775391
1010.281250	12256.291016
1009.149414	12253.690430
1008.016602	12357.937500
1006.883789	12398.044922
1005.750977	12468.038086
1004.618164	12698.169922
1003.484375	12689.069336
1002.350586	12722.665039
1001.216797	12536.420898
1000.083008	12392.930664
998.948242	12279.366211
997.813477	12110.395508
996.678711	11962.819336
995.543945	11774.797852
994.408203	11863.951172
993.272461	11759.140625
992.136719	11647.981445
991.000977	11930.946289
989.864258	11789.981445
988.727539	11838.577148
987.590820	11767.940430
986.454102	11795.235352
985.316406	11756.554688
984.179688	11771.074219
983.041992	11764.318359
981.903320	11857.510742
980.765625	11799.710938
979.626953	11873.724609
978.488281	11847.822266
977.349609	12130.014648
976.209961	12093.446289
975.070313	12005.920898
973.930664	12230.566406
972.791016	12145.170898
971.650391	12562.833008
970.509766	12829.654297
969.369141	13051.809570
968.228516	13121.148438
967.087891	13298.611328
965.946289	13064.678711
964.804688	13032.220703
963.662109	13188.393555
962.520508	13037.265625
961.377930	12985.766602
960.235352	13063.483398
959.092773	12563.089844
957.949219	12681.084961
956.805664	12434.975586
955.662109	12542.366211
954.518555	12552.387695
953.375000	12291.654297
952.230469	12280.576172
951.085938	12231.443359
949.940430	12281.683594
948.795898	12131.125000
947.650391	12092.618164
946.504883	12360.445313
945.359375	12239.533203
944.212891	12160.904297
943.067383	12265.981445
941.919922	12506.100586
940.773438	12547.749023
939.626953	12787.704102
938.479492	13088.727539
937.332031	13355.878906
936.184570	13740.990234
935.036133	14085.883789
933.887695	14472.781250
932.739258	15390.510742
931.590820	15745.362305
930.441406	16514.990234
929.292969	17189.527344
928.142578	17537.449219
926.993164	18007.304688
925.843750	17982.416016
924.693359	18170.039063
923.542969	17850.626953
922.391602	17594.445313
921.241211	16690.755859
920.089844	16184.767578
918.938477	15636.958984
917.787109	14908.672852
916.634766	14365.570313
915.482422	13831.100586
914.330078	13261.160156
913.177734	13151.250977
912.024414	12674.055664
910.872070	12459.387695
909.717773	12060.173828
908.564453	12097.452148
907.411133	11845.291992
906.256836	11815.500977
905.102539	11777.335938
903.947266	11548.458984
902.792969	11652.857422
901.637695	11539.329102
900.482422	11388.146484
899.326172	11634.910156
898.170898	11370.712891
897.014648	11699.008789
895.858398	11723.710938
894.701172	11746.309570
893.544922	11551.342773
892.387695	11557.236328
891.230469	11397.938477
890.072266	11543.926758
888.915039	11330.356445
887.756836	11526.446289
886.598633	11492.639648
885.439453	11628.035156
884.281250	11489.805664
883.122070	11359.986328
881.962891	11386.776367
880.802734	11645.206055
879.643555	11696.959961
878.483398	11903.060547
877.322266	11654.407227
876.162109	11973.025391
875.000977	11839.122070
873.839844	12055.432617
872.678711	12104.944336
871.517578	12135.683594
870.355469	12293.466797
869.193359	12297.079102
868.031250	12340.247070
866.868164	12187.725586
865.706055	12041.512695
864.542969	11957.782227
863.378906	11755.512695
862.215820	11597.005859
861.051758	11806.612305
859.887695	11654.397461
858.723633	11699.701172
857.558594	11524.714844
856.394531	11607.421875
855.229492	11962.197266
854.063477	11953.399414
852.898438	11921.765625
851.732422	11815.416016
850.566406	11742.317383
849.400391	11536.456055
848.233398	11772.541016
847.066406	11655.942383
845.899414	11887.750977
844.732422	11922.513672
843.564453	11986.278320
842.396484	12014.786133
841.228516	12097.148438
840.060547	12177.402344
838.891602	12230.699219
837.722656	12058.293945
836.553711	11962.551758
835.384766	12111.058594
834.214844	12145.699219
833.044922	12161.706055
831.875000	12037.065430
830.705078	12059.291016
829.534180	12178.669922
828.363281	12262.860352
827.192383	12256.089844
826.020508	12181.143555
824.849609	12292.128906
823.677734	12283.289063
822.505859	12204.252930
821.333008	12086.030273
820.160156	12116.450195
818.987305	12006.548828
817.814453	11781.172852
816.640625	11931.257813
815.467773	11778.163086
814.293945	11851.904297
813.119141	11814.314453
811.945313	11898.318359
810.770508	12142.983398
809.595703	12000.302734
808.420898	12211.889648
807.245117	12277.202148
806.069336	12247.797852
804.893555	12039.358398
803.717773	11796.029297
802.541016	12011.541992
801.364258	12117.958008
800.187500	12214.045898
799.010742	12458.108398
797.833008	12545.858398
796.655273	12600.690430
795.477539	12764.385742
794.298828	12936.225586
793.121094	12859.506836
791.942383	12743.811523
790.762695	12546.057617
789.583984	12658.277344
788.404297	12569.371094
787.224609	12517.426758
786.044922	12676.749023
784.864258	12678.115234
783.683594	12357.623047
782.502930	12592.709961
781.322266	12710.891602
780.141602	12531.958984
778.959961	12936.859375
777.778320	12776.383789
776.595703	12581.171875
775.414063	12619.394531
774.231445	12727.180664
773.048828	12701.924805
771.865234	12738.048828
770.681641	12718.935547
769.499023	12456.507813
768.314453	12770.681641
767.130859	12988.658203
765.946289	12918.418945
764.761719	13191.428711
763.577148	12818.880859
762.391602	12940.677734
761.207031	13199.209961
760.021484	13380.065430
758.834961	13660.837891
757.649414	13519.143555
756.462891	13736.526367
755.276367	14021.117188
754.089844	14138.385742
752.902344	14235.216797
751.714844	14462.444336
750.527344	14767.003906
749.339844	14904.378906
748.151367	15506.081055
746.962891	16186.939453
745.774414	16963.189453
744.584961	17663.791016
743.396484	18349.841797
742.207031	18634.781250
741.016602	19352.869141
739.827148	19631.365234
738.636719	20214.728516
737.446289	20980.792969
736.255859	21175.423828
735.064453	21546.748047
733.873047	22435.943359
732.681641	22171.107422
731.490234	21798.761719
730.297852	21716.892578
729.105469	20944.943359
727.913086	20230.148438
726.720703	19665.796875
725.527344	18600.667969
724.333984	18040.968750
723.140625	17351.748047
721.947266	17214.197266
720.752930	16681.505859
719.558594	16090.282227
718.364258	15586.422852
717.168945	15291.392578
715.973633	14887.144531
714.778320	14770.544922
713.583008	14710.668945
712.386719	14600.227539
711.190430	14386.651367
709.994141	14065.963867
708.797852	14036.622070
707.600586	14427.834961
706.403320	14626.843750
705.206055	14480.180664
704.008789	14426.525391
702.810547	14298.148438
701.612305	13933.527344
700.414063	13700.313477
699.214844	13881.045898
698.015625	14221.147461
696.816406	14214.023438
695.617188	14495.397461
694.416992	14474.095703
693.217773	14620.177734
692.016602	15062.568359
690.816406	15920.000000
689.615234	15962.891602
688.414063	16719.011719
687.212891	16882.572266
686.011719	17215.232422
684.809570	17632.314453
683.607422	18351.173828
682.405273	18604.802734
681.202148	19051.490234
680.000000	18942.734375
678.795898	18781.732422
677.592773	18590.636719
676.389648	17921.134766
675.185547	17951.406250
673.981445	18301.185547
672.776367	18451.908203
671.571289	18895.833984
670.367188	19476.125000
669.161133	20011.992188
667.956055	20650.001953
666.750000	21771.406250
665.543945	23199.318359
664.337891	24638.644531
663.130859	25435.537109
661.923828	26420.568359
660.716797	26613.287109
659.509766	26320.873047
658.301758	25459.478516
657.093750	24945.054688
655.885742	23978.169922
654.677734	23183.927734
653.468750	22169.794922
652.259766	21834.681641
651.050781	20925.345703
649.840820	20430.580078
648.631836	19794.000000
647.420898	19093.697266
646.210938	18479.677734
645.000977	17454.111328
643.790039	17274.423828
642.579102	16483.355469
641.367188	15852.456055
640.155273	15129.951172
638.943359	15206.528320
637.731445	14963.633789
636.519531	15265.764648
635.306641	14993.027344
634.093750	14899.972656
632.880859	15120.132813
631.666992	15166.690430
630.453125	14918.134766
629.239258	14867.037109
628.025391	15148.790039
626.810547	15251.089844
625.595703	15068.468750
624.380859	14943.685547
623.165039	14687.532227
621.950195	14574.829102
620.734375	14699.031250
619.517578	14405.287109
618.301758	14159.419922
617.084961	14042.948242
615.868164	13769.423828
614.650391	13338.949219
613.433594	13546.739258
612.215820	13144.321289
610.998047	13002.365234
609.779297	12904.171875
608.560547	12895.393555
607.341797	13063.336914
606.123047	12812.333984
604.904297	12924.647461
603.684570	12919.836914
602.464844	12790.043945
601.244141	12699.975586
600.024414	12792.381836
598.803711	12625.030273
597.582031	12467.661133
596.361328	12484.750000
595.139648	12293.797852
593.917969	12156.411133
592.696289	11961.651367
591.473633	11917.454102
590.250977	12188.021484
589.028320	11864.738281
587.805664	11864.120117
586.582031	11999.999023
585.358398	12262.397461
584.134766	12435.698242
582.911133	12941.048828
581.686523	12851.248047
580.461914	12965.021484
579.237305	13189.379883
578.011719	13611.160156
576.786133	13689.144531
575.560547	13954.655273
574.334961	13848.954102
573.108398	14033.399414
571.881836	14071.757813
570.655273	14098.262695
569.427734	14201.669922
568.200195	14115.743164
566.972656	13673.044922
565.745117	13579.385742
564.516602	13355.717773
563.288086	13358.698242
562.059570	13160.779297
560.831055	13151.985352
559.601563	13328.253906
558.372070	13341.076172
557.142578	13503.449219
555.912109	13433.592773
554.681641	13241.813477
553.451172	13183.843750
552.220703	13340.207031
550.989258	13380.523438
549.757813	13285.218750
548.526367	12842.178711
547.294922	12690.063477
546.062500	12496.771484
544.830078	12305.527344
543.596680	12506.988281
542.364258	12514.054688
541.130859	12793.869141
539.897461	12949.965820
538.663086	12864.742188
537.429688	12730.532227
536.195313	12576.773438
534.959961	12709.256836
533.725586	12800.527344
532.490234	13023.025391
531.254883	12955.521484
530.019531	13003.590820
528.783203	13108.418945
527.546875	13252.349609
526.310547	13654.551758
525.073242	14371.595703
523.836914	16177.938477
522.598633	18259.251953
521.361328	20020.923828
520.124023	19637.263672
518.885742	18192.476563
517.646484	16564.642578
516.408203	15547.058594
515.168945	14504.529297
513.929688	13983.850586
512.690430	13963.201172
511.450195	13800.070313
510.210938	13988.277344
508.970703	13848.623047
507.729492	14001.624023
506.488281	13901.030273
505.247070	13894.069336
504.005859	13551.824219
502.764648	13340.304688
501.522461	13175.641602
