1802.271484	6470.256836
1801.302734	6667.535645
1800.333984	6458.977539
1799.364258	6694.827148
1798.394531	6533.764160
1797.424805	6377.755859
1796.454102	6446.333496
1795.484375	6238.025879
1794.513672	6156.980469
1793.542969	6322.795410
1792.572266	6510.978027
1791.601563	6803.758789
1790.629883	6682.795898
1789.658203	6447.285156
1788.687500	6426.070313
1787.714844	6509.453125
1786.743164	6406.072754
1785.771484	6564.102539
1784.798828	6739.490234
1783.826172	7061.612793
1782.853516	7129.856934
1781.880859	7009.043457
1780.907227	6915.631836
1779.933594	7155.414063
1778.959961	7380.185547
1777.986328	7438.354980
1777.012695	7223.177734
1776.038086	7097.519531
1775.064453	7004.199707
1774.089844	6915.883789
1773.115234	6979.051270
1772.139648	6975.171875
1771.165039	7199.616699
1770.189453	7498.409668
1769.213867	7883.909180
1768.238281	7745.915039
1767.262695	7974.983887
1766.286133	8003.138184
1765.310547	7991.620117
1764.333984	8121.369141
1763.357422	8285.754883
1762.379883	8108.206543
1761.403320	8104.104980
1760.425781	8174.294434
1759.448242	8281.591797
1758.470703	8492.809570
1757.493164	8691.568359
1756.514648	8989.219727
1755.536133	9168.006836
1754.558594	9094.442383
1753.579102	8835.444336
1752.600586	8690.277344
1751.622070	8589.661133
1750.642578	8632.422852
1749.663086	8534.329102
1748.683594	8740.127930
1747.703125	8750.723633
1746.723633	8593.398438
1745.743164	8423.791992
1744.762695	8170.327148
1743.782227	8069.972656
1742.801758	8127.570801
1741.820313	8143.208496
1740.839844	8210.633789
1739.858398	8132.542969
1738.875977	8037.225098
1737.894531	8052.866699
1736.913086	7935.422363
1735.930664	7749.035156
1734.948242	8089.895996
1733.965820	7989.754395
1732.982422	8177.757813
1732.000000	8163.806152
1731.016602	8093.246094
1730.033203	7936.580566
1729.049805	7903.000488
1728.066406	7603.757324
1727.082031	7784.230469
1726.097656	7991.680176
1725.113281	8270.341797
1724.128906	8352.251953
1723.144531	8586.493164
1722.159180	8201.474609
1721.173828	8081.914551
1720.188477	7937.841309
1719.203125	8044.288574
1718.217773	7934.650391
1717.231445	7947.782227
1716.245117	8068.886719
1715.258789	8158.045410
1714.272461	8190.747559
1713.286133	8353.421875
1712.298828	8565.072266
1711.311523	8739.863281
1710.324219	8762.616211
1709.336914	8692.236328
1708.349609	8727.239258
1707.361328	8872.459961
1706.373047	8897.615234
1705.384766	8785.636719
1704.396484	9089.884766
1703.408203	9168.827148
1702.418945	9585.442383
1701.429688	9906.469727
1700.440430	9950.953125
1699.451172	10509.005859
1698.460938	10418.864258
1697.471680	10367.873047
1696.481445	10282.683594
1695.491211	10522.538086
1694.500000	10412.917969
1693.509766	10762.571289
1692.518555	10992.414063
1691.527344	11168.445313
1690.536133	11280.933594
1689.544922	11486.123047
1688.552734	11578.978516
1687.561523	11540.049805
1686.569336	11806.042969
1685.577148	11959.745117
1684.583984	11991.470703
1683.591797	11730.648438
1682.598633	11886.708008
1681.605469	11691.803711
1680.612305	11894.097656
1679.619141	12035.413086
1678.625000	12110.916992
1677.630859	12444.483398
1676.636719	12424.933594
1675.642578	12658.511719
1674.648438	12690.026367
1673.653320	12478.238281
1672.659180	12475.721680
1671.664063	12463.476563
1670.667969	12679.789063
1669.672852	12319.885742
1668.676758	12317.399414
1667.681641	11969.863281
1666.685547	12409.606445
1665.688477	12156.918945
1664.692383	12567.304688
1663.695313	12649.747070
1662.698242	12368.032227
1661.701172	12125.262695
1660.704102	12188.330078
1659.707031	12270.779297
1658.708984	12399.279297
1657.710938	12525.302734
1656.712891	12420.941406
1655.714844	12910.515625
1654.715820	12803.694336
1653.717773	12973.146484
1652.718750	12955.989258
1651.718750	12737.805664
1650.719727	12556.032227
1649.720703	12597.075195
1648.720703	12618.735352
1647.720703	12843.677734
1646.720703	12860.439453
1645.719727	12855.419922
1644.719727	12850.402344
1643.718750	12826.041016
1642.717773	12837.954102
1641.716797	12953.800781
1640.715820	12919.763672
1639.713867	12559.549805
1638.711914	12764.762695
1637.709961	12556.884766
1636.708008	12800.650391
1635.706055	12624.232422
1634.703125	12570.989258
1633.700195	12575.685547
1632.697266	12763.752930
1631.694336	12563.359375
1630.690430	12519.815430
1629.687500	12432.884766
1628.683594	12476.174805
1627.679688	12987.056641
1626.674805	13018.166016
1625.670898	12955.295898
1624.666016	12906.903320
1623.661133	12904.290039
1622.656250	12716.266602
1621.651367	12646.282227
1620.645508	12350.073242
1619.639648	12282.596680
1618.633789	12195.899414
1617.627930	12150.129883
1616.622070	12419.433594
1615.615234	12202.915039
1614.608398	12315.835938
1613.601563	12457.552734
1612.594727	12459.833984
1611.587891	12928.211914
1610.580078	13060.107422
1609.572266	13095.885742
1608.564453	13030.801758
1607.556641	12963.343750
1606.547852	13102.323242
1605.540039	12890.896484
1604.531250	13135.396484
1603.522461	13233.476563
1602.512695	13660.067383
1601.503906	13592.558594
1600.494141	13417.202148
1599.484375	13309.024414
1598.474609	13330.286133
1597.464844	13234.147461
1596.454102	13571.589844
1595.443359	13228.776367
1594.432617	13594.813477
1593.421875	13498.695313
1592.411133	13914.787109
1591.399414	14148.853516
1590.387695	14107.704102
1589.375977	14006.773438
1588.364258	14161.759766
1587.352539	13871.976563
1586.339844	13933.701172
1585.327148	13914.141602
1584.314453	13853.968750
1583.301758	13886.989258
1582.288086	14082.411133
1581.274414	14466.403320
1580.260742	14654.464844
1579.247070	14558.393555
1578.233398	14548.275391
1577.218750	14514.300781
1576.205078	14544.748047
1575.190430	14694.436523
1574.174805	14596.066406
1573.160156	14545.416992
1572.144531	14633.038086
1571.128906	14811.180664
1570.113281	14812.934570
1569.097656	14807.540039
1568.082031	15102.239258
1567.065430	14911.052734
1566.048828	15019.914063
1565.032227	15095.406250
1564.015625	15009.043945
1562.998047	14903.682617
1561.980469	15088.573242
1560.962891	15336.076172
1559.945313	15479.527344
1558.927734	15157.816406
1557.909180	14943.192383
1556.890625	14975.795898
1555.872070	15174.697266
1554.853516	15216.740234
1553.834961	15531.879883
1552.815430	15046.709961
1551.795898	15214.569336
1550.776367	14990.740234
1549.756836	14807.341797
1548.736328	14892.107422
1547.716797	14732.522461
1546.696289	14805.410156
1545.675781	14837.959961
1544.654297	14927.388672
1543.633789	14632.828125
1542.612305	14466.344727
1541.590820	14342.572266
1540.569336	14704.417969
1539.546875	14696.684570
1538.525391	14894.939453
1537.502930	14970.020508
1536.480469	14467.596680
1535.457031	14855.071289
1534.434570	14634.395508
1533.411133	14650.333984
1532.387695	14536.202148
1531.364258	14660.909180
1530.340820	14485.361328
1529.316406	14458.773438
1528.291992	14538.523438
1527.267578	14311.134766
1526.243164	14294.042969
1525.218750	14078.601563
1524.193359	14130.030273
1523.167969	14070.496094
1522.142578	14152.583008
1521.117188	14022.283203
1520.091797	14040.652344
1519.065430	14000.049805
1518.039063	14032.562500
1517.012695	14147.574219
1515.985352	14198.897461
1514.958984	14108.804688
1513.931641	14009.324219
1512.904297	13945.216797
1511.876953	14283.863281
1510.849609	14426.933594
1509.821289	14353.361328
1508.792969	14317.477539
1507.764648	14394.561523
1506.736328	14537.489258
1505.707031	14266.362305
1504.677734	14209.356445
1503.649414	14486.255859
1502.619141	14292.879883
1501.589844	14602.550781
1500.559570	14597.215820
1499.530273	14678.808594
1498.500000	14685.203125
1497.468750	14635.232422
1496.438477	14486.668945
1495.407227	14730.187500
1494.375977	14520.642578
1493.344727	14642.036133
1492.313477	14488.896484
1491.282227	14460.131836
1490.250000	14393.858398
1489.217773	14451.871094
1488.185547	14406.720703
1487.152344	14399.085938
1486.120117	14325.845703
1485.086914	14112.075195
1484.053711	13924.156250
1483.020508	14113.324219
1481.986328	14236.860352
1480.953125	14203.515625
1479.918945	14085.935547
1478.884766	14221.097656
1477.849609	14075.489258
1476.815430	14381.329102
1475.780273	14296.541992
1474.745117	14728.454102
1473.709961	14550.133789
1472.673828	14706.062500
1471.638672	15242.760742
1470.602539	15389.137695
1469.566406	15493.415039
1468.529297	15639.678711
1467.493164	15715.846680
1466.456055	15946.027344
1465.418945	15996.430664
1464.381836	16051.478516
1463.344727	16475.050781
1462.306641	16616.263672
1461.268555	16743.427734
1460.230469	17064.025391
1459.192383	17130.445313
1458.154297	17297.037109
1457.115234	17631.296875
1456.076172	17478.609375
1455.037109	17856.941406
1453.998047	17944.080078
1452.958008	18003.250000
1451.917969	18074.031250
1450.877930	17991.208984
1449.837891	18513.277344
1448.797852	19135.142578
1447.756836	19228.882813
1446.715820	18943.619141
1445.674805	19002.490234
1444.633789	19200.775391
1443.591797	18957.511719
1442.549805	19230.060547
1441.507813	19112.306641
1440.465820	18883.140625
1439.423828	18579.775391
1438.380859	18726.832031
1437.337891	18470.035156
1436.294922	18517.285156
1435.251953	18418.373047
1434.208984	18711.447266
1433.165039	18624.128906
1432.121094	18736.214844
1431.077148	18829.710938
1430.032227	19122.457031
1428.988281	19435.933594
1427.943359	19297.589844
1426.898438	19504.367188
1425.853516	19414.687500
1424.807617	19144.478516
1423.761719	19341.898438
1422.716797	19169.001953
1421.669922	19067.892578
1420.624023	19230.507813
1419.578125	18606.789063
1418.531250	18431.867188
1417.484375	18229.277344
1416.436523	18019.837891
1415.389648	17845.142578
1414.341797	17859.951172
1413.293945	17720.003906
1412.246094	17838.746094
1411.198242	17634.212891
1410.149414	17628.275391
1409.101563	17292.322266
1408.052734	17048.800781
1407.002930	17215.998047
1405.954102	17507.667969
1404.904297	17049.800781
1403.854492	17067.039063
1402.804688	16902.177734
1401.754883	16926.349609
1400.704102	16846.832031
1399.654297	16951.626953
1398.603516	16727.041016
1397.551758	16693.662109
1396.500977	16828.347656
1395.449219	16815.673828
1394.397461	16540.671875
1393.345703	16723.617188
1392.293945	16844.380859
1391.241211	16939.796875
1390.189453	16973.093750
1389.136719	16962.697266
1388.083008	16825.898438
1387.030273	17123.445313
1385.976563	17011.937500
1384.922852	17506.853516
1383.869141	17728.291016
1382.815430	17628.205078
1381.760742	17906.910156
1380.707031	18219.923828
1379.652344	18443.322266
1378.596680	18820.328125
1377.541992	19061.855469
1376.486328	18970.785156
1375.430664	19182.375000
1374.375000	19380.125000
1373.319336	19566.333984
1372.262695	19571.460938
1371.207031	19420.812500
1370.150391	19700.794922
1369.092773	19495.226563
1368.036133	19399.626953
1366.978516	19480.308594
1365.920898	19464.843750
1364.863281	19444.806641
1363.805664	19289.820313
1362.747070	19272.113281
1361.688477	19288.710938
1360.629883	19268.722656
1359.571289	19367.589844
1358.512695	19372.728516
1357.453125	18916.376953
1356.393555	19012.966797
1355.333984	19011.320313
1354.274414	19345.300781
1353.213867	19398.369141
1352.153320	19629.427734
1351.092773	19527.251953
1350.032227	19616.748047
1348.970703	19811.121094
1347.910156	20046.458984
1346.848633	20156.306641
1345.787109	20728.824219
1344.724609	20526.269531
1343.663086	20469.619141
1342.600586	20786.578125
1341.538086	21085.185547
1340.474609	20800.746094
1339.412109	21076.458984
1338.348633	21634.292969
1337.285156	21427.285156
1336.221680	21982.537109
1335.157227	22116.742188
1334.093750	21946.144531
1333.029297	22228.091797
1331.964844	22362.160156
1330.900391	21925.697266
1329.834961	21880.253906
1328.769531	21759.857422
1327.704102	21832.576172
1326.638672	21355.703125
1325.573242	20883.566406
1324.506836	20606.843750
1323.440430	20343.849609
1322.374023	20235.257813
1321.306641	19766.007813
1320.240234	19938.824219
1319.172852	19771.421875
1318.105469	19787.728516
1317.038086	19570.556641
1315.969727	19580.097656
1314.902344	19449.156250
1313.833984	19537.998047
1312.764648	20079.765625
1311.696289	20077.865234
1310.626953	19865.425781
1309.558594	19988.054688
1308.489258	20241.882813
1307.418945	20420.941406
1306.349609	20280.986328
1305.279297	20034.794922
1304.208984	20125.601563
1303.138672	19773.294922
1302.067383	19861.855469
1300.997070	19803.501953
1299.925781	19507.958984
1298.854492	19165.103516
1297.782227	19068.537109
1296.710938	18622.054688
1295.638672	18460.177734
1294.566406	18056.884766
1293.494141	18188.517578
1292.420898	17882.449219
1291.347656	18120.066406
1290.274414	17728.449219
1289.201172	17648.113281
1288.127930	17497.935547
1287.053711	17126.972656
1285.979492	17278.875000
1284.905273	17534.335938
1283.831055	17361.779297
1282.755859	17502.279297
1281.681641	17656.224609
1280.606445	17668.310547
1279.530273	17806.404297
1278.455078	17953.437500
1277.378906	18449.058594
1276.302734	18263.062500
1275.226563	18515.582031
1274.150391	18493.748047
1273.073242	18537.097656
1271.996094	18290.566406
1270.918945	18486.703125
1269.841797	18186.375000
1268.763672	18346.519531
1267.686523	18149.621094
1266.608398	18008.919922
1265.529297	17877.253906
1264.451172	17382.156250
1263.372070	17542.294922
1262.292969	17392.863281
1261.213867	17099.980469
1260.134766	17026.923828
1259.054688	16931.480469
1257.974609	16813.667969
1256.894531	16554.753906
1255.814453	16363.146484
1254.734375	16523.222656
1253.653320	16436.935547
1252.572266	16245.470703
1251.491211	16477.089844
1250.409180	16390.863281
1249.328125	16318.093750
1248.246094	16287.852539
1247.163086	16452.177734
1246.081055	16397.326172
1244.999023	16087.666992
1243.916016	16218.405273
1242.833008	16250.774414
1241.749023	16200.473633
1240.666016	15893.343750
1239.582031	15981.583008
1238.498047	16000.575195
1237.414063	16157.947266
1236.329102	15895.710938
1235.245117	15999.489258
1234.160156	15927.000977
1233.075195	15832.239258
1231.989258	15614.880859
1230.904297	15678.500977
1229.818359	15463.492188
1228.732422	15754.406250
1227.645508	15795.675781
1226.559570	15796.833984
1225.472656	15566.386719
1224.385742	15672.234375
1223.298828	15664.510742
1222.210938	15545.510742
1221.124023	15700.246094
1220.036133	15467.831055
1218.948242	15513.531250
1217.859375	15554.765625
1216.771484	15567.078125
1215.682617	15659.405273
1214.593750	15453.904297
1213.503906	15128.508789
1212.415039	15387.469727
1211.325195	15635.216797
1210.235352	15376.597656
1209.145508	15326.763672
1208.054688	15217.023438
1206.964844	15278.195313
1205.874023	15385.930664
1204.782227	15145.374023
1203.691406	14902.699219
1202.599609	15203.338867
1201.507813	14610.507813
1200.416016	14478.908203
1199.324219	14241.003906
1198.231445	14175.995117
1197.138672	14017.988281
1196.045898	13780.327148
1194.953125	13872.643555
1193.860352	14170.775391
1192.766602	14023.962891
1191.672852	14419.290039
1190.579102	14511.392578
1189.484375	14101.413086
1188.389648	14167.007813
1187.294922	14365.216797
1186.200195	14340.106445
1185.105469	14460.851563
1184.009766	14532.940430
1182.914063	14437.124023
1181.818359	14714.567383
1180.722656	14643.039063
1179.625977	14624.519531
1178.529297	14526.553711
1177.432617	14834.633789
1176.335938	14681.511719
1175.239258	14678.435547
1174.141602	14973.056641
1173.043945	14696.535156
1171.946289	14413.516602
1170.847656	14692.578125
1169.749023	14330.358398
1168.650391	14474.945313
1167.551758	14324.349609
1166.453125	14048.306641
1165.353516	13926.481445
1164.253906	14002.796875
1163.154297	13938.245117
1162.054688	13933.121094
1160.954102	13914.800781
1159.853516	14013.042969
1158.752930	13979.321289
1157.652344	14004.964844
1156.551758	14292.132813
1155.450195	14253.975586
1154.348633	14582.708984
1153.246094	14722.414063
1152.144531	14831.315430
1151.041992	15497.820313
1149.939453	15722.847656
1148.836914	16182.595703
1147.734375	16670.673828
1146.630859	17208.998047
1145.527344	17043.089844
1144.423828	17567.951172
1143.320313	17790.062500
1142.215820	17889.339844
1141.111328	17971.042969
1140.006836	17450.222656
1138.902344	17510.078125
1137.796875	17004.902344
1136.691406	16813.033203
1135.585938	16338.859375
1134.480469	16263.202148
1133.374023	15935.944336
1132.268555	15435.999023
1131.162109	15032.500000
1130.054688	15110.248047
1128.948242	14591.112305
1127.840820	14356.348633
1126.733398	14344.587891
1125.625977	13948.291992
1124.518555	13888.562500
1123.410156	14003.575195
1122.301758	13716.773438
1121.193359	13792.476563
1120.083984	13662.984375
1118.975586	13810.675781
1117.866211	13740.137695
1116.756836	13824.494141
1115.647461	13736.535156
1114.537109	13881.903320
1113.426758	13957.454102
1112.316406	14181.169922
1111.206055	14132.426758
1110.094727	14220.946289
1108.983398	14786.408203
1107.872070	14826.844727
1106.760742	14821.543945
1105.649414	14944.666016
1104.537109	15115.610352
1103.424805	14860.043945
1102.312500	14865.614258
1101.199219	15038.639648
1100.086914	14737.586914
1098.973633	14956.215820
1097.859375	14685.733398
1096.746094	14482.726563
1095.631836	14520.951172
1094.517578	14155.159180
1093.403320	14058.796875
1092.289063	13725.822266
1091.173828	13801.071289
1090.058594	13726.543945
1088.943359	13304.887695
1087.828125	13308.588867
1086.711914	13140.950195
1085.596680	13194.555664
1084.480469	13183.100586
1083.363281	13113.126953
1082.247070	13238.212891
1081.129883	13192.088867
1080.012695	13122.155273
1078.895508	13034.925781
1077.777344	13034.339844
1076.659180	12988.293945
1075.541016	13139.213867
1074.422852	13190.534180
1073.304688	13044.967773
1072.185547	13228.221680
1071.066406	13154.067383
1069.947266	13546.930664
1068.827148	13405.731445
1067.707031	13856.722656
1066.587891	13935.898438
1065.466797	13954.554688
1064.346680	13962.404297
1063.225586	14013.434570
1062.104492	14306.225586
1060.983398	14456.443359
1059.862305	14705.857422
1058.740234	14724.323242
1057.618164	14542.182617
1056.496094	14784.949219
1055.374023	14727.921875
1054.250977	14765.762695
1053.127930	14430.750000
1052.004883	14643.166016
1050.881836	14254.462891
1049.757813	14344.059570
1048.634766	14401.317383
1047.509766	14465.008789
1046.385742	14124.022461
1045.261719	14155.463867
1044.136719	13840.502930
1043.011719	14127.962891
1041.885742	14015.292969
1040.760742	14008.026367
1039.634766	13815.890625
1038.508789	13748.489258
1037.382813	13810.040039
1036.255859	13353.825195
1035.129883	13683.913086
1034.002930	13279.453125
1032.875000	13497.774414
1031.748047	13711.709961
1030.620117	13745.287109
1029.492188	13845.362305
1028.364258	13675.110352
1027.235352	13809.470703
1026.107422	13943.773438
1024.978516	13593.530273
1023.849609	13879.994141
1022.719727	13808.481445
1021.589844	13867.683594
1020.460938	13759.788086
1019.330078	13908.916016
1018.200195	13803.197266
1017.069336	14050.717773
1015.938477	13940.731445
1014.807617	14078.993164
1013.676758	13917.705078
1012.544922	13848.451172
1011.413086	13779.225586
1010.281250	13684.375000
1009.149414	13754.142578
1008.016602	13855.933594
1006.883789	13885.041016
1005.750977	14127.738281
1004.618164	14227.247070
1003.484375	14228.497070
1002.350586	14063.241211
1001.216797	14030.375977
1000.083008	14210.901367
998.948242	13872.953125
997.813477	13641.791016
996.678711	13641.025391
995.543945	13245.848633
994.408203	13358.135742
993.272461	13515.126953
992.136719	13303.457031
991.000977	13343.233398
989.864258	13512.903320
988.727539	13369.501953
987.590820	13417.750977
986.454102	13480.877930
985.316406	13450.349609
984.179688	13558.116211
983.041992	13389.330078
981.903320	13216.360352
980.765625	13370.879883
979.626953	13484.945313
978.488281	13543.708008
977.349609	13634.314453
976.209961	13603.798828
975.070313	13709.219727
973.930664	13876.171875
972.791016	13905.063477
971.650391	13923.329102
970.509766	14539.992188
969.369141	14426.577148
968.228516	14518.956055
967.087891	14609.174805
965.946289	14629.386719
964.804688	14867.923828
963.662109	14773.628906
962.520508	14806.502930
961.377930	14491.946289
960.235352	14558.751953
959.092773	14504.831055
957.949219	14378.953125
956.805664	14206.563477
955.662109	14182.375000
954.518555	14147.618164
953.375000	13975.384766
952.230469	14027.390625
951.085938	13766.452148
949.940430	13790.999023
948.795898	13644.345703
947.650391	13941.481445
946.504883	13847.669922
945.359375	13739.113281
944.212891	14112.054688
943.067383	14153.380859
941.919922	14340.328125
940.773438	14468.107422
939.626953	14597.941406
938.479492	14913.344727
937.332031	15190.651367
936.184570	15429.885742
935.036133	15962.034180
933.887695	16434.941406
932.739258	16699.041016
931.590820	17481.271484
930.441406	17974.611328
929.292969	18619.355469
928.142578	19017.500000
926.993164	19548.082031
925.843750	19689.113281
924.693359	19173.640625
923.542969	19037.023438
922.391602	18601.824219
921.241211	17702.126953
920.089844	17277.906250
918.938477	16887.496094
917.787109	16037.066406
916.634766	15644.984375
915.482422	15236.264648
914.330078	14750.021484
913.177734	14606.203125
912.024414	14388.978516
910.872070	13943.097656
909.717773	13810.032227
908.564453	13918.257813
907.411133	13820.905273
906.256836	13933.274414
905.102539	13609.552734
903.947266	13501.846680
902.792969	13593.253906
901.637695	13546.351563
900.482422	13436.630859
899.326172	13574.062500
898.170898	13516.722656
897.014648	13335.906250
895.858398	13456.526367
894.701172	13426.446289
893.544922	13555.361328
892.387695	13420.699219
891.230469	13315.368164
890.072266	13519.480469
888.915039	13556.297852
887.756836	13432.196289
886.598633	13341.574219
885.439453	13574.745117
884.281250	13542.601563
883.122070	13374.760742
881.962891	13484.615234
880.802734	13694.595703
879.643555	13729.218750
878.483398	13999.550781
877.322266	13817.188477
876.162109	14006.062500
875.000977	14021.823242
873.839844	14170.969727
872.678711	14205.440430
871.517578	14141.977539
870.355469	14216.013672
869.193359	14492.018555
868.031250	14241.148438
866.868164	14000.792969
865.706055	14072.710938
864.542969	13786.717773
863.378906	13943.939453
862.215820	13843.197266
861.051758	13898.450195
859.887695	13745.786133
858.723633	13686.717773
857.558594	13856.255859
856.394531	13826.273438
855.229492	14024.788086
854.063477	13807.878906
852.898438	13935.717773
851.732422	14318.823242
850.566406	13871.624023
849.400391	13889.394531
848.233398	14118.750977
847.066406	14009.944336
845.899414	14112.687500
844.732422	14186.361328
843.564453	14262.075195
842.396484	14337.755859
841.228516	14382.326172
840.060547	14441.375977
838.891602	14467.264648
837.722656	14402.041992
836.553711	14415.506836
835.384766	14315.138672
834.214844	14345.166992
833.044922	14428.966797
831.875000	14465.161133
830.705078	14546.829102
829.534180	14599.519531
828.363281	14598.446289
827.192383	14553.977539
826.020508	14782.239258
824.849609	14615.879883
823.677734	14833.702148
822.505859	14450.612305
821.333008	14569.291992
820.160156	14407.245117
818.987305	14098.771484
817.814453	14419.610352
816.640625	14212.324219
815.467773	14190.707031
814.293945	14245.375000
813.119141	14194.902344
811.945313	14134.146484
810.770508	14110.500977
809.595703	14231.048828
808.420898	14372.137695
807.245117	14424.631836
806.069336	14320.660156
804.893555	14455.461914
803.717773	14244.533203
802.541016	14323.749023
801.364258	14341.228516
800.187500	14260.000977
799.010742	14314.489258
797.833008	14786.189453
796.655273	14879.583008
795.477539	15063.331055
794.298828	15251.107422
793.121094	15023.978516
791.942383	14930.401367
790.762695	14760.913086
789.583984	14745.416016
788.404297	14526.794922
787.224609	14730.849609
786.044922	14780.995117
784.864258	14712.190430
783.683594	14735.666016
782.502930	14580.816406
781.322266	14887.091797
780.141602	14810.125000
778.959961	15054.768555
777.778320	15252.205078
776.595703	14841.483398
775.414063	14932.438477
774.231445	14863.725586
773.048828	15112.180664
771.865234	14879.808594
770.681641	14780.470703
769.499023	14881.559570
768.314453	15039.843750
767.130859	15020.244141
765.946289	15135.515625
764.761719	15005.582031
763.577148	15359.780273
762.391602	15268.651367
761.207031	15651.221680
760.021484	15641.714844
758.834961	15617.925781
757.649414	16114.426758
756.462891	16333.289063
755.276367	16180.878906
754.089844	16332.342773
752.902344	16563.244141
751.714844	16814.425781
750.527344	17073.648438
749.339844	17257.380859
748.151367	17801.542969
746.962891	18659.066406
745.774414	19115.144531
744.584961	19739.966797
743.396484	20535.460938
742.207031	21031.525391
741.016602	21232.419922
739.827148	21917.250000
738.636719	22353.724609
737.446289	22729.023438
736.255859	23008.634766
735.064453	23625.427734
733.873047	23929.099609
732.681641	24108.744141
731.490234	23971.531250
730.297852	23306.527344
729.105469	22895.529297
727.913086	22312.214844
726.720703	21390.333984
725.527344	20856.279297
724.333984	20030.423828
723.140625	19509.058594
721.947266	19275.765625
720.752930	18898.679688
719.558594	18240.111328
718.364258	17822.894531
717.168945	17569.912109
715.973633	17543.828125
714.778320	17394.259766
713.583008	17240.708984
712.386719	16965.808594
711.190430	16693.048828
709.994141	16444.677734
708.797852	16564.468750
707.600586	16720.599609
706.403320	16935.281250
705.206055	16927.564453
704.008789	16705.673828
702.810547	16782.849609
701.612305	16439.906250
700.414063	16383.837891
699.214844	16154.178711
698.015625	16334.338867
696.816406	16613.294922
695.617188	17037.386719
694.416992	17021.583984
693.217773	17336.505859
692.016602	17945.646484
690.816406	18207.820313
689.615234	18776.197266
688.414063	19162.994141
687.212891	19392.498047
686.011719	19829.337891
684.809570	20239.810547
683.607422	20988.300781
682.405273	21370.164063
681.202148	21594.908203
680.000000	21789.376953
678.795898	21018.324219
677.592773	20559.292969
676.389648	20548.789063
675.185547	20518.189453
673.981445	20551.908203
672.776367	20822.689453
671.571289	21398.671875
670.367188	21747.470703
669.161133	22445.476563
667.956055	22994.630859
666.750000	24201.824219
665.543945	25318.197266
664.337891	26534.386719
663.130859	27804.197266
661.923828	28104.941406
660.716797	28614.046875
659.509766	28455.486328
658.301758	27695.824219
657.093750	27038.667969
655.885742	25742.832031
654.677734	25238.580078
653.468750	24568.369141
652.259766	23876.427734
651.050781	23124.750000
649.840820	22607.494141
648.631836	21862.417969
647.420898	21199.664063
646.210938	20553.191406
645.000977	19982.966797
643.790039	19367.021484
642.579102	19109.023438
641.367188	18347.693359
640.155273	17580.703125
638.943359	17650.755859
637.731445	17646.906250
636.519531	17762.818359
635.306641	17291.970703
634.093750	17531.609375
632.880859	17436.027344
631.666992	17679.515625
630.453125	17546.054688
629.239258	17799.378906
628.025391	17711.789063
626.810547	17745.781250
625.595703	17437.111328
624.380859	17385.501953
623.165039	17278.160156
621.950195	17047.433594
620.734375	16773.017578
619.517578	16592.248047
618.301758	16564.750000
617.084961	16553.175781
615.868164	16380.523438
614.650391	16299.404297
613.433594	16079.173828
612.215820	15717.937500
610.998047	15599.261719
609.779297	15248.217773
608.560547	15495.126953
607.341797	15638.674805
606.123047	15530.041016
604.904297	15209.086914
603.684570	15443.878906
602.464844	15722.211914
601.244141	15534.312500
600.024414	15039.128906
598.803711	15144.880859
597.582031	15135.622070
596.361328	14761.731445
595.139648	15025.972656
593.917969	14907.796875
592.696289	14888.690430
591.473633	14536.957031
590.250977	14707.974609
589.028320	14520.698242
587.805664	14442.330078
586.582031	14743.816406
585.358398	14946.280273
584.134766	15360.233398
582.911133	15408.269531
581.686523	15770.548828
580.461914	15939.012695
579.237305	15838.714844
578.011719	16226.336914
576.786133	16185.260742
575.560547	16606.197266
574.334961	16300.550781
573.108398	16423.281250
571.881836	16443.357422
570.655273	16696.193359
569.427734	16633.367188
568.200195	16448.320313
566.972656	16365.861328
565.745117	16206.573242
564.516602	15931.096680
563.288086	16010.343750
562.059570	15935.926758
560.831055	16095.871094
559.601563	16013.591797
558.372070	15964.807617
557.142578	15837.330078
555.912109	15987.313477
554.681641	15853.983398
553.451172	16019.628906
552.220703	15719.226563
550.989258	15694.153320
549.757813	15741.804688
548.526367	15520.251953
547.294922	15214.325195
546.062500	15053.867188
544.830078	15343.128906
543.596680	15220.008789
542.364258	15306.949219
541.130859	15584.188477
539.897461	15510.139648
538.663086	15551.843750
537.429688	15454.300781
536.195313	15431.299805
534.959961	15508.272461
533.725586	15591.088867
532.490234	15793.380859
531.254883	15460.831055
530.019531	15426.097656
528.783203	15706.607422
527.546875	16170.999023
526.310547	16506.017578
525.073242	17161.779297
523.836914	18793.404297
522.598633	20702.033203
521.361328	21901.980469
520.124023	21727.082031
518.885742	20408.878906
517.646484	18845.041016
516.408203	17838.675781
515.168945	17391.373047
513.929688	16901.302734
512.690430	16885.867188
511.450195	16663.535156
510.210938	16505.699219
508.970703	16868.863281
507.729492	16560.851563
506.488281	16849.734375
505.247070	16768.033203
504.005859	16528.468750
502.764648	16261.724609
501.522461	16006.788086
