1802.243164	30093.638672
1801.274414	30475.708984
1800.304688	30222.449219
1799.334961	29864.449219
1798.365234	30497.380859
1797.395508	30498.773438
1796.425781	30507.646484
1795.455078	30713.558594
1794.485352	30278.503906
1793.514648	30992.988281
1792.543945	30652.771484
1791.572266	30674.058594
1790.601563	30563.275391
1789.629883	30968.214844
1788.658203	30541.093750
1787.686523	30676.929688
1786.714844	30979.521484
1785.742188	31374.089844
1784.769531	30964.642578
1783.796875	30620.052734
1782.824219	30768.166016
1781.851563	31053.017578
1780.877930	31203.468750
1779.905273	31202.199219
1778.931641	31230.757813
1777.958008	31465.576172
1776.983398	31407.099609
1776.009766	31363.550781
1775.035156	31610.617188
1774.060547	31274.017578
1773.085938	31220.585938
1772.111328	31323.554688
1771.135742	31590.277344
1770.161133	31566.583984
1769.185547	31622.283203
1768.208984	31886.298828
1767.233398	31631.937500
1766.257813	31866.091797
1765.281250	31601.916016
1764.304688	31724.457031
1763.328125	31906.414063
1762.351563	32009.023438
1761.374023	31831.710938
1760.396484	32120.013672
1759.418945	32187.851563
1758.441406	31832.382813
1757.463867	32207.123047
1756.485352	32222.937500
1755.507813	32246.164063
1754.529297	32692.318359
1753.550781	32354.406250
1752.571289	32090.796875
1751.592773	32316.714844
1750.613281	32357.191406
1749.633789	32229.630859
1748.654297	32386.210938
1747.674805	32522.966797
1746.694336	32131.224609
1745.713867	32862.968750
1744.733398	32856.375000
1743.752930	32760.939453
1742.772461	32892.539063
1741.791016	32557.845703
1740.810547	32659.832031
1739.829102	33030.558594
1738.847656	32903.125000
1737.865234	33128.222656
1736.883789	33022.996094
1735.901367	33073.039063
1734.918945	32967.859375
1733.936523	33163.203125
1732.954102	32747.779297
1731.970703	33135.113281
1730.987305	33076.769531
1730.003906	33289.148438
1729.020508	33115.152344
1728.037109	33642.312500
1727.052734	33807.714844
1726.068359	33628.796875
1725.083984	33531.078125
1724.099609	33895.492188
1723.115234	33549.550781
1722.129883	33931.011719
1721.144531	33813.652344
1720.159180	34077.015625
1719.173828	34057.886719
1718.188477	33886.554688
1717.202148	33801.199219
1716.215820	34226.312500
1715.229492	34508.945313
1714.243164	34710.515625
1713.256836	34882.570313
1712.269531	34917.242188
1711.282227	34358.617188
1710.294922	35013.496094
1709.307617	35070.167969
1708.320313	35001.859375
1707.332031	35234.878906
1706.343750	35656.378906
1705.355469	35548.812500
1704.367188	35563.691406
1703.378906	35632.410156
1702.389648	35977.625000
1701.400391	35943.468750
1700.411133	36195.527344
1699.421875	36051.285156
1698.431641	36048.914063
1697.442383	36523.257813
1696.452148	36339.921875
1695.461914	36207.976563
1694.470703	36701.539063
1693.480469	36408.351563
1692.489258	36535.339844
1691.498047	36506.003906
1690.506836	36476.679688
1689.515625	36691.437500
1688.523438	36532.750000
1687.532227	36701.050781
1686.540039	36081.402344
1685.547852	36517.984375
1684.554688	36569.144531
1683.562500	36710.476563
1682.569336	36512.968750
1681.576172	36593.332031
1680.583008	36758.933594
1679.589844	36778.316406
1678.595703	37265.269531
1677.601563	36904.703125
1676.607422	37174.777344
1675.613281	37057.757813
1674.619141	37069.750000
1673.624023	37179.046875
1672.628906	37431.812500
1671.633789	37686.906250
1670.638672	37331.613281
1669.643555	37703.300781
1668.647461	37941.164063
1667.651367	37982.105469
1666.655273	37882.121094
1665.659180	37981.347656
1664.663086	37825.546875
1663.666016	38002.433594
1662.668945	38011.753906
1661.671875	38491.902344
1660.674805	38263.320313
1659.676758	38604.937500
1658.679688	38371.570313
1657.681641	38727.574219
1656.683594	39030.089844
1655.684570	38661.027344
1654.686523	38500.531250
1653.687500	38926.480469
1652.688477	39148.761719
1651.689453	39259.535156
1650.690430	39895.746094
1649.690430	39229.140625
1648.691406	39901.406250
1647.691406	39985.304688
1646.690430	40226.445313
1645.690430	40140.902344
1644.690430	39994.921875
1643.689453	40540.597656
1642.688477	40757.246094
1641.687500	40640.230469
1640.685547	41013.851563
1639.684570	41015.218750
1638.682617	40840.238281
1637.680664	40822.316406
1636.678711	41449.136719
1635.675781	41230.710938
1634.672852	41736.503906
1633.670898	41498.796875
1632.667969	41931.941406
1631.664063	42007.886719
1630.661133	42180.269531
1629.657227	42186.203125
1628.653320	42047.476563
1627.649414	42393.289063
1626.645508	42914.875000
1625.640625	42935.097656
1624.636719	42716.832031
1623.631836	43127.246094
1622.626953	43395.421875
1621.621094	43080.890625
1620.616211	42925.339844
1619.610352	43128.414063
1618.604492	43208.699219
1617.598633	43875.882813
1616.591797	42938.667969
1615.585938	43576.777344
1614.579102	43565.542969
1613.572266	42987.078125
1612.565430	44081.363281
1611.557617	43553.476563
1610.550781	43861.722656
1609.542969	44124.207031
1608.535156	44127.269531
1607.526367	44283.964844
1606.518555	44642.203125
1605.509766	44438.781250
1604.500977	44983.972656
1603.492188	45015.625000
1602.483398	44649.167969
1601.473633	45225.144531
1600.464844	45506.035156
1599.455078	45758.042969
1598.444336	45564.250000
1597.434570	45895.199219
1596.424805	46578.117188
1595.414063	46281.292969
1594.403320	47088.347656
1593.392578	47224.812500
1592.380859	47260.699219
1591.369141	47461.675781
1590.358398	47975.960938
1589.346680	48267.593750
1588.333984	47743.648438
1587.322266	47999.343750
1586.309570	48386.402344
1585.296875	48725.500000
1584.284180	49733.500000
1583.271484	49353.113281
1582.257813	49773.007813
1581.245117	49693.644531
1580.231445	50125.234375
1579.217773	50146.082031
1578.203125	49797.003906
1577.189453	50328.515625
1576.174805	50804.937500
1575.160156	50792.226563
1574.145508	50822.437500
1573.129883	51021.906250
1572.115234	51118.796875
1571.099609	51015.460938
1570.083984	51869.988281
1569.067383	51618.839844
1568.051758	51482.117188
1567.035156	51785.960938
1566.018555	52506.304688
1565.001953	52459.917969
1563.985352	52332.640625
1562.967773	52981.046875
1561.951172	52796.617188
1560.933594	53760.968750
1559.915039	54185.164063
1558.897461	54478.433594
1557.878906	55292.105469
1556.861328	56188.613281
1555.842773	56595.328125
1554.823242	57400.933594
1553.804688	58393.828125
1552.785156	59262.843750
1551.765625	59989.066406
1550.746094	60850.277344
1549.726563	62133.519531
1548.706055	63679.582031
1547.686523	64437.507813
1546.666016	65335.042969
1545.645508	66971.968750
1544.624023	67577.031250
1543.603516	69148.835938
1542.582031	71369.250000
1541.560547	72721.679688
1540.539063	74071.179688
1539.516602	75569.312500
1538.495117	77405.406250
1537.472656	78767.320313
1536.450195	80642.234375
1535.426758	82476.164063
1534.404297	83590.156250
1533.380859	85316.289063
1532.357422	86940.031250
1531.333984	87870.367188
1530.310547	88852.328125
1529.286133	89389.585938
1528.261719	89914.796875
1527.237305	89334.218750
1526.212891	89240.414063
1525.188477	88950.648438
1524.163086	88115.625000
1523.137695	87285.664063
1522.112305	86083.164063
1521.086914	85171.367188
1520.060547	83788.140625
1519.035156	82933.773438
1518.008789	82374.500000
1516.982422	81362.812500
1515.955078	79771.695313
1514.928711	79642.289063
1513.901367	77835.406250
1512.874023	77480.304688
1511.846680	76677.867188
1510.818359	75567.304688
1509.791016	74148.789063
1508.762695	73665.265625
1507.734375	73052.500000
1506.705078	72868.179688
1505.676758	71724.218750
1504.647461	71472.031250
1503.618164	70733.234375
1502.588867	70236.867188
1501.559570	69435.156250
1500.529297	68553.875000
1499.499023	68636.187500
1498.468750	67769.515625
1497.438477	66961.906250
1496.408203	66847.250000
1495.376953	66864.093750
1494.345703	65972.664063
1493.314453	65079.246094
1492.283203	65614.890625
1491.250977	63980.726563
1490.219727	64687.558594
1489.187500	64735.285156
1488.154297	64063.355469
1487.122070	63844.011719
1486.088867	63692.699219
1485.056641	63361.066406
1484.023438	63186.492188
1482.989258	63264.882813
1481.956055	62769.644531
1480.921875	62489.953125
1479.887695	62076.980469
1478.853516	62883.183594
1477.819336	62987.269531
1476.784180	62675.003906
1475.750000	62849.234375
1474.714844	63063.128906
1473.678711	63068.910156
1472.643555	63495.324219
1471.607422	63582.781250
1470.571289	63681.878906
1469.535156	63274.136719
1468.499023	63328.886719
1467.462891	64399.109375
1466.425781	63998.464844
1465.388672	64312.039063
1464.351563	64562.492188
1463.313477	64574.914063
1462.276367	64692.273438
1461.238281	64497.140625
1460.200195	64985.113281
1459.162109	65225.828125
1458.123047	65382.554688
1457.083984	65487.957031
1456.045898	65800.617188
1455.005859	65323.699219
1453.966797	65675.835938
1452.926758	65478.464844
1451.887695	65665.179688
1450.847656	65837.851563
1449.806641	65917.390625
1448.766602	65524.746094
1447.725586	65711.281250
1446.685547	65848.914063
1445.643555	65172.929688
1444.602539	64929.476563
1443.561523	64416.593750
1442.519531	64238.433594
1441.477539	63595.832031
1440.435547	62665.554688
1439.392578	62685.187500
1438.350586	62310.218750
1437.307617	62248.687500
1436.264648	61567.695313
1435.220703	61137.503906
1434.177734	60890.703125
1433.133789	60228.945313
1432.089844	60392.757813
1431.045898	59791.628906
1430.001953	60187.187500
1428.957031	60024.222656
1427.912109	59027.437500
1426.867188	59006.039063
1425.822266	58827.199219
1424.777344	58407.675781
1423.731445	58430.382813
1422.685547	58462.332031
1421.639648	58001.492188
1420.592773	57674.992188
1419.546875	57295.437500
1418.500000	57272.089844
1417.453125	57667.148438
1416.406250	57456.527344
1415.358398	57557.925781
1414.311523	57049.398438
1413.263672	57127.734375
1412.215820	57665.570313
1411.166992	57709.109375
1410.119141	57288.667969
1409.070313	56958.402344
1408.021484	56997.437500
1406.972656	56646.597656
1405.922852	57027.011719
1404.873047	56134.421875
1403.824219	56574.722656
1402.773438	56618.390625
1401.723633	56581.378906
1400.673828	55943.039063
1399.623047	56330.023438
1398.572266	56378.296875
1397.520508	56223.921875
1396.469727	56656.636719
1395.417969	56157.019531
1394.366211	56306.527344
1393.314453	55850.894531
1392.262695	55745.074219
1391.209961	55653.093750
1390.158203	56273.910156
1389.105469	55699.109375
1388.051758	56011.687500
1386.999023	56351.703125
1385.945313	56305.621094
1384.891602	56158.492188
1383.837891	56502.851563
1382.784180	56961.859375
1381.729492	56883.542969
1380.675781	57509.812500
1379.621094	57475.000000
1378.565430	57919.652344
1377.510742	57852.656250
1376.455078	58088.371094
1375.399414	58998.007813
1374.343750	58199.628906
1373.288086	58272.406250
1372.231445	58837.757813
1371.175781	59231.066406
1370.119141	59303.578125
1369.061523	59103.570313
1368.004883	59292.824219
1366.947266	60225.863281
1365.889648	60060.105469
1364.832031	60608.230469
1363.774414	60630.019531
1362.715820	61273.843750
1361.657227	61894.535156
1360.598633	61863.460938
1359.540039	61928.382813
1358.481445	62294.902344
1357.421875	62800.628906
1356.362305	62780.792969
1355.302734	62783.804688
1354.242188	63668.105469
1353.182617	63915.167969
1352.122070	63778.714844
1351.061523	64758.082031
1350.000977	64327.218750
1348.939453	65775.906250
1347.877930	65691.617188
1346.817383	65719.062500
1345.754883	66368.773438
1344.693359	67423.851563
1343.630859	68444.312500
1342.568359	68701.226563
1341.505859	69304.210938
1340.443359	69583.609375
1339.380859	69639.781250
1338.317383	70121.554688
1337.253906	71053.695313
1336.190430	71835.281250
1335.125977	71786.289063
1334.062500	72392.289063
1332.998047	72472.796875
1331.933594	72805.593750
1330.868164	73220.070313
1329.803711	72627.742188
1328.738281	72985.281250
1327.672852	72804.351563
1326.607422	73136.718750
1325.541016	73017.125000
1324.475586	71306.335938
1323.409180	71166.742188
1322.342773	70736.757813
1321.275391	69317.867188
1320.208984	68779.570313
1319.141602	68382.093750
1318.074219	67515.468750
1317.005859	67642.007813
1315.938477	66961.718750
1314.870117	66093.656250
1313.801758	65756.015625
1312.733398	66014.156250
1311.665039	64933.972656
1310.595703	64635.257813
1309.526367	63836.457031
1308.457031	63443.042969
1307.387695	63131.238281
1306.317383	62561.695313
1305.248047	62896.988281
1304.177734	62309.632813
1303.106445	61910.144531
1302.036133	61632.863281
1300.964844	61342.136719
1299.893555	61004.085938
1298.822266	60128.601563
1297.750977	60515.820313
1296.678711	59688.207031
1295.606445	59614.867188
1294.534180	59008.945313
1293.461914	58527.371094
1292.389648	57883.570313
1291.316406	57964.015625
1290.243164	57742.265625
1289.169922	57126.074219
1288.095703	57181.824219
1287.022461	57293.886719
1285.948242	56901.214844
1284.874023	56456.890625
1283.798828	56900.085938
1282.724609	56260.046875
1281.649414	56752.617188
1280.574219	56459.480469
1279.499023	56972.050781
1278.422852	56355.011719
1277.347656	56754.921875
1276.271484	56801.589844
1275.195313	56812.257813
1274.118164	56672.312500
1273.041992	57047.085938
1271.964844	57295.871094
1270.887695	56998.640625
1269.809570	57013.734375
1268.732422	56871.628906
1267.654297	56713.863281
1266.576172	56906.324219
1265.498047	57150.316406
1264.418945	56756.988281
1263.340820	56247.175781
1262.261719	56542.726563
1261.182617	56241.695313
1260.102539	55660.558594
1259.023438	55743.105469
1257.943359	54507.960938
1256.863281	54774.421875
1255.782227	54919.812500
1254.702148	53649.765625
1253.621094	53356.472656
1252.540039	53399.082031
1251.458984	53289.480469
1250.376953	52853.222656
1249.295898	52352.265625
1248.213867	52419.644531
1247.131836	52198.511719
1246.048828	52165.273438
1244.966797	52100.750000
1243.883789	52031.785156
1242.800781	51723.765625
1241.717773	52454.640625
1240.633789	51684.328125
1239.549805	51523.941406
1238.465820	51903.886719
1237.381836	52069.394531
1236.297852	51431.457031
1235.212891	51541.207031
1234.127930	51256.085938
1233.042969	51031.292969
1231.957031	50779.835938
1230.872070	50956.496094
1229.786133	51130.851563
1228.700195	51302.906250
1227.614258	51183.031250
1226.527344	50925.105469
1225.440430	50823.171875
1224.353516	50382.851563
1223.266602	50666.164063
1222.179688	50833.628906
1221.091797	50678.382813
1220.003906	50928.078125
1218.916016	50417.007813
1217.827148	50857.886719
1216.739258	50507.109375
1215.650391	50474.332031
1214.561523	50914.910156
1213.471680	50777.628906
1212.382813	50451.582031
1211.292969	50783.058594
1210.203125	50736.917969
1209.113281	50433.277344
1208.022461	50689.074219
1206.932617	50931.449219
1205.841797	50505.929688
1204.750000	50814.777344
1203.659180	51629.117188
1202.567383	51174.882813
1201.475586	51363.687500
1200.383789	51437.160156
1199.291992	51264.648438
1198.199219	51980.554688
1197.106445	51887.730469
1196.013672	51945.519531
1194.920898	51821.738281
1193.827148	51985.761719
1192.734375	52156.347656
1191.640625	52287.035156
1190.545898	52154.425781
1189.452148	52311.593750
1188.357422	51997.714844
1187.262695	52358.226563
1186.167969	52261.062500
1185.073242	52510.875000
1183.977539	52241.386719
1182.881836	51905.746094
1181.786133	52142.214844
1180.690430	52045.183594
1179.593750	52416.171875
1178.497070	52177.867188
1177.400391	52072.054688
1176.303711	51884.660156
1175.206055	50784.214844
1174.109375	51344.707031
1173.011719	51285.441406
1171.913086	51607.531250
1170.815430	50735.039063
1169.716797	50616.441406
1168.618164	50603.628906
1167.519531	50593.019531
1166.420898	49886.605469
1165.321289	50481.542969
1164.221680	50517.175781
1163.122070	50013.660156
1162.022461	50313.378906
1160.921875	50349.015625
1159.821289	50235.093750
1158.720703	50686.277344
1157.620117	50444.828125
1156.518555	51027.640625
1155.416992	50452.222656
1154.315430	50531.707031
1153.213867	50762.699219
1152.112305	50585.156250
1151.009766	50734.804688
1149.907227	51005.113281
1148.804688	50900.039063
1147.701172	51396.179688
1146.598633	50554.007813
1145.495117	50372.324219
1144.391602	50581.011719
1143.287109	50625.195313
1142.183594	50886.339844
1141.079102	50505.316406
1139.974609	50150.742188
1138.869141	50313.246094
1137.764648	50221.644531
1136.659180	49652.773438
1135.553711	49813.082031
1134.447266	49522.476563
1133.341797	49398.285156
1132.235352	49523.535156
1131.128906	49399.386719
1130.022461	49043.500000
1128.915039	49048.492188
1127.808594	49575.882813
1126.701172	48944.820313
1125.593750	48834.023438
1124.485352	48983.210938
1123.376953	48927.042969
1122.268555	49146.015625
1121.160156	48956.667969
1120.051758	48538.226563
1118.942383	48933.882813
1117.833008	49109.027344
1116.723633	48638.457031
1115.614258	48702.363281
1114.503906	48541.671875
1113.394531	48524.914063
1112.283203	49085.687500
1111.172852	48524.089844
1110.062500	48677.257813
1108.951172	48192.203125
1107.839844	48539.167969
1106.728516	48315.593750
1105.616211	48346.769531
1104.503906	48554.199219
1103.391602	48459.117188
1102.279297	48429.328125
1101.166992	48334.308594
1100.053711	48841.609375
1098.940430	48376.980469
1097.827148	48605.855469
1096.712891	48452.195313
1095.599609	48741.785156
1094.485352	48599.015625
1093.371094	48931.875000
1092.255859	48400.492188
1091.141602	49015.429688
1090.026367	48979.050781
1088.911133	49120.601563
1087.794922	49459.496094
1086.679688	49843.785156
1085.563477	49920.003906
1084.447266	50009.195313
1083.330078	50423.460938
1082.213867	50594.847656
1081.096680	50969.812500
1079.979492	51450.753906
1078.862305	51281.804688
1077.744141	51487.496094
1076.625977	51946.367188
1075.507813	52560.867188
1074.389648	52919.777344
1073.271484	53977.285156
1072.152344	54184.335938
1071.033203	54510.230469
1069.914063	55339.718750
1068.793945	56235.863281
1067.674805	56937.128906
1066.554688	57523.582031
1065.433594	58809.667969
1064.313477	59527.214844
1063.192383	60756.187500
1062.071289	61313.261719
1060.950195	61958.585938
1059.829102	62519.476563
1058.707031	62448.011719
1057.584961	62598.734375
1056.462891	62225.367188
1055.340820	62175.558594
1054.217773	61364.847656
1053.094727	60604.042969
1051.971680	59479.421875
1050.848633	59143.707031
1049.724609	57856.175781
1048.601563	57129.042969
1047.476563	57005.007813
1046.352539	56420.414063
1045.228516	55577.828125
1044.103516	54602.207031
1042.978516	54302.414063
1041.852539	54166.187500
1040.727539	53382.835938
1039.601563	53468.269531
1038.475586	52962.632813
1037.349609	52667.785156
1036.222656	52160.378906
1035.096680	52175.105469
1033.969727	52292.898438
1032.841797	51805.207031
1031.714844	51566.707031
1030.586914	52103.015625
1029.458984	51671.445313
1028.331055	51364.476563
1027.202148	51632.394531
1026.074219	51475.648438
1024.945313	52088.566406
1023.815430	51410.964844
1022.686523	51702.207031
1021.556641	51929.050781
1020.426758	51461.812500
1019.296875	51763.554688
1018.166992	51484.953125
1017.036133	51296.367188
1015.905273	51505.917969
1014.774414	51285.308594
1013.643555	51496.906250
1012.511719	51167.308594
1011.379883	51800.082031
1010.248047	51171.253906
1009.115234	50615.363281
1007.983398	50743.523438
1006.850586	50683.617188
1005.717773	51127.832031
1004.583984	51249.386719
1003.451172	50593.703125
1002.317383	50892.488281
1001.183594	50710.945313
1000.048828	50941.292969
998.915039	50712.878906
997.780273	51041.230469
996.645508	50765.972656
995.509766	50840.468750
994.375000	50616.519531
993.239258	50904.113281
992.103516	50910.339844
990.967773	50748.285156
989.831055	50871.671875
988.694336	51241.992188
987.557617	51073.570313
986.420898	51054.203125
985.283203	51309.335938
984.145508	50892.089844
983.007813	50689.843750
981.870117	51793.359375
980.731445	51382.644531
979.592773	51443.992188
978.454102	51964.339844
977.315430	51672.824219
976.176758	52107.925781
975.037109	51438.464844
973.897461	51686.570313
972.756836	51195.796875
971.617188	51838.617188
970.476563	51609.019531
969.335938	51347.695313
968.195313	51485.242188
967.053711	51291.910156
965.912109	51168.621094
964.770508	51577.433594
963.628906	51680.894531
962.486328	51551.234375
961.344727	51936.394531
960.202148	51270.894531
959.058594	51982.035156
957.916016	51691.515625
956.772461	51612.773438
955.628906	51944.589844
954.485352	51334.785156
953.340820	51364.039063
952.196289	51365.781250
951.051758	51386.550781
949.907227	51109.250000
948.761719	51277.996094
947.617188	50933.214844
946.471680	51027.984375
945.325195	50860.812500
944.179688	50862.636719
943.033203	51005.906250
941.886719	51533.261719
940.740234	51482.175781
939.592773	51711.714844
938.445313	52008.652344
937.297852	52782.078125
936.150391	53257.871094
935.001953	53992.750000
933.854492	54162.476563
932.705078	54785.164063
931.556641	55369.660156
930.408203	56065.531250
929.258789	56205.179688
928.109375	56801.621094
926.958984	56949.464844
925.809570	56491.167969
924.659180	56066.722656
923.508789	55629.839844
922.358398	54892.398438
921.207031	54493.789063
920.055664	53887.234375
918.904297	52976.179688
917.752930	52767.343750
916.600586	52159.433594
915.449219	51801.726563
914.295898	51887.250000
913.143555	51057.363281
911.991211	51229.066406
910.837891	50557.062500
909.684570	50628.082031
908.530273	50923.519531
907.376953	50484.796875
906.222656	50522.226563
905.068359	50559.640625
903.913086	50318.277344
902.758789	50506.582031
901.603516	50573.296875
900.448242	50154.039063
899.292969	50474.175781
898.136719	50442.441406
896.980469	50421.183594
895.824219	50410.394531
894.667969	50192.464844
893.510742	50828.109375
892.353516	50553.710938
891.196289	50220.878906
890.038086	50910.453125
888.880859	50882.832031
887.722656	50420.578125
886.564453	50662.570313
885.405273	50361.390625
884.247070	50106.273438
883.087891	50506.843750
881.928711	50316.511719
880.768555	50378.773438
879.609375	50430.574219
878.449219	50025.507813
877.288086	50121.152344
876.127930	50431.523438
874.966797	50914.792969
873.805664	50497.449219
872.644531	50736.679688
871.483398	50475.800781
870.321289	50679.519531
869.159180	50243.828125
867.997070	50416.273438
866.833984	50621.945313
865.671875	50579.871094
864.508789	50492.035156
863.344727	50799.480469
862.181641	50782.343750
861.017578	50998.097656
859.853516	50729.371094
858.689453	50876.449219
857.524414	51015.148438
856.359375	51461.261719
855.194336	51491.757813
854.029297	51721.601563
852.864258	51691.812500
851.698242	52251.550781
850.532227	52207.128906
849.365234	51953.156250
848.199219	52298.804688
847.032227	52463.859375
845.865234	52050.324219
844.698242	52163.527344
843.530273	51905.675781
842.362305	51755.687500
841.194336	51531.171875
840.026367	51965.433594
838.857422	51283.300781
837.688477	51785.750000
836.519531	51470.328125
835.350586	51964.234375
834.180664	51824.777344
833.010742	52063.945313
831.840820	51746.656250
830.669922	51803.765625
829.500000	51720.265625
828.329102	51851.757813
827.158203	51538.906250
825.986328	51422.457031
824.814453	51450.636719
823.642578	51780.308594
822.470703	51678.324219
821.298828	51974.773438
820.125977	51674.660156
818.953125	51849.238281
817.780273	51846.328125
816.606445	52088.847656
815.432617	51747.714844
814.258789	51794.300781
813.084961	51851.164063
811.910156	51767.875000
810.736328	52197.613281
809.560547	52023.648438
808.385742	52179.250000
807.209961	52581.847656
806.035156	51971.511719
804.858398	52378.089844
803.682617	52607.535156
802.505859	53075.507813
801.330078	52837.835938
800.152344	52816.167969
798.975586	53226.218750
797.797852	53516.882813
796.620117	53692.339844
795.442383	53573.933594
794.264648	53909.507813
793.085938	53994.402344
791.907227	53802.082031
790.728516	53850.007813
789.548828	53791.191406
788.369141	54044.269531
787.189453	53786.449219
786.009766	53785.097656
784.830078	53201.414063
783.649414	53130.484375
782.468750	53016.539063
781.287109	53189.519531
780.106445	52971.121094
778.924805	52576.664063
777.743164	52806.953125
776.561523	52707.515625
775.378906	52427.988281
774.196289	52244.761719
773.013672	52677.472656
771.830078	52547.449219
770.647461	52534.054688
769.463867	52244.625000
768.280273	52413.234375
767.095703	52596.078125
765.911133	52821.746094
764.726563	52242.390625
763.541992	53039.937500
762.357422	53128.535156
761.171875	53325.296875
759.986328	53617.906250
758.800781	53992.015625
757.614258	54523.066406
756.427734	54780.539063
755.241211	55007.304688
754.054688	56310.554688
752.867188	57576.539063
751.679688	58707.460938
750.492188	59850.113281
749.304688	61147.097656
748.116211	62559.613281
746.927734	64012.238281
745.739258	65360.402344
744.549805	66919.664063
743.361328	68160.781250
742.171875	68965.968750
740.981445	68979.515625
739.791992	68675.796875
738.601563	69043.179688
737.411133	68204.945313
736.220703	68704.359375
735.029297	68908.929688
733.837891	68449.109375
732.646484	67766.070313
731.455078	67424.460938
730.262695	66151.148438
729.070313	64713.972656
727.877930	63533.109375
726.685547	61829.304688
725.492188	60383.847656
724.298828	59648.800781
723.105469	58792.417969
721.912109	58088.433594
720.717773	57409.070313
719.523438	57797.816406
718.329102	57345.691406
717.133789	57705.917969
715.938477	57673.152344
714.743164	58395.523438
713.547852	58591.332031
712.351563	59205.933594
711.155273	59634.132813
709.958984	59948.871094
708.762695	60354.472656
707.565430	60709.347656
706.368164	61599.734375
705.170898	62303.800781
703.973633	62015.488281
702.775391	62983.781250
701.577148	63765.839844
700.378906	64091.222656
699.179688	64979.687500
697.980469	66158.406250
696.781250	67132.796875
695.582031	68883.476563
694.381836	70098.882813
693.181641	72461.187500
691.981445	74288.179688
690.781250	76184.929688
689.580078	77659.664063
688.378906	79033.007813
687.177734	79743.015625
685.976563	80609.804688
684.774414	81260.765625
683.572266	81390.054688
682.370117	81885.578125
681.166992	82632.406250
679.963867	81819.796875
678.760742	82290.750000
677.557617	81209.101563
676.353516	80666.718750
675.149414	80267.273438
673.945313	78937.570313
672.741211	78552.726563
671.536133	78356.859375
670.331055	77558.601563
669.125977	75676.460938
667.919922	73969.781250
666.714844	72045.085938
665.508789	70018.890625
664.301758	68840.125000
663.095703	67108.320313
661.888672	66129.210938
660.681641	65266.804688
659.474609	64807.632813
658.266602	64042.062500
657.058594	63058.445313
655.850586	61680.660156
654.641602	61490.996094
653.433594	61083.179688
652.224609	60459.351563
651.014648	59703.707031
649.805664	59098.453125
648.595703	58879.531250
647.385742	58580.703125
646.175781	58170.031250
644.964844	57833.500000
643.753906	57475.121094
642.542969	57072.941406
641.332031	57080.472656
640.120117	56658.570313
638.908203	57165.406250
637.696289	56532.035156
636.483398	56457.828125
635.270508	56551.277344
634.057617	56431.199219
632.844727	56255.320313
631.630859	56480.363281
630.417969	56418.191406
629.203125	57095.601563
627.989258	56182.312500
626.774414	56803.679688
625.559570	57024.355469
624.344727	56703.195313
623.129883	56712.714844
621.914063	55917.941406
620.698242	56275.941406
619.482422	56148.234375
618.265625	56006.652344
617.048828	56099.835938
615.832031	55566.558594
614.615234	55665.757813
613.397461	55846.406250
612.179688	56507.910156
610.961914	55974.992188
609.743164	55756.164063
608.525391	56194.804688
607.306641	55793.343750
606.086914	55826.804688
604.868164	56096.429688
603.648438	55715.085938
602.428711	55905.253906
601.208008	55998.152344
599.988281	55902.617188
598.767578	55963.742188
597.546875	56114.035156
596.325195	55909.535156
595.103516	55808.144531
593.881836	56346.601563
592.660156	56474.878906
591.437500	56579.335938
590.215820	56703.539063
588.993164	56671.335938
587.769531	56085.117188
586.545898	56205.382813
585.322266	56448.210938
584.098633	56433.871094
582.875000	56245.566406
581.650391	56577.156250
580.425781	56347.398438
579.201172	56951.449219
577.975586	56812.562500
576.750000	57189.144531
575.524414	56779.769531
574.298828	56611.390625
573.072266	57287.722656
571.845703	57403.414063
570.619141	57528.914063
569.391602	57644.496094
568.164063	57610.167969
566.936523	58208.640625
565.708984	58249.089844
564.480469	58303.312500
563.251953	58511.164063
562.023438	58657.867188
560.794922	58182.253906
559.565430	58661.667969
558.335938	58650.765625
557.106445	58671.351563
555.875977	58843.414063
554.645508	58877.707031
553.415039	58750.726563
552.184570	58869.558594
550.953125	58605.031250
549.721680	58936.082031
548.490234	58646.105469
547.257813	58863.062500
546.026367	59239.000000
544.793945	58845.066406
543.560547	59136.421875
542.328125	59117.546875
541.094727	59149.691406
539.861328	59340.722656
538.626953	59488.519531
537.392578	59383.285156
536.158203	59787.824219
534.923828	59553.195313
533.689453	59391.171875
532.454102	59997.230469
531.218750	59331.765625
529.982422	59614.433594
528.747070	59662.023438
527.510742	59509.921875
526.273438	59827.578125
525.037109	60599.031250
523.799805	60550.492188
522.562500	61385.980469
521.325195	62084.222656
520.086914	62821.253906
518.848633	61826.277344
517.610352	60442.878906
516.372070	59724.320313
515.132813	59283.425781
513.893555	58940.359375
512.654297	58829.765625
511.414063	58930.027344
510.173828	58456.503906
508.933594	58701.171875
507.693359	58454.171875
506.452148	58374.992188
505.210938	58718.941406
503.969727	57898.984375
502.727539	57991.468750
501.485352	58263.171875
