1802.260742	7146.981934
1801.291992	7499.086914
1800.322266	7262.899414
1799.353516	7308.876465
1798.383789	7439.688477
1797.414063	7305.956543
1796.443359	7227.160645
1795.473633	7138.419434
1794.502930	7032.257324
1793.532227	7210.362793
1792.561523	7198.951172
1791.590820	7262.309570
1790.619141	7372.985352
1789.647461	7271.862305
1788.675781	7392.454102
1787.704102	7231.601563
1786.732422	7416.885254
1785.759766	7407.934082
1784.788086	7545.821777
1783.815430	7743.370605
1782.842773	7739.334473
1781.869141	7685.554199
1780.896484	7644.229004
1779.922852	7846.571289
1778.949219	8009.060547
1777.975586	7952.782715
1777.001953	7744.957031
1776.027344	7735.954590
1775.053711	7535.706055
1774.079102	7648.427734
1773.104492	7726.344727
1772.128906	7595.720703
1771.154297	7755.514648
1770.178711	7979.757324
1769.203125	8387.487305
1768.227539	8343.642578
1767.251953	8307.254883
1766.275391	8491.537109
1765.298828	8601.381836
1764.323242	8755.791016
1763.345703	8719.348633
1762.369141	8469.872070
1761.392578	8383.963867
1760.415039	8647.248047
1759.437500	8417.741211
1758.459961	8794.777344
1757.481445	8857.359375
1756.503906	8974.351563
1755.525391	9024.502930
1754.546875	9180.987305
1753.568359	8941.754883
1752.589844	8668.005859
1751.610352	8794.803711
1750.631836	8503.892578
1749.652344	8549.133789
1748.672852	8752.458008
1747.692383	8716.125000
1746.712891	8689.682617
1745.732422	8460.804688
1744.751953	8315.941406
1743.771484	8299.465820
1742.791016	8458.180664
1741.809570	8370.142578
1740.828125	8457.252930
1739.846680	8287.875000
1738.865234	8172.802734
1737.883789	8360.959961
1736.901367	8329.708984
1735.919922	8254.119141
1734.937500	8321.438477
1733.954102	8258.194336
1732.971680	8443.680664
1731.989258	8550.310547
1731.005859	8344.293945
1730.022461	8266.329102
1729.039063	8055.529785
1728.054688	8039.151855
1727.071289	8165.429199
1726.086914	8104.773438
1725.102539	8496.501953
1724.118164	8482.504883
1723.132813	8431.650391
1722.148438	8533.149414
1721.163086	8204.719727
1720.177734	8421.656250
1719.192383	8375.763672
1718.207031	8234.143555
1717.220703	8225.125000
1716.234375	8373.166992
1715.248047	8275.795898
1714.261719	8254.506836
1713.275391	8461.314453
1712.288086	8555.243164
1711.300781	8757.002930
1710.313477	8630.236328
1709.326172	8579.489258
1708.337891	8572.862305
1707.350586	8593.184570
1706.362305	8503.288086
1705.374023	8528.511719
1704.385742	8585.549805
1703.396484	8574.031250
1702.408203	8880.644531
1701.418945	9179.793945
1700.429688	9018.946289
1699.439453	9166.316406
1698.450195	9482.341797
1697.459961	9389.979492
1696.469727	9119.229492
1695.479492	9061.188477
1694.489258	9230.386719
1693.499023	9482.569336
1692.507813	9312.146484
1691.516602	9735.129883
1690.525391	9713.638672
1689.534180	9521.304688
1688.541992	9543.789063
1687.549805	9461.353516
1686.557617	9996.083984
1685.565430	9840.427734
1684.573242	9994.494141
1683.581055	9729.198242
1682.587891	9510.318359
1681.594727	9601.000000
1680.601563	9857.313477
1679.607422	9843.146484
1678.614258	10040.858398
1677.620117	10145.966797
1676.625977	10207.213867
1675.631836	10468.011719
1674.637695	10417.233398
1673.642578	10402.966797
1672.647461	10220.872070
1671.652344	10223.673828
1670.657227	10270.239258
1669.662109	9947.287109
1668.666016	9942.849609
1667.669922	10018.600586
1666.673828	10099.179688
1665.677734	10150.578125
1664.680664	9990.679688
1663.684570	10386.849609
1662.687500	10413.881836
1661.690430	10076.855469
1660.693359	9931.657227
1659.695313	10000.005859
1658.698242	10046.497070
1657.700195	10129.343750
1656.702148	10086.081055
1655.703125	10370.081055
1654.705078	10455.234375
1653.706055	10268.968750
1652.707031	10322.613281
1651.708008	10114.650391
1650.708984	10131.979492
1649.708984	10258.250977
1648.708984	10326.375000
1647.709961	10527.579102
1646.708984	10648.853516
1645.708984	10704.760742
1644.708008	10494.590820
1643.708008	10635.141602
1642.707031	10434.741211
1641.706055	10671.933594
1640.704102	10732.610352
1639.703125	10566.136719
1638.701172	10527.763672
1637.699219	10653.641602
1636.696289	11054.750977
1635.694336	10779.702148
1634.691406	10907.865234
1633.689453	10690.875000
1632.685547	10734.555664
1631.682617	10898.833008
1630.679688	10993.099609
1629.675781	11154.845703
1628.671875	11234.556641
1627.667969	11456.446289
1626.664063	11649.326172
1625.659180	11912.000000
1624.655273	11907.179688
1623.650391	11928.852539
1622.644531	11820.488281
1621.639648	11834.946289
1620.634766	11976.965820
1619.628906	11830.152344
1618.623047	12063.541016
1617.617188	11974.500000
1616.610352	12251.053711
1615.604492	12330.324219
1614.597656	12844.690430
1613.590820	12640.191406
1612.583984	12841.888672
1611.576172	13204.474609
1610.569336	13456.417969
1609.561523	13360.028320
1608.553711	13431.753906
1607.544922	13282.593750
1606.537109	13181.495117
1605.528320	13507.573242
1604.519531	13852.710938
1603.510742	14106.558594
1602.501953	14640.889648
1601.492188	15107.868164
1600.483398	15390.071289
1599.473633	15559.512695
1598.463867	16454.943359
1597.453125	16763.052734
1596.443359	17236.308594
1595.432617	17881.794922
1594.421875	18483.921875
1593.411133	18800.939453
1592.399414	19235.099609
1591.388672	19080.447266
1590.376953	18928.248047
1589.365234	18589.544922
1588.352539	18624.033203
1587.340820	17568.259766
1586.328125	17089.000000
1585.315430	16468.931641
1584.302734	16123.897461
1583.290039	15702.555664
1582.276367	15465.296875
1581.263672	15213.805664
1580.250000	14814.390625
1579.236328	14551.196289
1578.221680	14393.116211
1577.208008	13917.755859
1576.193359	13855.288086
1575.178711	13480.401367
1574.164063	13079.436523
1573.148438	13148.299805
1572.133789	13064.583984
1571.118164	12964.219727
1570.102539	13092.628906
1569.085938	13044.706055
1568.070313	12975.366211
1567.053711	12925.103516
1566.037109	13003.418945
1565.020508	12850.819336
1564.003906	12852.964844
1562.986328	12962.174805
1561.969727	12926.235352
1560.952148	13006.844727
1559.934570	13246.734375
1558.916016	12877.931641
1557.898438	12820.643555
1556.879883	13117.454102
1555.861328	13010.245117
1554.842773	12824.692383
1553.823242	13427.680664
1552.803711	13348.965820
1551.785156	13191.942383
1550.764648	13281.820313
1549.745117	13234.029297
1548.725586	12965.616211
1547.705078	13095.806641
1546.684570	12993.535156
1545.664063	12967.178711
1544.642578	13310.636719
1543.622070	12916.864258
1542.600586	12918.970703
1541.579102	12930.552734
1540.557617	13141.093750
1539.535156	13235.508789
1538.513672	13315.678711
1537.491211	13395.815430
1536.468750	13416.751953
1535.446289	13463.707031
1534.422852	13680.973633
1533.399414	13505.521484
1532.376953	13493.308594
1531.352539	13403.078125
1530.329102	13405.072266
1529.304688	13284.172852
1528.281250	13409.055664
1527.256836	13217.332031
1526.232422	13351.624023
1525.207031	13360.707031
1524.181641	13591.709961
1523.157227	13643.225586
1522.131836	13682.920898
1521.105469	13850.008789
1520.080078	13877.848633
1519.053711	14174.543945
1518.027344	14294.266602
1517.000977	14227.695313
1515.974609	14467.566406
1514.947266	14931.212891
1513.919922	15083.665039
1512.892578	15466.904297
1511.865234	16083.142578
1510.837891	16706.193359
1509.809570	16992.341797
1508.781250	17407.826172
1507.752930	18300.837891
1506.724609	19129.960938
1505.695313	19996.380859
1504.666992	20512.033203
1503.637695	21448.351563
1502.608398	21914.126953
1501.578125	22732.259766
1500.548828	23343.269531
1499.518555	23855.355469
1498.488281	23967.921875
1497.458008	24263.615234
1496.426758	24587.361328
1495.396484	24331.158203
1494.365234	24173.630859
1493.333984	23898.841797
1492.301758	23481.058594
1491.270508	22918.021484
1490.238281	22467.777344
1489.206055	21881.730469
1488.173828	21384.998047
1487.141602	20483.023438
1486.108398	19705.603516
1485.075195	18942.556641
1484.041992	18308.640625
1483.008789	17440.812500
1481.974609	17193.757813
1480.941406	16455.251953
1479.907227	16103.187500
1478.873047	15863.574219
1477.837891	15460.308594
1476.803711	15524.967773
1475.768555	15348.752930
1474.733398	15476.528320
1473.698242	15798.251953
1472.662109	15720.234375
1471.626953	15721.686523
1470.590820	16232.370117
1469.554688	16474.265625
1468.518555	16818.800781
1467.481445	17401.312500
1466.444336	17768.853516
1465.407227	18101.240234
1464.370117	18741.455078
1463.333008	19274.105469
1462.294922	19890.492188
1461.256836	20329.423828
1460.218750	20936.013672
1459.180664	21332.595703
1458.142578	21768.626953
1457.103516	22430.458984
1456.064453	22628.501953
1455.025391	23278.240234
1453.986328	23299.076172
1452.946289	23485.175781
1451.906250	23222.023438
1450.866211	23892.042969
1449.826172	23845.265625
1448.786133	23926.429688
1447.745117	23988.955078
1446.704102	23553.917969
1445.663086	23133.005859
1444.622070	22665.783203
1443.580078	22754.070313
1442.538086	22078.042969
1441.496094	21671.708984
1440.454102	21051.910156
1439.412109	20659.878906
1438.369141	20216.943359
1437.326172	19890.222656
1436.283203	19371.058594
1435.240234	19209.341797
1434.197266	19091.751953
1433.153320	18807.263672
1432.109375	19081.589844
1431.065430	18563.119141
1430.020508	18098.160156
1428.976563	17922.996094
1427.931641	17657.562500
1426.886719	17325.078125
1425.841797	16974.207031
1424.795898	16600.328125
1423.750000	16122.453125
1422.705078	15975.670898
1421.658203	15970.072266
1420.612305	15543.503906
1419.565430	15362.241211
1418.519531	15164.867188
1417.472656	15032.297852
1416.424805	15110.094727
1415.377930	14649.477539
1414.330078	14664.945313
1413.282227	14869.798828
1412.234375	14820.554688
1411.186523	14750.550781
1410.137695	14606.709961
1409.089844	14668.321289
1408.041016	14866.038086
1406.991211	14719.953125
1405.942383	14816.095703
1404.892578	14766.926758
1403.842773	14803.078125
1402.792969	14691.697266
1401.743164	14654.103516
1400.692383	14787.020508
1399.641602	14830.044922
1398.590820	14905.292969
1397.540039	14614.401367
1396.489258	14521.608398
1395.437500	14421.947266
1394.385742	14308.520508
1393.333984	14296.368164
1392.282227	14498.139648
1391.229492	14297.375000
1390.176758	14377.200195
1389.124023	14491.473633
1388.071289	14683.840820
1387.018555	14657.834961
1385.964844	14919.007813
1384.911133	15060.633789
1383.857422	15238.943359
1382.803711	15589.374023
1381.749023	15710.112305
1380.694336	15945.549805
1379.639648	16047.807617
1378.584961	15817.386719
1377.530273	15848.526367
1376.474609	15998.892578
1375.418945	15727.354492
1374.363281	15510.938477
1373.307617	15393.153320
1372.250977	15355.607422
1371.194336	14672.091797
1370.137695	14698.835938
1369.081055	14679.772461
1368.024414	14415.759766
1366.966797	14492.892578
1365.909180	14933.840820
1364.851563	14880.422852
1363.793945	15035.180664
1362.735352	14995.483398
1361.676758	15307.917969
1360.618164	15307.041016
1359.559570	15939.253906
1358.500000	16306.138672
1357.441406	16364.452148
1356.381836	16671.708984
1355.322266	17113.572266
1354.261719	17265.289063
1353.202148	17396.398438
1352.141602	17598.201172
1351.081055	17286.527344
1350.020508	17568.111328
1348.958984	17053.578125
1347.897461	17243.878906
1346.835938	16570.033203
1345.774414	16926.750000
1344.712891	16980.220703
1343.650391	16833.166016
1342.587891	16503.933594
1341.525391	16887.693359
1340.462891	17132.394531
1339.400391	16880.705078
1338.336914	16927.285156
1337.273438	16614.296875
1336.209961	16897.525391
1335.145508	16741.625000
1334.082031	16808.658203
1333.017578	16852.927734
1331.953125	16972.193359
1330.887695	16823.218750
1329.823242	16917.445313
1328.757813	16475.474609
1327.692383	16726.455078
1326.626953	16375.541992
1325.560547	16317.658203
1324.495117	16230.289063
1323.428711	16435.718750
1322.362305	16160.030273
1321.294922	16090.892578
1320.228516	15996.833984
1319.161133	15907.348633
1318.093750	15972.066406
1317.026367	16238.490234
1315.958008	16008.501953
1314.889648	15810.329102
1313.821289	15911.252930
1312.752930	16154.817383
1311.684570	16026.928711
1310.615234	16111.894531
1309.545898	16280.570313
1308.476563	16376.761719
1307.407227	16443.500000
1306.336914	16347.347656
1305.267578	16649.259766
1304.197266	16747.550781
1303.125977	16707.906250
1302.055664	16783.542969
1300.984375	16746.164063
1299.913086	16656.839844
1298.841797	16949.271484
1297.770508	16625.083984
1296.698242	16727.748047
1295.626953	16787.478516
1294.553711	16691.462891
1293.481445	16764.710938
1292.409180	17079.310547
1291.335938	17262.960938
1290.262695	17191.726563
1289.189453	17393.312500
1288.115234	17845.009766
1287.041992	18192.855469
1285.967773	18267.931641
1284.893555	18863.330078
1283.819336	19377.400391
1282.744141	20251.525391
1281.668945	21370.664063
1280.593750	22392.556641
1279.518555	24001.343750
1278.442383	25312.484375
1277.367188	26899.748047
1276.291016	28468.357422
1275.214844	30641.132813
1274.137695	32035.218750
1273.061523	33815.285156
1271.984375	34702.554688
1270.907227	35623.152344
1269.830078	35710.074219
1268.751953	34788.687500
1267.673828	33973.203125
1266.595703	32397.121094
1265.517578	30987.759766
1264.439453	29356.855469
1263.360352	27937.494141
1262.281250	26390.882813
1261.202148	25560.214844
1260.122070	24866.644531
1259.042969	24670.947266
1257.962891	24661.328125
1256.882813	24255.152344
1255.802734	24456.177734
1254.721680	24614.570313
1253.640625	24537.792969
1252.559570	24277.482422
1251.478516	24205.279297
1250.397461	23907.103516
1249.315430	23098.970703
1248.233398	22845.880859
1247.151367	22098.683594
1246.069336	21854.847656
1244.986328	21342.873047
1243.903320	21097.060547
1242.820313	20688.236328
1241.737305	20840.296875
1240.653320	20085.509766
1239.570313	19918.312500
1238.486328	19929.787109
1237.401367	19858.667969
1236.317383	19501.933594
1235.232422	19662.968750
1234.147461	19719.093750
1233.062500	19543.255859
1231.977539	19434.378906
1230.891602	19370.134766
1229.805664	19424.041016
1228.719727	19085.736328
1227.633789	19135.220703
1226.546875	19008.718750
1225.460938	18851.091797
1224.374023	18595.564453
1223.286133	18591.681641
1222.199219	18089.275391
1221.111328	17809.587891
1220.023438	17781.398438
1218.935547	17355.093750
1217.847656	17084.626953
1216.758789	16983.236328
1215.669922	16481.789063
1214.581055	16171.667969
1213.492188	16141.626953
1212.402344	15778.391602
1211.312500	15821.733398
1210.222656	15338.811523
1209.132813	15126.927734
1208.042969	14890.716797
1206.952148	14792.184570
1205.861328	14775.780273
1204.770508	14604.114258
1203.678711	14423.647461
1202.587891	13948.369141
1201.496094	13983.136719
1200.404297	14170.810547
1199.311523	13926.324219
1198.219727	13557.879883
1197.126953	13481.952148
1196.034180	13452.558594
1194.940430	13967.808594
1193.847656	14006.941406
1192.753906	14145.643555
1191.660156	14116.132813
1190.566406	14347.660156
1189.471680	14696.306641
1188.377930	14925.403320
1187.283203	15521.379883
1186.188477	16013.225586
1185.092773	16772.248047
1183.998047	17453.623047
1182.902344	18329.093750
1181.806641	19078.316406
1180.709961	19637.343750
1179.614258	20558.160156
1178.517578	20739.240234
1177.420898	21204.890625
1176.323242	21193.828125
1175.226563	20746.058594
1174.128906	19947.853516
1173.031250	19004.472656
1171.933594	17647.089844
1170.834961	16656.101563
1169.737305	15786.708984
1168.638672	14867.014648
1167.540039	14612.826172
1166.440430	14191.396484
1165.341797	13889.021484
1164.242188	13690.219727
1163.142578	13766.567383
1162.041992	13812.082031
1160.942383	13952.159180
1159.841797	14059.189453
1158.741211	14205.750977
1157.639648	14139.021484
1156.539063	14465.719727
1155.437500	14759.321289
1154.335938	15362.552734
1153.234375	16132.456055
1152.131836	17046.966797
1151.030273	18121.361328
1149.927734	19265.542969
1148.824219	20431.189453
1147.721680	21607.314453
1146.618164	22504.355469
1145.514648	22863.693359
1144.411133	23078.160156
1143.307617	22724.748047
1142.203125	22053.671875
1141.098633	21404.792969
1139.994141	20109.878906
1138.889648	19527.388672
1137.784180	18623.222656
1136.678711	18146.380859
1135.573242	17833.916016
1134.467773	17331.175781
1133.362305	17240.009766
1132.255859	17306.388672
1131.149414	17545.527344
1130.042969	17834.857422
1128.935547	17898.880859
1127.828125	17995.664063
1126.720703	18173.261719
1125.613281	18578.011719
1124.505859	18589.394531
1123.397461	18356.167969
1122.289063	18356.673828
1121.180664	18182.533203
1120.072266	18187.437500
1118.962891	18172.701172
1117.853516	18376.132813
1116.744141	18293.742188
1115.634766	18531.955078
1114.524414	18325.287109
1113.414063	18827.148438
1112.303711	19091.246094
1111.193359	18997.890625
1110.082031	19078.849609
1108.971680	18745.955078
1107.860352	18565.626953
1106.748047	18256.925781
1105.636719	17536.974609
1104.524414	16971.832031
1103.412109	16702.822266
1102.299805	16057.606445
1101.186523	16004.203125
1100.074219	16118.244141
1098.960938	15895.286133
1097.847656	15733.277344
1096.733398	15323.620117
1095.620117	15489.843750
1094.505859	15260.686523
1093.390625	14829.668945
1092.276367	15234.711914
1091.161133	15118.625000
1090.046875	14902.756836
1088.930664	15120.927734
1087.815430	15328.158203
1086.700195	15830.261719
1085.583984	16293.121094
1084.467773	16458.779297
1083.350586	17060.027344
1082.234375	17290.462891
1081.117188	17375.640625
1080.000000	17235.511719
1078.882813	17368.306641
1077.764648	16847.166016
1076.646484	16607.656250
1075.528320	16359.588867
1074.410156	15804.366211
1073.291992	15563.061523
1072.172852	15252.645508
1071.053711	15299.160156
1069.934570	14982.443359
1068.814453	14765.289063
1067.695313	14861.578125
1066.575195	14733.123047
1065.454102	14844.498047
1064.333984	14694.502930
1063.212891	14617.983398
1062.091797	14342.888672
1060.970703	14316.115234
1059.849609	14252.668945
1058.727539	14221.610352
1057.605469	13974.868164
1056.483398	13838.210938
1055.361328	13615.369141
1054.238281	13547.822266
1053.115234	13361.771484
1051.992188	13350.327148
1050.869141	13360.428711
1049.745117	13161.610352
1048.622070	13288.023438
1047.497070	13039.788086
1046.373047	13166.171875
1045.249023	12952.496094
1044.124023	12797.000000
1042.999023	12811.500000
1041.873047	12817.390625
1040.748047	12793.175781
1039.622070	12839.910156
1038.496094	12635.166016
1037.370117	12441.252930
1036.243164	12498.770508
1035.117188	12347.922852
1033.990234	12278.738281
1032.862305	12110.824219
1031.735352	12372.275391
1030.607422	12652.928711
1029.479492	12772.544922
1028.351563	12995.075195
1027.222656	12833.617188
1026.094727	12828.752930
1024.965820	12851.759766
1023.836914	13134.093750
1022.707031	13236.308594
1021.577148	13282.777344
1020.447266	13701.920898
1019.317383	13564.103516
1018.187500	13914.495117
1017.056641	14010.010742
1015.925781	14304.515625
1014.794922	14389.207031
1013.664063	14623.607422
1012.532227	14939.178711
1011.400391	14852.616211
1010.268555	15403.166016
1009.136719	15436.233398
1008.003906	15866.755859
1006.871094	16126.176758
1005.738281	16447.429688
1004.605469	16446.074219
1003.471680	16619.798828
1002.337891	16428.419922
1001.204102	16185.899414
1000.070313	15772.780273
998.935547	15438.767578
997.800781	15305.384766
996.666016	14982.273438
995.531250	14962.035156
994.395508	14781.942383
993.259766	14429.310547
992.124023	14500.816406
990.988281	14695.837891
989.851563	14675.677734
988.714844	14634.232422
987.578125	14735.432617
986.441406	14759.969727
985.303711	14586.601563
984.166992	14498.403320
983.028320	14437.893555
981.890625	14273.208008
980.752930	14223.399414
979.614258	14207.621094
978.475586	14043.086914
977.335938	13933.864258
976.197266	13801.320313
975.057617	13677.327148
973.917969	13710.514648
972.778320	13856.201172
971.637695	13878.721680
970.497070	13939.428711
969.356445	14097.700195
968.215820	14258.024414
967.074219	14053.527344
965.933594	14226.512695
964.791992	14329.470703
963.649414	14290.391602
962.507813	14264.041992
961.365234	14320.319336
960.222656	13857.676758
959.080078	13981.774414
957.936523	13955.508789
956.792969	13895.388672
955.649414	13958.028320
954.505859	13790.031250
953.361328	13719.405273
952.217773	13678.416016
951.073242	13702.987305
949.927734	13657.789063
948.783203	13384.358398
947.637695	13649.854492
946.492188	13898.334961
945.346680	13787.656250
944.200195	14012.772461
943.053711	14208.235352
941.907227	14241.086914
940.760742	14043.904297
939.613281	14148.509766
938.466797	14278.382813
937.319336	14245.812500
936.170898	14478.921875
935.023438	14680.311523
933.875000	14649.780273
932.726563	14754.118164
931.578125	14864.729492
930.428711	15196.447266
929.279297	15180.569336
928.129883	15385.755859
926.980469	15260.388672
925.830078	14832.035156
924.680664	15127.632813
923.529297	14874.082031
922.378906	14769.958008
921.228516	14678.492188
920.077148	14816.203125
918.925781	14859.276367
917.773438	14940.153320
916.622070	14926.457031
915.469727	14759.437500
914.317383	14676.485352
913.165039	14595.667969
912.011719	14477.100586
910.858398	14513.879883
909.705078	14355.514648
908.551758	14310.491211
907.397461	14034.789063
906.243164	13970.981445
905.088867	14047.655273
903.934570	13967.102539
902.779297	13907.537109
901.625000	13927.607422
900.468750	13943.479492
899.313477	14007.507813
898.157227	13927.045898
897.001953	14156.412109
895.844727	14360.567383
894.688477	14223.584961
893.531250	14092.936523
892.375000	13970.708984
891.216797	14168.452148
890.059570	14200.958008
888.901367	14195.827148
887.744141	13988.003906
886.584961	13617.311523
885.426758	13856.689453
884.267578	13749.306641
883.108398	13942.619141
881.949219	14108.711914
880.790039	13554.734375
879.629883	13505.927734
878.469727	13586.475586
877.309570	13583.564453
876.149414	13699.507813
874.988281	13625.691406
873.827148	13524.809570
872.666016	13353.121094
871.503906	13475.260742
870.342773	13414.049805
869.180664	13454.906250
868.017578	13810.130859
866.855469	13753.047852
865.692383	13772.990234
864.529297	13695.131836
863.366211	13592.341797
862.203125	13599.825195
861.039063	13950.397461
859.875000	14213.504883
858.709961	14133.551758
857.545898	14421.441406
856.380859	14619.870117
855.215820	15185.865234
854.050781	15423.500000
852.884766	15779.376953
851.719727	16000.174805
850.552734	16177.293945
849.386719	16514.103516
848.220703	16827.947266
847.053711	17643.566406
845.886719	18259.771484
844.718750	18687.056641
843.551758	18585.626953
842.383789	19460.255859
841.215820	19802.062500
840.046875	19926.230469
838.878906	19561.613281
837.709961	19447.675781
836.541016	19702.246094
835.371094	19871.853516
834.202148	19751.710938
833.032227	19954.330078
831.862305	20078.269531
830.691406	20423.406250
829.520508	20456.226563
828.350586	20460.093750
827.178711	20753.261719
826.007813	20511.207031
824.835938	20440.697266
823.664063	20266.960938
822.492188	19529.644531
821.319336	18862.828125
820.147461	18200.425781
818.974609	17497.039063
817.800781	16600.042969
816.627930	15944.738281
815.454102	15514.472656
814.280273	15086.452148
813.106445	15025.493164
811.931641	14991.347656
810.756836	14491.605469
809.582031	14655.326172
808.407227	14600.686523
807.231445	14354.591797
806.055664	13968.628906
804.879883	13700.136719
803.704102	13584.018555
802.527344	13844.403320
801.350586	13444.481445
800.173828	13641.038086
798.997070	13588.758789
797.819336	13345.354492
796.641602	13611.669922
795.463867	13703.240234
794.286133	13597.584961
793.107422	13580.278320
791.928711	13807.299805
790.750000	13636.001953
789.570313	13427.835938
788.390625	13816.833984
787.210938	13696.925781
786.031250	13593.475586
784.851563	13699.217773
783.670898	13696.261719
782.490234	13594.925781
781.308594	13520.271484
780.127930	13744.759766
778.946289	13586.125000
777.764648	13296.497070
776.583008	13541.359375
775.400391	13460.652344
774.217773	13703.325195
773.035156	13422.102539
771.851563	13627.855469
770.668945	13643.319336
769.485352	14014.556641
768.301758	14250.710938
767.117188	14507.200195
765.932617	14497.935547
764.748047	14713.399414
763.563477	14432.437500
762.378906	14574.305664
761.193359	14520.114258
760.007813	14696.600586
758.822266	14624.038086
757.635742	14441.329102
756.449219	14277.056641
755.262695	14475.873047
754.076172	14336.129883
752.888672	14473.689453
751.701172	14631.569336
750.513672	14565.237305
749.326172	14643.575195
748.137695	15037.580078
746.949219	15704.283203
745.760742	16071.418945
744.572266	16356.977539
743.382813	16664.794922
742.193359	16974.513672
741.003906	17304.439453
739.813477	17345.433594
738.623047	17193.250000
737.432617	17140.740234
736.242188	16952.082031
735.050781	16501.384766
733.860352	16408.423828
732.667969	16425.181641
731.476563	16468.328125
730.285156	16186.625000
729.092773	16071.482422
727.899414	15856.953125
726.707031	15571.504883
725.513672	15349.061523
724.320313	15426.853516
723.126953	15052.469727
721.933594	14937.716797
720.739258	14812.877930
719.544922	14722.539063
718.350586	14648.444336
717.155273	14566.279297
715.959961	14411.252930
714.764648	14592.353516
713.569336	14554.780273
712.373047	14302.721680
711.177734	14364.359375
709.980469	14245.948242
708.784180	14378.349609
707.586914	14638.067383
706.389648	14636.912109
705.192383	14593.316406
703.995117	14638.641602
702.796875	14336.492188
701.598633	14389.929688
700.400391	14186.904297
699.201172	14470.488281
698.001953	14596.518555
696.802734	14627.653320
695.603516	14485.272461
694.404297	14373.207031
693.204102	14464.863281
692.003906	14818.577148
690.802734	15524.881836
689.601563	15662.576172
688.401367	15788.121094
687.199219	15901.524414
685.998047	16363.289063
684.795898	16583.230469
683.593750	17096.984375
682.391602	17697.056641
681.188477	17801.867188
679.986328	17922.726563
678.783203	17751.888672
677.579102	17709.822266
676.375977	17350.121094
675.171875	17511.167969
673.967773	17730.419922
672.762695	17927.476563
671.557617	17805.062500
670.353516	18088.369141
669.147461	17988.056641
667.942383	17982.134766
666.736328	17614.964844
665.530273	18008.417969
664.324219	17992.462891
663.117188	18485.943359
661.910156	18796.734375
660.703125	18726.484375
659.496094	19277.603516
658.288086	19253.367188
657.080078	19633.835938
655.872070	19867.917969
654.664063	20242.078125
653.455078	20680.140625
652.246094	20697.654297
651.037109	20396.955078
649.827148	20152.410156
648.617188	19635.916016
647.407227	19093.646484
646.197266	19069.488281
644.986328	18739.480469
643.776367	18397.621094
642.564453	17997.962891
641.353516	17220.896484
640.141602	16811.677734
638.929688	16013.241211
637.717773	15564.534180
636.505859	15241.772461
635.292969	14605.839844
634.080078	14676.474609
632.867188	14483.772461
631.653320	14337.022461
630.439453	14278.065430
629.225586	14296.876953
628.011719	14359.524414
626.796875	14557.638672
625.582031	14456.846680
624.367188	14332.197266
623.151367	14619.791016
621.936523	14642.478516
620.720703	14561.656250
619.503906	14466.937500
618.288086	14885.555664
617.071289	15103.091797
615.854492	14914.847656
614.636719	15354.959961
613.419922	15327.751953
612.202148	15294.591797
610.984375	15209.786133
609.765625	14928.355469
608.546875	15224.984375
607.328125	15114.433594
606.109375	15263.987305
604.889648	14835.916016
603.670898	14660.037109
602.450195	14517.960938
601.230469	14635.775391
600.009766	14041.639648
598.790039	13925.561523
597.568359	13989.907227
596.347656	13927.395508
595.125977	13858.966797
593.904297	13828.202148
592.682617	13415.233398
591.459961	13639.993164
590.237305	13591.478516
589.014648	13531.109375
587.791992	13346.110352
586.568359	13681.465820
585.344727	13549.913086
584.121094	13819.823242
582.896484	13943.320313
581.672852	14234.765625
580.448242	14545.842773
579.222656	14534.752930
577.998047	14663.908203
576.772461	14984.557617
575.546875	15332.706055
574.320313	15658.988281
573.094727	15679.238281
571.868164	15894.809570
570.640625	16047.161133
569.414063	15933.201172
568.186523	15821.262695
566.958984	15774.424805
565.731445	15711.839844
564.502930	15708.394531
563.274414	15785.719727
562.045898	15845.284180
560.816406	16001.309570
559.587891	16190.733398
558.358398	16639.886719
557.127930	16451.257813
555.898438	16506.669922
554.667969	16418.466797
553.437500	16100.214844
552.207031	16452.550781
550.975586	16334.928711
549.744141	16138.746094
548.512695	16058.575195
547.280273	15593.415039
546.047852	15413.233398
544.815430	15152.625000
543.583008	15133.591797
542.350586	15448.221680
541.117188	15480.148438
539.882813	15406.122070
538.649414	15343.895508
537.415039	15089.522461
536.180664	14645.089844
534.946289	14982.926758
533.711914	15063.899414
532.476563	14747.111328
531.241211	14804.592773
530.004883	14476.249023
528.769531	14604.248047
527.533203	14853.554688
526.295898	14930.528320
525.059570	15326.400391
523.822266	16127.033203
522.584961	17517.960938
521.347656	17678.355469
520.109375	17439.876953
518.871094	16454.882813
517.632813	15736.075195
516.394531	15279.369141
515.155273	15166.626953
513.916016	15009.019531
512.676758	15060.380859
511.436523	15025.834961
510.196289	15957.288086
508.956055	15774.277344
507.715820	15967.817383
506.474609	16227.577148
505.233398	16641.251953
503.992188	16781.837891
502.750000	16518.937500
501.507813	16735.476563
