1802.260742	8160.844727
1801.291992	8200.799805
1800.322266	7946.995117
1799.353516	7947.903809
1798.383789	8013.700195
1797.414063	7959.699707
1796.443359	7953.120117
1795.473633	7659.708496
1794.502930	7685.608887
1793.532227	7863.583984
1792.561523	7754.825684
1791.590820	8064.802246
1790.619141	7881.294922
1789.647461	7839.859863
1788.675781	7783.497070
1787.704102	7766.999512
1786.732422	8051.764648
1785.759766	7798.742676
1784.788086	8210.311523
1783.815430	8464.957031
1782.842773	8373.706055
1781.869141	8265.080078
1780.896484	8497.179688
1779.922852	8500.452148
1778.949219	8769.697266
1777.975586	8601.431641
1777.001953	8540.076172
1776.027344	8486.198242
1775.053711	8243.575195
1774.079102	8371.054688
1773.104492	8280.000000
1772.128906	8494.299805
1771.154297	8614.205078
1770.178711	8880.458008
1769.203125	9007.679688
1768.227539	9110.047852
1767.251953	8956.957031
1766.275391	9257.634766
1765.298828	9488.787109
1764.323242	9377.841797
1763.345703	9653.475586
1762.369141	9366.652344
1761.392578	9389.543945
1760.415039	9313.374023
1759.437500	9521.951172
1758.459961	9458.160156
1757.481445	9755.717773
1756.503906	9810.671875
1755.525391	10068.456055
1754.546875	9895.778320
1753.568359	9695.968750
1752.589844	9634.688477
1751.610352	9533.882813
1750.631836	9405.932617
1749.652344	9334.863281
1748.672852	9575.085938
1747.692383	9563.286133
1746.712891	9398.389648
1745.732422	9203.932617
1744.751953	9078.667969
1743.771484	9096.589844
1742.791016	9161.383789
1741.809570	9100.340820
1740.828125	9137.976563
1739.846680	9224.915039
1738.865234	9279.767578
1737.883789	9019.089844
1736.901367	9059.174805
1735.919922	8838.067383
1734.937500	8964.391602
1733.954102	9078.348633
1732.971680	9175.023438
1731.989258	9409.527344
1731.005859	9087.650391
1730.022461	8920.941406
1729.039063	8956.056641
1728.054688	8922.278320
1727.071289	8738.485352
1726.086914	8871.972656
1725.102539	9229.127930
1724.118164	9335.425781
1723.132813	9399.901367
1722.148438	9157.227539
1721.163086	9148.017578
1720.177734	8984.082031
1719.192383	8888.966797
1718.207031	8919.094727
1717.220703	9027.755859
1716.234375	8937.595703
1715.248047	8906.356445
1714.261719	9228.367188
1713.275391	9138.219727
1712.288086	9219.751953
1711.300781	9426.281250
1710.313477	9539.585938
1709.326172	9564.623047
1708.337891	9543.098633
1707.350586	9296.218750
1706.362305	9269.857422
1705.374023	9219.019531
1704.385742	9158.409180
1703.396484	9553.082031
1702.408203	9727.352539
1701.418945	9984.738281
1700.429688	9987.621094
1699.439453	10044.306641
1698.450195	9917.581055
1697.459961	10211.388672
1696.469727	10111.565430
1695.479492	9923.809570
1694.489258	9894.935547
1693.499023	10127.442383
1692.507813	10069.231445
1691.516602	10399.277344
1690.525391	10436.242188
1689.534180	10578.142578
1688.541992	10566.250000
1687.549805	10761.741211
1686.557617	10793.721680
1685.565430	10901.291016
1684.573242	10850.329102
1683.581055	10736.003906
1682.587891	10382.869141
1681.594727	10449.006836
1680.601563	10478.572266
1679.607422	10827.217773
1678.614258	10864.000000
1677.620117	10852.069336
1676.625977	11117.659180
1675.631836	11436.685547
1674.637695	11397.878906
1673.642578	11315.294922
1672.647461	11118.421875
1671.652344	11123.474609
1670.657227	11432.449219
1669.662109	11162.742188
1668.666016	10890.712891
1667.669922	10995.432617
1666.673828	11036.943359
1665.677734	11046.860352
1664.680664	11282.619141
1663.684570	11127.379883
1662.687500	11001.332031
1661.690430	10734.569336
1660.693359	10960.492188
1659.695313	11001.947266
1658.698242	10968.193359
1657.700195	11223.031250
1656.702148	11220.764648
1655.703125	11313.036133
1654.705078	11424.658203
1653.706055	11482.926758
1652.707031	11296.491211
1651.708008	11102.863281
1650.708984	11119.992188
1649.708984	11168.588867
1648.708984	11604.463867
1647.709961	11396.407227
1646.708984	11759.469727
1645.708984	11495.824219
1644.708008	11358.054688
1643.708008	11638.685547
1642.707031	11740.291992
1641.706055	11783.844727
1640.704102	11450.373047
1639.703125	11672.765625
1638.701172	11576.191406
1637.699219	11576.264648
1636.696289	11513.554688
1635.694336	11653.666992
1634.691406	11878.204102
1633.689453	12018.184570
1632.685547	11759.996094
1631.682617	11873.407227
1630.679688	11781.766602
1629.675781	12157.961914
1628.671875	12280.865234
1627.667969	12261.506836
1626.664063	12695.211914
1625.659180	12767.332031
1624.655273	12781.609375
1623.650391	12901.849609
1622.644531	12680.116211
1621.639648	12836.439453
1620.634766	12877.164063
1619.628906	12826.426758
1618.623047	13047.583984
1617.617188	13340.815430
1616.610352	13532.916992
1615.604492	13578.264648
1614.597656	13765.431641
1613.590820	14041.452148
1612.583984	14031.397461
1611.576172	14398.547852
1610.569336	14470.093750
1609.561523	14856.216797
1608.553711	14622.700195
1607.544922	14787.778320
1606.537109	14547.166992
1605.528320	14767.383789
1604.519531	14908.337891
1603.510742	15480.995117
1602.501953	15938.305664
1601.492188	16371.453125
1600.483398	16677.371094
1599.473633	17035.892578
1598.463867	17526.060547
1597.453125	18164.566406
1596.443359	18788.437500
1595.432617	19436.003906
1594.421875	20066.546875
1593.411133	20680.076172
1592.399414	20783.578125
1591.388672	20951.642578
1590.376953	20531.121094
1589.365234	20330.820313
1588.352539	19688.195313
1587.340820	19122.337891
1586.328125	18520.853516
1585.315430	18113.195313
1584.302734	17473.927734
1583.290039	16971.087891
1582.276367	16654.751953
1581.263672	16149.892578
1580.250000	16094.086914
1579.236328	15768.570313
1578.221680	15409.774414
1577.208008	15029.649414
1576.193359	14966.956055
1575.178711	14770.722656
1574.164063	14486.339844
1573.148438	14094.787109
1572.133789	14141.977539
1571.118164	14031.861328
1570.102539	14095.722656
1569.085938	14021.391602
1568.070313	13994.723633
1567.053711	14270.476563
1566.037109	14134.253906
1565.020508	14159.941406
1564.003906	14030.935547
1562.986328	14068.528320
1561.969727	14032.363281
1560.952148	14117.503906
1559.934570	14126.520508
1558.916016	14054.703125
1557.898438	13978.161133
1556.879883	14022.842773
1555.861328	14010.485352
1554.842773	14126.402344
1553.823242	14406.139648
1552.803711	14450.694336
1551.785156	14409.769531
1550.764648	14216.958984
1549.745117	14133.382813
1548.725586	14102.035156
1547.705078	13952.098633
1546.684570	13982.458008
1545.664063	14254.649414
1544.642578	14166.405273
1543.622070	14045.015625
1542.600586	13918.935547
1541.579102	13868.716797
1540.557617	14332.508789
1539.535156	14440.889648
1538.513672	14535.020508
1537.491211	14529.690430
1536.468750	14574.061523
1535.446289	14634.978516
1534.422852	14799.960938
1533.399414	14475.270508
1532.376953	14637.851563
1531.352539	14559.208984
1530.329102	14513.691406
1529.304688	14532.000977
1528.281250	14361.276367
1527.256836	14386.694336
1526.232422	14251.495117
1525.207031	14397.354492
1524.181641	14710.777344
1523.157227	14783.308594
1522.131836	15080.003906
1521.105469	15050.971680
1520.080078	15236.618164
1519.053711	15198.129883
1518.027344	15407.249023
1517.000977	15498.404297
1515.974609	15796.942383
1514.947266	16191.976563
1513.919922	16125.055664
1512.892578	17040.449219
1511.865234	17453.824219
1510.837891	17822.292969
1509.809570	18642.609375
1508.781250	19271.941406
1507.752930	19978.669922
1506.724609	20501.597656
1505.695313	21522.984375
1504.666992	21965.419922
1503.637695	23091.894531
1502.608398	23505.617188
1501.578125	24269.365234
1500.548828	24877.712891
1499.518555	25389.484375
1498.488281	25875.208984
1497.458008	26196.343750
1496.426758	25920.978516
1495.396484	26272.486328
1494.365234	25713.232422
1493.333984	25269.181641
1492.301758	25193.634766
1491.270508	24731.105469
1490.238281	24081.160156
1489.206055	23131.378906
1488.173828	22582.820313
1487.141602	21917.304688
1486.108398	21001.347656
1485.075195	20240.376953
1484.041992	19446.927734
1483.008789	18546.083984
1481.974609	18221.544922
1480.941406	17723.921875
1479.907227	17446.484375
1478.873047	16895.408203
1477.837891	16695.449219
1476.803711	16511.943359
1475.768555	16560.003906
1474.733398	16514.531250
1473.698242	16793.968750
1472.662109	17021.880859
1471.626953	16927.273438
1470.590820	17489.099609
1469.554688	17604.625000
1468.518555	18119.380859
1467.481445	18503.193359
1466.444336	18865.839844
1465.407227	19753.384766
1464.370117	19973.308594
1463.333008	20722.636719
1462.294922	21222.123047
1461.256836	21565.183594
1460.218750	22243.787109
1459.180664	23045.636719
1458.142578	23173.730469
1457.103516	23895.847656
1456.064453	24282.257813
1455.025391	24500.835938
1453.986328	25215.248047
1452.946289	24979.623047
1451.906250	25174.646484
1450.866211	25327.707031
1449.826172	25322.507813
1448.786133	25054.486328
1447.745117	25337.695313
1446.704102	25011.652344
1445.663086	24727.583984
1444.622070	24585.392578
1443.580078	24101.703125
1442.538086	23367.324219
1441.496094	23258.009766
1440.454102	22424.253906
1439.412109	22131.771484
1438.369141	21702.460938
1437.326172	21287.248047
1436.283203	20605.386719
1435.240234	20754.253906
1434.197266	20443.853516
1433.153320	20226.328125
1432.109375	20138.714844
1431.065430	19854.125000
1430.020508	19669.294922
1428.976563	19398.816406
1427.931641	18787.943359
1426.886719	18531.650391
1425.841797	18192.107422
1424.795898	17975.394531
1423.750000	17275.048828
1422.705078	17104.890625
1421.658203	16703.451172
1420.612305	16864.240234
1419.565430	16282.634766
1418.519531	16075.822266
1417.472656	16051.710938
1416.424805	15930.541992
1415.377930	16132.911133
1414.330078	15843.130859
1413.282227	15839.870117
1412.234375	15836.610352
1411.186523	15918.774414
1410.137695	15624.655273
1409.089844	15683.750000
1408.041016	15648.217773
1406.991211	16004.863281
1405.942383	15865.492188
1404.892578	15751.542969
1403.842773	15955.786133
1402.792969	15954.804688
1401.743164	15755.638672
1400.692383	15915.976563
1399.641602	15686.953125
1398.590820	15953.177734
1397.540039	15738.054688
1396.489258	15870.634766
1395.437500	15632.599609
1394.385742	15415.371094
1393.333984	15421.396484
1392.282227	15213.500000
1391.229492	15479.431641
1390.176758	15338.286133
1389.124023	15431.671875
1388.071289	15476.754883
1387.018555	15597.645508
1385.964844	15750.649414
1384.911133	16133.276367
1383.857422	16253.955078
1382.803711	16661.574219
1381.749023	17046.068359
1380.694336	16989.767578
1379.639648	17472.699219
1378.584961	17368.156250
1377.530273	17064.115234
1376.474609	17090.404297
1375.418945	16798.005859
1374.363281	16524.066406
1373.307617	16518.363281
1372.250977	16166.691406
1371.194336	16023.620117
1370.137695	15944.733398
1369.081055	15916.252930
1368.024414	15555.834961
1366.966797	15699.107422
1365.909180	15748.497070
1364.851563	16065.548828
1363.793945	16091.965820
1362.735352	16518.587891
1361.676758	16780.404297
1360.618164	16696.927734
1359.559570	17321.996094
1358.500000	17617.759766
1357.441406	18009.351563
1356.381836	18017.048828
1355.322266	18497.455078
1354.261719	18205.953125
1353.202148	18674.707031
1352.141602	18819.189453
1351.081055	18562.025391
1350.020508	18697.343750
1348.958984	18593.121094
1347.897461	18710.134766
1346.835938	18197.855469
1345.774414	18412.912109
1344.712891	18197.164063
1343.650391	17990.617188
1342.587891	18362.759766
1341.525391	18119.822266
1340.462891	18047.761719
1339.400391	18369.576172
1338.336914	18381.707031
1337.273438	18498.509766
1336.209961	18487.855469
1335.145508	18317.976563
1334.082031	18416.523438
1333.017578	18314.939453
1331.953125	17899.685547
1330.887695	17982.343750
1329.823242	18008.160156
1328.757813	17979.439453
1327.692383	17953.001953
1326.626953	17622.271484
1325.560547	17666.300781
1324.495117	17508.281250
1323.428711	17586.355469
1322.362305	17419.341797
1321.294922	17406.658203
1320.228516	17314.593750
1319.161133	17254.314453
1318.093750	17511.460938
1317.026367	17444.363281
1315.958008	17583.517578
1314.889648	17355.564453
1313.821289	17329.312500
1312.752930	17414.044922
1311.684570	17577.994141
1310.615234	17619.625000
1309.545898	17572.966797
1308.476563	17718.673828
1307.407227	17710.472656
1306.336914	17862.875000
1305.267578	17829.769531
1304.197266	18115.482422
1303.125977	18213.449219
1302.055664	18544.166016
1300.984375	18162.957031
1299.913086	18188.556641
1298.841797	18248.023438
1297.770508	18350.371094
1296.698242	18461.707031
1295.626953	18435.300781
1294.553711	18302.833984
1293.481445	18364.466797
1292.409180	18561.425781
1291.335938	18650.042969
1290.262695	19031.765625
1289.189453	19149.552734
1288.115234	19316.878906
1287.041992	19790.617188
1285.967773	20219.095703
1284.893555	20615.857422
1283.819336	21507.923828
1282.744141	22041.603516
1281.668945	23322.457031
1280.593750	24098.613281
1279.518555	25720.546875
1278.442383	27251.810547
1277.367188	29288.537109
1276.291016	31180.486328
1275.214844	32817.578125
1274.137695	34577.625000
1273.061523	36743.726563
1271.984375	37223.679688
1270.907227	37777.570313
1269.830078	37641.683594
1268.751953	36836.667969
1267.673828	35888.292969
1266.595703	34403.843750
1265.517578	32904.296875
1264.439453	31230.363281
1263.360352	29857.720703
1262.281250	28748.052734
1261.202148	27706.115234
1260.122070	26808.089844
1259.042969	26715.093750
1257.962891	26684.878906
1256.882813	26621.070313
1255.802734	26655.845703
1254.721680	26737.634766
1253.640625	26438.750000
1252.559570	26457.865234
1251.478516	25966.681641
1250.397461	25500.314453
1249.315430	25316.025391
1248.233398	24677.757813
1247.151367	23999.500000
1246.069336	23531.689453
1244.986328	22912.070313
1243.903320	22699.453125
1242.820313	22623.220703
1241.737305	22421.917969
1240.653320	22298.869141
1239.570313	21787.328125
1238.486328	21559.533203
1237.401367	21686.728516
1236.317383	21662.119141
1235.232422	21686.605469
1234.147461	21414.402344
1233.062500	21626.263672
1231.977539	21637.359375
1230.891602	21508.003906
1229.805664	21327.441406
1228.719727	21182.603516
1227.633789	21300.716797
1226.546875	20815.148438
1225.460938	20681.640625
1224.374023	20561.546875
1223.286133	20530.541016
1222.199219	19745.085938
1221.111328	19656.410156
1220.023438	19509.927734
1218.935547	18978.728516
1217.847656	18530.025391
1216.758789	18555.056641
1215.669922	18122.187500
1214.581055	17851.726563
1213.492188	17508.054688
1212.402344	17324.464844
1211.312500	17045.453125
1210.222656	16726.587891
1209.132813	16656.492188
1208.042969	16211.327148
1206.952148	16194.624023
1205.861328	15931.664063
1204.770508	16061.419922
1203.678711	15694.365234
1202.587891	15518.142578
1201.496094	15550.365234
1200.404297	14946.503906
1199.311523	15180.468750
1198.219727	14975.697266
1197.126953	14713.423828
1196.034180	14947.288086
1194.940430	15037.146484
1193.847656	15231.000000
1192.753906	15506.653320
1191.660156	15476.857422
1190.566406	15812.068359
1189.471680	16131.657227
1188.377930	16526.291016
1187.283203	17121.933594
1186.188477	17635.544922
1185.092773	18595.318359
1183.998047	19172.474609
1182.902344	19963.648438
1181.806641	21015.078125
1180.709961	21701.759766
1179.614258	22447.753906
1178.517578	22774.101563
1177.420898	23285.660156
1176.323242	23662.433594
1175.226563	22731.115234
1174.128906	22011.880859
1173.031250	20781.457031
1171.933594	19529.505859
1170.834961	18319.949219
1169.737305	17238.689453
1168.638672	16508.136719
1167.540039	15956.281250
1166.440430	15955.136719
1165.341797	15522.505859
1164.242188	15246.327148
1163.142578	15304.744141
1162.041992	15101.327148
1160.942383	15403.905273
1159.841797	15506.233398
1158.741211	15406.237305
1157.639648	15814.074219
1156.539063	16283.275391
1155.437500	16585.285156
1154.335938	17054.125000
1153.234375	17711.658203
1152.131836	18667.558594
1151.030273	19941.400391
1149.927734	20995.205078
1148.824219	22426.027344
1147.721680	23564.435547
1146.618164	24414.998047
1145.514648	24936.228516
1144.411133	24766.539063
1143.307617	24316.312500
1142.203125	23837.779297
1141.098633	22914.609375
1139.994141	21753.023438
1138.889648	20900.767578
1137.784180	20333.562500
1136.678711	19643.982422
1135.573242	19254.587891
1134.467773	19082.021484
1133.362305	18896.398438
1132.255859	19052.123047
1131.149414	19111.544922
1130.042969	19652.019531
1128.935547	19844.650391
1127.828125	20017.525391
1126.720703	20253.703125
1125.613281	20585.914063
1124.505859	20502.945313
1123.397461	20118.623047
1122.289063	20234.482422
1121.180664	19878.755859
1120.072266	20014.257813
1118.962891	19900.939453
1117.853516	19824.755859
1116.744141	19962.361328
1115.634766	20614.564453
1114.524414	20477.226563
1113.414063	20732.314453
1112.303711	20736.667969
1111.193359	21176.796875
1110.082031	20856.462891
1108.971680	20647.339844
1107.860352	20235.792969
1106.748047	19796.117188
1105.636719	19212.966797
1104.524414	18852.029297
1103.412109	18321.539063
1102.299805	18080.578125
1101.186523	17824.494141
1100.074219	17542.423828
1098.960938	17640.898438
1097.847656	17441.574219
1096.733398	16875.103516
1095.620117	16893.271484
1094.505859	16711.603516
1093.390625	16679.849609
1092.276367	16517.839844
1091.161133	16501.333984
1090.046875	16662.789063
1088.930664	16776.439453
1087.815430	17258.820313
1086.700195	17547.970703
1085.583984	17834.830078
1084.467773	18225.626953
1083.350586	18436.359375
1082.234375	18850.699219
1081.117188	18965.880859
1080.000000	19003.033203
1078.882813	18665.515625
1077.764648	18533.832031
1076.646484	18313.447266
1075.528320	17723.068359
1074.410156	17457.505859
1073.291992	17304.550781
1072.172852	16466.023438
1071.053711	16317.663086
1069.934570	16392.046875
1068.814453	16049.226563
1067.695313	16104.184570
1066.575195	16187.206055
1065.454102	16073.619141
1064.333984	16074.541992
1063.212891	15814.196289
1062.091797	15631.675781
1060.970703	15934.853516
1059.849609	15530.123047
1058.727539	15386.608398
1057.605469	15310.019531
1056.483398	15114.854492
1055.361328	15241.020508
1054.238281	14793.748047
1053.115234	14719.500000
1051.992188	14546.167969
1050.869141	14700.348633
1049.745117	14559.398438
1048.622070	14356.061523
1047.497070	14372.399414
1046.373047	14289.719727
1045.249023	14239.353516
1044.124023	14380.489258
1042.999023	14254.836914
1041.873047	14144.291992
1040.748047	14296.105469
1039.622070	14071.664063
1038.496094	14036.447266
1037.370117	13885.210938
1036.243164	13802.784180
1035.117188	13636.625977
1033.990234	13489.862305
1032.862305	13617.967773
1031.735352	13810.412109
1030.607422	13968.438477
1029.479492	14092.067383
1028.351563	14127.693359
1027.222656	14109.687500
1026.094727	14218.195313
1024.965820	14264.488281
1023.836914	14469.364258
1022.707031	14376.297852
1021.577148	14623.909180
1020.447266	14860.705078
1019.317383	14904.666992
1018.187500	15209.813477
1017.056641	15281.507813
1015.925781	15620.684570
1014.794922	15715.795898
1013.664063	15862.207031
1012.532227	16076.995117
1011.400391	16591.052734
1010.268555	16600.359375
1009.136719	17105.535156
1008.003906	17480.142578
1006.871094	17585.394531
1005.738281	17526.125000
1004.605469	17966.605469
1003.471680	17824.007813
1002.337891	17882.128906
1001.204102	17607.287109
1000.070313	17172.529297
998.935547	16966.218750
997.800781	16653.349609
996.666016	16413.117188
995.531250	16251.866211
994.395508	16062.973633
993.259766	16119.230469
992.124023	15849.481445
990.988281	15927.059570
989.851563	15885.340820
988.714844	16167.282227
987.578125	16174.490234
986.441406	16075.277344
985.303711	15878.223633
984.166992	15725.927734
983.028320	15665.156250
981.890625	15742.633789
980.752930	15590.460938
979.614258	15251.298828
978.475586	15339.437500
977.335938	15482.779297
976.197266	15031.267578
975.057617	15291.421875
973.917969	14838.017578
972.778320	14960.111328
971.637695	15033.336914
970.497070	15278.412109
969.356445	15294.253906
968.215820	15672.796875
967.074219	15531.618164
965.933594	15644.922852
964.791992	15605.556641
963.649414	15525.939453
962.507813	15545.941406
961.365234	15138.017578
960.222656	15439.777344
959.080078	15294.617188
957.936523	14999.208008
956.792969	15131.474609
955.649414	15075.347656
954.505859	14841.526367
953.361328	15071.040039
952.217773	14866.923828
951.073242	14935.642578
949.927734	14680.907227
948.783203	14979.999023
947.637695	14664.084961
946.492188	14688.421875
945.346680	15040.119141
944.200195	15245.963867
943.053711	15282.825195
941.907227	15387.212891
940.760742	15259.424805
939.613281	15467.153320
938.466797	15461.744141
937.319336	15568.110352
936.170898	15727.141602
935.023438	15803.890625
933.875000	15804.734375
932.726563	16117.430664
931.578125	16113.991211
930.428711	16489.671875
929.279297	16414.556641
928.129883	16333.155273
926.980469	16388.605469
925.830078	16124.156250
924.680664	16118.609375
923.529297	15923.745117
922.378906	15945.582031
921.228516	15834.941406
920.077148	15909.339844
918.925781	16021.537109
917.773438	16150.495117
916.622070	16193.262695
915.469727	16063.779297
914.317383	15745.355469
913.165039	15947.740234
912.011719	15589.593750
910.858398	15496.021484
909.705078	15318.563477
908.551758	15199.915039
907.397461	15213.443359
906.243164	15245.835938
905.088867	14976.338867
903.934570	15105.177734
902.779297	15173.192383
901.625000	15090.336914
900.468750	15017.988281
899.313477	15094.351563
898.157227	15407.265625
897.001953	15290.934570
895.844727	15157.911133
894.688477	15232.083008
893.531250	15377.345703
892.375000	15342.682617
891.216797	15427.219727
890.059570	15674.780273
888.901367	15082.021484
887.744141	15434.030273
886.584961	15148.684570
885.426758	15180.949219
884.267578	15211.110352
883.108398	15063.791016
881.949219	14979.156250
880.790039	15059.424805
879.629883	14676.455078
878.469727	14779.699219
877.309570	14628.454102
876.149414	14890.134766
874.988281	14876.519531
873.827148	14754.527344
872.666016	14751.365234
871.503906	14962.790039
870.342773	15019.987305
869.180664	14998.024414
868.017578	15096.827148
866.855469	14833.391602
865.692383	14890.563477
864.529297	15039.259766
863.366211	15017.311523
862.203125	15215.831055
861.039063	14985.916992
859.875000	15396.404297
858.709961	15478.317383
857.545898	16031.904297
856.380859	16225.833008
855.215820	16515.224609
854.050781	17066.154297
852.884766	17359.390625
851.719727	17397.179688
850.552734	17750.404297
849.386719	17989.355469
848.220703	18547.667969
847.053711	19178.330078
845.886719	19920.693359
844.718750	20256.404297
843.551758	20726.693359
842.383789	21074.519531
841.215820	21459.486328
840.046875	21328.523438
838.878906	21814.740234
837.709961	21470.498047
836.541016	21155.384766
835.371094	21256.384766
834.202148	21409.066406
833.032227	21905.080078
831.862305	22117.533203
830.691406	22073.490234
829.520508	22314.755859
828.350586	22297.554688
827.178711	22220.433594
826.007813	22595.796875
824.835938	22436.019531
823.664063	22059.472656
822.492188	21292.867188
821.319336	20349.066406
820.147461	19956.697266
818.974609	18518.386719
817.800781	17953.296875
816.627930	17413.197266
815.454102	16677.439453
814.280273	16430.585938
813.106445	16072.537109
811.931641	16044.347656
810.756836	15754.521484
809.582031	15709.933594
808.407227	15708.608398
807.231445	15569.337891
806.055664	15211.931641
804.879883	15113.985352
803.704102	14738.310547
802.527344	14776.277344
801.350586	14606.501953
800.173828	14625.972656
798.997070	14859.236328
797.819336	14716.269531
796.641602	15241.207031
795.463867	14662.672852
794.286133	14912.155273
793.107422	14896.618164
791.928711	14759.952148
790.750000	14647.976563
789.570313	14634.555664
788.390625	14803.750977
787.210938	14923.638672
786.031250	15066.034180
784.851563	14796.221680
783.670898	14725.377930
782.490234	14691.456055
781.308594	14876.806641
780.127930	14851.060547
778.946289	14897.012695
777.764648	14906.083984
776.583008	14583.474609
775.400391	14666.297852
774.217773	14923.035156
773.035156	14889.122070
771.851563	15002.505859
770.668945	15095.388672
769.485352	15402.925781
768.301758	15550.875977
767.117188	15696.716797
765.932617	15918.099609
764.748047	15749.179688
763.563477	16019.473633
762.378906	16120.158203
761.193359	15861.468750
760.007813	16131.560547
758.822266	15809.715820
757.635742	15743.047852
756.449219	15602.972656
755.262695	15746.437500
754.076172	15363.780273
752.888672	15762.051758
751.701172	15827.938477
750.513672	15877.494141
749.326172	16122.600586
748.137695	16526.468750
746.949219	17229.503906
745.760742	17637.029297
744.572266	18056.587891
743.382813	18166.642578
742.193359	18594.041016
741.003906	18541.197266
739.813477	18732.417969
738.623047	18797.494141
737.432617	18642.994141
736.242188	18362.554688
735.050781	18051.753906
733.860352	18153.482422
732.667969	17615.382813
731.476563	18001.445313
730.285156	17467.667969
729.092773	17352.248047
727.899414	17382.986328
726.707031	17300.093750
725.513672	16876.462891
724.320313	16402.312500
723.126953	16222.361328
721.933594	16478.314453
720.739258	16432.181641
719.544922	15954.483398
718.350586	15886.198242
717.155273	15568.825195
715.959961	15881.333984
714.764648	15788.813477
713.569336	15937.190430
712.373047	15749.586914
711.177734	15576.225586
709.980469	15437.325195
708.784180	15652.380859
707.586914	15655.049805
706.389648	15874.004883
705.192383	16155.514648
703.995117	15806.500000
702.796875	15940.433594
701.598633	15440.141602
700.400391	15539.768555
699.201172	15382.968750
698.001953	15950.814453
696.802734	15989.725586
695.603516	15875.292969
694.404297	15543.072266
693.204102	15834.115234
692.003906	15949.626953
690.802734	16827.021484
689.601563	16994.662109
688.401367	17073.576172
687.199219	17428.425781
685.998047	17760.964844
684.795898	18216.183594
683.593750	18628.929688
682.391602	19472.197266
681.188477	19596.744141
679.986328	19371.189453
678.783203	19449.441406
677.579102	19417.058594
676.375977	19077.091797
675.171875	19131.232422
673.967773	19324.007813
672.762695	19444.369141
671.557617	19554.634766
670.353516	19498.166016
669.147461	19463.804688
667.942383	19357.193359
666.736328	19501.494141
665.530273	19300.611328
664.324219	19848.078125
663.117188	19907.937500
661.910156	20011.884766
660.703125	20354.349609
659.496094	20586.427734
658.288086	20848.462891
657.080078	21050.277344
655.872070	21420.255859
654.664063	21824.115234
653.455078	22235.806641
652.246094	22375.083984
651.037109	22382.216797
649.827148	21863.125000
648.617188	21294.246094
647.407227	20553.619141
646.197266	20499.150391
644.986328	20286.777344
643.776367	20042.515625
642.564453	19432.683594
641.353516	18643.318359
640.141602	17852.296875
638.929688	17476.978516
637.717773	17027.951172
636.505859	16497.281250
635.292969	16040.680664
634.080078	15757.856445
632.867188	15730.481445
631.653320	15766.935547
630.439453	15623.923828
629.225586	15648.421875
628.011719	15453.678711
626.796875	15908.593750
625.582031	15853.325195
624.367188	15537.168945
623.151367	15527.802734
621.936523	15868.824219
620.720703	16106.194336
619.503906	16072.828125
618.288086	16228.478516
617.071289	16286.594727
615.854492	16780.197266
614.636719	16585.664063
613.419922	16772.865234
612.202148	16622.136719
610.984375	16552.937500
609.765625	16440.062500
608.546875	16323.264648
607.328125	16371.322266
606.109375	16294.291992
604.889648	16153.782227
603.670898	15993.490234
602.450195	15791.605469
601.230469	15587.824219
600.009766	15255.236328
598.790039	15468.000000
597.568359	15347.669922
596.347656	15128.306641
595.125977	15037.821289
593.904297	14796.830078
592.682617	14763.885742
591.459961	14614.137695
590.237305	14644.590820
589.014648	14473.161133
587.791992	14634.222656
586.568359	14741.799805
585.344727	14801.861328
584.121094	14978.560547
582.896484	15034.587891
581.672852	15559.021484
580.448242	15658.369141
579.222656	15834.721680
577.998047	15985.318359
576.772461	16358.997070
575.546875	16683.152344
574.320313	16999.269531
573.094727	16971.863281
571.868164	17212.800781
570.640625	17422.068359
569.414063	17337.390625
568.186523	17134.443359
566.958984	17199.681641
565.731445	16971.230469
564.502930	17101.500000
563.274414	17007.128906
562.045898	17533.214844
560.816406	17578.597656
559.587891	17669.240234
558.358398	17712.603516
557.127930	18243.972656
555.898438	17789.429688
554.667969	17720.615234
553.437500	17598.732422
552.207031	17697.109375
550.975586	17730.572266
549.744141	17657.894531
548.512695	17268.912109
547.280273	16677.763672
546.047852	16827.291016
544.815430	16851.085938
543.583008	16704.078125
542.350586	16600.312500
541.117188	16787.003906
539.882813	16712.689453
538.649414	16563.875000
537.415039	16342.570313
536.180664	16158.611328
534.946289	15913.969727
533.711914	16122.115234
532.476563	16187.144531
531.241211	16116.986328
530.004883	15805.979492
528.769531	15968.929688
527.533203	16090.698242
526.295898	16255.468750
525.059570	16492.560547
523.822266	17531.595703
522.584961	18341.345703
521.347656	18513.292969
520.109375	18532.677734
518.871094	17660.806641
517.632813	16990.583984
516.394531	16592.210938
515.155273	15858.060547
513.916016	15940.492188
512.676758	16313.786133
511.436523	16362.896484
510.196289	17009.138672
508.956055	17149.771484
507.715820	17497.107422
506.474609	17719.476563
505.233398	17791.615234
503.992188	18011.869141
502.750000	17787.675781
501.507813	17692.177734
