1802.260742	8228.268555
1801.291992	8328.157227
1800.322266	8129.253906
1799.353516	8170.065430
1798.383789	8158.450684
1797.414063	8431.292969
1796.443359	7930.667480
1795.473633	7961.507324
1794.502930	8117.020020
1793.532227	8117.891113
1792.561523	8253.368164
1791.590820	8259.195313
1790.619141	8187.775879
1789.647461	8201.086914
1788.675781	8179.520996
1787.704102	8135.552246
1786.732422	8372.938477
1785.759766	8495.725586
1784.788086	8431.808594
1783.815430	8472.421875
1782.842773	8629.942383
1781.869141	8670.499023
1780.896484	8638.923828
1779.922852	8823.663086
1778.949219	8958.614258
1777.975586	8909.601563
1777.001953	8982.361328
1776.027344	8739.591797
1775.053711	8645.943359
1774.079102	8403.336914
1773.104492	8572.965820
1772.128906	8918.766602
1771.154297	9093.185547
1770.178711	8989.633789
1769.203125	9305.372070
1768.227539	9286.146484
1767.251953	9504.987305
1766.275391	9413.830078
1765.298828	9538.362305
1764.323242	9908.195313
1763.345703	9544.453125
1762.369141	9641.632813
1761.392578	9714.004883
1760.415039	9788.824219
1759.437500	9767.055664
1758.459961	10034.907227
1757.481445	10010.623047
1756.503906	10263.471680
1755.525391	10375.209961
1754.546875	10271.724609
1753.568359	10126.241211
1752.589844	9933.840820
1751.610352	9689.609375
1750.631836	9578.926758
1749.652344	9707.960938
1748.672852	9829.532227
1747.692383	9832.500000
1746.712891	9741.630859
1745.732422	9386.628906
1744.751953	9485.949219
1743.771484	9397.670898
1742.791016	9536.425781
1741.809570	9418.568359
1740.828125	9229.233398
1739.846680	9424.652344
1738.865234	9427.691406
1737.883789	9142.334961
1736.901367	9470.731445
1735.919922	9237.221680
1734.937500	9274.782227
1733.954102	9469.954102
1732.971680	9285.833008
1731.989258	9564.628906
1731.005859	9545.478516
1730.022461	9125.200195
1729.039063	9266.073242
1728.054688	9165.814453
1727.071289	9026.242188
1726.086914	9459.666992
1725.102539	9460.225586
1724.118164	9740.993164
1723.132813	9667.768555
1722.148438	9525.776367
1721.163086	9388.754883
1720.177734	9384.411133
1719.192383	9163.984375
1718.207031	9086.036133
1717.220703	9202.027344
1716.234375	9310.608398
1715.248047	9421.599609
1714.261719	9292.146484
1713.275391	9469.314453
1712.288086	9651.314453
1711.300781	9789.113281
1710.313477	9845.969727
1709.326172	9623.436523
1708.337891	9555.348633
1707.350586	9428.497070
1706.362305	9847.845703
1705.374023	9625.489258
1704.385742	9873.259766
1703.396484	9863.930664
1702.408203	9996.537109
1701.418945	10452.046875
1700.429688	10234.681641
1699.439453	10313.328125
1698.450195	10438.400391
1697.459961	10463.190430
1696.469727	10336.430664
1695.479492	10133.966797
1694.489258	10427.551758
1693.499023	10261.791016
1692.507813	10528.367188
1691.516602	10636.124023
1690.525391	10675.481445
1689.534180	10805.130859
1688.541992	10495.483398
1687.549805	10920.325195
1686.557617	11081.554688
1685.565430	11181.750000
1684.573242	11057.582031
1683.581055	11004.160156
1682.587891	10836.206055
1681.594727	10853.515625
1680.601563	10707.585938
1679.607422	10931.958008
1678.614258	11192.769531
1677.620117	11224.599609
1676.625977	11616.700195
1675.631836	11453.722656
1674.637695	11434.378906
1673.642578	11543.985352
1672.647461	11466.251953
1671.652344	11352.072266
1670.657227	11692.609375
1669.662109	11435.004883
1668.666016	11119.172852
1667.669922	11114.499023
1666.673828	11265.310547
1665.677734	11413.631836
1664.680664	11353.044922
1663.684570	11353.180664
1662.687500	11428.568359
1661.690430	11185.989258
1660.693359	11217.701172
1659.695313	11492.000977
1658.698242	11230.149414
1657.700195	11278.807617
1656.702148	11271.679688
1655.703125	11485.143555
1654.705078	11843.933594
1653.706055	11679.195313
1652.707031	11807.655273
1651.708008	11497.664063
1650.708984	11381.525391
1649.708984	11635.863281
1648.708984	11626.250000
1647.709961	11795.729492
1646.708984	11870.773438
1645.708984	11962.720703
1644.708008	11800.670898
1643.708008	11962.720703
1642.707031	12069.097656
1641.706055	12027.982422
1640.704102	12049.716797
1639.703125	12006.204102
1638.701172	12059.337891
1637.699219	11933.720703
1636.696289	12131.731445
1635.694336	12249.991211
1634.691406	11883.032227
1633.689453	12380.178711
1632.685547	12191.887695
1631.682617	12379.993164
1630.679688	12449.842773
1629.675781	12360.514648
1628.671875	12591.865234
1627.667969	12962.921875
1626.664063	13206.104492
1625.659180	13461.235352
1624.655273	13439.238281
1623.650391	13340.180664
1622.644531	13347.110352
1621.639648	13476.816406
1620.634766	13303.193359
1619.628906	13310.125000
1618.623047	13523.965820
1617.617188	13783.423828
1616.610352	13845.566406
1615.604492	14263.550781
1614.597656	13967.369141
1613.590820	14214.506836
1612.583984	14512.006836
1611.576172	14864.644531
1610.569336	15157.086914
1609.561523	15081.966797
1608.553711	15275.798828
1607.544922	15150.270508
1606.537109	15183.200195
1605.528320	15160.924805
1604.519531	15606.492188
1603.510742	16349.312500
1602.501953	16717.714844
1601.492188	16889.355469
1600.483398	17235.919922
1599.473633	17663.833984
1598.463867	18079.591797
1597.453125	18900.060547
1596.443359	19710.615234
1595.432617	20082.593750
1594.421875	20696.246094
1593.411133	20991.271484
1592.399414	21568.585938
1591.388672	21571.386719
1590.376953	21289.494141
1589.365234	21129.701172
1588.352539	20489.304688
1587.340820	19720.060547
1586.328125	19257.097656
1585.315430	18509.921875
1584.302734	18033.054688
1583.290039	17453.654297
1582.276367	17337.851563
1581.263672	17026.281250
1580.250000	16483.248047
1579.236328	16214.940430
1578.221680	15836.961914
1577.208008	15587.981445
1576.193359	15460.764648
1575.178711	15195.265625
1574.164063	14913.180664
1573.148438	14736.109375
1572.133789	14489.985352
1571.118164	14458.441406
1570.102539	14384.022461
1569.085938	14457.326172
1568.070313	14528.218750
1567.053711	14380.010742
1566.037109	14586.588867
1565.020508	14250.390625
1564.003906	14337.921875
1562.986328	14242.213867
1561.969727	14246.452148
1560.952148	14350.576172
1559.934570	14380.945313
1558.916016	14268.662109
1557.898438	14154.046875
1556.879883	14426.823242
1555.861328	14431.013672
1554.842773	14774.881836
1553.823242	14743.375000
1552.803711	14856.719727
1551.785156	14751.615234
1550.764648	14917.126953
1549.745117	14781.203125
1548.725586	14415.202148
1547.705078	14445.474609
1546.684570	14734.228516
1545.664063	14776.276367
1544.642578	14640.515625
1543.622070	14483.477539
1542.600586	14433.134766
1541.579102	14491.791016
1540.557617	14723.330078
1539.535156	14654.021484
1538.513672	15053.536133
1537.491211	14891.867188
1536.468750	14817.831055
1535.446289	14902.359375
1534.422852	15010.509766
1533.399414	14860.804688
1532.376953	15129.720703
1531.352539	14719.980469
1530.329102	14825.711914
1529.304688	14869.955078
1528.281250	14746.416992
1527.256836	14717.422852
1526.232422	14889.198242
1525.207031	14999.506836
1524.181641	15237.257813
1523.157227	15290.798828
1522.131836	15139.001953
1521.105469	15331.747070
1520.080078	15411.181641
1519.053711	15450.489258
1518.027344	15867.060547
1517.000977	16068.926758
1515.974609	16237.709961
1514.947266	16561.957031
1513.919922	16735.281250
1512.892578	17181.785156
1511.865234	17814.158203
1510.837891	18161.361328
1509.809570	19108.734375
1508.781250	19667.359375
1507.752930	20150.453125
1506.724609	20983.904297
1505.695313	21504.166016
1504.666992	22412.253906
1503.637695	23214.162109
1502.608398	24177.945313
1501.578125	24887.500000
1500.548828	25458.121094
1499.518555	26021.460938
1498.488281	26077.210938
1497.458008	26464.062500
1496.426758	26362.384766
1495.396484	26941.505859
1494.365234	26652.013672
1493.333984	26158.496094
1492.301758	25773.093750
1491.270508	25226.007813
1490.238281	24390.705078
1489.206055	23621.390625
1488.173828	22976.625000
1487.141602	22257.125000
1486.108398	21575.410156
1485.075195	20847.121094
1484.041992	19828.699219
1483.008789	19464.021484
1481.974609	18525.900391
1480.941406	18035.238281
1479.907227	17823.263672
1478.873047	17251.052734
1477.837891	17123.537109
1476.803711	17262.697266
1475.768555	17249.808594
1474.733398	17059.248047
1473.698242	17333.900391
1472.662109	17426.162109
1471.626953	17389.882813
1470.590820	17341.935547
1469.554688	17882.542969
1468.518555	18525.666016
1467.481445	19000.439453
1466.444336	19510.029297
1465.407227	20012.406250
1464.370117	20493.580078
1463.333008	20988.550781
1462.294922	21399.363281
1461.256836	22271.666016
1460.218750	22689.035156
1459.180664	23155.177734
1458.142578	23965.994141
1457.103516	24646.013672
1456.064453	24736.457031
1455.025391	24936.314453
1453.986328	25478.343750
1452.946289	25380.003906
1451.906250	25374.796875
1450.866211	25611.582031
1449.826172	25836.636719
1448.786133	26268.601563
1447.745117	25839.984375
1446.704102	25444.091797
1445.663086	25187.826172
1444.622070	24634.195313
1443.580078	24543.167969
1442.538086	24342.994141
1441.496094	23759.681641
1440.454102	23083.722656
1439.412109	22164.273438
1438.369141	21781.378906
1437.326172	21658.550781
1436.283203	21190.068359
1435.240234	20626.669922
1434.197266	20814.927734
1433.153320	20780.505859
1432.109375	20440.087891
1431.065430	20482.244141
1430.020508	19759.669922
1428.976563	19554.042969
1427.931641	19204.886719
1426.886719	18869.769531
1425.841797	18544.048828
1424.795898	18151.328125
1423.750000	17682.390625
1422.705078	17435.787109
1421.658203	17221.673828
1420.612305	17201.941406
1419.565430	16678.080078
1418.519531	16746.322266
1417.472656	16414.630859
1416.424805	16547.609375
1415.377930	16456.400391
1414.330078	16136.521484
1413.282227	16357.241211
1412.234375	16129.880859
1411.186523	16343.582031
1410.137695	15998.594727
1409.089844	15912.220703
1408.041016	16072.764648
1406.991211	16311.673828
1405.942383	16513.582031
1404.892578	16337.239258
1403.842773	16110.249023
1402.792969	16383.524414
1401.743164	16292.580078
1400.692383	16215.496094
1399.641602	16502.398438
1398.590820	16344.695313
1397.540039	16147.911133
1396.489258	16057.104492
1395.437500	15945.619141
1394.385742	15900.913086
1393.333984	15715.882813
1392.282227	15958.763672
1391.229492	15835.888672
1390.176758	15765.946289
1389.124023	16344.285156
1388.071289	15851.377930
1387.018555	16068.700195
1385.964844	16409.990234
1384.911133	16567.386719
1383.857422	16710.939453
1382.803711	17095.503906
1381.749023	17248.068359
1380.694336	17253.691406
1379.639648	17848.998047
1378.584961	17570.031250
1377.530273	17660.441406
1376.474609	17631.572266
1375.418945	17419.306641
1374.363281	17264.429688
1373.307617	16917.115234
1372.250977	16576.816406
1371.194336	16426.787109
1370.137695	16274.529297
1369.081055	16090.276367
1368.024414	16396.009766
1366.966797	16335.403320
1365.909180	16114.634766
1364.851563	16486.519531
1363.793945	16830.800781
1362.735352	16767.863281
1361.676758	17368.027344
1360.618164	17501.599609
1359.559570	17548.263672
1358.500000	17907.960938
1357.441406	18212.677734
1356.381836	18430.472656
1355.322266	18883.390625
1354.261719	19128.351563
1353.202148	19462.236328
1352.141602	19145.546875
1351.081055	19166.687500
1350.020508	19320.132813
1348.958984	19170.166016
1347.897461	18860.636719
1346.835938	18957.048828
1345.774414	18859.671875
1344.712891	18639.273438
1343.650391	18876.933594
1342.587891	18827.466797
1341.525391	18718.806641
1340.462891	18646.621094
1339.400391	18535.765625
1338.336914	18707.187500
1337.273438	18705.589844
1336.209961	18740.396484
1335.145508	18857.074219
1334.082031	18825.878906
1333.017578	18881.099609
1331.953125	18549.839844
1330.887695	18611.908203
1329.823242	18521.705078
1328.757813	18440.626953
1327.692383	18402.736328
1326.626953	18264.939453
1325.560547	18254.343750
1324.495117	18162.033203
1323.428711	18019.830078
1322.362305	17830.035156
1321.294922	18039.585938
1320.228516	17904.296875
1319.161133	17769.064453
1318.093750	18064.644531
1317.026367	17852.365234
1315.958008	17771.613281
1314.889648	17928.794922
1313.821289	17902.425781
1312.752930	18066.308594
1311.684570	17840.656250
1310.615234	18065.605469
1309.545898	18034.699219
1308.476563	18268.564453
1307.407227	18454.820313
1306.336914	18270.033203
1305.267578	18449.423828
1304.197266	18642.306641
1303.125977	18536.710938
1302.055664	18494.443359
1300.984375	18547.095703
1299.913086	18744.310547
1298.841797	18830.767578
1297.770508	18759.111328
1296.698242	18752.958984
1295.626953	19148.605469
1294.553711	18779.023438
1293.481445	19039.117188
1292.409180	18985.533203
1291.335938	19231.941406
1290.262695	19394.812500
1289.189453	19580.158203
1288.115234	19945.748047
1287.041992	20205.269531
1285.967773	20566.068359
1284.893555	21016.820313
1283.819336	21625.035156
1282.744141	22656.308594
1281.668945	23615.113281
1280.593750	24654.544922
1279.518555	26447.382813
1278.442383	27875.005859
1277.367188	29641.681641
1276.291016	31891.126953
1275.214844	33442.632813
1274.137695	34973.261719
1273.061523	36359.410156
1271.984375	37657.351563
1270.907227	38323.472656
1269.830078	38452.511719
1268.751953	38096.441406
1267.673828	36631.429688
1266.595703	35425.160156
1265.517578	33696.496094
1264.439453	31892.261719
1263.360352	30366.939453
1262.281250	29414.160156
1261.202148	28058.160156
1260.122070	27364.068359
1259.042969	27470.441406
1257.962891	27366.119141
1256.882813	27183.423828
1255.802734	27164.322266
1254.721680	27449.802734
1253.640625	27141.812500
1252.559570	27071.238281
1251.478516	26790.310547
1250.397461	26146.996094
1249.315430	25660.552734
1248.233398	25344.300781
1247.151367	24697.212891
1246.069336	24470.722656
1244.986328	23774.906250
1243.903320	23217.939453
1242.820313	23284.599609
1241.737305	23027.312500
1240.653320	22808.097656
1239.570313	22501.886719
1238.486328	22568.634766
1237.401367	22334.025391
1236.317383	21963.384766
1235.232422	22518.818359
1234.147461	22221.902344
1233.062500	22047.771484
1231.977539	22110.062500
1230.891602	22036.341797
1229.805664	21757.599609
1228.719727	21744.146484
1227.633789	21808.671875
1226.546875	21305.179688
1225.460938	20926.605469
1224.374023	21135.978516
1223.286133	20815.470703
1222.199219	20381.593750
1221.111328	20208.230469
1220.023438	19854.744141
1218.935547	19501.406250
1217.847656	19317.212891
1216.758789	18870.755859
1215.669922	18655.650391
1214.581055	18331.742188
1213.492188	18001.302734
1212.402344	17922.013672
1211.312500	17742.816406
1210.222656	17539.269531
1209.132813	17175.966797
1208.042969	16945.986328
1206.952148	16847.025391
1205.861328	16608.332031
1204.770508	16365.302734
1203.678711	16100.197266
1202.587891	16079.092773
1201.496094	15862.923828
1200.404297	15717.764648
1199.311523	15554.939453
1198.219727	15312.428711
1197.126953	15132.035156
1196.034180	15184.229492
1194.940430	15471.080078
1193.847656	15456.775391
1192.753906	15690.333984
1191.660156	15923.793945
1190.566406	16378.365234
1189.471680	16706.681641
1188.377930	16796.054688
1187.283203	17568.496094
1186.188477	18013.498047
1185.092773	18853.861328
1183.998047	19718.175781
1182.902344	20659.437500
1181.806641	21732.806641
1180.709961	22476.744141
1179.614258	22984.167969
1178.517578	23244.193359
1177.420898	24002.787109
1176.323242	23867.599609
1175.226563	23350.894531
1174.128906	22589.632813
1173.031250	21217.986328
1171.933594	20175.345703
1170.834961	18910.558594
1169.737305	17842.396484
1168.638672	17351.826172
1167.540039	16480.449219
1166.440430	16131.291016
1165.341797	15976.006836
1164.242188	15983.662109
1163.142578	15588.613281
1162.041992	15640.345703
1160.942383	15615.068359
1159.841797	16009.838867
1158.741211	15817.392578
1157.639648	16205.358398
1156.539063	16705.248047
1155.437500	16875.328125
1154.335938	17341.912109
1153.234375	18232.201172
1152.131836	18931.070313
1151.030273	20152.166016
1149.927734	21282.750000
1148.824219	22779.349609
1147.721680	23832.113281
1146.618164	24439.128906
1145.514648	25431.882813
1144.411133	25049.398438
1143.307617	25006.867188
1142.203125	24287.095703
1141.098633	23499.691406
1139.994141	22208.720703
1138.889648	21562.267578
1137.784180	20806.587891
1136.678711	20197.919922
1135.573242	19554.482422
1134.467773	19346.835938
1133.362305	19325.265625
1132.255859	19364.955078
1131.149414	19402.439453
1130.042969	19597.351563
1128.935547	20082.951172
1127.828125	20559.603516
1126.720703	20620.839844
1125.613281	20701.712891
1124.505859	20950.750000
1123.397461	20400.353516
1122.289063	20596.943359
1121.180664	20708.310547
1120.072266	20324.183594
1118.962891	20498.839844
1117.853516	20461.800781
1116.744141	20483.669922
1115.634766	20592.755859
1114.524414	21238.146484
1113.414063	20911.060547
1112.303711	21259.714844
1111.193359	21479.666016
1110.082031	21457.714844
1108.971680	21300.736328
1107.860352	20584.197266
1106.748047	20364.332031
1105.636719	19796.298828
1104.524414	19352.544922
1103.412109	18882.869141
1102.299805	18600.460938
1101.186523	18300.769531
1100.074219	17877.269531
1098.960938	17803.937500
1097.847656	17619.792969
1096.733398	17450.935547
1095.620117	17112.693359
1094.505859	17421.857422
1093.390625	17103.306641
1092.276367	16915.154297
1091.161133	16861.662109
1090.046875	16908.021484
1088.930664	17060.675781
1087.815430	17521.304688
1086.700195	17849.437500
1085.583984	18340.060547
1084.467773	18509.623047
1083.350586	18969.552734
1082.234375	19344.775391
1081.117188	19457.685547
1080.000000	19187.150391
1078.882813	19152.781250
1077.764648	19085.949219
1076.646484	18380.552734
1075.528320	18067.183594
1074.410156	17842.662109
1073.291992	17611.744141
1072.172852	17307.384766
1071.053711	16886.380859
1069.934570	16746.609375
1068.814453	16570.150391
1067.695313	16709.281250
1066.575195	16623.646484
1065.454102	16423.562500
1064.333984	16402.814453
1063.212891	16343.208008
1062.091797	16212.385742
1060.970703	15826.937500
1059.849609	16048.009766
1058.727539	15736.108398
1057.605469	15803.960938
1056.483398	15541.839844
1055.361328	15484.652344
1054.238281	15408.088867
1053.115234	15273.367188
1051.992188	14847.821289
1050.869141	14724.044922
1049.745117	15149.528320
1048.622070	14767.341797
1047.497070	14785.746094
1046.373047	14883.780273
1045.249023	14680.500000
1044.124023	14548.304688
1042.999023	14375.294922
1041.873047	14206.658203
1040.748047	14255.253906
1039.622070	14602.629883
1038.496094	14227.726563
1037.370117	14321.407227
1036.243164	14155.104492
1035.117188	13975.984375
1033.990234	14166.288086
1032.862305	14148.259766
1031.735352	14003.594727
1030.607422	14352.576172
1029.479492	14383.864258
1028.351563	14477.346680
1027.222656	14420.662109
1026.094727	14346.847656
1024.965820	14356.668945
1023.836914	14741.562500
1022.707031	14845.579102
1021.577148	14799.584961
1020.447266	15205.555664
1019.317383	15163.785156
1018.187500	15404.646484
1017.056641	15583.327148
1015.925781	15903.179688
1014.794922	16113.772461
1013.664063	16176.669922
1012.532227	16650.179688
1011.400391	16950.285156
1010.268555	16948.828125
1009.136719	17199.580078
1008.003906	17317.736328
1006.871094	17867.410156
1005.738281	18085.765625
1004.605469	18043.486328
1003.471680	18018.304688
1002.337891	18195.925781
1001.204102	17765.218750
1000.070313	17428.580078
998.935547	17200.882813
997.800781	17224.957031
996.666016	16611.429688
995.531250	16413.894531
994.395508	16199.389648
993.259766	16421.837891
992.124023	16394.914063
990.988281	16502.197266
989.851563	16315.537109
988.714844	16235.417969
987.578125	16251.125977
986.441406	16345.575195
985.303711	16218.683594
984.166992	16204.598633
983.028320	16009.726563
981.890625	16070.118164
980.752930	16126.230469
979.614258	15808.209961
978.475586	15738.967773
977.335938	15663.379883
976.197266	15509.225586
975.057617	15346.640625
973.917969	15243.578125
972.778320	15458.994141
971.637695	15578.806641
970.497070	15628.541992
969.356445	15724.928711
968.215820	15912.480469
967.074219	16195.380859
965.933594	15712.769531
964.791992	15970.152344
963.649414	15962.513672
962.507813	15984.541016
961.365234	15917.585938
960.222656	15943.846680
959.080078	15646.120117
957.936523	15716.883789
956.792969	15497.644531
955.649414	15625.542969
954.505859	15459.305664
953.361328	15307.945313
952.217773	15459.062500
951.073242	15273.935547
949.927734	15156.531250
948.783203	15273.765625
947.637695	15289.527344
946.492188	15377.106445
945.346680	15658.958984
944.200195	15514.140625
943.053711	15757.840820
941.907227	15746.037109
940.760742	15911.500977
939.613281	15996.719727
938.466797	16001.745117
937.319336	15920.300781
936.170898	16237.393555
935.023438	16103.231445
933.875000	16525.525391
932.726563	16665.283203
931.578125	16733.353516
930.428711	16957.255859
929.279297	17039.972656
928.129883	16943.701172
926.980469	16658.029297
925.830078	16694.457031
924.680664	16722.451172
923.529297	16638.947266
922.378906	16639.599609
921.228516	16446.808594
920.077148	16432.783203
918.925781	16507.037109
917.773438	16675.816406
916.622070	16151.246094
915.469727	16315.826172
914.317383	16184.243164
913.165039	16460.017578
912.011719	16223.504883
910.858398	16121.403320
909.705078	15895.553711
908.551758	15619.454102
907.397461	15727.269531
906.243164	15598.098633
905.088867	15674.423828
903.934570	15295.905273
902.779297	15445.601563
901.625000	15813.114258
900.468750	15694.531250
899.313477	15663.950195
898.157227	15920.212891
897.001953	15994.254883
895.844727	15846.431641
894.688477	15872.333008
893.531250	15956.793945
892.375000	15890.635742
891.216797	16025.239258
890.059570	16051.075195
888.901367	15959.855469
887.744141	15665.979492
886.584961	15731.567383
885.426758	15851.434570
884.267578	15624.591797
883.108398	15702.670898
881.949219	15642.948242
880.790039	15627.075195
879.629883	15346.222656
878.469727	15497.301758
877.309570	15514.836914
876.149414	15248.782227
874.988281	15318.478516
873.827148	15365.217773
872.666016	15741.179688
871.503906	15591.968750
870.342773	15701.104492
869.180664	15443.674805
868.017578	15492.414063
866.855469	15534.886719
865.692383	15304.709961
864.529297	15667.629883
863.366211	15416.719727
862.203125	15615.153320
861.039063	15778.151367
859.875000	16246.678711
858.709961	16222.407227
857.545898	16451.664063
856.380859	16863.648438
855.215820	17163.289063
854.050781	17460.722656
852.884766	17780.867188
851.719727	17764.593750
850.552734	18572.238281
849.386719	18539.203125
848.220703	18975.003906
847.053711	19991.339844
845.886719	20258.683594
844.718750	20948.824219
843.551758	21037.593750
842.383789	21729.341797
841.215820	22122.455078
840.046875	22020.347656
838.878906	22175.074219
837.709961	22060.574219
836.541016	22124.142578
835.371094	21978.658203
834.202148	21725.640625
833.032227	22178.144531
831.862305	22438.107422
830.691406	22768.261719
829.520508	22631.056641
828.350586	22880.416016
827.178711	23063.541016
826.007813	23337.490234
824.835938	22906.964844
823.664063	22396.085938
822.492188	21870.972656
821.319336	20972.458984
820.147461	19983.525391
818.974609	19399.429688
817.800781	18619.609375
816.627930	18056.679688
815.454102	17531.107422
814.280273	16888.250000
813.106445	16785.681641
811.931641	16543.029297
810.756836	16685.742188
809.582031	16686.267578
808.407227	16382.011719
807.231445	16141.709961
806.055664	15845.933594
804.879883	15636.718750
803.704102	15374.096680
802.527344	15537.411133
801.350586	15342.791992
800.173828	15493.702148
798.997070	15566.426758
797.819336	15330.817383
796.641602	15403.543945
795.463867	15537.872070
794.286133	15559.169922
793.107422	15580.458008
791.928711	15308.137695
790.750000	15452.629883
789.570313	15475.976563
788.390625	15644.989258
787.210938	15526.738281
786.031250	15662.850586
784.851563	15548.746094
783.670898	15483.889648
782.490234	15410.862305
781.308594	15253.850586
780.127930	15602.934570
778.946289	15447.995117
777.764648	15391.416992
776.583008	15347.146484
775.400391	15132.999023
774.217773	15197.265625
773.035156	15480.430664
771.851563	15648.918945
770.668945	15755.977539
769.485352	15605.354492
768.301758	16063.991211
767.117188	16160.668945
765.932617	16477.992188
764.748047	16635.824219
763.563477	16142.025391
762.378906	16749.117188
761.193359	16602.582031
760.007813	16507.140625
758.822266	16677.035156
757.635742	16475.519531
756.449219	16376.083984
755.262695	16211.427734
754.076172	16313.949219
752.888672	16257.418945
751.701172	16251.864258
750.513672	16519.359375
749.326172	16819.332031
748.137695	17253.601563
746.949219	17911.679688
745.760742	18148.041016
744.572266	18746.609375
743.382813	19019.316406
742.193359	19275.625000
741.003906	19198.224609
739.813477	19665.886719
738.623047	19271.242188
737.432617	19267.070313
736.242188	18813.742188
735.050781	18777.156250
733.860352	18679.640625
732.667969	18381.091797
731.476563	18557.835938
730.285156	18316.283203
729.092773	18316.375000
727.899414	18030.333984
726.707031	17929.041016
725.513672	17533.669922
724.320313	17081.687500
723.126953	16854.955078
721.933594	17047.929688
720.739258	17113.140625
719.544922	16673.792969
718.350586	16838.316406
717.155273	16538.964844
715.959961	16557.652344
714.764648	16543.939453
713.569336	16412.837891
712.373047	16461.890625
711.177734	16253.980469
709.980469	16343.499023
708.784180	16255.017578
707.586914	16508.263672
706.389648	16650.220703
705.192383	16515.244141
703.995117	16770.285156
702.796875	16530.296875
701.598633	16276.272461
700.400391	16060.722656
699.201172	16137.986328
698.001953	16540.164063
696.802734	16734.326172
695.603516	16748.847656
694.404297	16491.066406
693.204102	16505.632813
692.003906	17225.839844
690.802734	17512.357422
689.601563	17814.871094
688.401367	18070.910156
687.199219	18348.998047
685.998047	18624.947266
684.795898	19279.314453
683.593750	19647.541016
682.391602	20094.099609
681.188477	20759.791016
679.986328	20696.935547
678.783203	20547.621094
677.579102	20273.693359
676.375977	20237.117188
675.171875	20027.695313
673.967773	20137.882813
672.762695	20501.173828
671.557617	20442.478516
670.353516	20456.103516
669.147461	20449.644531
667.942383	20196.279297
666.736328	20117.625000
665.530273	20346.001953
664.324219	20644.490234
663.117188	20976.941406
661.910156	21192.945313
660.703125	21302.603516
659.496094	21514.431641
658.288086	21629.978516
657.080078	22066.027344
655.872070	22223.464844
654.664063	22735.289063
653.455078	22754.361328
652.246094	22979.599609
651.037109	22592.349609
649.827148	22523.400391
648.617188	21986.384766
647.407227	21489.601563
646.197266	21192.986328
644.986328	21002.451172
643.776367	20847.972656
642.564453	20229.974609
641.353516	19336.548828
640.141602	18591.316406
638.929688	18205.851563
637.717773	17796.595703
636.505859	17159.966797
635.292969	16806.992188
634.080078	16747.460938
632.867188	16679.976563
631.653320	16329.328125
630.439453	16068.555664
629.225586	16334.161133
628.011719	16286.750000
626.796875	16398.763672
625.582031	16510.726563
624.367188	16417.496094
623.151367	16483.605469
621.936523	16553.666016
620.720703	16681.416016
619.503906	16930.496094
618.288086	16847.216797
617.071289	17110.074219
615.854492	17319.121094
614.636719	17267.621094
613.419922	17130.666016
612.202148	16926.201172
610.984375	16936.410156
609.765625	16885.033203
608.546875	16871.412109
607.328125	17127.837891
606.109375	17106.226563
604.889648	16721.417969
603.670898	16813.007813
602.450195	16362.959961
601.230469	16196.739258
600.009766	16282.431641
598.790039	16044.927734
597.568359	15956.185547
596.347656	15611.841797
595.125977	15554.931641
593.904297	15505.968750
592.682617	15429.300781
591.459961	15487.302734
590.237305	15082.067383
589.014648	15397.401367
587.791992	15132.846680
586.568359	15260.096680
585.344727	15502.002930
584.121094	15320.645508
582.896484	16076.432617
581.672852	16041.288086
580.448242	16389.513672
579.222656	16692.148438
577.998047	16899.837891
576.772461	17190.375000
575.546875	17759.167969
574.320313	17759.222656
573.094727	17855.978516
571.868164	18118.425781
570.640625	18039.494141
569.414063	18199.230469
568.186523	17838.355469
566.958984	17662.939453
565.731445	17521.105469
564.502930	17542.878906
563.274414	17586.312500
562.045898	17694.720703
560.816406	17761.728516
559.587891	18391.759766
558.358398	18466.457031
557.127930	18706.417969
555.898438	18361.949219
554.667969	18119.914063
553.437500	18247.697266
552.207031	18402.947266
550.975586	18282.931641
549.744141	18465.619141
548.512695	17950.708984
547.280273	17489.060547
546.047852	17414.517578
544.815430	17508.871094
543.583008	17538.398438
542.350586	17273.509766
541.117188	17316.808594
539.882813	17375.783203
538.649414	17162.097656
537.415039	16972.037109
536.180664	16652.662109
534.946289	16862.652344
533.711914	16937.333984
532.476563	16755.320313
531.241211	16702.667969
530.004883	16389.572266
528.769531	16568.058594
527.533203	16707.312500
526.295898	16815.191406
525.059570	17425.880859
523.822266	18026.517578
522.584961	19016.091797
521.347656	19389.291016
520.109375	18941.257813
518.871094	17858.208984
517.632813	17436.111328
516.394531	17123.599609
515.155273	16850.289063
513.916016	16641.539063
512.676758	16903.394531
511.436523	17100.720703
510.196289	17621.904297
508.956055	17785.814453
507.715820	18230.542969
506.474609	18078.312500
505.233398	18126.974609
503.992188	18382.244141
502.750000	18204.742188
501.507813	18446.238281
