1802.260742	10380.853516
1801.291992	10568.143555
1800.322266	10620.959961
1799.353516	10369.218750
1798.383789	10758.972656
1797.414063	10594.634766
1796.443359	10387.952148
1795.473633	10403.335938
1794.502930	10256.622070
1793.532227	10511.373047
1792.561523	10613.965820
1791.590820	10549.539063
1790.619141	10400.418945
1789.647461	10762.057617
1788.675781	10533.250977
1787.704102	10640.714844
1786.732422	10847.723633
1785.759766	10693.711914
1784.788086	10890.670898
1783.815430	11077.598633
1782.842773	11092.796875
1781.869141	11160.220703
1780.896484	11058.518555
1779.922852	11469.022461
1778.949219	11625.815430
1777.975586	11379.934570
1777.001953	11332.932617
1776.027344	11062.365234
1775.053711	11077.538086
1774.079102	11132.435547
1773.104492	11239.448242
1772.128906	11165.212891
1771.154297	11418.599609
1770.178711	11510.601563
1769.203125	11731.566406
1768.227539	12026.849609
1767.251953	12019.482422
1766.275391	12178.228516
1765.298828	12143.564453
1764.323242	12498.005859
1763.345703	12307.190430
1762.369141	12200.678711
1761.392578	12195.756836
1760.415039	12379.036133
1759.437500	12319.612305
1758.459961	12703.291992
1757.481445	12819.537109
1756.503906	12789.750000
1755.525391	13012.304688
1754.546875	12928.076172
1753.568359	12754.859375
1752.589844	12453.150391
1751.610352	12433.350586
1750.631836	12443.213867
1749.652344	12462.956055
1748.672852	12477.750000
1747.692383	12727.172852
1746.712891	12581.396484
1745.732422	12248.044922
1744.751953	11813.623047
1743.771484	12060.508789
1742.791016	12018.610352
1741.809570	12048.268555
1740.828125	12312.220703
1739.846680	12213.580078
1738.865234	12110.047852
1737.883789	12221.002930
1736.901367	11693.629883
1735.919922	11617.365234
1734.937500	11888.472656
1733.954102	11935.344727
1732.971680	12019.132813
1731.989258	12255.527344
1731.005859	12321.987305
1730.022461	12073.416992
1729.039063	11832.328125
1728.054688	11704.493164
1727.071289	11729.196289
1726.086914	12162.078125
1725.102539	12171.926758
1724.118164	12265.342773
1723.132813	12257.962891
1722.148438	12292.355469
1721.163086	12046.690430
1720.177734	11847.789063
1719.192383	11958.361328
1718.207031	11882.306641
1717.220703	11909.372070
1716.234375	11749.919922
1715.248047	11828.524414
1714.261719	11997.859375
1713.275391	12267.679688
1712.288086	12120.541016
1711.300781	12331.389648
1710.313477	12458.816406
1709.326172	12287.219727
1708.337891	12331.299805
1707.350586	12140.200195
1706.362305	12238.170898
1705.374023	12198.979492
1704.385742	12367.892578
1703.396484	12541.632813
1702.408203	12798.503906
1701.418945	12957.406250
1700.429688	13101.567383
1699.439453	12839.690430
1698.450195	13294.350586
1697.459961	13413.907227
1696.469727	13328.104492
1695.479492	12924.656250
1694.489258	13264.100586
1693.499023	13202.803711
1692.507813	13117.109375
1691.516602	13632.111328
1690.525391	13619.600586
1689.534180	13609.534180
1688.541992	13826.414063
1687.549805	13677.243164
1686.557617	13935.488281
1685.565430	14059.495117
1684.573242	13842.093750
1683.581055	13966.068359
1682.587891	13700.025391
1681.594727	13370.732422
1680.601563	13772.464844
1679.607422	13881.735352
1678.614258	14051.844727
1677.620117	14260.841797
1676.625977	14372.379883
1675.631836	14576.359375
1674.637695	14695.087891
1673.642578	14553.449219
1672.647461	14667.268555
1671.652344	14639.990234
1670.657227	14537.348633
1669.662109	14376.406250
1668.666016	14388.087891
1667.669922	14336.585938
1666.673828	14214.649414
1665.677734	14372.091797
1664.680664	14587.751953
1663.684570	14456.125000
1662.687500	14164.335938
1661.690430	14355.635742
1660.693359	14049.424805
1659.695313	14361.968750
1658.698242	14429.408203
1657.700195	14247.041992
1656.702148	14818.780273
1655.703125	14650.951172
1654.705078	14839.453125
1653.706055	14797.686523
1652.707031	14453.112305
1651.708008	14508.322266
1650.708984	14403.683594
1649.708984	14575.092773
1648.708984	14806.947266
1647.709961	14961.263672
1646.708984	14808.221680
1645.708984	15035.047852
1644.708008	15058.613281
1643.708008	14685.587891
1642.707031	14931.640625
1641.706055	15141.334961
1640.704102	15143.106445
1639.703125	15057.891602
1638.701172	15127.318359
1637.699219	15114.597656
1636.696289	15389.237305
1635.694336	15255.752930
1634.691406	15373.355469
1633.689453	15466.776367
1632.685547	15487.774414
1631.682617	15692.099609
1630.679688	15621.392578
1629.675781	15560.358398
1628.671875	15906.782227
1627.667969	16134.957031
1626.664063	16676.322266
1625.659180	16463.328125
1624.655273	16797.242188
1623.650391	16822.740234
1622.644531	16614.660156
1621.639648	16840.001953
1620.634766	17031.554688
1619.628906	16806.708984
1618.623047	17012.625000
1617.617188	17153.507813
1616.610352	17289.521484
1615.604492	17661.123047
1614.597656	17753.705078
1613.590820	17995.267578
1612.583984	18311.224609
1611.576172	18833.675781
1610.569336	18791.423828
1609.561523	18871.669922
1608.553711	19110.355469
1607.544922	19108.882813
1606.537109	18932.199219
1605.528320	19165.923828
1604.519531	19178.832031
1603.510742	20367.078125
1602.501953	20835.388672
1601.492188	20732.857422
1600.483398	21366.308594
1599.473633	21973.138672
1598.463867	22725.890625
1597.453125	23461.566406
1596.443359	24213.707031
1595.432617	24852.988281
1594.421875	25803.267578
1593.411133	26190.613281
1592.399414	26714.220703
1591.388672	26737.511719
1590.376953	26578.972656
1589.365234	25860.802734
1588.352539	25028.136719
1587.340820	24167.115234
1586.328125	23736.714844
1585.315430	23289.759766
1584.302734	22233.677734
1583.290039	21904.265625
1582.276367	21145.062500
1581.263672	20952.115234
1580.250000	21040.970703
1579.236328	20225.113281
1578.221680	19972.804688
1577.208008	19372.236328
1576.193359	18972.298828
1575.178711	18889.734375
1574.164063	18714.205078
1573.148438	18410.003906
1572.133789	18294.232422
1571.118164	18597.935547
1570.102539	18003.259766
1569.085938	18304.513672
1568.070313	18284.121094
1567.053711	18275.638672
1566.037109	18131.460938
1565.020508	18146.814453
1564.003906	17962.261719
1562.986328	18003.814453
1561.969727	18166.664063
1560.952148	18091.619141
1559.934570	18275.785156
1558.916016	18089.011719
1557.898438	18082.953125
1556.879883	18098.283203
1555.861328	18125.486328
1554.842773	18337.957031
1553.823242	18367.470703
1552.803711	18686.652344
1551.785156	18687.595703
1550.764648	18750.246094
1549.745117	18456.925781
1548.725586	18284.720703
1547.705078	18027.193359
1546.684570	18419.564453
1545.664063	18603.123047
1544.642578	18521.105469
1543.622070	18102.570313
1542.600586	18231.578125
1541.579102	18426.867188
1540.557617	18577.072266
1539.535156	18947.451172
1538.513672	18803.898438
1537.491211	18681.707031
1536.468750	18973.734375
1535.446289	19014.824219
1534.422852	19041.701172
1533.399414	18616.806641
1532.376953	18866.039063
1531.352539	18959.126953
1530.329102	18768.519531
1529.304688	18849.771484
1528.281250	18555.296875
1527.256836	18464.105469
1526.232422	18576.070313
1525.207031	18699.794922
1524.181641	18873.046875
1523.157227	18944.728516
1522.131836	18962.101563
1521.105469	19071.486328
1520.080078	19202.054688
1519.053711	19714.644531
1518.027344	19705.904297
1517.000977	19944.707031
1515.974609	20183.410156
1514.947266	20528.060547
1513.919922	20641.673828
1512.892578	21633.878906
1511.865234	22065.158203
1510.837891	22493.906250
1509.809570	23499.246094
1508.781250	24299.404297
1507.752930	25052.169922
1506.724609	25879.914063
1505.695313	26982.529297
1504.666992	28054.121094
1503.637695	29186.406250
1502.608398	29803.402344
1501.578125	30563.513672
1500.548828	31370.308594
1499.518555	31840.814453
1498.488281	32484.943359
1497.458008	32534.662109
1496.426758	32807.410156
1495.396484	32692.720703
1494.365234	32575.726563
1493.333984	32597.222656
1492.301758	31999.363281
1491.270508	31394.710938
1490.238281	30279.087891
1489.206055	29454.642578
1488.173828	28808.683594
1487.141602	27295.855469
1486.108398	26510.011719
1485.075195	25560.503906
1484.041992	25002.523438
1483.008789	23739.925781
1481.974609	23360.474609
1480.941406	22833.710938
1479.907227	22218.232422
1478.873047	21502.396484
1477.837891	21488.636719
1476.803711	21514.640625
1475.768555	21561.677734
1474.733398	21176.191406
1473.698242	21314.433594
1472.662109	21492.343750
1471.626953	21609.433594
1470.590820	22130.589844
1469.554688	22203.125000
1468.518555	22873.382813
1467.481445	23130.158203
1466.444336	23935.320313
1465.407227	24632.808594
1464.370117	25267.017578
1463.333008	25975.607422
1462.294922	26730.546875
1461.256836	27112.115234
1460.218750	28134.589844
1459.180664	28620.591797
1458.142578	29577.089844
1457.103516	30095.208984
1456.064453	30592.150391
1455.025391	31198.337891
1453.986328	30926.513672
1452.946289	31250.716797
1451.906250	31630.638672
1450.866211	31796.335938
1449.826172	31680.470703
1448.786133	31915.861328
1447.745117	31597.705078
1446.704102	31519.146484
1445.663086	30608.462891
1444.622070	30541.753906
1443.580078	29954.607422
1442.538086	29230.642578
1441.496094	28474.457031
1440.454102	28057.601563
1439.412109	27701.279297
1438.369141	27352.062500
1437.326172	26784.849609
1436.283203	26173.783203
1435.240234	25781.019531
1434.197266	25910.236328
1433.153320	25441.164063
1432.109375	25204.111328
1431.065430	24955.564453
1430.020508	24832.251953
1428.976563	24129.783203
1427.931641	23814.431641
1426.886719	23144.878906
1425.841797	22855.326172
1424.795898	22508.017578
1423.750000	21915.519531
1422.705078	21631.021484
1421.658203	21237.904297
1420.612305	20995.296875
1419.565430	20574.718750
1418.519531	20441.011719
1417.472656	20439.117188
1416.424805	20219.978516
1415.377930	20114.148438
1414.330078	20237.070313
1413.282227	20195.949219
1412.234375	19905.451172
1411.186523	20102.212891
1410.137695	20211.181641
1409.089844	20202.404297
1408.041016	19875.220703
1406.991211	19988.777344
1405.942383	20153.027344
1404.892578	20100.453125
1403.842773	20421.376953
1402.792969	20241.996094
1401.743164	20108.777344
1400.692383	20256.697266
1399.641602	20570.410156
1398.590820	20193.080078
1397.540039	20101.421875
1396.489258	19754.267578
1395.437500	19642.019531
1394.385742	19764.535156
1393.333984	19620.121094
1392.282227	19659.781250
1391.229492	19816.708984
1390.176758	19688.462891
1389.124023	19716.587891
1388.071289	19884.894531
1387.018555	20154.236328
1385.964844	20221.296875
1384.911133	20851.064453
1383.857422	20878.914063
1382.803711	21209.814453
1381.749023	21595.666016
1380.694336	21689.894531
1379.639648	21841.447266
1378.584961	21653.417969
1377.530273	21603.078125
1376.474609	21635.308594
1375.418945	21562.064453
1374.363281	21213.792969
1373.307617	20975.664063
1372.250977	20975.916016
1371.194336	20536.347656
1370.137695	20413.013672
1369.081055	19996.638672
1368.024414	20090.949219
1366.966797	20169.199219
1365.909180	20311.488281
1364.851563	20112.822266
1363.793945	20577.587891
1362.735352	20808.890625
1361.676758	21131.556641
1360.618164	21182.054688
1359.559570	21451.941406
1358.500000	22160.445313
1357.441406	22464.283203
1356.381836	22637.800781
1355.322266	23512.322266
1354.261719	23507.460938
1353.202148	23655.541016
1352.141602	23516.000000
1351.081055	23492.882813
1350.020508	23554.181641
1348.958984	23264.210938
1347.897461	23501.113281
1346.835938	23197.591797
1345.774414	23288.527344
1344.712891	23078.607422
1343.650391	23092.060547
1342.587891	22895.931641
1341.525391	23116.667969
1340.462891	23212.072266
1339.400391	22827.083984
1338.336914	22804.150391
1337.273438	22860.871094
1336.209961	22815.187500
1335.145508	23008.359375
1334.082031	22980.855469
1333.017578	22951.085938
1331.953125	22855.402344
1330.887695	22580.207031
1329.823242	23184.511719
1328.757813	22284.601563
1327.692383	22427.625000
1326.626953	22463.855469
1325.560547	22329.785156
1324.495117	22184.421875
1323.428711	22159.398438
1322.362305	22032.279297
1321.294922	22143.410156
1320.228516	21984.589844
1319.161133	22147.837891
1318.093750	22120.574219
1317.026367	21977.720703
1315.958008	21692.154297
1314.889648	21800.943359
1313.821289	21819.076172
1312.752930	21916.466797
1311.684570	22235.720703
1310.615234	22256.011719
1309.545898	22255.921875
1308.476563	22461.757813
1307.407227	22619.994141
1306.336914	22687.683594
1305.267578	22757.607422
1304.197266	22685.052734
1303.125977	22849.888672
1302.055664	22931.029297
1300.984375	23055.070313
1299.913086	22939.583984
1298.841797	23176.503906
1297.770508	23067.812500
1296.698242	23139.787109
1295.626953	23175.613281
1294.553711	23337.806641
1293.481445	23238.191406
1292.409180	23495.048828
1291.335938	23975.082031
1290.262695	23649.900391
1289.189453	24215.369141
1288.115234	24181.037109
1287.041992	24457.705078
1285.967773	24979.841797
1284.893555	25796.853516
1283.819336	26588.748047
1282.744141	27558.195313
1281.668945	28907.691406
1280.593750	30274.628906
1279.518555	32343.080078
1278.442383	34059.703125
1277.367188	36403.171875
1276.291016	38788.390625
1275.214844	40860.089844
1274.137695	42966.890625
1273.061523	44719.964844
1271.984375	46297.039063
1270.907227	47024.265625
1269.830078	47158.230469
1268.751953	46191.796875
1267.673828	44839.601563
1266.595703	42854.972656
1265.517578	40808.332031
1264.439453	38903.890625
1263.360352	36917.242188
1262.281250	35115.328125
1261.202148	34278.359375
1260.122070	33428.285156
1259.042969	32632.355469
1257.962891	33073.742188
1256.882813	32907.785156
1255.802734	32963.648438
1254.721680	33384.531250
1253.640625	33507.441406
1252.559570	32797.546875
1251.478516	32376.660156
1250.397461	31985.037109
1249.315430	31313.927734
1248.233398	30448.500000
1247.151367	30160.386719
1246.069336	29575.031250
1244.986328	29521.923828
1243.903320	28648.644531
1242.820313	28296.341797
1241.737305	28402.138672
1240.653320	27826.683594
1239.570313	27537.291016
1238.486328	27321.689453
1237.401367	27628.480469
1236.317383	27107.218750
1235.232422	27161.804688
1234.147461	27051.296875
1233.062500	26902.919922
1231.977539	26707.779297
1230.891602	26913.986328
1229.805664	26616.396484
1228.719727	26655.408203
1227.633789	26520.628906
1226.546875	26361.400391
1225.460938	25609.871094
1224.374023	25920.685547
1223.286133	25381.029297
1222.199219	24999.611328
1221.111328	24783.007813
1220.023438	24324.009766
1218.935547	23787.355469
1217.847656	23497.753906
1216.758789	23230.505859
1215.669922	23034.494141
1214.581055	22676.335938
1213.492188	22118.361328
1212.402344	21742.771484
1211.312500	21778.203125
1210.222656	21036.464844
1209.132813	21065.367188
1208.042969	20410.646484
1206.952148	20481.828125
1205.861328	20315.589844
1204.770508	19989.712891
1203.678711	19730.503906
1202.587891	19646.558594
1201.496094	19533.830078
1200.404297	19381.253906
1199.311523	19188.857422
1198.219727	18958.878906
1197.126953	18819.804688
1196.034180	18968.662109
1194.940430	18942.552734
1193.847656	19277.251953
1192.753906	19645.005859
1191.660156	19773.648438
1190.566406	20220.777344
1189.471680	20506.269531
1188.377930	21096.781250
1187.283203	21870.533203
1186.188477	22778.785156
1185.092773	23461.257813
1183.998047	24678.099609
1182.902344	25585.187500
1181.806641	26940.201172
1180.709961	27903.839844
1179.614258	28663.986328
1178.517578	29326.703125
1177.420898	30053.132813
1176.323242	29535.023438
1175.226563	29167.113281
1174.128906	27485.082031
1173.031250	26485.003906
1171.933594	24621.283203
1170.834961	23406.251953
1169.737305	22154.271484
1168.638672	20999.742188
1167.540039	20418.312500
1166.440430	19892.175781
1165.341797	19529.166016
1164.242188	19503.060547
1163.142578	19426.351563
1162.041992	19571.882813
1160.942383	19737.146484
1159.841797	19235.998047
1158.741211	19572.759766
1157.639648	19812.656250
1156.539063	20263.437500
1155.437500	20689.857422
1154.335938	21329.189453
1153.234375	22053.914063
1152.131836	23219.712891
1151.030273	24668.234375
1149.927734	26256.628906
1148.824219	27956.275391
1147.721680	29293.181641
1146.618164	30513.263672
1145.514648	31237.177734
1144.411133	31145.101563
1143.307617	30386.621094
1142.203125	29749.005859
1141.098633	28511.236328
1139.994141	27258.646484
1138.889648	26199.337891
1137.784180	25337.568359
1136.678711	24495.863281
1135.573242	23879.978516
1134.467773	23575.126953
1133.362305	23160.998047
1132.255859	23746.789063
1131.149414	24004.257813
1130.042969	23986.089844
1128.935547	24337.406250
1127.828125	24979.285156
1126.720703	25323.683594
1125.613281	25523.736328
1124.505859	25675.646484
1123.397461	25253.107422
1122.289063	25081.849609
1121.180664	25013.263672
1120.072266	24892.324219
1118.962891	25087.839844
1117.853516	25071.652344
1116.744141	25155.804688
1115.634766	25154.871094
1114.524414	25376.324219
1113.414063	25715.394531
1112.303711	25943.171875
1111.193359	25948.603516
1110.082031	25522.699219
1108.971680	25861.447266
1107.860352	25283.308594
1106.748047	24576.966797
1105.636719	23971.044922
1104.524414	23376.255859
1103.412109	22888.326172
1102.299805	22289.664063
1101.186523	22382.832031
1100.074219	21682.332031
1098.960938	21979.929688
1097.847656	21655.806641
1096.733398	21229.689453
1095.620117	21090.519531
1094.505859	21099.105469
1093.390625	21203.234375
1092.276367	20838.359375
1091.161133	20842.646484
1090.046875	20547.445313
1088.930664	21048.660156
1087.815430	21504.109375
1086.700195	21942.013672
1085.583984	22362.384766
1084.467773	22869.292969
1083.350586	23339.138672
1082.234375	23780.615234
1081.117188	24191.572266
1080.000000	23982.855469
1078.882813	23503.521484
1077.764648	23459.585938
1076.646484	22733.785156
1075.528320	22029.931641
1074.410156	21880.306641
1073.291992	21345.667969
1072.172852	20789.625000
1071.053711	20809.019531
1069.934570	20473.843750
1068.814453	20584.080078
1067.695313	20365.787109
1066.575195	20197.277344
1065.454102	20292.376953
1064.333984	19640.183594
1063.212891	20089.470703
1062.091797	19685.851563
1060.970703	19629.892578
1059.849609	19545.902344
1058.727539	19384.279297
1057.605469	19050.167969
1056.483398	19281.197266
1055.361328	18988.210938
1054.238281	18703.970703
1053.115234	18607.345703
1051.992188	18573.244141
1050.869141	18269.878906
1049.745117	17960.181641
1048.622070	17984.375000
1047.497070	18191.548828
1046.373047	18200.613281
1045.249023	18110.685547
1044.124023	17448.500000
1042.999023	17681.417969
1041.873047	17772.300781
1040.748047	17551.376953
1039.622070	17616.451172
1038.496094	17507.410156
1037.370117	19639.558594
1036.243164	20032.833984
1035.117188	18993.333984
1033.990234	17247.783203
1032.862305	17220.513672
1031.735352	17367.119141
1030.607422	17509.369141
1029.479492	17954.083984
1028.351563	17536.273438
1027.222656	17813.505859
1026.094727	17616.753906
1024.965820	17953.875000
1023.836914	17967.216797
1022.707031	18016.978516
1021.577148	18343.085938
1020.447266	18632.642578
1019.317383	18740.048828
1018.187500	18821.714844
1017.056641	19357.146484
1015.925781	19365.882813
1014.794922	19601.416016
1013.664063	19901.027344
1012.532227	20142.761719
1011.400391	20525.519531
1010.268555	20666.539063
1009.136719	21416.652344
1008.003906	21328.767578
1006.871094	21830.585938
1005.738281	22110.044922
1004.605469	22359.486328
1003.471680	22326.982422
1002.337891	22236.855469
1001.204102	21929.076172
1000.070313	21510.470703
998.935547	21162.439453
997.800781	20541.548828
996.666016	20129.896484
995.531250	20221.560547
994.395508	19842.121094
993.259766	20044.617188
992.124023	19782.556641
990.988281	19616.462891
989.851563	19682.574219
988.714844	19842.341797
987.578125	19672.080078
986.441406	19742.390625
985.303711	19463.697266
984.166992	19570.185547
983.028320	19074.695313
981.890625	19572.498047
980.752930	19451.402344
979.614258	19071.031250
978.475586	19234.863281
977.335938	19137.285156
976.197266	19103.474609
975.057617	18884.906250
973.917969	18488.068359
972.778320	18700.669922
971.637695	18811.302734
970.497070	19019.500000
969.356445	19214.878906
968.215820	19575.617188
967.074219	19350.904297
965.933594	19520.640625
964.791992	19162.488281
963.649414	19467.824219
962.507813	19537.837891
961.365234	19258.287109
960.222656	19127.109375
959.080078	19025.630859
957.936523	18860.683594
956.792969	19212.251953
955.649414	18753.191406
954.505859	18567.246094
953.361328	18846.732422
952.217773	18605.859375
951.073242	18703.382813
949.927734	18553.539063
948.783203	18456.593750
947.637695	18750.589844
946.492188	18626.177734
945.346680	18820.742188
944.200195	19030.003906
943.053711	19205.396484
941.907227	19365.937500
940.760742	19311.160156
939.613281	19224.757813
938.466797	19180.578125
937.319336	19505.480469
936.170898	19539.271484
935.023438	19714.285156
933.875000	19743.798828
932.726563	19493.050781
931.578125	20148.281250
930.428711	20026.033203
929.279297	20234.441406
928.129883	20072.222656
926.980469	20362.621094
925.830078	20053.130859
924.680664	19867.906250
923.529297	19779.521484
922.378906	19939.337891
921.228516	19991.849609
920.077148	19731.113281
918.925781	19928.664063
917.773438	19796.228516
916.622070	19735.277344
915.469727	20102.828125
914.317383	19928.437500
913.165039	19869.591797
912.011719	19613.458984
910.858398	19336.449219
909.705078	19204.330078
908.551758	18942.207031
907.397461	19196.119141
906.243164	18969.753906
905.088867	19043.261719
903.934570	18833.791016
902.779297	18827.666016
901.625000	18838.304688
900.468750	18821.707031
899.313477	19075.255859
898.157227	19272.166016
897.001953	19397.822266
895.844727	19027.437500
894.688477	19590.384766
893.531250	19335.166016
892.375000	19345.667969
891.216797	19433.529297
890.059570	19324.841797
888.901367	19067.804688
887.744141	18909.089844
886.584961	19414.802734
885.426758	19028.404297
884.267578	19095.332031
883.108398	18995.201172
881.949219	19162.298828
880.790039	18830.541016
879.629883	18772.257813
878.469727	18551.287109
877.309570	18576.509766
876.149414	18643.423828
874.988281	18464.312500
873.827148	18574.990234
872.666016	18710.623047
871.503906	18579.527344
870.342773	18690.103516
869.180664	18394.548828
868.017578	18861.144531
866.855469	18517.800781
865.692383	18959.193359
864.529297	19005.064453
863.366211	18782.560547
862.203125	18865.882813
861.039063	19053.136719
859.875000	19094.785156
858.709961	19822.306641
857.545898	19830.519531
856.380859	20287.484375
855.215820	20413.990234
854.050781	20831.173828
852.884766	21241.949219
851.719727	21862.199219
850.552734	22021.458984
849.386719	22315.513672
848.220703	23001.513672
847.053711	23921.580078
845.886719	24387.140625
844.718750	24757.136719
843.551758	25533.214844
842.383789	25921.451172
841.215820	26313.664063
840.046875	26778.201172
838.878906	26755.880859
837.709961	26650.748047
836.541016	26473.210938
835.371094	26453.033203
834.202148	26863.236328
833.032227	26905.041016
831.862305	27108.146484
830.691406	27340.111328
829.520508	27507.886719
828.350586	27634.251953
827.178711	27801.888672
826.007813	27742.193359
824.835938	27791.994141
823.664063	27079.748047
822.492188	26010.621094
821.319336	25303.189453
820.147461	24426.832031
818.974609	23637.509766
817.800781	22683.494141
816.627930	21740.201172
815.454102	20980.828125
814.280273	20778.402344
813.106445	20198.878906
811.931641	20056.464844
810.756836	19769.896484
809.582031	19918.060547
808.407227	19590.455078
807.231445	19650.060547
806.055664	19415.281250
804.879883	18937.757813
803.704102	18789.648438
802.527344	18740.343750
801.350586	18417.519531
800.173828	18697.310547
798.997070	18356.130859
797.819336	18689.251953
796.641602	18677.001953
795.463867	18810.625000
794.286133	18757.273438
793.107422	18650.548828
791.928711	18722.494141
790.750000	18607.611328
789.570313	18494.828125
788.390625	18726.794922
787.210938	18712.500000
786.031250	18558.746094
784.851563	18450.166016
783.670898	18634.789063
782.490234	18534.435547
781.308594	18438.224609
780.127930	20497.291016
778.946289	18528.582031
777.764648	18594.208984
776.583008	18309.703125
775.400391	18381.486328
774.217773	18735.654297
773.035156	18445.160156
771.851563	18580.279297
770.668945	18670.343750
769.485352	19210.207031
768.301758	19385.955078
767.117188	19571.843750
765.932617	19487.921875
764.748047	19591.988281
763.563477	19967.662109
762.378906	19930.673828
761.193359	19934.533203
760.007813	19911.853516
758.822266	19997.341797
757.635742	19689.011719
756.449219	19613.359375
755.262695	19496.949219
754.076172	19323.496094
752.888672	19718.873047
751.701172	19826.703125
750.513672	19702.193359
749.326172	19767.197266
748.137695	20455.425781
746.949219	21147.429688
745.760742	21633.505859
744.572266	22164.152344
743.382813	22605.025391
742.193359	23051.808594
741.003906	23197.345703
739.813477	23230.964844
738.623047	23211.701172
737.432617	23166.019531
736.242188	22453.734375
735.050781	22357.435547
733.860352	22155.537109
732.667969	22099.962891
731.476563	21810.888672
730.285156	21735.107422
729.092773	21911.044922
727.899414	21727.718750
726.707031	21223.910156
725.513672	20614.841797
724.320313	20496.806641
723.126953	20409.234375
721.933594	20676.443359
720.739258	20369.988281
719.544922	19976.537109
718.350586	19899.277344
717.155273	19753.187500
715.959961	19777.251953
714.764648	19700.082031
713.569336	19754.505859
712.373047	19620.710938
711.177734	19317.029297
709.980469	19691.083984
708.784180	19484.583984
707.586914	19658.277344
706.389648	20088.611328
705.192383	20132.753906
703.995117	20023.318359
702.796875	19760.400391
701.598633	19630.892578
700.400391	19493.363281
699.201172	19668.800781
698.001953	19807.832031
696.802734	20102.175781
695.603516	19760.896484
694.404297	20095.462891
693.204102	20109.246094
692.003906	20453.667969
690.802734	21053.933594
689.601563	21027.189453
688.401367	21536.400391
687.199219	22262.939453
685.998047	22902.562500
684.795898	23173.435547
683.593750	23810.566406
682.391602	23954.324219
681.188477	25136.310547
679.986328	25072.503906
678.783203	24879.998047
677.579102	24522.683594
676.375977	24268.054688
675.171875	24524.076172
673.967773	24428.310547
672.762695	24477.244141
671.557617	24743.091797
670.353516	24850.169922
669.147461	24575.714844
667.942383	24365.613281
666.736328	24362.316406
665.530273	24621.873047
664.324219	24933.472656
663.117188	25014.285156
661.910156	25169.255859
660.703125	25390.312500
659.496094	25555.152344
658.288086	25876.220703
657.080078	26371.447266
655.872070	26850.431641
654.664063	27263.123047
653.455078	27475.416016
652.246094	27639.574219
651.037109	27847.687500
649.827148	26851.207031
648.617188	26197.224609
647.407227	25501.527344
646.197266	25208.037109
644.986328	24986.640625
643.776367	24743.351563
642.564453	24150.480469
641.353516	23316.134766
640.141602	22440.205078
638.929688	21902.136719
637.717773	21078.802734
636.505859	20738.869141
635.292969	20153.625000
634.080078	19891.849609
632.867188	19865.568359
631.653320	19510.236328
630.439453	19567.789063
629.225586	19429.957031
628.011719	19828.300781
626.796875	19762.203125
625.582031	19700.117188
624.367188	19653.990234
623.151367	19597.927734
621.936523	19810.646484
620.720703	20214.349609
619.503906	19853.732422
618.288086	20169.708984
617.071289	20525.326172
615.854492	20524.818359
614.636719	20794.708984
613.419922	20619.214844
612.202148	20976.406250
610.984375	20483.042969
609.765625	20506.375000
608.546875	20815.687500
607.328125	20473.583984
606.109375	20330.146484
604.889648	20031.960938
603.670898	19987.894531
602.450195	19608.570313
601.230469	19417.839844
600.009766	19181.582031
598.790039	19332.025391
597.568359	19002.726563
596.347656	18845.978516
595.125977	18661.558594
593.904297	18570.318359
592.682617	18439.509766
591.459961	18457.253906
590.237305	18354.236328
589.014648	18415.529297
587.791992	18427.328125
586.568359	18500.443359
585.344727	18640.773438
584.121094	18854.201172
582.896484	18998.341797
581.672852	19017.900391
580.448242	19646.076172
579.222656	19821.554688
577.998047	20123.369141
576.772461	20391.478516
575.546875	20623.931641
574.320313	21328.042969
573.094727	21171.412109
571.868164	21519.945313
570.640625	21651.337891
569.414063	21695.896484
568.186523	21434.814453
566.958984	21311.835938
565.731445	21315.046875
564.502930	21129.089844
563.274414	21343.128906
562.045898	21237.998047
560.816406	21725.626953
559.587891	22018.138672
558.358398	22095.974609
557.127930	22213.134766
555.898438	21970.201172
554.667969	22378.449219
553.437500	22100.185547
552.207031	22215.267578
550.975586	22141.591797
549.744141	21749.574219
548.512695	21626.910156
547.280273	21250.888672
546.047852	20963.412109
544.815430	20634.824219
543.583008	20808.933594
542.350586	20696.416016
541.117188	20609.455078
539.882813	20907.046875
538.649414	20547.443359
537.415039	20407.623047
536.180664	20126.705078
534.946289	20036.039063
533.711914	20117.859375
532.476563	20419.078125
531.241211	19905.300781
530.004883	20002.759766
528.769531	19577.406250
527.533203	19757.107422
526.295898	19985.654297
525.059570	20263.015625
523.822266	20683.056641
522.584961	21394.324219
521.347656	21506.939453
520.109375	21013.476563
518.871094	20584.728516
517.632813	20318.353516
516.394531	20145.871094
515.155273	20190.267578
513.916016	20131.144531
512.676758	20396.136719
511.436523	20438.492188
510.196289	20822.337891
508.956055	21291.859375
507.715820	21626.580078
506.474609	21865.591797
505.233398	21991.410156
503.992188	22245.828125
502.750000	22155.175781
501.507813	21994.417969
