1802.260742	8090.922852
1801.291992	8185.816406
1800.322266	7979.452148
1799.353516	8072.713867
1798.383789	8011.204102
1797.414063	8042.041504
1796.443359	7970.583008
1795.473633	7674.673828
1794.502930	7700.570801
1793.532227	7888.516113
1792.561523	7824.621582
1791.590820	7977.574707
1790.619141	8028.306152
1789.647461	7867.263184
1788.675781	7813.385254
1787.704102	7991.119141
1786.732422	8203.637695
1785.759766	8050.154297
1784.788086	8292.439453
1783.815430	8300.734375
1782.842773	8602.577148
1781.869141	8668.011719
1780.896484	8514.586914
1779.922852	8664.543945
1778.949219	8762.240234
1777.975586	8743.090820
1777.001953	8569.893555
1776.027344	8379.375000
1775.053711	8400.051758
1774.079102	8264.275391
1773.104492	8414.069336
1772.128906	8397.491211
1771.154297	8505.007813
1770.178711	8935.045898
1769.203125	9124.276367
1768.227539	9072.843750
1767.251953	9085.905273
1766.275391	9339.451172
1765.298828	9533.405273
1764.323242	9516.625977
1763.345703	9353.663086
1762.369141	9284.902344
1761.392578	9213.691406
1760.415039	9390.139648
1759.437500	9217.426758
1758.459961	9589.351563
1757.481445	9701.271484
1756.503906	9810.671875
1755.525391	10009.084961
1754.546875	9920.511719
1753.568359	9812.191406
1752.589844	9538.267578
1751.610352	9242.206055
1750.631836	9363.919922
1749.652344	9507.822266
1748.672852	9360.165039
1747.692383	9533.647461
1746.712891	9190.963867
1745.732422	9058.269531
1744.751953	8787.400391
1743.771484	9079.314453
1742.791016	9065.156250
1741.809570	9043.602539
1740.828125	9073.850586
1739.846680	9138.608398
1738.865234	9072.673828
1737.883789	9139.870117
1736.901367	8953.205078
1735.919922	8921.840820
1734.937500	8892.952148
1733.954102	9206.420898
1732.971680	9138.086914
1731.989258	9276.583008
1731.005859	9188.569336
1730.022461	9174.418945
1729.039063	8818.270508
1728.054688	8715.641602
1727.071289	8704.052734
1726.086914	9019.511719
1725.102539	9329.925781
1724.118164	9411.623047
1723.132813	9306.516602
1722.148438	9213.738281
1721.163086	9039.930664
1720.177734	8804.792969
1719.192383	8817.756836
1718.207031	8946.100586
1717.220703	8995.846680
1716.234375	8645.565430
1715.248047	9060.928711
1714.261719	9159.681641
1713.275391	9170.102539
1712.288086	9396.300781
1711.300781	9475.312500
1710.313477	9610.666992
1709.326172	9385.730469
1708.337891	9310.339844
1707.350586	9215.381836
1706.362305	9384.964844
1705.374023	9385.525391
1704.385742	9300.400391
1703.396484	9349.928711
1702.408203	9729.799805
1701.418945	9737.627930
1700.429688	10016.974609
1699.439453	10014.958008
1698.450195	10186.548828
1697.459961	10040.261719
1696.469727	10043.128906
1695.479492	9845.611328
1694.489258	10114.823242
1693.499023	10139.656250
1692.507813	10184.015625
1691.516602	10308.933594
1690.525391	10458.212891
1689.534180	10331.627930
1688.541992	10402.753906
1687.549805	10517.765625
1686.557617	10788.843750
1685.565430	10728.138672
1684.573242	11057.582031
1683.581055	10538.542969
1682.587891	10728.964844
1681.594727	10429.512695
1680.601563	10378.683594
1679.607422	10649.402344
1678.614258	10649.690430
1677.620117	10942.158203
1676.625977	11127.396484
1675.631836	11251.712891
1674.637695	11083.974609
1673.642578	10945.498047
1672.647461	11035.720703
1671.652344	10945.946289
1670.657227	11070.170898
1669.662109	11007.164063
1668.666016	10885.852539
1667.669922	11017.301758
1666.673828	10820.722656
1665.677734	10901.123047
1664.680664	10855.210938
1663.684570	10998.697266
1662.687500	10926.080078
1661.690430	10812.232422
1660.693359	10698.430664
1659.695313	10705.974609
1658.698242	10888.151367
1657.700195	11046.004883
1656.702148	11007.405273
1655.703125	11211.226563
1654.705078	11235.621094
1653.706055	11412.658203
1652.707031	10974.288086
1651.708008	11047.155273
1650.708984	10957.745117
1649.708984	11062.059570
1648.708984	11497.957031
1647.709961	11207.636719
1646.708984	11372.327148
1645.708984	11309.548828
1644.708008	11234.703125
1643.708008	11392.031250
1642.707031	11425.993164
1641.706055	11464.774414
1640.704102	11450.373047
1639.703125	11448.056641
1638.701172	11329.786133
1637.699219	11501.392578
1636.696289	11458.014648
1635.694336	11578.824219
1634.691406	11470.275391
1633.689453	11883.041016
1632.685547	11709.327148
1631.682617	11880.644531
1630.679688	11849.297852
1629.675781	11699.807617
1628.671875	11796.284180
1627.667969	12184.375000
1626.664063	12379.518555
1625.659180	12704.688477
1624.655273	12646.710938
1623.650391	12713.994141
1622.644531	12701.788086
1621.639648	12872.550781
1620.634766	12597.958008
1619.628906	12679.632813
1618.623047	12614.508789
1617.617188	12751.471680
1616.610352	12912.427734
1615.604492	13049.273438
1614.597656	13320.687500
1613.590820	13683.325195
1612.583984	13731.015625
1611.576172	13857.971680
1610.569336	13958.451172
1609.561523	14515.191406
1608.553711	14363.380859
1607.544922	14379.673828
1606.537109	14307.154297
1605.528320	14287.456055
1604.519531	14687.616211
1603.510742	14955.686523
1602.501953	15521.022461
1601.492188	15851.153320
1600.483398	16296.215820
1599.473633	16554.152344
1598.463867	17116.304688
1597.453125	17582.398438
1596.443359	18309.386719
1595.432617	18679.255859
1594.421875	19453.609375
1593.411133	19866.181641
1592.399414	20194.820313
1591.388672	20305.578125
1590.376953	20246.431641
1589.365234	19653.923828
1588.352539	19147.744141
1587.340820	18646.550781
1586.328125	17806.123047
1585.315430	17716.468750
1584.302734	16902.851563
1583.290039	16591.244141
1582.276367	16210.497070
1581.263672	16094.968750
1580.250000	15826.687500
1579.236328	15472.582031
1578.221680	15008.838867
1577.208008	14764.798828
1576.193359	14427.820313
1575.178711	14346.180664
1574.164063	13949.808594
1573.148438	13820.616211
1572.133789	13886.930664
1571.118164	13819.762695
1570.102539	13914.641602
1569.085938	14023.773438
1568.070313	13854.204102
1567.053711	13687.084961
1566.037109	13672.397461
1565.020508	13726.741211
1564.003906	13643.038086
1562.986328	13573.643555
1561.969727	13823.031250
1560.952148	13941.510742
1559.934570	13760.338867
1558.916016	13802.708008
1557.898438	13448.126953
1556.879883	13692.530273
1555.861328	13744.388672
1554.842773	13753.466797
1553.823242	14092.652344
1552.803711	14127.774414
1551.785156	14319.559570
1550.764648	14197.971680
1549.745117	13907.951172
1548.725586	13881.393555
1547.705078	13911.774414
1546.684570	14105.776367
1545.664063	14107.645508
1544.642578	14014.690430
1543.622070	13741.647461
1542.600586	13724.629883
1541.579102	13809.489258
1540.557617	14126.438477
1539.535156	14277.488281
1538.513672	14160.930664
1537.491211	14508.385742
1536.468750	14524.361328
1535.446289	14523.766602
1534.422852	14601.240234
1533.399414	14345.181641
1532.376953	14363.539063
1531.352539	14426.809570
1530.329102	14237.127930
1529.304688	14047.522461
1528.281250	14505.408203
1527.256836	14379.607422
1526.232422	14185.362305
1525.207031	14369.017578
1524.181641	14425.108398
1523.157227	14698.333984
1522.131836	14416.861328
1521.105469	14671.099609
1520.080078	14741.233398
1519.053711	14825.488281
1518.027344	15081.842773
1517.000977	15399.387695
1515.974609	15617.806641
1514.947266	16027.016602
1513.919922	16294.693359
1512.892578	16519.859375
1511.865234	17192.406250
1510.837891	17664.533203
1509.809570	18466.046875
1508.781250	18940.072266
1507.752930	19468.025391
1506.724609	20235.740234
1505.695313	21078.410156
1504.666992	22043.027344
1503.637695	22692.177734
1502.608398	23338.710938
1501.578125	24170.652344
1500.548828	24699.125000
1499.518555	25234.427734
1498.488281	25595.691406
1497.458008	26029.609375
1496.426758	26221.509766
1495.396484	26157.462891
1494.365234	26201.398438
1493.333984	25475.671875
1492.301758	25118.562500
1491.270508	24398.041016
1490.238281	23874.796875
1489.206055	23112.621094
1488.173828	22482.025391
1487.141602	21633.730469
1486.108398	20895.906250
1485.075195	20034.224609
1484.041992	19320.451172
1483.008789	18824.744141
1481.974609	18123.212891
1480.941406	17609.226563
1479.907227	17156.294922
1478.873047	16752.683594
1477.837891	16550.414063
1476.803711	16626.542969
1475.768555	16478.162109
1474.733398	16563.625000
1473.698242	16595.292969
1472.662109	16806.886719
1471.626953	16768.398438
1470.590820	17166.742188
1469.554688	17438.806641
1468.518555	17937.251953
1467.481445	18323.437500
1466.444336	18821.494141
1465.407227	19198.001953
1464.370117	19891.652344
1463.333008	20153.488281
1462.294922	20732.380859
1461.256836	21506.892578
1460.218750	22110.912109
1459.180664	22833.544922
1458.142578	23283.250000
1457.103516	23492.806641
1456.064453	24275.269531
1455.025391	24566.041016
1453.986328	24714.667969
1452.946289	24739.859375
1451.906250	25032.679688
1450.866211	24894.914063
1449.826172	25141.052734
1448.786133	24977.732422
1447.745117	24986.558594
1446.704102	24895.406250
1445.663086	24469.568359
1444.622070	24088.060547
1443.580078	23397.681641
1442.538086	23576.396484
1441.496094	22809.757813
1440.454102	22387.101563
1439.412109	21683.703125
1438.369141	21273.052734
1437.326172	20999.488281
1436.283203	20705.154297
1435.240234	20856.320313
1434.197266	20365.000000
1433.153320	19961.992188
1432.109375	19605.515625
1431.065430	19513.410156
1430.020508	19231.324219
1428.976563	18852.044922
1427.931641	18980.201172
1426.886719	18288.484375
1425.841797	18111.068359
1424.795898	17628.154297
1423.750000	17180.156250
1422.705078	16959.109375
1421.658203	16712.705078
1420.612305	16801.787109
1419.565430	16407.511719
1418.519531	15784.501953
1417.472656	16225.081055
1416.424805	16159.342773
1415.377930	15948.059570
1414.330078	15840.820313
1413.282227	15431.054688
1412.234375	16009.801758
1411.186523	15560.918945
1410.137695	15370.746094
1409.089844	15769.137695
1408.041016	15329.808594
1406.991211	15764.952148
1405.942383	15759.399414
1404.892578	15776.907227
1403.842773	15665.303711
1402.792969	15708.175781
1401.743164	15580.500000
1400.692383	15704.009766
1399.641602	15845.896484
1398.590820	15635.357422
1397.540039	15549.244141
1396.489258	15615.102539
1395.437500	15462.279297
1394.385742	15716.821289
1393.333984	15228.140625
1392.282227	15192.798828
1391.229492	15484.031250
1390.176758	15427.956055
1389.124023	15440.867188
1388.071289	15419.296875
1387.018555	15528.710938
1385.964844	15603.618164
1384.911133	15818.604492
1383.857422	16283.807617
1382.803711	16546.777344
1381.749023	16779.794922
1380.694336	16870.427734
1379.639648	17218.007813
1378.584961	17136.457031
1377.530273	17119.160156
1376.474609	17049.126953
1375.418945	16896.589844
1374.363281	16810.583984
1373.307617	16392.322266
1372.250977	16253.756836
1371.194336	15959.479492
1370.137695	15488.972656
1369.081055	15955.179688
1368.024414	15654.274414
1366.966797	15644.174805
1365.909180	15716.459961
1364.851563	15797.865234
1363.793945	16087.391602
1362.735352	16340.205078
1361.676758	16512.888672
1360.618164	16470.613281
1359.559570	16807.753906
1358.500000	17389.253906
1357.441406	17908.830078
1356.381836	18176.937500
1355.322266	18271.375000
1354.261719	18155.722656
1353.202148	18533.179688
1352.141602	18625.201172
1351.081055	18468.472656
1350.020508	18574.154297
1348.958984	18349.076172
1347.897461	18333.878906
1346.835938	18266.250000
1345.774414	18164.458984
1344.712891	17905.462891
1343.650391	17958.718750
1342.587891	17818.324219
1341.525391	17908.015625
1340.462891	18018.160156
1339.400391	18107.771484
1338.336914	18104.023438
1337.273438	18198.126953
1336.209961	17734.781250
1335.145508	17840.292969
1334.082031	17934.390625
1333.017578	18076.197266
1331.953125	18258.861328
1330.887695	17932.343750
1329.823242	17737.753906
1328.757813	17865.847656
1327.692383	17889.404297
1326.626953	17847.091797
1325.560547	17604.998047
1324.495117	17580.921875
1323.428711	17425.220703
1322.362305	17269.585938
1321.294922	17048.224609
1320.228516	17076.445313
1319.161133	17286.062500
1318.093750	17180.457031
1317.026367	17195.029297
1315.958008	17098.548828
1314.889648	17278.529297
1313.821289	17311.189453
1312.752930	17393.662109
1311.684570	17290.423828
1310.615234	17608.306641
1309.545898	17756.300781
1308.476563	17888.392578
1307.407227	17696.898438
1306.336914	18021.214844
1305.267578	17976.767578
1304.197266	17963.994141
1303.125977	18021.300781
1302.055664	17890.994141
1300.984375	17918.916016
1299.913086	18120.781250
1298.841797	18250.281250
1297.770508	18185.521484
1296.698242	18134.332031
1295.626953	18074.134766
1294.553711	18223.845703
1293.481445	18206.521484
1292.409180	18144.087891
1291.335938	18656.808594
1290.262695	18357.535156
1289.189453	18996.248047
1288.115234	19159.099609
1287.041992	19405.261719
1285.967773	19748.203125
1284.893555	20600.089844
1283.819336	21091.277344
1282.744141	21652.064453
1281.668945	23043.308594
1280.593750	23950.066406
1279.518555	25655.289063
1278.442383	27049.330078
1277.367188	29016.369141
1276.291016	31029.812500
1275.214844	32610.726563
1274.137695	34478.714844
1273.061523	36202.089844
1271.984375	36868.656250
1270.907227	37321.523438
1269.830078	37688.851563
1268.751953	36778.281250
1267.673828	35796.246094
1266.595703	34300.589844
1265.517578	32695.587891
1264.439453	30967.847656
1263.360352	29267.744141
1262.281250	27983.261719
1261.202148	27136.566406
1260.122070	26431.457031
1259.042969	25856.642578
1257.962891	26111.205078
1256.882813	26267.078125
1255.802734	26122.728516
1254.721680	26061.300781
1253.640625	25858.833984
1252.559570	25813.152344
1251.478516	25536.962891
1250.397461	25149.001953
1249.315430	24629.208984
1248.233398	24040.291016
1247.151367	23706.550781
1246.069336	22952.621094
1244.986328	22556.654297
1243.903320	22283.769531
1242.820313	22013.230469
1241.737305	21718.230469
1240.653320	21432.287109
1239.570313	21378.691406
1238.486328	21443.441406
1237.401367	21182.281250
1236.317383	21325.148438
1235.232422	21293.925781
1234.147461	21140.029297
1233.062500	21162.380859
1231.977539	21021.951172
1230.891602	20923.935547
1229.805664	20821.501953
1228.719727	20997.652344
1227.633789	20547.693359
1226.546875	20665.912109
1225.460938	20527.982422
1224.374023	20009.378906
1223.286133	19571.128906
1222.199219	19578.169922
1221.111328	19280.369141
1220.023438	18753.556641
1218.935547	18742.968750
1217.847656	18318.775391
1216.758789	17948.115234
1215.669922	18006.603516
1214.581055	17469.490234
1213.492188	17219.216797
1212.402344	17040.130859
1211.312500	16867.779297
1210.222656	16406.843750
1209.132813	16283.536133
1208.042969	16180.253906
1206.952148	15994.909180
1205.861328	15856.231445
1204.770508	15588.959961
1203.678711	15603.441406
1202.587891	15378.458984
1201.496094	14967.365234
1200.404297	15148.184570
1199.311523	15051.952148
1198.219727	14740.871094
1197.126953	14702.349609
1196.034180	14404.756836
1194.940430	14868.885742
1193.847656	15033.999023
1192.753906	15152.569336
1191.660156	15339.678711
1190.566406	15332.043945
1189.471680	15709.235352
1188.377930	16055.311523
1187.283203	16759.376953
1186.188477	17052.041016
1185.092773	18199.765625
1183.998047	18761.541016
1182.902344	19789.148438
1181.806641	20226.681641
1180.709961	21094.578125
1179.614258	21836.283203
1178.517578	22427.601563
1177.420898	22857.591797
1176.323242	22885.892578
1175.226563	22226.029297
1174.128906	21445.156250
1173.031250	20402.250000
1171.933594	19121.722656
1170.834961	18070.921875
1169.737305	17095.474609
1168.638672	16098.406250
1167.540039	15846.162109
1166.440430	15503.743164
1165.341797	15163.667969
1164.242188	15332.166016
1163.142578	15075.887695
1162.041992	14964.921875
1160.942383	15181.744141
1159.841797	15253.330078
1158.741211	15432.621094
1157.639648	15521.708984
1156.539063	15931.632813
1155.437500	16255.688477
1154.335938	16902.542969
1153.234375	17463.466797
1152.131836	18430.400391
1151.030273	19730.636719
1149.927734	21006.179688
1148.824219	22353.607422
1147.721680	23645.615234
1146.618164	24544.421875
1145.514648	24747.617188
1144.411133	24610.857422
1143.307617	24331.658203
1142.203125	23612.027344
1141.098633	22531.128906
1139.994141	21884.474609
1138.889648	21036.572266
1137.784180	20245.964844
1136.678711	19435.982422
1135.573242	18915.289063
1134.467773	19001.044922
1133.362305	18587.876953
1132.255859	18793.982422
1131.149414	18818.462891
1130.042969	19048.486328
1128.935547	19337.437500
1127.828125	19551.951172
1126.720703	19792.597656
1125.613281	20068.097656
1124.505859	20177.466797
1123.397461	19900.226563
1122.289063	19767.212891
1121.180664	19911.501953
1120.072266	19861.476563
1118.962891	19340.134766
1117.853516	19514.960938
1116.744141	19759.509766
1115.634766	19901.460938
1114.524414	20104.398438
1113.414063	20274.550781
1112.303711	20871.787109
1111.193359	20849.960938
1110.082031	20396.810547
1108.971680	20155.115234
1107.860352	20133.449219
1106.748047	19537.044922
1105.636719	18875.591797
1104.524414	18397.212891
1103.412109	18199.701172
1102.299805	17730.365234
1101.186523	17319.945313
1100.074219	17246.716797
1098.960938	16997.435547
1097.847656	16954.730469
1096.733398	16701.267578
1095.620117	16523.949219
1094.505859	16603.001953
1093.390625	16562.583984
1092.276367	16242.109375
1091.161133	16188.758789
1090.046875	16250.450195
1088.930664	16492.203125
1087.815430	16642.744141
1086.700195	17205.296875
1085.583984	17518.248047
1084.467773	18084.712891
1083.350586	18327.986328
1082.234375	18549.486328
1081.117188	18911.716797
1080.000000	18589.312500
1078.882813	18392.648438
1077.764648	18018.521484
1076.646484	17819.892578
1075.528320	17582.392578
1074.410156	17050.712891
1073.291992	16729.101563
1072.172852	16563.351563
1071.053711	16185.754883
1069.934570	16165.040039
1068.814453	16213.501953
1067.695313	15875.113281
1066.575195	16029.482422
1065.454102	15747.437500
1064.333984	15834.816406
1063.212891	15816.355469
1062.091797	15351.036133
1060.970703	15248.508789
1059.849609	15389.862305
1058.727539	15097.516602
1057.605469	14977.849609
1056.483398	14789.223633
1055.361328	14712.791992
1054.238281	14451.010742
1053.115234	14484.591797
1051.992188	14485.837891
1050.869141	14207.034180
1049.745117	14180.336914
1048.622070	14110.584961
1047.497070	14002.110352
1046.373047	14029.281250
1045.249023	14269.480469
1044.124023	13829.710938
1042.999023	14216.119141
1041.873047	13912.030273
1040.748047	13805.879883
1039.622070	13538.548828
1038.496094	13701.170898
1037.370117	13532.816406
1036.243164	13267.859375
1035.117188	13245.718750
1033.990234	13384.640625
1032.862305	13347.455078
1031.735352	13426.193359
1030.607422	13588.592773
1029.479492	13920.421875
1028.351563	13690.090820
1027.222656	13785.843750
1026.094727	13680.000977
1024.965820	13947.213867
1023.836914	13987.124023
1022.707031	14322.726563
1021.577148	14371.108398
1020.447266	14314.512695
1019.317383	14574.879883
1018.187500	14869.390625
1017.056641	14819.145508
1015.925781	15366.011719
1014.794922	15341.355469
1013.664063	15770.220703
1012.532227	15865.257813
1011.400391	16015.849609
1010.268555	16495.605469
1009.136719	16750.728516
1008.003906	16905.306641
1006.871094	17249.966797
1005.738281	17359.515625
1004.605469	17562.980469
1003.471680	17520.820313
1002.337891	17502.158203
1001.204102	17398.134766
1000.070313	17166.126953
998.935547	16599.289063
997.800781	16222.513672
996.666016	16167.889648
995.531250	15927.809570
994.395508	15843.428711
993.259766	15669.580078
992.124023	15928.313477
990.988281	15767.298828
989.851563	15706.446289
988.714844	15850.026367
987.578125	15889.233398
986.441406	15570.863281
985.303711	15593.087891
984.166992	15434.470703
983.028320	15422.681641
981.890625	15551.247070
980.752930	15596.839844
979.614258	15287.433594
978.475586	15092.917969
977.335938	15057.836914
976.197266	14952.669922
975.057617	14841.174805
973.917969	14536.500977
972.778320	14728.714844
971.637695	14610.968750
970.497070	14885.841797
969.356445	15001.480469
968.215820	15057.677734
967.074219	15139.298828
965.933594	15225.124023
964.791992	15406.300781
963.649414	15519.582031
962.507813	15437.879883
961.365234	15138.017578
960.222656	14982.302734
959.080078	14968.524414
957.936523	14967.453125
956.792969	14761.072266
955.649414	14738.881836
954.505859	14737.857422
953.361328	14724.141602
952.217773	14900.759766
951.073242	14593.121094
949.927734	14475.861328
948.783203	14512.930664
947.637695	14767.621094
946.492188	14601.807617
945.346680	14634.599609
944.200195	14935.553711
943.053711	14991.482422
941.907227	14958.735352
940.760742	15360.718750
939.613281	15283.597656
938.466797	15339.400391
937.319336	15308.711914
936.170898	15457.256836
935.023438	15654.220703
933.875000	15315.775391
932.726563	15658.076172
931.578125	16082.390625
930.428711	16009.452148
929.279297	16117.641602
928.129883	16004.723633
926.980469	16049.718750
925.830078	15964.218750
924.680664	15899.794922
923.529297	15934.262695
922.378906	15880.385742
921.228516	15702.475586
920.077148	15800.026367
918.925781	15676.851563
917.773438	16009.708984
916.622070	15836.120117
915.469727	15687.809570
914.317383	15711.756836
913.165039	15620.219727
912.011719	15241.152344
910.858398	15225.302734
909.705078	15043.706055
908.551758	15034.197266
907.397461	15022.593750
906.243164	14822.282227
905.088867	14812.823242
903.934570	14977.328125
902.779297	14808.583008
901.625000	14828.460938
900.468750	14676.575195
899.313477	15008.493164
898.157227	15080.654297
897.001953	15092.079102
895.844727	15283.477539
894.688477	15190.236328
893.531250	15297.854492
892.375000	15131.449219
891.216797	15174.211914
890.059570	15005.811523
888.901367	15069.481445
887.744141	14995.207031
886.584961	14881.269531
885.426758	14850.928711
884.267578	15135.931641
883.108398	14738.087891
881.949219	14678.571289
880.790039	14441.687500
879.629883	14355.133789
878.469727	14583.610352
877.309570	14561.714844
876.149414	14414.717773
874.988281	14457.492188
873.827148	14437.718750
872.666016	14622.167969
871.503906	14429.446289
870.342773	14549.245117
869.180664	14498.228516
868.017578	14601.303711
866.855469	14716.822266
865.692383	14459.767578
864.529297	14837.432617
863.366211	14703.194336
862.203125	14683.401367
861.039063	15166.820313
859.875000	15117.830078
858.709961	15434.669922
857.545898	15622.535156
856.380859	15851.870117
855.215820	16280.509766
854.050781	16476.376953
852.884766	16574.574219
851.719727	16977.871094
850.552734	17277.224609
849.386719	17715.468750
848.220703	18145.224609
847.053711	18709.605469
845.886719	19248.859375
844.718750	19704.955078
843.551758	20461.392578
842.383789	21035.146484
841.215820	21088.636719
840.046875	21166.958984
838.878906	21251.458984
837.709961	21110.242188
836.541016	21151.244141
835.371094	21167.392578
834.202148	21253.882813
833.032227	21369.296875
831.862305	21718.367188
830.691406	21329.091797
829.520508	21781.384766
828.350586	21927.582031
827.178711	22108.845703
826.007813	22068.968750
824.835938	22024.974609
823.664063	21388.314453
822.492188	20902.644531
821.319336	20091.039063
820.147461	19069.273438
818.974609	18454.423828
817.800781	17631.486328
816.627930	16868.712891
815.454102	16495.984375
814.280273	16115.167969
813.106445	15928.258789
811.931641	15722.883789
810.756836	15632.968750
809.582031	15681.096680
808.407227	15424.420898
807.231445	15456.099609
806.055664	15092.541016
804.879883	14424.553711
803.704102	14433.791992
802.527344	14418.338867
801.350586	14339.134766
800.173828	14255.851563
798.997070	14324.731445
797.819336	14578.561523
796.641602	14694.603516
795.463867	14679.108398
794.286133	14380.165039
793.107422	14473.582031
791.928711	14727.102539
790.750000	14202.542969
789.570313	14336.980469
788.390625	14450.840820
787.210938	14412.850586
786.031250	14612.781250
784.851563	14695.748047
783.670898	14526.524414
782.490234	14353.274414
781.308594	14507.960938
780.127930	14451.562500
778.946289	14686.041992
777.764648	14314.263672
776.583008	14409.447266
775.400391	14254.863281
774.217773	14487.131836
773.035156	14629.273438
771.851563	14540.198242
770.668945	14504.334961
769.485352	14795.642578
768.301758	15219.702148
767.117188	15388.096680
765.932617	15773.017578
764.748047	15534.668945
763.563477	15572.162109
762.378906	15646.395508
761.193359	15714.471680
760.007813	15606.973633
758.822266	15509.724609
757.635742	15418.638672
756.449219	15570.334961
755.262695	15157.042969
754.076172	15108.907227
752.888672	15364.535156
751.701172	15552.793945
750.513672	15262.118164
749.326172	15857.760742
748.137695	16241.319336
746.949219	16563.621094
745.760742	17205.417969
744.572266	17419.488281
743.382813	17657.886719
742.193359	17936.871094
741.003906	18264.552734
739.813477	18474.138672
738.623047	18218.013672
737.432617	18238.462891
736.242188	18108.505859
735.050781	17742.900391
733.860352	17726.867188
732.667969	17716.935547
731.476563	17256.207031
730.285156	17161.111328
729.092773	17319.773438
727.899414	17175.998047
726.707031	16807.082031
725.513672	16547.857422
724.320313	16156.926758
723.126953	15895.927734
721.933594	16005.999023
720.739258	15777.569336
719.544922	15980.824219
718.350586	15641.079102
717.155273	15449.330078
715.959961	15413.581055
714.764648	15485.143555
713.569336	15536.433594
712.373047	15379.270508
711.177734	15250.499023
709.980469	15326.075195
708.784180	15516.888672
707.586914	15365.927734
706.389648	15498.026367
705.192383	15795.785156
703.995117	15753.966797
702.796875	15473.795898
701.598633	15314.924805
700.400391	15141.986328
699.201172	15360.762695
698.001953	15422.013672
696.802734	15727.400391
695.603516	15637.234375
694.404297	15230.436523
693.204102	15600.193359
692.003906	15840.755859
690.802734	16278.751953
689.601563	16458.603516
688.401367	16767.324219
687.199219	17087.994141
685.998047	17309.841797
684.795898	17503.404297
683.593750	18016.957031
682.391602	18562.488281
681.188477	18820.037109
679.986328	18787.781250
678.783203	18829.955078
677.579102	18771.566406
676.375977	18697.117188
675.171875	18570.441406
673.967773	18835.683594
672.762695	18717.064453
671.557617	19116.740234
670.353516	18905.730469
669.147461	18742.998047
667.942383	19021.958984
666.736328	18644.527344
665.530273	18907.333984
664.324219	19274.341797
663.117188	19268.140625
661.910156	19835.425781
660.703125	20131.822266
659.496094	19955.066406
658.288086	20680.134766
657.080078	20533.386719
655.872070	21266.023438
654.664063	21271.404297
653.455078	21637.166016
652.246094	21916.693359
651.037109	21713.792969
649.827148	21560.998047
648.617188	20850.158203
647.407227	20441.621094
646.197266	20237.212891
644.986328	20064.876953
643.776367	19732.722656
642.564453	19126.957031
641.353516	18581.386719
640.141602	17538.712891
638.929688	17049.638672
637.717773	16782.384766
636.505859	16257.756836
635.292969	15928.926758
634.080078	15701.992188
632.867188	15493.108398
631.653320	15342.149414
630.439453	15141.408203
629.225586	15367.348633
628.011719	15352.036133
626.796875	15458.275391
625.582031	15323.420898
624.367188	15397.750977
623.151367	15505.899414
621.936523	15574.182617
620.720703	15919.098633
619.503906	15706.676758
618.288086	15971.831055
617.071289	15932.538086
615.854492	16273.093750
614.636719	16186.033203
613.419922	16534.332031
612.202148	16063.694336
610.984375	16105.881836
609.765625	15901.728516
608.546875	16136.577148
607.328125	16105.250977
606.109375	15919.093750
604.889648	15871.949219
603.670898	15612.503906
602.450195	15291.669922
601.230469	15326.010742
600.009766	15215.577148
598.790039	15079.416016
597.568359	14856.100586
596.347656	14914.283203
595.125977	14990.270508
593.904297	14608.651367
592.682617	14450.982422
591.459961	14336.942383
590.237305	14260.561523
589.014648	14279.209961
587.791992	14222.659180
586.568359	14227.458984
585.344727	14451.791016
584.121094	14598.906250
582.896484	14680.716797
581.672852	15084.661133
580.448242	15231.538086
579.222656	15481.083008
577.998047	15669.286133
576.772461	15960.093750
575.546875	16531.128906
574.320313	16634.097656
573.094727	16665.974609
571.868164	16711.648438
570.640625	17061.082031
569.414063	16864.068359
568.186523	16949.099609
566.958984	16919.755859
565.731445	16624.355469
564.502930	16488.691406
563.274414	16680.105469
562.045898	16814.318359
560.816406	17344.269531
559.587891	17379.839844
558.358398	17728.349609
557.127930	17752.009766
555.898438	17689.091797
554.667969	17459.005859
553.437500	17362.746094
552.207031	17402.189453
550.975586	17418.027344
549.744141	17262.876953
548.512695	17156.916016
547.280273	16846.703125
546.047852	16497.343750
544.815430	16040.144531
543.583008	16411.574219
542.350586	16431.521484
541.117188	16394.554688
539.882813	16192.809570
538.649414	16381.467773
537.415039	15938.615234
536.180664	15942.954102
534.946289	15747.362305
533.711914	15902.632813
532.476563	15975.547852
531.241211	15570.482422
530.004883	15713.936523
528.769531	15626.290039
527.533203	15902.777344
526.295898	15997.134766
525.059570	16408.425781
523.822266	17500.296875
522.584961	18312.009766
521.347656	18693.185547
520.109375	17969.660156
518.871094	17187.818359
517.632813	16777.591797
516.394531	16185.855469
515.155273	15914.704102
513.916016	15993.217773
512.676758	16030.696289
511.436523	16278.963867
510.196289	16880.339844
508.956055	17001.490234
507.715820	17339.107422
506.474609	17424.996094
505.233398	17237.880859
503.992188	17660.988281
502.750000	17538.214844
501.507813	17240.130859
