1802.260742	8712.725586
1801.291992	9152.232422
1800.322266	9010.588867
1799.353516	9116.125977
1798.383789	9039.433594
1797.414063	9045.113281
1796.443359	9085.715820
1795.473633	8861.916016
1794.502930	8608.280273
1793.532227	8820.976563
1792.561523	8714.519531
1791.590820	9086.609375
1790.619141	9199.412109
1789.647461	8853.785156
1788.675781	8914.283203
1787.704102	8865.186523
1786.732422	9149.732422
1785.759766	9205.155273
1784.788086	9183.404297
1783.815430	9435.367188
1782.842773	9475.771484
1781.869141	9396.771484
1780.896484	9695.787109
1779.922852	9517.324219
1778.949219	10092.112305
1777.975586	10018.020508
1777.001953	9871.900391
1776.027344	9656.279297
1775.053711	9224.658203
1774.079102	9322.141602
1773.104492	9382.344727
1772.128906	9603.870117
1771.154297	9651.583008
1770.178711	9944.921875
1769.203125	10178.603516
1768.227539	10352.665039
1767.251953	10444.823242
1766.275391	10303.891602
1765.298828	10539.791016
1764.323242	10607.072266
1763.345703	10721.403320
1762.369141	10436.844727
1761.392578	10516.487305
1760.415039	10467.331055
1759.437500	10663.297852
1758.459961	10745.321289
1757.481445	11223.282227
1756.503906	11225.981445
1755.525391	11161.885742
1754.546875	11172.014648
1753.568359	11152.465820
1752.589844	10949.970703
1751.610352	10614.077148
1750.631836	10629.248047
1749.652344	10829.725586
1748.672852	10837.435547
1747.692383	10827.852539
1746.712891	10610.846680
1745.732422	10655.625977
1744.751953	10221.523438
1743.771484	10162.711914
1742.791016	10407.411133
1741.809570	10555.802734
1740.828125	10580.815430
1739.846680	10349.363281
1738.865234	10482.883789
1737.883789	10318.095703
1736.901367	10165.695313
1735.919922	10136.551758
1734.937500	10366.078125
1733.954102	10386.163086
1732.971680	10598.309570
1731.989258	10714.354492
1731.005859	10350.370117
1730.022461	10254.775391
1729.039063	10265.018555
1728.054688	10174.397461
1727.071289	10103.489258
1726.086914	10485.058594
1725.102539	10564.082031
1724.118164	10571.791992
1723.132813	10889.140625
1722.148438	10456.978516
1721.163086	10427.855469
1720.177734	10312.783203
1719.192383	10190.389648
1718.207031	10183.431641
1717.220703	10201.020508
1716.234375	10159.705078
1715.248047	10169.929688
1714.261719	10371.488281
1713.275391	10246.774414
1712.288086	10575.742188
1711.300781	10777.095703
1710.313477	10868.068359
1709.326172	10650.231445
1708.337891	10645.638672
1707.350586	10621.450195
1706.362305	10416.038086
1705.374023	10727.364258
1704.385742	10754.583008
1703.396484	10767.104492
1702.408203	11176.055664
1701.418945	11447.829102
1700.429688	11447.971680
1699.439453	11462.786133
1698.450195	11426.246094
1697.459961	11426.390625
1696.469727	11465.640625
1695.479492	11578.184570
1694.489258	11265.567383
1693.499023	11470.928711
1692.507813	11449.080078
1691.516602	11690.946289
1690.525391	11957.125977
1689.534180	11564.199219
1688.541992	11827.855469
1687.549805	12147.519531
1686.557617	12003.594727
1685.565430	12149.940430
1684.573242	12291.349609
1683.581055	12040.218750
1682.587891	12047.541016
1681.594727	12059.733398
1680.601563	12103.591797
1679.607422	12395.885742
1678.614258	12361.726563
1677.620117	12412.800781
1676.625977	12719.458984
1675.631836	12643.877930
1674.637695	12599.960938
1673.642578	12809.079102
1672.647461	12735.956055
1671.652344	12854.981445
1670.657227	12672.463867
1669.662109	12441.401367
1668.666016	12208.000977
1667.669922	12118.059570
1666.673828	12438.729492
1665.677734	12686.400391
1664.680664	12720.266602
1663.684570	12914.364258
1662.687500	12443.253906
1661.690430	12411.618164
1660.693359	12387.273438
1659.695313	12365.364258
1658.698242	12556.908203
1657.700195	12646.523438
1656.702148	12571.232422
1655.703125	12910.484375
1654.705078	13264.139648
1653.706055	12987.653320
1652.707031	12791.222656
1651.708008	12815.281250
1650.708984	12718.249023
1649.708984	12771.364258
1648.708984	12904.337891
1647.709961	13206.666992
1646.708984	13194.319336
1645.708984	13109.400391
1644.708008	13092.238281
1643.708008	13070.246094
1642.707031	13186.069336
1641.706055	13222.078125
1640.704102	13451.409180
1639.703125	13286.801758
1638.701172	13344.507813
1637.699219	13445.664063
1636.696289	13689.249023
1635.694336	13481.266602
1634.691406	13575.090820
1633.689453	13656.808594
1632.685547	13936.343750
1631.682617	13714.002930
1630.679688	13949.998047
1629.675781	13884.479492
1628.671875	14289.102539
1627.667969	14638.123047
1626.664063	14909.884766
1625.659180	14882.772461
1624.655273	15103.786133
1623.650391	14811.718750
1622.644531	15119.340820
1621.639648	14947.758789
1620.634766	14915.847656
1619.628906	15088.498047
1618.623047	15196.116211
1617.617188	15197.848633
1616.610352	15800.829102
1615.604492	15826.481445
1614.597656	15784.810547
1613.590820	16192.616211
1612.583984	16441.654297
1611.576172	16548.839844
1610.569336	17045.117188
1609.561523	16986.423828
1608.553711	17071.822266
1607.544922	17255.609375
1606.537109	16815.287109
1605.528320	17044.642578
1604.519531	17487.427734
1603.510742	18023.582031
1602.501953	18578.701172
1601.492188	19241.492188
1600.483398	19597.169922
1599.473633	20046.173828
1598.463867	20849.638672
1597.453125	21403.617188
1596.443359	22189.710938
1595.432617	22633.031250
1594.421875	23284.472656
1593.411133	23713.025391
1592.399414	24481.253906
1591.388672	24457.142578
1590.376953	24021.554688
1589.365234	23576.576172
1588.352539	23115.035156
1587.340820	22235.275391
1586.328125	21778.974609
1585.315430	21143.613281
1584.302734	20489.392578
1583.290039	19727.933594
1582.276367	19604.503906
1581.263672	19309.187500
1580.250000	18784.791016
1579.236328	18298.798828
1578.221680	17984.832031
1577.208008	17608.955078
1576.193359	17373.978516
1575.178711	16995.990234
1574.164063	16496.542969
1573.148438	16638.619141
1572.133789	16163.281250
1571.118164	16431.671875
1570.102539	16328.259766
1569.085938	16424.990234
1568.070313	16366.872070
1567.053711	15894.448242
1566.037109	16141.189453
1565.020508	15997.473633
1564.003906	15901.409180
1562.986328	16019.516602
1561.969727	16230.346680
1560.952148	16536.220703
1559.934570	16264.164063
1558.916016	15944.670898
1557.898438	15599.162109
1556.879883	16173.440430
1555.861328	16367.344727
1554.842773	16119.348633
1553.823242	16410.554688
1552.803711	16616.162109
1551.785156	16444.228516
1550.764648	16410.025391
1549.745117	16371.089844
1548.725586	16040.352539
1547.705078	15999.133789
1546.684570	16275.713867
1545.664063	16284.252930
1544.642578	16029.657227
1543.622070	16111.713867
1542.600586	16023.125977
1541.579102	16043.551758
1540.557617	16243.983398
1539.535156	16408.810547
1538.513672	16400.730469
1537.491211	16293.231445
1536.468750	16495.812500
1535.446289	16591.830078
1534.422852	16569.521484
1533.399414	16814.492188
1532.376953	16489.457031
1531.352539	16741.435547
1530.329102	16423.636719
1529.304688	16481.732422
1528.281250	16490.185547
1527.256836	16205.702148
1526.232422	16535.417969
1525.207031	16581.632813
1524.181641	16934.746094
1523.157227	16603.191406
1522.131836	16842.876953
1521.105469	16893.707031
1520.080078	17081.335938
1519.053711	17346.716797
1518.027344	17128.597656
1517.000977	17778.136719
1515.974609	17793.363281
1514.947266	18140.857422
1513.919922	18608.371094
1512.892578	19047.423828
1511.865234	19900.798828
1510.837891	20454.785156
1509.809570	20839.042969
1508.781250	21602.085938
1507.752930	22261.275391
1506.724609	22706.095703
1505.695313	23924.619141
1504.666992	24867.488281
1503.637695	25210.396484
1502.608398	26430.007813
1501.578125	27430.541016
1500.548828	27845.554688
1499.518555	28483.585938
1498.488281	28738.486328
1497.458008	29291.529297
1496.426758	29475.720703
1495.396484	29605.843750
1494.365234	29315.806641
1493.333984	28845.208984
1492.301758	28731.392578
1491.270508	27965.568359
1490.238281	27354.828125
1489.206055	26655.244141
1488.173828	25679.343750
1487.141602	25186.621094
1486.108398	24094.259766
1485.075195	23119.476563
1484.041992	22348.859375
1483.008789	21751.841797
1481.974609	21026.298828
1480.941406	20375.957031
1479.907227	19962.242188
1478.873047	19375.554688
1477.837891	19023.033203
1476.803711	19100.996094
1475.768555	19127.482422
1474.733398	19177.335938
1473.698242	18932.658203
1472.662109	19003.560547
1471.626953	19326.763672
1470.590820	19778.310547
1469.554688	19802.283203
1468.518555	20459.021484
1467.481445	20996.431641
1466.444336	21255.871094
1465.407227	22056.583984
1464.370117	22217.710938
1463.333008	23031.890625
1462.294922	23577.544922
1461.256836	24349.140625
1460.218750	25178.699219
1459.180664	25504.490234
1458.142578	26230.939453
1457.103516	27113.177734
1456.064453	27405.759766
1455.025391	27609.724609
1453.986328	27890.439453
1452.946289	28371.226563
1451.906250	28584.173828
1450.866211	28122.248047
1449.826172	28649.214844
1448.786133	28289.798828
1447.745117	28477.001953
1446.704102	28243.312500
1445.663086	27712.187500
1444.622070	27055.783203
1443.580078	27180.345703
1442.538086	26624.207031
1441.496094	26005.585938
1440.454102	25312.912109
1439.412109	24817.857422
1438.369141	24408.884766
1437.326172	23844.595703
1436.283203	23545.037109
1435.240234	23289.673828
1434.197266	22957.878906
1433.153320	22878.962891
1432.109375	22570.568359
1431.065430	22097.738281
1430.020508	21840.609375
1428.976563	21588.220703
1427.931641	21099.664063
1426.886719	20817.421875
1425.841797	20438.046875
1424.795898	20220.871094
1423.750000	19774.654297
1422.705078	19393.410156
1421.658203	18954.484375
1420.612305	19052.357422
1419.565430	18766.308594
1418.519531	18466.503906
1417.472656	18333.253906
1416.424805	18056.771484
1415.377930	18071.541016
1414.330078	18391.246094
1413.282227	17877.019531
1412.234375	18058.076172
1411.186523	17901.982422
1410.137695	17958.312500
1409.089844	18086.160156
1408.041016	18142.427734
1406.991211	18290.943359
1405.942383	18275.644531
1404.892578	18135.833984
1403.842773	18547.074219
1402.792969	18368.078125
1401.743164	18196.070313
1400.692383	18146.242188
1399.641602	18172.449219
1398.590820	18373.675781
1397.540039	18312.326172
1396.489258	17560.371094
1395.437500	18256.445313
1394.385742	17909.812500
1393.333984	17917.625000
1392.282227	17608.005859
1391.229492	17597.476563
1390.176758	17448.996094
1389.124023	17799.410156
1388.071289	17800.335938
1387.018555	17886.281250
1385.964844	18289.224609
1384.911133	18505.953125
1383.857422	18777.703125
1382.803711	18925.361328
1381.749023	19313.980469
1380.694336	19585.394531
1379.639648	19700.667969
1378.584961	19749.367188
1377.530273	19713.181641
1376.474609	19603.630859
1375.418945	19487.246094
1374.363281	19352.572266
1373.307617	19059.826172
1372.250977	18890.925781
1371.194336	18236.458984
1370.137695	18186.888672
1369.081055	18128.179688
1368.024414	17918.398438
1366.966797	18022.273438
1365.909180	18370.958984
1364.851563	18666.876953
1363.793945	18717.917969
1362.735352	18929.025391
1361.676758	18989.134766
1360.618164	19188.666016
1359.559570	19682.945313
1358.500000	19877.677734
1357.441406	20293.931641
1356.381836	20716.865234
1355.322266	21071.113281
1354.261719	21495.992188
1353.202148	21347.740234
1352.141602	21165.312500
1351.081055	21126.708984
1350.020508	21348.187500
1348.958984	21311.841797
1347.897461	21154.650391
1346.835938	20872.132813
1345.774414	20904.285156
1344.712891	20827.035156
1343.650391	20795.384766
1342.587891	20595.175781
1341.525391	21064.636719
1340.462891	20930.486328
1339.400391	20987.621094
1338.336914	21026.523438
1337.273438	20605.732422
1336.209961	20917.712891
1335.145508	20631.322266
1334.082031	20743.035156
1333.017578	20841.058594
1331.953125	20518.486328
1330.887695	20657.423828
1329.823242	20603.154297
1328.757813	20258.107422
1327.692383	20424.265625
1326.626953	20265.613281
1325.560547	20270.496094
1324.495117	20057.458984
1323.428711	20035.146484
1322.362305	20244.283203
1321.294922	20031.380859
1320.228516	19979.599609
1319.161133	20088.839844
1318.093750	19860.226563
1317.026367	19758.642578
1315.958008	19863.324219
1314.889648	19852.408203
1313.821289	19830.169922
1312.752930	20075.185547
1311.684570	20000.828125
1310.615234	20130.248047
1309.545898	20372.781250
1308.476563	20769.091797
1307.407227	20660.710938
1306.336914	20620.232422
1305.267578	20511.923828
1304.197266	20808.386719
1303.125977	20833.455078
1302.055664	21009.939453
1300.984375	21037.214844
1299.913086	20931.185547
1298.841797	20974.271484
1297.770508	20949.593750
1296.698242	21044.585938
1295.626953	21150.822266
1294.553711	20968.142578
1293.481445	21123.988281
1292.409180	21148.927734
1291.335938	21336.244141
1290.262695	21606.916016
1289.189453	21615.955078
1288.115234	22226.808594
1287.041992	22575.996094
1285.967773	22726.767578
1284.893555	23314.480469
1283.819336	23980.771484
1282.744141	25070.099609
1281.668945	26303.048828
1280.593750	27598.505859
1279.518555	29253.464844
1278.442383	30923.482422
1277.367188	32754.755859
1276.291016	35102.503906
1275.214844	37026.574219
1274.137695	39269.050781
1273.061523	40739.710938
1271.984375	41459.261719
1270.907227	42084.156250
1269.830078	42857.031250
1268.751953	42199.136719
1267.673828	41034.117188
1266.595703	39270.257813
1265.517578	37578.941406
1264.439453	35672.933594
1263.360352	34027.929688
1262.281250	32731.244141
1261.202148	31148.078125
1260.122070	30821.007813
1259.042969	30312.519531
1257.962891	30187.437500
1256.882813	30320.060547
1255.802734	30546.703125
1254.721680	30683.669922
1253.640625	30778.035156
1252.559570	30502.994141
1251.478516	30057.966797
1250.397461	29463.201172
1249.315430	29253.476563
1248.233398	28330.324219
1247.151367	28120.921875
1246.069336	27437.615234
1244.986328	27315.660156
1243.903320	26474.128906
1242.820313	26012.792969
1241.737305	26197.251953
1240.653320	26102.451172
1239.570313	25777.691406
1238.486328	25484.318359
1237.401367	25650.873047
1236.317383	25270.613281
1235.232422	25504.072266
1234.147461	25416.216797
1233.062500	25223.578125
1231.977539	25104.599609
1230.891602	24956.687500
1229.805664	25245.681641
1228.719727	24725.666016
1227.633789	24880.912109
1226.546875	24541.607422
1225.460938	24380.597656
1224.374023	23950.250000
1223.286133	23580.181641
1222.199219	23154.628906
1221.111328	22555.697266
1220.023438	22435.306641
1218.935547	22110.341797
1217.847656	21721.023438
1216.758789	21571.976563
1215.669922	21074.017578
1214.581055	20731.824219
1213.492188	20531.970703
1212.402344	20050.085938
1211.312500	20050.337891
1210.222656	19688.656250
1209.132813	19304.925781
1208.042969	18817.037109
1206.952148	18755.408203
1205.861328	18505.222656
1204.770508	18417.064453
1203.678711	18085.001953
1202.587891	18061.263672
1201.496094	17798.128906
1200.404297	17814.353516
1199.311523	17597.910156
1198.219727	17357.187500
1197.126953	17249.457031
1196.034180	17194.916016
1194.940430	17549.978516
1193.847656	17599.429688
1192.753906	17954.257813
1191.660156	18224.857422
1190.566406	18254.222656
1189.471680	18579.935547
1188.377930	19285.832031
1187.283203	19858.789063
1186.188477	20847.031250
1185.092773	21388.482422
1183.998047	22409.126953
1182.902344	23424.925781
1181.806641	24552.925781
1180.709961	25514.857422
1179.614258	26533.777344
1178.517578	27260.945313
1177.420898	27628.140625
1176.323242	27646.617188
1175.226563	26950.464844
1174.128906	25824.597656
1173.031250	24222.986328
1171.933594	23025.417969
1170.834961	21288.427734
1169.737305	20442.300781
1168.638672	19477.574219
1167.540039	19004.382813
1166.440430	18619.464844
1165.341797	17970.531250
1164.242188	18039.396484
1163.142578	18042.212891
1162.041992	17820.621094
1160.942383	17852.076172
1159.841797	17982.480469
1158.741211	18071.052734
1157.639648	18104.630859
1156.539063	18441.486328
1155.437500	18850.708984
1154.335938	19459.673828
1153.234375	20140.861328
1152.131836	21344.392578
1151.030273	22496.921875
1149.927734	23848.708984
1148.824219	25570.806641
1147.721680	26818.257813
1146.618164	27821.691406
1145.514648	28267.638672
1144.411133	28283.628906
1143.307617	27784.433594
1142.203125	27092.570313
1141.098633	25995.603516
1139.994141	25052.453125
1138.889648	24348.453125
1137.784180	23182.669922
1136.678711	22426.806641
1135.573242	22406.771484
1134.467773	21817.716797
1133.362305	21600.884766
1132.255859	21968.242188
1131.149414	22097.041016
1130.042969	22061.781250
1128.935547	22767.673828
1127.828125	22620.810547
1126.720703	22994.115234
1125.613281	23242.724609
1124.505859	23548.023438
1123.397461	23112.830078
1122.289063	23031.544922
1121.180664	23098.738281
1120.072266	22687.917969
1118.962891	23143.570313
1117.853516	23138.699219
1116.744141	23173.091797
1115.634766	23349.214844
1114.524414	23540.525391
1113.414063	23978.074219
1112.303711	24358.773438
1111.193359	24451.695313
1110.082031	24126.314453
1108.971680	23748.796875
1107.860352	23434.585938
1106.748047	22550.113281
1105.636719	22312.464844
1104.524414	22120.615234
1103.412109	21417.554688
1102.299805	20977.996094
1101.186523	20669.105469
1100.074219	20488.628906
1098.960938	20393.009766
1097.847656	20108.341797
1096.733398	19693.416016
1095.620117	19567.605469
1094.505859	19454.878906
1093.390625	19353.054688
1092.276367	19229.562500
1091.161133	19299.310547
1090.046875	19112.943359
1088.930664	19375.791016
1087.815430	19658.048828
1086.700195	20011.757813
1085.583984	20603.837891
1084.467773	20972.371094
1083.350586	21431.781250
1082.234375	21756.640625
1081.117188	22207.023438
1080.000000	21994.392578
1078.882813	21892.296875
1077.764648	21463.302734
1076.646484	20924.087891
1075.528320	20530.103516
1074.410156	20331.027344
1073.291992	19647.445313
1072.172852	19476.755859
1071.053711	19416.417969
1069.934570	18848.042969
1068.814453	19071.021484
1067.695313	18928.683594
1066.575195	18723.750000
1065.454102	18810.519531
1064.333984	18702.878906
1063.212891	18390.158203
1062.091797	18358.207031
1060.970703	18034.896484
1059.849609	18309.447266
1058.727539	17934.503906
1057.605469	17973.849609
1056.483398	17745.775391
1055.361328	17524.263672
1054.238281	17330.865234
1053.115234	17271.167969
1051.992188	17482.982422
1050.869141	17059.212891
1049.745117	16928.531250
1048.622070	16821.591797
1047.497070	16749.140625
1046.373047	16715.464844
1045.249023	16716.230469
1044.124023	16658.906250
1042.999023	16663.984375
1041.873047	16522.820313
1040.748047	16536.523438
1039.622070	16109.541016
1038.496094	16254.424805
1037.370117	16109.166016
1036.243164	15921.000977
1035.117188	16057.239258
1033.990234	15959.353516
1032.862305	15805.688477
1031.735352	16053.477539
1030.607422	16112.311523
1029.479492	16254.795898
1028.351563	16283.528320
1027.222656	16267.209961
1026.094727	16521.066406
1024.965820	16740.515625
1023.836914	16796.978516
1022.707031	17007.703125
1021.577148	17158.349609
1020.447266	17090.453125
1019.317383	17592.218750
1018.187500	17558.513672
1017.056641	17811.658203
1015.925781	17782.199219
1014.794922	18202.080078
1013.664063	18673.123047
1012.532227	18880.898438
1011.400391	19088.583984
1010.268555	19309.007813
1009.136719	19834.982422
1008.003906	19681.187500
1006.871094	20273.089844
1005.738281	20646.865234
1004.605469	20522.890625
1003.471680	20614.613281
1002.337891	20398.906250
1001.204102	19895.167969
1000.070313	19835.464844
998.935547	19588.056641
997.800781	19142.394531
996.666016	18901.632813
995.531250	18460.568359
994.395508	18514.197266
993.259766	18218.310547
992.124023	18244.267578
990.988281	18323.466797
989.851563	18481.429688
988.714844	18388.074219
987.578125	18318.173828
986.441406	18269.585938
985.303711	18250.806641
984.166992	18219.271484
983.028320	18296.222656
981.890625	17788.345703
980.752930	17863.228516
979.614258	17972.087891
978.475586	17932.138672
977.335938	17843.335938
976.197266	17663.226563
975.057617	17453.458984
973.917969	17303.234375
972.778320	17418.435547
971.637695	17474.158203
970.497070	18075.208984
969.356445	17742.523438
968.215820	17910.554688
967.074219	18040.343750
965.933594	17888.089844
964.791992	18193.763672
963.649414	18308.570313
962.507813	18340.693359
961.365234	17849.558594
960.222656	18154.974609
959.080078	17719.140625
957.936523	17840.271484
956.792969	17681.960938
955.649414	17703.587891
954.505859	17750.591797
953.361328	17765.847656
952.217773	17478.679688
951.073242	17365.009766
949.927734	17494.484375
948.783203	17408.332031
947.637695	17396.167969
946.492188	17586.812500
945.346680	17469.011719
944.200195	18005.863281
943.053711	17801.460938
941.907227	17867.320313
940.760742	17941.589844
939.613281	18083.339844
938.466797	18203.935547
937.319336	18372.984375
936.170898	18645.275391
935.023438	18540.113281
933.875000	18561.447266
932.726563	18603.843750
931.578125	18781.046875
930.428711	18939.218750
929.279297	19034.146484
928.129883	19158.507813
926.980469	19072.328125
925.830078	18811.515625
924.680664	18818.017578
923.529297	18742.480469
922.378906	18700.621094
921.228516	18883.761719
920.077148	18499.232422
918.925781	18762.201172
917.773438	18491.330078
916.622070	18770.992188
915.469727	18523.335938
914.317383	18355.582031
913.165039	18494.423828
912.011719	18358.232422
910.858398	18144.447266
909.705078	18083.919922
908.551758	17908.042969
907.397461	17713.363281
906.243164	17705.382813
905.088867	17883.978516
903.934570	17702.001953
902.779297	18020.916016
901.625000	17715.380859
900.468750	17835.169922
899.313477	17766.437500
898.157227	17863.130859
897.001953	17936.757813
895.844727	18144.289063
894.688477	18213.638672
893.531250	18347.802734
892.375000	18017.613281
891.216797	18139.214844
890.059570	18279.578125
888.901367	18062.476563
887.744141	18173.539063
886.584961	18031.761719
885.426758	17898.398438
884.267578	18095.041016
883.108398	18149.623047
881.949219	17853.500000
880.790039	17636.806641
879.629883	17537.048828
878.469727	17445.677734
877.309570	17658.841797
876.149414	17317.261719
874.988281	17419.871094
873.827148	17330.681641
872.666016	17433.242188
871.503906	17504.505859
870.342773	17669.470703
869.180664	17659.433594
868.017578	17722.271484
866.855469	17539.455078
865.692383	17741.726563
864.529297	17827.390625
863.366211	17648.826172
862.203125	17898.775391
861.039063	17940.681641
859.875000	18311.035156
858.709961	18593.933594
857.545898	18932.816406
856.380859	19115.734375
855.215820	19302.728516
854.050781	19780.373047
852.884766	20110.400391
851.719727	20382.164063
850.552734	21108.306641
849.386719	21253.167969
848.220703	21503.761719
847.053711	22218.822266
845.886719	22786.353516
844.718750	23446.927734
843.551758	24082.345703
842.383789	24520.626953
841.215820	24917.285156
840.046875	25185.345703
838.878906	25037.042969
837.709961	25145.535156
836.541016	24457.031250
835.371094	24625.617188
834.202148	25313.474609
833.032227	25148.746094
831.862305	25499.072266
830.691406	25807.890625
829.520508	25626.617188
828.350586	25782.322266
827.178711	25983.421875
826.007813	26174.101563
824.835938	25602.509766
823.664063	25340.927734
822.492188	24610.779297
821.319336	23984.154297
820.147461	23075.060547
818.974609	21887.804688
817.800781	21024.933594
816.627930	20158.306641
815.454102	19953.953125
814.280273	19555.900391
813.106445	19601.158203
811.931641	19019.949219
810.756836	18976.708984
809.582031	18791.363281
808.407227	18470.177734
807.231445	18433.255859
806.055664	18244.025391
804.879883	17954.031250
803.704102	17783.501953
802.527344	17773.498047
801.350586	17259.613281
800.173828	17535.541016
798.997070	17391.966797
797.819336	17558.812500
796.641602	17863.261719
795.463867	17723.816406
794.286133	17806.263672
793.107422	17629.923828
791.928711	17700.035156
790.750000	17681.847656
789.570313	17513.855469
788.390625	17858.882813
787.210938	17547.326172
786.031250	17902.451172
784.851563	17488.494141
783.670898	17695.873047
782.490234	17558.832031
781.308594	17452.583984
780.127930	17790.951172
778.946289	17340.589844
777.764648	17684.976563
776.583008	17390.429688
775.400391	17523.820313
774.217773	17454.548828
773.035156	17763.824219
771.851563	17747.714844
770.668945	17974.986328
769.485352	18151.039063
768.301758	18247.287109
767.117188	18517.220703
765.932617	18641.953125
764.748047	18646.097656
763.563477	18654.322266
762.378906	19064.833984
761.193359	18721.800781
760.007813	18678.970703
758.822266	18750.441406
757.635742	18458.703125
756.449219	18564.865234
755.262695	18532.298828
754.076172	18511.978516
752.888672	18273.542969
751.701172	18697.591797
750.513672	18805.619141
749.326172	18872.855469
748.137695	19479.806641
746.949219	20151.658203
745.760742	20397.712891
744.572266	21181.023438
743.382813	21145.914063
742.193359	21572.667969
741.003906	21753.105469
739.813477	21980.238281
738.623047	21959.212891
737.432617	21765.406250
736.242188	21620.458984
735.050781	21317.082031
733.860352	20865.535156
732.667969	20850.859375
731.476563	20720.445313
730.285156	20594.146484
729.092773	20522.703125
727.899414	20502.021484
726.707031	20041.085938
725.513672	19756.820313
724.320313	19322.605469
723.126953	19275.839844
721.933594	19456.126953
720.739258	19164.123047
719.544922	19014.080078
718.350586	19003.880859
717.155273	18849.882813
715.959961	18823.521484
714.764648	18390.251953
713.569336	18827.501953
712.373047	18704.025391
711.177734	18453.144531
709.980469	18564.435547
708.784180	18451.203125
707.586914	18582.662109
706.389648	18756.513672
705.192383	19069.732422
703.995117	19071.654297
702.796875	18861.466797
701.598633	18883.626953
700.400391	18861.353516
699.201172	18831.015625
698.001953	18943.988281
696.802734	19210.271484
695.603516	19163.732422
694.404297	19006.277344
693.204102	19137.257813
692.003906	19614.957031
690.802734	19844.515625
689.601563	20603.986328
688.401367	20879.568359
687.199219	21225.533203
685.998047	21988.232422
684.795898	22325.750000
683.593750	22717.470703
682.391602	23704.757813
681.188477	23872.652344
679.986328	23841.308594
678.783203	23980.939453
677.579102	23885.234375
676.375977	23013.539063
675.171875	23322.093750
673.967773	23395.392578
672.762695	23388.294922
671.557617	23590.101563
670.353516	23163.234375
669.147461	22913.240234
667.942383	23436.195313
666.736328	23230.398438
665.530273	23373.824219
664.324219	23434.935547
663.117188	23668.503906
661.910156	24058.375000
660.703125	24085.212891
659.496094	24314.474609
658.288086	24365.287109
657.080078	24788.718750
655.872070	25203.953125
654.664063	25466.808594
653.455078	26023.861328
652.246094	26068.234375
651.037109	25654.294922
649.827148	25078.466797
648.617188	24316.849609
647.407227	24315.548828
646.197266	23874.351563
644.986328	23829.166016
643.776367	23334.300781
642.564453	22669.800781
641.353516	21993.601563
640.141602	21415.566406
638.929688	20580.179688
637.717773	19944.804688
636.505859	19559.208984
635.292969	19285.535156
634.080078	18888.279297
632.867188	18680.695313
631.653320	18694.568359
630.439453	18419.322266
629.225586	18357.492188
628.011719	18588.658203
626.796875	18536.779297
625.582031	18488.906250
624.367188	18385.285156
623.151367	18303.611328
621.936523	18616.154297
620.720703	18787.244141
619.503906	18862.738281
618.288086	19113.275391
617.071289	19300.052734
615.854492	19558.337891
614.636719	19160.398438
613.419922	19450.402344
612.202148	19432.240234
610.984375	19122.009766
609.765625	19240.992188
608.546875	19054.070313
607.328125	18817.589844
606.109375	18976.259766
604.889648	18767.681641
603.670898	18539.351563
602.450195	18505.539063
601.230469	18440.005859
600.009766	18146.455078
598.790039	18303.072266
597.568359	17637.035156
596.347656	17748.115234
595.125977	17300.427734
593.904297	17653.193359
592.682617	17506.740234
591.459961	17249.472656
590.237305	17255.595703
589.014648	17053.908203
587.791992	17214.404297
586.568359	17295.699219
585.344727	17388.824219
584.121094	17788.400391
582.896484	17616.464844
581.672852	17958.494141
580.448242	18128.455078
579.222656	18460.341797
577.998047	18736.777344
576.772461	19068.382813
575.546875	19915.144531
574.320313	19792.345703
573.094727	19823.531250
571.868164	20166.441406
570.640625	20333.636719
569.414063	19999.826172
568.186523	19950.091797
566.958984	19665.791016
565.731445	19736.373047
564.502930	19584.261719
563.274414	19971.998047
562.045898	20219.724609
560.816406	20205.443359
559.587891	20356.541016
558.358398	20556.775391
557.127930	20878.929688
555.898438	20764.171875
554.667969	20507.839844
553.437500	20572.169922
552.207031	20406.431641
550.975586	20419.642578
549.744141	20572.380859
548.512695	20104.164063
547.280273	19653.832031
546.047852	19641.660156
544.815430	19755.158203
543.583008	19283.599609
542.350586	19420.677734
541.117188	19386.978516
539.882813	19337.597656
538.649414	19227.433594
537.415039	19066.332031
536.180664	18466.144531
534.946289	18493.447266
533.711914	18742.179688
532.476563	18589.158203
531.241211	18169.806641
530.004883	18320.523438
528.769531	18392.855469
527.533203	18598.263672
526.295898	18511.976563
525.059570	18648.783203
523.822266	19301.970703
522.584961	19798.404297
521.347656	19649.353516
520.109375	19539.464844
518.871094	19075.859375
517.632813	18925.107422
516.394531	18899.453125
515.155273	18799.585938
513.916016	18584.548828
512.676758	18736.644531
511.436523	18925.759766
510.196289	19185.042969
508.956055	19846.128906
507.715820	20036.820313
506.474609	20391.244141
505.233398	20306.812500
503.992188	20514.818359
502.750000	20652.568359
501.507813	20277.808594
