1802.209961	6465.175293
1801.240234	6372.779785
1800.271484	6513.817383
1799.301758	6557.447266
1798.332031	6331.526855
1797.362305	6232.949707
1796.392578	6101.981445
1795.421875	6048.384277
1794.451172	6201.783691
1793.480469	6240.435059
1792.509766	6406.197754
1791.539063	6297.753418
1790.567383	6249.152344
1789.596680	6369.971680
1788.625000	6373.679199
1787.653320	6272.797363
1786.680664	6495.615723
1785.708984	6765.639160
1784.736328	6602.520508
1783.763672	6909.737305
1782.791016	6873.527344
1781.818359	6979.102539
1780.844727	6937.918945
1779.871094	7033.493164
1778.897461	7042.028809
1777.923828	6896.477051
1776.950195	6994.485840
1775.975586	6844.032715
1775.001953	6713.509277
1774.027344	6746.931152
1773.052734	6921.854492
1772.077148	7133.940918
1771.102539	7157.330078
1770.126953	7349.434082
1769.151367	7514.172363
1768.175781	7631.719238
1767.200195	7652.508789
1766.223633	7698.082031
1765.247070	7847.744629
1764.271484	7895.737793
1763.293945	7809.912109
1762.317383	7610.166016
1761.340820	7779.538574
1760.363281	7634.355957
1759.385742	7838.315918
1758.408203	7886.250977
1757.429688	8149.472656
1756.452148	8377.948242
1755.473633	8344.109375
1754.495117	8062.954102
1753.516602	8036.609863
1752.538086	7686.403320
1751.558594	7855.417480
1750.579102	7727.805176
1749.600586	8054.874512
1748.620117	7825.989258
1747.640625	7960.260254
1746.661133	7568.508789
1745.680664	7552.177734
1744.700195	7511.168945
1743.719727	7571.358398
1742.738281	7626.588379
1741.757813	7398.107422
1740.776367	7433.618164
1739.794922	7348.287109
1738.813477	7324.623535
1737.832031	7219.628906
1736.849609	7262.538574
1735.867188	7278.327637
1734.884766	7412.353027
1733.902344	7610.359863
1732.919922	7525.109863
1731.936523	7673.775391
1730.953125	7357.173340
1729.969727	7023.471191
1728.986328	6970.391602
1728.002930	7128.887207
1727.018555	7321.750977
1726.035156	7583.387207
1725.050781	7594.155762
1724.065430	7590.171875
1723.081055	7554.242188
1722.095703	7341.424805
1721.111328	7239.233887
1720.125977	7004.460449
1719.139648	7143.015625
1718.154297	7232.414551
1717.167969	7378.230469
1716.182617	7371.838867
1715.196289	7316.379395
1714.208984	7474.354492
1713.222656	7566.047852
1712.235352	7817.085449
1711.248047	7906.220703
1710.260742	7566.385742
1709.273438	7569.764648
1708.286133	7497.189941
1707.297852	7429.543457
1706.309570	7560.298340
1705.321289	7578.366211
1704.333008	7899.988770
1703.344727	7846.999512
1702.355469	8195.356445
1701.366211	8230.406250
1700.376953	8343.716797
1699.387695	8295.570313
1698.397461	8501.736328
1697.408203	8272.672852
1696.417969	8229.457031
1695.427734	8056.743164
1694.436523	8135.745605
1693.446289	8334.406250
1692.455078	8535.428711
1691.463867	8628.935547
1690.472656	8624.755859
1689.481445	8525.389648
1688.489258	8643.243164
1687.498047	8829.359375
1686.505859	8776.356445
1685.512695	8657.528320
1684.520508	8753.313477
1683.528320	8817.369141
1682.535156	8618.172852
1681.541992	8755.332031
1680.548828	8658.551758
1679.554688	9048.968750
1678.561523	9059.320313
1677.567383	9094.015625
1676.573242	9131.130859
1675.579102	9056.274414
1674.584961	9139.614258
1673.589844	9215.622070
1672.594727	8934.041992
1671.599609	9168.130859
1670.604492	9039.849609
1669.608398	8831.400391
1668.613281	8802.883789
1667.617188	8963.911133
1666.621094	9000.972656
1665.625000	9152.177734
1664.627930	8817.634766
1663.631836	9046.509766
1662.634766	8673.283203
1661.637695	8761.330078
1660.639648	8926.987305
1659.642578	8881.516602
1658.644531	8976.743164
1657.646484	8989.479492
1656.648438	9210.719727
1655.650391	9354.299805
1654.652344	9427.540039
1653.653320	9226.946289
1652.654297	9116.066406
1651.655273	8903.504883
1650.655273	8947.715820
1649.656250	9316.333984
1648.656250	9510.519531
1647.656250	9501.336914
1646.656250	9409.890625
1645.656250	9347.509766
1644.655273	9321.433594
1643.654297	9483.983398
1642.653320	9511.077148
1641.652344	9419.718750
1640.651367	9321.146484
1639.649414	9297.515625
1638.647461	9346.365234
1637.645508	9564.259766
1636.643555	9741.014648
1635.641602	9396.221680
1634.638672	9358.114258
1633.635742	9496.190430
1632.632813	9412.234375
1631.629883	9316.250000
1630.625977	9191.363281
1629.623047	9500.561523
1628.619141	9850.619141
1627.615234	10024.579102
1626.610352	10123.763672
1625.606445	10015.702148
1624.601563	10119.664063
1623.596680	10002.012695
1622.591797	9915.710938
1621.586914	9860.740234
1620.581055	9622.864258
1619.575195	9683.482422
1618.569336	9532.352539
1617.563477	9876.806641
1616.557617	9795.442383
1615.550781	9757.389648
1614.543945	10003.024414
1613.537109	9957.734375
1612.530273	10582.904297
1611.522461	10638.419922
1610.515625	10962.942383
1609.507813	10595.682617
1608.500000	10802.427734
1607.492188	10500.165039
1606.483398	10486.035156
1605.474609	10284.741211
1604.466797	10736.089844
1603.457031	10741.108398
1602.448242	11280.913086
1601.439453	11034.062500
1600.429688	10983.880859
1599.419922	11055.950195
1598.410156	10993.801758
1597.399414	11051.463867
1596.389648	11250.420898
1595.378906	11169.111328
1594.368164	11365.568359
1593.357422	11535.613281
1592.345703	11727.128906
1591.334961	11492.645508
1590.323242	11447.250977
1589.311523	11435.359375
1588.298828	11007.377930
1587.287109	10942.979492
1586.274414	10701.719727
1585.261719	10823.821289
1584.249023	10690.205078
1583.236328	10876.758789
1582.222656	10893.656250
1581.209961	11041.883789
1580.196289	10999.053711
1579.182617	10595.806641
1578.167969	10670.021484
1577.154297	10550.938477
1576.139648	10780.189453
1575.125000	10405.932617
1574.110352	10155.823242
1573.094727	10392.166016
1572.079102	10404.354492
1571.064453	10428.453125
1570.048828	10443.011719
1569.032227	10490.913086
1568.016602	10588.808594
1567.000000	10660.470703
1565.983398	10548.791016
1564.966797	10318.146484
1563.950195	10411.236328
1562.932617	10592.318359
1561.915039	10725.751953
1560.897461	10635.574219
1559.879883	10540.676758
1558.862305	10664.528320
1557.843750	10225.024414
1556.825195	10227.696289
1555.806641	10396.674805
1554.788086	10475.320313
1553.769531	10639.428711
1552.750000	10668.129883
1551.730469	10440.436523
1550.710938	10388.468750
1549.691406	10412.455078
1548.670898	10111.405273
1547.650391	10310.963867
1546.630859	10377.636719
1545.609375	10302.021484
1544.588867	10290.440430
1543.567383	10295.454102
1542.546875	10023.226563
1541.525391	10305.472656
1540.502930	10137.571289
1539.481445	10431.518555
1538.458984	10299.172852
1537.436523	10481.710938
1536.414063	10458.274414
1535.391602	10520.028320
1534.369141	10529.711914
1533.345703	10513.374023
1532.322266	10584.537109
1531.298828	10442.887695
1530.274414	10277.657227
1529.250977	10289.741211
1528.226563	10495.568359
1527.202148	10384.760742
1526.177734	10333.043945
1525.152344	10644.996094
1524.127930	10609.771484
1523.102539	10761.031250
1522.077148	10647.919922
1521.051758	10520.696289
1520.025391	10452.499023
1518.999023	10780.550781
1517.972656	10625.081055
1516.946289	10726.641602
1515.919922	10467.536133
1514.892578	10616.216797
1513.865234	10691.798828
1512.837891	11165.442383
1511.810547	11132.545898
1510.783203	11328.059570
1509.754883	11408.140625
1508.726563	11575.272461
1507.698242	11678.800781
1506.669922	11492.904297
1505.640625	11883.375000
1504.612305	12123.174805
1503.583008	12360.525391
1502.553711	12720.017578
1501.523438	12717.416992
1500.494141	12994.445313
1499.463867	12890.767578
1498.433594	12836.457031
1497.403320	13176.694336
1496.372070	13476.876953
1495.340820	13373.182617
1494.310547	13274.223633
1493.278320	13285.586914
1492.247070	13095.192383
1491.215820	12977.583984
1490.183594	12824.848633
1489.151367	13073.089844
1488.119141	12986.028320
1487.085938	12749.014648
1486.053711	12416.030273
1485.020508	12214.367188
1483.987305	12282.130859
1482.954102	11923.685547
1481.919922	11654.351563
1480.885742	11694.097656
1479.852539	11633.198242
1478.817383	11792.257813
1477.783203	11668.202148
1476.748047	11878.640625
1475.713867	11906.605469
1474.678711	11988.328125
1473.642578	12086.377930
1472.607422	12312.914063
1471.571289	12172.544922
1470.536133	12438.679688
1469.499023	12557.573242
1468.462891	12615.708984
1467.426758	12841.900391
1466.389648	12724.903320
1465.352539	12887.974609
1464.315430	12845.670898
1463.277344	13139.271484
1462.240234	13232.193359
1461.202148	13600.204102
1460.164063	13548.461914
1459.125977	13820.698242
1458.086914	13764.270508
1457.047852	14057.317383
1456.009766	14131.297852
1454.969727	14254.150391
1453.930664	14002.103516
1452.890625	13952.674805
1451.851563	14182.541992
1450.811523	14288.992188
1449.770508	14193.005859
1448.730469	14227.306641
1447.689453	13745.357422
1446.648438	13835.532227
1445.607422	13663.007813
1444.566406	13767.105469
1443.525391	13671.339844
1442.483398	13531.475586
1441.441406	13270.896484
1440.399414	13560.749023
1439.356445	13100.614258
1438.314453	13049.180664
1437.271484	12937.431641
1436.228516	13022.939453
1435.184570	13168.721680
1434.141602	13103.398438
1433.097656	13103.024414
1432.053711	13070.194336
1431.009766	12838.050781
1429.965820	12844.681641
1428.920898	13034.335938
1427.875977	12964.483398
1426.831055	12927.080078
1425.786133	12776.238281
1424.740234	12768.981445
1423.695313	12657.578125
1422.649414	12571.672852
1421.602539	12596.849609
1420.556641	12767.732422
1419.510742	12762.793945
1418.463867	12741.671875
1417.416992	12440.858398
1416.369141	12704.075195
1415.322266	12662.180664
1414.274414	12527.896484
1413.226563	12407.525391
1412.178711	12612.798828
1411.130859	12328.540039
1410.082031	12263.679688
1409.033203	12457.315430
1407.984375	12623.182617
1406.935547	12417.583984
1405.886719	12341.224609
1404.836914	12151.908203
1403.787109	12149.405273
1402.737305	12029.352539
1401.687500	12153.619141
1400.636719	12314.696289
1399.585938	12171.646484
1398.535156	12307.320313
1397.484375	12005.454102
1396.433594	12200.958008
1395.381836	11894.633789
1394.330078	12078.572266
1393.278320	11961.050781
1392.226563	12246.106445
1391.173828	12261.979492
1390.121094	12208.869141
1389.068359	12243.131836
1388.015625	12105.009766
1386.961914	11863.541992
1385.909180	12058.666016
1384.855469	12180.208984
1383.801758	12522.153320
1382.747070	12547.121094
1381.693359	12728.166992
1380.638672	12941.267578
1379.583984	12782.572266
1378.529297	12823.521484
1377.473633	12898.855469
1376.418945	12825.108398
1375.363281	13127.375977
1374.307617	12794.601563
1373.250977	12711.752930
1372.195313	13071.133789
1371.138672	12685.888672
1370.082031	12559.596680
1369.025391	12444.805664
1367.967773	12794.785156
1366.910156	12634.214844
1365.853516	12913.070313
1364.794922	12873.797852
1363.737305	12855.125977
1362.678711	12861.618164
1361.621094	13147.052734
1360.562500	13203.771484
1359.502930	13034.202148
1358.444336	13417.677734
1357.384766	13574.823242
1356.325195	13530.904297
1355.265625	13852.379883
1354.206055	13650.883789
1353.145508	13563.602539
1352.084961	13798.146484
1351.024414	13646.981445
1349.963867	13739.971680
1348.902344	13686.953125
1347.841797	13779.895508
1346.780273	13774.765625
1345.717773	13637.433594
1344.656250	13764.509766
1343.593750	13454.075195
1342.532227	13931.938477
1341.469727	13735.469727
1340.406250	14003.590820
1339.343750	14139.561523
1338.280273	14127.531250
1337.216797	13944.834961
1336.153320	14108.032227
1335.088867	14027.773438
1334.025391	14156.771484
1332.960938	14042.428711
1331.896484	14055.433594
1330.831055	13922.974609
1329.766602	14415.452148
1328.701172	13996.721680
1327.635742	14030.164063
1326.570313	13881.920898
1325.503906	13701.953125
1324.438477	13574.267578
1323.372070	13714.431641
1322.304688	13511.916992
1321.238281	13479.625977
1320.171875	13324.872070
1319.104492	13315.306641
1318.037109	13230.930664
1316.968750	13234.987305
1315.901367	13286.631836
1314.833008	13213.639648
1313.764648	13383.058594
1312.696289	13375.753906
1311.627930	13361.658203
1310.558594	13290.971680
1309.489258	13202.207031
1308.419922	13448.386719
1307.350586	13432.022461
1306.280273	13363.638672
1305.209961	13331.466797
1304.139648	13333.221680
1303.069336	13380.187500
1301.999023	13526.575195
1300.927734	13404.008789
1299.856445	13529.997070
1298.785156	13696.588867
1297.713867	13892.466797
1296.641602	13555.437500
1295.569336	13500.706055
1294.497070	13486.618164
1293.424805	13587.608398
1292.351563	13686.299805
1291.279297	13963.125977
1290.206055	13513.750000
1289.131836	13677.772461
1288.058594	13557.723633
1286.984375	13604.484375
1285.910156	13892.299805
1284.835938	13754.258789
1283.761719	14017.149414
1282.686523	13975.958008
1281.612305	14333.240234
1280.537109	14638.608398
1279.460938	14680.569336
1278.385742	15343.450195
1277.309570	15749.632813
1276.233398	16301.820313
1275.157227	16572.730469
1274.081055	16836.785156
1273.003906	17249.058594
1271.926758	17479.154297
1270.849609	17736.111328
1269.772461	17622.367188
1268.694336	17827.537109
1267.616211	17700.347656
1266.538086	17310.587891
1265.459961	16781.849609
1264.381836	16401.416016
1263.302734	16050.301758
1262.223633	15697.089844
1261.144531	15568.252930
1260.065430	15273.574219
1258.985352	15030.568359
1257.905273	15184.300781
1256.825195	14757.698242
1255.745117	14799.423828
1254.664063	14688.844727
1253.583008	15023.878906
1252.501953	14564.082031
1251.420898	14605.809570
1250.339844	14761.637695
1249.257813	14530.371094
1248.175781	14596.680664
1247.093750	14446.047852
1246.011719	14413.971680
1244.928711	14323.790039
1243.845703	14115.200195
1242.762695	14038.523438
1241.679688	13959.643555
1240.595703	13871.862305
1239.512695	13638.973633
1238.428711	13883.936523
1237.343750	13702.478516
1236.259766	13699.620117
1235.174805	13705.686523
1234.089844	13546.682617
1233.004883	13418.966797
1231.919922	13286.843750
1230.833984	13170.378906
1229.748047	13328.103516
1228.662109	13254.015625
1227.576172	13404.970703
1226.489258	13246.255859
1225.402344	12936.175781
1224.315430	13042.571289
1223.228516	13028.717773
1222.141602	12841.278320
1221.053711	12787.420898
1219.965820	12691.317383
1218.877930	12653.080078
1217.789063	12559.267578
1216.701172	12647.794922
1215.612305	12387.315430
1214.523438	12531.397461
1213.433594	12319.928711
1212.344727	12432.864258
1211.254883	12321.443359
1210.165039	12412.125000
1209.075195	12325.172852
1207.984375	12105.086914
1206.893555	12118.088867
1205.803711	12060.091797
1204.711914	11991.027344
1203.621094	12035.089844
1202.529297	11979.361328
1201.437500	11828.336914
1200.345703	11655.212891
1199.253906	11435.627930
1198.161133	11517.417969
1197.068359	11353.324219
1195.975586	11554.672852
1194.882813	11545.613281
1193.789063	11651.657227
1192.696289	11852.814453
1191.602539	11863.608398
1190.507813	11918.639648
1189.414063	12066.534180
1188.319336	12351.457031
1187.224609	12275.917969
1186.129883	12359.546875
1185.034180	12520.480469
1183.939453	12515.649414
1182.843750	12711.823242
1181.748047	12976.373047
1180.651367	13170.159180
1179.555664	12876.017578
1178.458984	13292.646484
1177.362305	12950.057617
1176.265625	13022.349609
1175.167969	12878.462891
1174.070313	12818.430664
1172.972656	12571.025391
1171.875000	12559.574219
1170.777344	12340.973633
1169.678711	12087.212891
1168.580078	12045.027344
1167.481445	11961.014648
1166.381836	11830.796875
1165.283203	11969.208008
1164.183594	11839.041016
1163.083984	11684.722656
1161.983398	11944.077148
1160.883789	11798.598633
1159.783203	11804.919922
1158.682617	11820.032227
1157.581055	11791.173828
1156.480469	12019.462891
1155.378906	12019.137695
1154.277344	11952.907227
1153.175781	12044.841797
1152.073242	12428.791016
1150.970703	12803.797852
1149.868164	12943.783203
1148.765625	13382.163086
1147.663086	13449.562500
1146.559570	14032.427734
1145.456055	14125.978516
1144.352539	14162.480469
1143.249023	14111.276367
1142.144531	14211.324219
1141.040039	13890.601563
1139.935547	13841.674805
1138.831055	13722.676758
1137.725586	13371.597656
1136.620117	12987.823242
1135.514648	13066.085938
1134.409180	12879.502930
1133.302734	12730.194336
1132.197266	12640.013672
1131.089844	12711.719727
1129.983398	12367.922852
1128.876953	12474.633789
1127.769531	12412.994141
1126.662109	12489.054688
1125.554688	12444.916016
1124.446289	12514.382813
1123.338867	12727.958984
1122.230469	12849.739258
1121.122070	12713.872070
1120.012695	12689.371094
1118.904297	12749.981445
1117.794922	13227.257813
1116.685547	13043.436523
1115.575195	13180.256836
1114.465820	13275.593750
1113.355469	13264.079102
1112.245117	13317.949219
1111.133789	13119.045898
1110.023438	13122.818359
1108.912109	12880.478516
1107.800781	13004.061523
1106.689453	12531.080078
1105.577148	12654.682617
1104.464844	12403.937500
1103.352539	12436.134766
1102.240234	12440.040039
1101.127930	12328.681641
1100.014648	12473.935547
1098.901367	12349.571289
1097.788086	12042.695313
1096.673828	12313.944336
1095.560547	12113.654297
1094.446289	12152.369141
1093.332031	12214.953125
1092.216797	12145.073242
1091.102539	12038.322266
1089.987305	11894.721680
1088.872070	12113.523438
1087.755859	12375.618164
1086.640625	12240.710938
1085.524414	12565.547852
1084.408203	12521.707031
1083.291016	12568.916016
1082.174805	12639.940430
1081.057617	12342.626953
1079.940430	12545.796875
1078.823242	12540.983398
1077.705078	12659.583984
1076.586914	12379.832031
1075.468750	12591.476563
1074.350586	12346.475586
1073.232422	12313.582031
1072.113281	12393.169922
1070.994141	12198.098633
1069.875000	12320.915039
1068.754883	12223.207031
1067.634766	12149.310547
1066.514648	12393.049805
1065.394531	12345.068359
1064.274414	12517.392578
1063.153320	12588.160156
1062.032227	12641.626953
1060.911133	12572.047852
1059.790039	12560.758789
1058.667969	12551.631836
1057.545898	12602.901367
1056.423828	12509.665039
1055.301758	12685.968750
1054.178711	12657.418945
1053.055664	12611.640625
1051.932617	12434.446289
1050.809570	12582.609375
1049.685547	12629.483398
1048.561523	12534.220703
1047.437500	12673.655273
1046.313477	12462.194336
1045.188477	12455.252930
1044.063477	12467.677734
1042.938477	12583.343750
1041.813477	12187.130859
1040.687500	12210.351563
1039.562500	12347.493164
1038.436523	12226.673828
1037.309570	11878.140625
1036.183594	12124.824219
1035.056641	11881.702148
1033.929688	11958.637695
1032.802734	12224.467773
1031.674805	12112.409180
1030.547852	12345.902344
1029.419922	12396.925781
1028.291016	12570.195313
1027.163086	12359.502930
1026.034180	12416.920898
1024.905273	12412.145508
1023.776367	12660.276367
1022.646484	12799.018555
1021.517578	12714.895508
1020.387695	12767.889648
1019.257813	12966.478516
1018.126953	13169.264648
1016.996094	13068.007813
1015.866211	13026.713867
1014.734375	13133.072266
1013.603516	12877.863281
1012.471680	12958.541992
1011.339844	13178.173828
1010.208008	13500.326172
1009.076172	13155.482422
1007.943359	13345.013672
1006.810547	13568.645508
1005.677734	13745.190430
1004.544922	13985.725586
1003.411133	13826.894531
1002.277344	13779.131836
1001.143555	13588.397461
1000.009766	13209.973633
998.875000	13085.571289
997.740234	12948.423828
996.605469	12666.333008
995.470703	12431.262695
994.334961	12624.716797
993.199219	12236.320313
992.063477	12553.305664
990.927734	12335.497070
989.791016	12496.859375
988.654297	12577.243164
987.517578	12570.312500
986.380859	12488.893555
985.243164	12575.608398
984.105469	12232.550781
982.967773	12412.868164
981.830078	12248.615234
980.691406	12384.203125
979.553711	12181.764648
978.414063	12423.564453
977.275391	12161.709961
976.136719	12284.453125
974.997070	12290.334961
973.857422	12321.693359
972.716797	12206.559570
971.577148	12467.143555
970.436523	12252.291992
969.295898	12816.131836
968.155273	12794.314453
967.013672	12681.319336
965.872070	12655.297852
964.730469	12781.906250
963.588867	12757.992188
962.446289	12676.878906
961.303711	12837.293945
960.161133	12618.533203
959.018555	12620.080078
957.875977	12727.476563
956.732422	12680.317383
955.588867	12544.301758
954.444336	12744.732422
953.300781	12492.421875
952.156250	12572.235352
951.011719	12652.013672
949.867188	12547.852539
948.721680	12357.084961
947.576172	12580.537109
946.430664	12700.379883
945.285156	12889.869141
944.138672	13041.268555
942.993164	12852.706055
941.846680	13052.591797
940.699219	13075.131836
939.552734	13013.268555
938.405273	13240.412109
937.257813	13340.923828
936.110352	13637.477539
934.961914	13697.807617
933.813477	13890.887695
932.665039	14576.946289
931.516602	14607.541992
930.367188	14764.495117
929.217773	15298.311523
928.068359	15322.414063
926.918945	15308.619141
925.768555	15027.568359
924.619141	15194.780273
923.468750	15197.845703
922.317383	14809.740234
921.166992	14465.954102
920.015625	14374.574219
918.864258	14064.653320
917.711914	13632.991211
916.560547	13424.198242
915.408203	13335.214844
914.255859	13197.970703
913.103516	12882.329102
911.950195	12953.041992
910.796875	12908.301758
909.643555	12660.061523
908.490234	12818.875977
907.335938	12759.509766
906.181641	12658.233398
905.027344	12716.320313
903.873047	12608.806641
902.717773	12578.869141
901.562500	12511.234375
900.407227	12728.483398
899.251953	12870.252930
898.095703	12741.880859
896.939453	12919.168945
895.783203	12864.085938
894.626953	12710.687500
893.469727	12875.314453
892.312500	12983.402344
891.155273	12698.344727
889.998047	12867.047852
888.839844	12488.083008
887.681641	12642.129883
886.523438	12645.690430
885.365234	12624.183594
884.206055	12821.953125
883.046875	12637.566406
881.887695	12605.635742
880.727539	12692.673828
879.568359	12692.040039
878.408203	12578.761719
877.248047	12478.042969
876.086914	12758.948242
874.925781	12889.633789
873.765625	12734.720703
872.603516	12642.387695
871.442383	12929.262695
870.280273	12674.459961
869.118164	12603.021484
867.956055	12610.728516
866.792969	12620.513672
865.630859	12611.563477
864.467773	12450.727539
863.303711	12676.881836
862.140625	12784.389648
860.976563	12708.871094
859.812500	12878.691406
858.648438	12921.653320
857.483398	13101.743164
856.318359	12992.976563
855.153320	13272.673828
853.988281	13217.908203
852.823242	13337.567383
851.657227	13295.263672
850.491211	13022.618164
849.324219	13179.586914
848.158203	13674.619141
846.991211	13814.786133
845.824219	13770.348633
844.656250	13978.845703
843.489258	14305.393555
842.321289	14343.763672
841.153320	14427.695313
839.984375	14399.739258
838.816406	14464.983398
837.647461	14242.410156
836.478516	14620.224609
835.308594	14381.155273
834.139648	14365.649414
832.969727	14257.060547
831.799805	14582.837891
830.628906	14507.330078
829.458008	14851.517578
828.287109	14668.506836
827.116211	14983.580078
825.945313	14674.592773
824.773438	14908.971680
823.601563	14721.971680
822.429688	14448.336914
821.256836	14298.669922
820.084961	13926.181641
818.912109	13714.791016
817.738281	13427.164063
816.565430	13300.528320
815.391602	13330.657227
814.217773	13218.526367
813.043945	13345.528320
811.869141	13468.353516
810.694336	13477.814453
809.519531	13390.461914
808.344727	13399.933594
807.168945	13378.517578
805.993164	13278.889648
804.817383	12940.578125
803.641602	12908.984375
802.464844	12986.428711
801.288086	13018.593750
800.111328	12713.525391
798.933594	12764.235352
797.756836	12954.683594
796.579102	12945.726563
795.401367	12930.608398
794.222656	12917.550781
793.043945	13054.406250
791.865234	12737.465820
790.686523	12884.563477
789.507813	12731.972656
788.328125	13102.649414
787.148438	13188.030273
785.968750	13053.927734
784.788086	12634.870117
783.607422	12843.294922
782.426758	12916.356445
781.246094	12868.488281
780.064453	12978.388672
778.882813	13121.011719
777.701172	12854.013672
776.519531	12773.439453
775.336914	13089.999023
774.154297	13171.078125
772.971680	13141.635742
771.789063	12999.697266
770.605469	13193.223633
769.421875	13304.876953
768.238281	13383.772461
767.053711	13360.443359
765.870117	13249.257813
764.685547	13317.897461
763.500000	13551.948242
762.315430	13549.019531
761.129883	13664.504883
759.944336	13747.280273
758.758789	13870.833008
757.572266	13657.684570
756.385742	13556.819336
755.199219	13549.808594
754.012695	13661.060547
752.825195	13562.295898
751.637695	13337.210938
750.450195	13554.391602
749.262695	13661.467773
748.074219	13682.953125
746.885742	13832.716797
745.697266	13709.606445
744.507813	13845.049805
743.319336	13530.698242
742.129883	13922.473633
740.939453	14220.509766
739.750000	14347.585938
738.559570	14667.764648
737.369141	14896.327148
736.178711	15120.725586
734.987305	15607.142578
733.795898	16101.473633
732.604492	16075.644531
731.413086	16263.039063
730.220703	16013.866211
729.028320	15754.653320
727.835938	15381.911133
726.643555	14889.628906
725.450195	14403.643555
724.256836	14230.172852
723.063477	14265.611328
721.869141	14254.411133
720.675781	13888.552734
719.481445	14102.344727
718.286133	13906.839844
717.091797	13922.051758
715.896484	14243.013672
714.701172	14448.442383
713.505859	14257.076172
712.309570	14395.632813
711.113281	13949.445313
709.916992	14328.706055
708.720703	14612.756836
707.523438	14524.669922
706.326172	14658.970703
705.128906	14962.970703
703.930664	14759.694336
702.732422	14669.627930
701.534180	14708.854492
700.335938	14630.952148
699.137695	15041.616211
697.938477	15335.040039
696.739258	15676.763672
695.539063	15768.177734
694.339844	16398.085938
693.139648	16475.185547
691.939453	17310.308594
690.738281	18030.171875
689.538086	18455.500000
688.336914	19043.837891
687.135742	19573.503906
685.933594	20388.914063
684.731445	20986.513672
683.529297	21752.947266
682.327148	22027.970703
681.125000	22226.410156
679.921875	21481.259766
678.718750	20668.048828
677.514648	20343.828125
676.311523	19722.205078
675.107422	19587.265625
673.903320	19088.658203
672.698242	19016.195313
671.494141	18511.898438
670.289063	18088.150391
669.083008	17660.568359
667.877930	17351.607422
666.671875	17147.138672
665.465820	17091.236328
664.259766	17021.316406
663.052734	17009.587891
661.845703	17027.941406
660.638672	16994.162109
659.431641	16908.285156
658.223633	16740.287109
657.015625	16744.654297
655.807617	17013.414063
654.599609	17163.904297
653.390625	17104.105469
652.181641	17084.365234
650.972656	17000.591797
649.762695	17064.914063
648.552734	16873.160156
647.342773	16443.496094
646.132813	16581.876953
644.921875	16524.287109
643.710938	16514.687500
642.500000	15717.803711
641.289063	15448.673828
640.077148	15325.465820
638.865234	15234.259766
637.653320	15198.994141
636.440430	14786.495117
635.228516	14715.418945
634.014648	14857.854492
632.801758	14856.607422
631.588867	14464.481445
630.375000	14473.288086
629.161133	14659.502930
627.946289	14662.281250
626.731445	14940.028320
625.516602	14508.465820
624.301758	14612.847656
623.086914	14723.157227
621.871094	14767.720703
620.655273	14732.650391
619.439453	14731.421875
618.222656	14529.254883
617.005859	14615.588867
615.789063	14608.418945
614.572266	14434.242188
613.354492	14472.831055
612.136719	14247.088867
610.918945	14039.326172
609.700195	14133.593750
608.482422	14184.126953
607.263672	14004.309570
606.043945	14177.925781
604.825195	14020.018555
603.605469	14136.008789
602.385742	13793.680664
601.165039	13812.481445
599.945313	13726.174805
598.724609	13645.853516
597.502930	13539.797852
596.282227	13410.008789
595.060547	13306.031250
593.838867	13198.136719
592.617188	13127.915039
591.394531	13194.339844
590.171875	13013.295898
588.949219	13200.439453
587.726563	13157.976563
586.502930	13255.984375
585.279297	13415.259766
584.055664	13527.007813
582.831055	13567.537109
581.607422	13594.212891
580.382813	13577.403320
579.157227	13823.355469
577.932617	13907.235352
576.707031	14075.991211
575.481445	14424.334961
574.254883	14207.995117
573.028320	14396.305664
571.801758	14446.421875
570.575195	14356.460938
569.348633	14534.751953
568.121094	14289.043945
566.893555	14370.676758
565.665039	14385.262695
564.437500	14248.120117
563.208984	14455.784180
561.980469	14497.913086
560.750977	14711.336914
559.521484	14710.078125
558.291992	14911.549805
557.062500	14957.474609
555.833008	14954.192383
554.602539	14842.727539
553.372070	14729.343750
552.140625	14932.551758
550.909180	14681.598633
549.677734	14525.086914
548.446289	14233.071289
547.214844	13939.218750
545.982422	14126.660156
544.750000	14094.105469
543.517578	14091.009766
542.284180	14237.076172
541.050781	14318.324219
539.817383	14360.299805
538.583008	14257.115234
537.349609	13997.101563
536.115234	14052.840820
534.879883	14267.319336
533.645508	14127.008789
532.410156	14155.250977
531.174805	14212.861328
529.938477	14462.363281
528.703125	14539.458008
527.466797	14802.478516
526.230469	15476.362305
524.993164	16850.419922
523.755859	18648.365234
522.518555	20406.404297
521.281250	20425.378906
520.042969	18634.105469
518.804688	16595.402344
517.566406	15462.316406
516.328125	14525.088867
515.088867	14144.927734
513.849609	14212.113281
512.610352	14244.126953
511.370117	14352.249023
510.129883	14645.710938
508.889648	14987.818359
507.649414	14598.298828
506.408203	14838.855469
505.166992	14794.642578
503.925781	14463.899414
502.683594	14374.962891
