1802.209961	7671.308594
1801.240234	7838.619141
1800.271484	7752.166504
1799.301758	7847.968750
1798.332031	7594.337891
1797.362305	7383.226074
1796.392578	7262.006348
1795.421875	7115.892578
1794.451172	7323.939941
1793.480469	7574.287598
1792.509766	7707.378906
1791.539063	7728.268066
1790.567383	7507.454590
1789.596680	7393.850586
1788.625000	7292.744629
1787.653320	7458.129395
1786.680664	7665.772461
1785.708984	7840.972656
1784.736328	8040.989258
1783.763672	8325.524414
1782.791016	8368.637695
1781.818359	8172.961914
1780.844727	8275.768555
1779.871094	8592.347656
1778.897461	8615.486328
1777.923828	8447.252930
1776.950195	8331.265625
1775.975586	8103.533691
1775.001953	7801.381348
1774.027344	7834.584961
1773.052734	8031.635254
1772.077148	8489.241211
1771.102539	8703.452148
1770.126953	8753.816406
1769.151367	9074.559570
1768.175781	9137.229492
1767.200195	9123.000977
1766.223633	9309.596680
1765.247070	9213.539063
1764.271484	9345.520508
1763.293945	9093.393555
1762.317383	9136.163086
1761.340820	9045.168945
1760.363281	8681.820313
1759.385742	9358.444336
1758.408203	9324.389648
1757.429688	9904.096680
1756.452148	10018.403320
1755.473633	9929.812500
1754.495117	9593.926758
1753.516602	9228.500977
1752.538086	9095.618164
1751.558594	8905.937500
1750.579102	9336.631836
1749.600586	9317.463867
1748.620117	9397.116211
1747.640625	9266.799805
1746.661133	9188.391602
1745.680664	8887.819336
1744.700195	8856.416016
1743.719727	8788.007813
1742.738281	8830.657227
1741.757813	8934.959961
1740.776367	9036.753906
1739.794922	8817.944336
1738.813477	8811.244141
1737.832031	8696.090820
1736.849609	8317.294922
1735.867188	8505.344727
1734.884766	8796.781250
1733.902344	8839.346680
1732.919922	9022.251953
1731.936523	9003.207031
1730.953125	8767.564453
1729.969727	8561.547852
1728.986328	8055.439941
1728.002930	8435.111328
1727.018555	8494.903320
1726.035156	8623.520508
1725.050781	9179.856445
1724.065430	9082.152344
1723.081055	8927.963867
1722.095703	8744.354492
1721.111328	8536.252930
1720.125977	8288.939453
1719.139648	8331.471680
1718.154297	8290.516602
1717.167969	8637.389648
1716.182617	8571.848633
1715.196289	8378.750977
1714.208984	8796.533203
1713.222656	9015.491211
1712.235352	9273.593750
1711.248047	9279.083984
1710.260742	9223.293945
1709.273438	8875.910156
1708.286133	8709.970703
1707.297852	8806.201172
1706.309570	8701.568359
1705.321289	8841.834961
1704.333008	9057.935547
1703.344727	9587.242188
1702.355469	9798.209961
1701.366211	9771.772461
1700.376953	9877.434570
1699.387695	9904.792969
1698.397461	9990.824219
1697.408203	9805.464844
1696.417969	9688.615234
1695.427734	9388.537109
1694.436523	9484.373047
1693.446289	9846.421875
1692.455078	10076.446289
1691.463867	10130.575195
1690.472656	10189.564453
1689.481445	10263.172852
1688.489258	10319.670898
1687.498047	10607.917969
1686.505859	10671.639648
1685.512695	10476.829102
1684.520508	10347.928711
1683.528320	10111.818359
1682.535156	10056.160156
1681.541992	10078.500000
1680.548828	10222.645508
1679.554688	10352.117188
1678.561523	10566.771484
1677.567383	10769.165039
1676.573242	10947.132813
1675.579102	10784.291992
1674.584961	10942.717773
1673.589844	10587.747070
1672.594727	10612.367188
1671.599609	10957.983398
1670.604492	10819.615234
1669.608398	10333.686523
1668.613281	10234.385742
1667.617188	10434.001953
1666.621094	10434.325195
1665.625000	10344.778320
1664.627930	10738.524414
1663.631836	10469.283203
1662.634766	10248.699219
1661.637695	10054.899414
1660.639648	10111.104492
1659.642578	10419.588867
1658.644531	10366.548828
1657.646484	10267.455078
1656.648438	10806.047852
1655.650391	10934.762695
1654.652344	10915.588867
1653.653320	10741.347656
1652.654297	10528.415039
1651.655273	10606.215820
1650.655273	10550.797852
1649.656250	10679.404297
1648.656250	11129.897461
1647.656250	10890.477539
1646.656250	10714.063477
1645.656250	10728.832031
1644.655273	10658.941406
1643.654297	10683.385742
1642.653320	11017.280273
1641.652344	10850.684570
1640.651367	10698.656250
1639.649414	10476.619141
1638.647461	10834.439453
1637.645508	10899.874023
1636.643555	10685.173828
1635.641602	10753.024414
1634.638672	10832.916992
1633.635742	10915.189453
1632.632813	10821.294922
1631.629883	10720.201172
1630.625977	10812.091797
1629.623047	10865.363281
1628.619141	11229.609375
1627.615234	11441.855469
1626.610352	11598.588867
1625.606445	11880.544922
1624.601563	11798.646484
1623.596680	11478.351563
1622.591797	11418.237305
1621.586914	11069.257813
1620.581055	10958.705078
1619.575195	11047.929688
1618.569336	11153.958984
1617.563477	11093.968750
1616.557617	11065.265625
1615.550781	11099.090820
1614.543945	11325.221680
1613.537109	11471.944336
1612.530273	12140.061523
1611.522461	12406.685547
1610.515625	12416.180664
1609.507813	12382.443359
1608.500000	12468.772461
1607.492188	12014.934570
1606.483398	11652.483398
1605.474609	11705.311523
1604.466797	12432.272461
1603.457031	12727.182617
1602.448242	12894.870117
1601.439453	12554.183594
1600.429688	12513.281250
1599.419922	12630.578125
1598.410156	12520.185547
1597.399414	12821.902344
1596.389648	12670.795898
1595.378906	13187.884766
1594.368164	13302.527344
1593.357422	13575.112305
1592.345703	13881.090820
1591.334961	13916.557617
1590.323242	13758.232422
1589.311523	13621.496094
1588.298828	12793.714844
1587.287109	12705.045898
1586.274414	12692.904297
1585.261719	12463.287109
1584.249023	12527.659180
1583.236328	12474.946289
1582.222656	12763.801758
1581.209961	12930.752930
1580.196289	12844.564453
1579.182617	12825.246094
1578.167969	12297.611328
1577.154297	12543.256836
1576.139648	12292.613281
1575.125000	12034.915039
1574.110352	11958.547852
1573.094727	12025.254883
1572.079102	12339.827148
1571.064453	12125.221680
1570.048828	12139.434570
1569.032227	12544.311523
1568.016602	12194.039063
1567.000000	12291.568359
1565.983398	12162.892578
1564.966797	11960.481445
1563.950195	12105.590820
1562.932617	12350.567383
1561.915039	12569.277344
1560.897461	12290.841797
1559.879883	12064.830078
1558.862305	12128.939453
1557.843750	12017.137695
1556.825195	12200.044922
1555.806641	12166.675781
1554.788086	12663.023438
1553.769531	12432.458008
1552.750000	12605.630859
1551.730469	12144.900391
1550.710938	12104.453125
1549.691406	12137.582031
1548.670898	12071.053711
1547.650391	12087.571289
1546.630859	12196.568359
1545.609375	11833.691406
1544.588867	11715.125000
1543.567383	11729.328125
1542.546875	11527.895508
1541.525391	11880.907227
1540.502930	11968.492188
1539.481445	12226.544922
1538.458984	11975.452148
1537.436523	12126.875000
1536.414063	12169.370117
1535.391602	12268.634766
1534.369141	12259.036133
1533.345703	12495.422852
1532.322266	12261.130859
1531.298828	12168.789063
1530.274414	12093.030273
1529.250977	12102.379883
1528.226563	11962.869141
1527.202148	11981.689453
1526.177734	12291.007813
1525.152344	12094.868164
1524.127930	12373.344727
1523.102539	12420.387695
1522.077148	12495.730469
1521.051758	12245.439453
1520.025391	12278.324219
1518.999023	12424.401367
1517.972656	12577.492188
1516.946289	12478.266602
1515.919922	12699.635742
1514.892578	12640.485352
1513.865234	12760.419922
1512.837891	12835.547852
1511.810547	13270.974609
1510.783203	13218.816406
1509.754883	13496.258789
1508.726563	13441.720703
1507.698242	13356.613281
1506.669922	13812.659180
1505.640625	13762.792969
1504.612305	13830.532227
1503.583008	14342.629883
1502.553711	14480.744141
1501.523438	14809.174805
1500.494141	15074.026367
1499.463867	14803.121094
1498.433594	15046.723633
1497.403320	15290.225586
1496.372070	15296.490234
1495.340820	15537.493164
1494.310547	15494.416992
1493.278320	15596.837891
1492.247070	15474.003906
1491.215820	15585.766602
1490.183594	15233.171875
1489.151367	15445.751953
1488.119141	15032.382813
1487.085938	14787.919922
1486.053711	14686.483398
1485.020508	14568.689453
1483.987305	14476.707031
1482.954102	14092.054688
1481.919922	13873.782227
1480.885742	14025.426758
1479.852539	13779.173828
1478.817383	13734.236328
1477.783203	13729.084961
1476.748047	13932.085938
1475.713867	13845.053711
1474.678711	13874.947266
1473.642578	13816.008789
1472.607422	14067.896484
1471.571289	14422.480469
1470.536133	14326.088867
1469.499023	14306.805664
1468.462891	14553.712891
1467.426758	14534.388672
1466.389648	14739.134766
1465.352539	15037.136719
1464.315430	14658.436523
1463.277344	15091.619141
1462.240234	15382.366211
1461.202148	15686.982422
1460.164063	15653.461914
1459.125977	16235.242188
1458.086914	15931.321289
1457.047852	16242.561523
1456.009766	16127.427734
1454.969727	16275.487305
1453.930664	16174.361328
1452.890625	16191.993164
1451.851563	16123.506836
1450.811523	16362.186523
1449.770508	16403.029297
1448.730469	16439.203125
1447.689453	16310.257813
1446.648438	16062.794922
1445.607422	15929.329102
1444.566406	15946.974609
1443.525391	15764.791992
1442.483398	15624.498047
1441.441406	15335.619141
1440.399414	15511.267578
1439.356445	15241.101563
1438.314453	15295.998047
1437.271484	15334.626953
1436.228516	15134.265625
1435.184570	15156.671875
1434.141602	15230.090820
1433.097656	15036.828125
1432.053711	15209.922852
1431.009766	15005.152344
1429.965820	15185.133789
1428.920898	15105.557617
1427.875977	15116.350586
1426.831055	15036.820313
1425.786133	15080.036133
1424.740234	14907.948242
1423.695313	15205.757813
1422.649414	15047.595703
1421.602539	15037.560547
1420.556641	15170.934570
1419.510742	14934.250000
1418.463867	15044.467773
1417.416992	14828.708008
1416.369141	14867.256836
1415.322266	14848.023438
1414.274414	14713.290039
1413.226563	15052.092773
1412.178711	15085.942383
1411.130859	14489.497070
1410.082031	14301.855469
1409.033203	14444.300781
1407.984375	14678.977539
1406.935547	14440.660156
1405.886719	14458.444336
1404.836914	14282.526367
1403.787109	14196.591797
1402.737305	14461.038086
1401.687500	14310.575195
1400.636719	14194.732422
1399.585938	14412.943359
1398.535156	14363.914063
1397.484375	14370.165039
1396.433594	14155.413086
1395.381836	14090.353516
1394.330078	14237.022461
1393.278320	14227.185547
1392.226563	14035.639648
1391.173828	14035.045898
1390.121094	14050.545898
1389.068359	14318.901367
1388.015625	14001.085938
1386.961914	13968.327148
1385.909180	14027.474609
1384.855469	14203.735352
1383.801758	14258.215820
1382.747070	14650.169922
1381.693359	14654.034180
1380.638672	14722.155273
1379.583984	14882.025391
1378.529297	15044.124023
1377.473633	15045.606445
1376.418945	15168.620117
1375.363281	14979.789063
1374.307617	15017.956055
1373.250977	15127.146484
1372.195313	14736.815430
1371.138672	14807.075195
1370.082031	14998.687500
1369.025391	14688.763672
1367.967773	14800.194336
1366.910156	14856.646484
1365.853516	14908.498047
1364.794922	15161.659180
1363.737305	14865.741211
1362.678711	15050.197266
1361.621094	14882.463867
1360.562500	15384.588867
1359.502930	15509.397461
1358.444336	15691.279297
1357.384766	15923.345703
1356.325195	15627.692383
1355.265625	15777.463867
1354.206055	15817.582031
1353.145508	15793.767578
1352.084961	15792.784180
1351.024414	16058.761719
1349.963867	16185.472656
1348.902344	16141.071289
1347.841797	15998.634766
1346.780273	16273.464844
1345.717773	16160.689453
1344.656250	16009.217773
1343.593750	15974.007813
1342.532227	15943.367188
1341.469727	16135.931641
1340.406250	16166.748047
1339.343750	16313.653320
1338.280273	16462.773438
1337.216797	16320.553711
1336.153320	16333.101563
1335.088867	16256.931641
1334.025391	16299.048828
1332.960938	16313.864258
1331.896484	16224.102539
1330.831055	16173.014648
1329.766602	16315.091797
1328.701172	16195.849609
1327.635742	15915.389648
1326.570313	16002.927734
1325.503906	15849.765625
1324.438477	15692.125000
1323.372070	15539.087891
1322.304688	15472.335938
1321.238281	15317.137695
1320.171875	15549.841797
1319.104492	15646.392578
1318.037109	15339.355469
1316.968750	15424.574219
1315.901367	15353.390625
1314.833008	15214.264648
1313.764648	15283.597656
1312.696289	15271.369141
1311.627930	15399.532227
1310.558594	15461.989258
1309.489258	15284.502930
1308.419922	15367.322266
1307.350586	15391.283203
1306.280273	15345.112305
1305.209961	15267.298828
1304.139648	15393.008789
1303.069336	15534.490234
1301.999023	15289.437500
1300.927734	15620.685547
1299.856445	15420.898438
1298.785156	15772.308594
1297.713867	15378.364258
1296.641602	15454.192383
1295.569336	15450.983398
1294.497070	15280.771484
1293.424805	15367.851563
1292.351563	15642.129883
1291.279297	15336.659180
1290.206055	15664.946289
1289.131836	15704.526367
1288.058594	15750.851563
1286.984375	15664.198242
1285.910156	15555.050781
1284.835938	15997.829102
1283.761719	16350.337891
1282.686523	16680.183594
1281.612305	16683.468750
1280.537109	17042.365234
1279.460938	17371.857422
1278.385742	17818.199219
1277.309570	18174.382813
1276.233398	18854.250000
1275.157227	19014.460938
1274.081055	19765.800781
1273.003906	19903.277344
1271.926758	20146.304688
1270.849609	20481.333984
1269.772461	20407.445313
1268.694336	20924.169922
1267.616211	20279.964844
1266.538086	20046.791016
1265.459961	19665.599609
1264.381836	18954.742188
1263.302734	18643.474609
1262.223633	17995.919922
1261.144531	17877.816406
1260.065430	17683.539063
1258.985352	17404.169922
1257.905273	17281.777344
1256.825195	17293.861328
1255.745117	17086.423828
1254.664063	17176.923828
1253.583008	17083.785156
1252.501953	17015.306641
1251.420898	16888.666016
1250.339844	16880.671875
1249.257813	16622.119141
1248.175781	16670.097656
1247.093750	16451.945313
1246.011719	16341.200195
1244.928711	16284.146484
1243.845703	16325.449219
1242.762695	16234.905273
1241.679688	16332.045898
1240.595703	16295.138672
1239.512695	16126.500977
1238.428711	15681.101563
1237.343750	15872.018555
1236.259766	15562.982422
1235.174805	15751.611328
1234.089844	15458.341797
1233.004883	15133.971680
1231.919922	15391.689453
1230.833984	15502.169922
1229.748047	15273.828125
1228.662109	15359.772461
1227.576172	15309.782227
1226.489258	15386.772461
1225.402344	15076.245117
1224.315430	14928.377930
1223.228516	14911.905273
1222.141602	14621.698242
1221.053711	14816.675781
1219.965820	14882.543945
1218.877930	14786.022461
1217.789063	14422.699219
1216.701172	14312.972656
1215.612305	14358.882813
1214.523438	14551.443359
1213.433594	14430.646484
1212.344727	14252.145508
1211.254883	14140.343750
1210.165039	14221.764648
1209.075195	14476.305664
1207.984375	14317.916016
1206.893555	14166.248047
1205.803711	14347.426758
1204.711914	13996.186523
1203.621094	13831.372070
1202.529297	13702.101563
1201.437500	13670.418945
1200.345703	13350.636719
1199.253906	13024.340820
1198.161133	12904.205078
1197.068359	13085.337891
1195.975586	12960.808594
1194.882813	13285.757813
1193.789063	13515.390625
1192.696289	13658.620117
1191.602539	13693.375000
1190.507813	13754.658203
1189.414063	13780.530273
1188.319336	13943.481445
1187.224609	14265.532227
1186.129883	14156.455078
1185.034180	14568.924805
1183.939453	14596.803711
1182.843750	14982.500977
1181.748047	14882.195313
1180.651367	15033.630859
1179.555664	15072.423828
1178.458984	15259.066406
1177.362305	15172.021484
1176.265625	15358.563477
1175.167969	15090.673828
1174.070313	15175.715820
1172.972656	14702.941406
1171.875000	14629.324219
1170.777344	14300.103516
1169.678711	14030.508789
1168.580078	13970.293945
1167.481445	13835.222656
1166.381836	13502.037109
1165.283203	13633.493164
1164.183594	13604.222656
1163.083984	13579.364258
1161.983398	13521.513672
1160.883789	13413.097656
1159.783203	13606.005859
1158.682617	13491.018555
1157.581055	13389.268555
1156.480469	13773.261719
1155.378906	13878.038086
1154.277344	13962.999023
1153.175781	13951.282227
1152.073242	14246.996094
1150.970703	14663.333984
1149.868164	14897.312500
1148.765625	15142.165039
1147.663086	15630.454102
1146.559570	15754.400391
1145.456055	16049.357422
1144.352539	16267.447266
1143.249023	16051.384766
1142.144531	15929.658203
1141.040039	15961.372070
1139.935547	15920.774414
1138.831055	15608.586914
1137.725586	15316.238281
1136.620117	15006.496094
1135.514648	14736.285156
1134.409180	14632.515625
1133.302734	14795.733398
1132.197266	14530.109375
1131.089844	14356.457031
1129.983398	14112.902344
1128.876953	14282.646484
1127.769531	14478.547852
1126.662109	14451.464844
1125.554688	14356.661133
1124.446289	14187.626953
1123.338867	14204.297852
1122.230469	14555.032227
1121.122070	14458.099609
1120.012695	14588.193359
1118.904297	14572.031250
1117.794922	14540.602539
1116.685547	14947.603516
1115.575195	14894.300781
1114.465820	14651.336914
1113.355469	15265.135742
1112.245117	15009.118164
1111.133789	15008.136719
1110.023438	15007.154297
1108.912109	15167.340820
1107.800781	14946.396484
1106.689453	14599.274414
1105.577148	14530.901367
1104.464844	14318.931641
1103.352539	14078.766602
1102.240234	14208.488281
1101.127930	14077.183594
1100.014648	13998.116211
1098.901367	14262.548828
1097.788086	13931.362305
1096.673828	14071.837891
1095.560547	13845.107422
1094.446289	13596.751953
1093.332031	13667.717773
1092.216797	13888.458008
1091.102539	13714.049805
1089.987305	13815.325195
1088.872070	14003.346680
1087.755859	13950.500000
1086.640625	14010.452148
1085.524414	14126.754883
1084.408203	14340.562500
1083.291016	14096.952148
1082.174805	14202.326172
1081.057617	14244.825195
1079.940430	14454.092773
1078.823242	14535.500000
1077.705078	14131.880859
1076.586914	14258.778320
1075.468750	14320.694336
1074.350586	13967.139648
1073.232422	14065.866211
1072.113281	13881.215820
1070.994141	13932.343750
1069.875000	13765.093750
1068.754883	13859.452148
1067.634766	13787.372070
1066.514648	13968.107422
1065.394531	13995.397461
1064.274414	14044.272461
1063.153320	14138.468750
1062.032227	14152.750000
1060.911133	14266.306641
1059.790039	14140.294922
1058.667969	14404.820313
1057.545898	14257.260742
1056.423828	14029.973633
1055.301758	14458.209961
1054.178711	14041.285156
1053.055664	14161.156250
1051.932617	13998.717773
1050.809570	14103.465820
1049.685547	14186.631836
1048.561523	13991.989258
1047.437500	14169.865234
1046.313477	14052.791992
1045.188477	14140.198242
1044.063477	13902.697266
1042.938477	13809.413086
1041.813477	13825.844727
1040.687500	13911.071289
1039.562500	13766.250977
1038.436523	13417.318359
1037.309570	13208.200195
1036.183594	13205.403320
1035.056641	13032.929688
1033.929688	12894.885742
1032.802734	13564.134766
1031.674805	13913.279297
1030.547852	13616.331055
1029.419922	13971.750977
1028.291016	14050.303711
1027.163086	13978.698242
1026.034180	14055.070313
1024.905273	14242.882813
1023.776367	14102.695313
1022.646484	14161.847656
1021.517578	14523.045898
1020.387695	14549.954102
1019.257813	14519.030273
1018.126953	14563.052734
1016.996094	14673.414063
1015.866211	14725.944336
1014.734375	14872.594727
1013.603516	14572.094727
1012.471680	14714.436523
1011.339844	14760.495117
1010.208008	14810.808594
1009.076172	14972.243164
1007.943359	14979.750977
1006.810547	15040.665039
1005.677734	15443.314453
1004.544922	15501.966797
1003.411133	15714.321289
1002.277344	15480.443359
1001.143555	15073.794922
1000.009766	14931.901367
998.875000	14450.874023
997.740234	14473.399414
996.605469	14293.337891
995.470703	14055.790039
994.334961	14159.377930
993.199219	14118.011719
992.063477	13842.299805
990.927734	14005.506836
989.791016	14347.536133
988.654297	14293.386719
987.517578	13915.687500
986.380859	14165.998047
985.243164	14056.593750
984.105469	13928.088867
982.967773	14273.947266
981.830078	13954.064453
980.691406	13965.979492
979.553711	14201.076172
978.414063	13615.767578
977.275391	13729.729492
976.136719	13357.192383
974.997070	13426.559570
973.857422	13347.262695
972.716797	13656.486328
971.577148	13893.415039
970.436523	13837.409180
969.295898	13978.727539
968.155273	14304.518555
967.013672	14032.155273
965.872070	14415.039063
964.730469	14223.315430
963.588867	14252.076172
962.446289	14179.120117
961.303711	14104.076172
960.161133	13954.936523
959.018555	14153.123047
957.875977	14137.407227
956.732422	13886.757813
955.588867	14171.589844
954.444336	14134.720703
953.300781	13841.924805
952.156250	14058.910156
951.011719	13762.025391
949.867188	14050.804688
948.721680	13813.221680
947.576172	14042.702148
946.430664	14202.371094
945.285156	14243.696289
944.138672	14067.507813
942.993164	14488.849609
941.846680	14323.236328
940.699219	14339.173828
939.552734	14779.173828
938.405273	14854.067383
937.257813	14815.046875
936.110352	15071.225586
934.961914	14979.474609
933.813477	15589.576172
932.665039	16060.347656
931.516602	16501.423828
930.367188	16685.353516
929.217773	17052.406250
928.068359	16983.500000
926.918945	17400.845703
925.768555	17615.988281
924.619141	17496.509766
923.468750	17526.429688
922.317383	16963.273438
921.166992	16692.617188
920.015625	16344.297852
918.864258	16231.517578
917.711914	15812.000000
916.560547	15470.390625
915.408203	15141.528320
914.255859	14835.905273
913.103516	14805.441406
911.950195	14350.987305
910.796875	14175.837891
909.643555	14221.063477
908.490234	14182.363281
907.335938	13982.191406
906.181641	14279.041016
905.027344	14097.799805
903.873047	13956.457031
902.717773	13919.944336
901.562500	13883.447266
900.407227	14066.891602
899.251953	13988.495117
898.095703	13820.104492
896.939453	14208.574219
895.783203	14063.226563
894.626953	14095.786133
893.469727	14291.494141
892.312500	14351.177734
891.155273	14007.280273
889.998047	14006.372070
888.839844	13823.628906
887.681641	13868.729492
886.523438	13961.861328
885.365234	14219.959961
884.206055	14060.294922
883.046875	13940.365234
881.887695	13858.058594
880.727539	13744.483398
879.568359	13837.516602
878.408203	14139.111328
877.248047	13712.708984
876.086914	13857.814453
874.925781	14044.550781
873.765625	14045.708984
872.603516	13707.207031
871.442383	13912.603516
870.280273	13780.481445
869.118164	13846.247070
867.956055	13820.375977
866.792969	13909.000977
865.630859	13849.828125
864.467773	13476.498047
863.303711	13662.907227
862.140625	13568.465820
860.976563	13644.569336
859.812500	13785.084961
858.648438	13987.892578
857.483398	14117.881836
856.318359	14156.403320
855.153320	14454.543945
853.988281	14227.162109
852.823242	14356.985352
851.657227	14407.873047
850.491211	14500.244141
849.324219	14312.466797
848.158203	14879.860352
846.991211	15028.065430
845.824219	15051.792969
844.656250	15069.291016
843.489258	15258.809570
842.321289	15622.310547
841.153320	15357.913086
839.984375	15433.322266
838.816406	15463.139648
837.647461	15426.689453
836.478516	15646.931641
835.308594	15577.342773
834.139648	15437.434570
832.969727	15531.341797
831.799805	15443.206055
830.628906	15530.866211
829.458008	15550.266602
828.287109	15834.215820
827.116211	16155.237305
825.945313	15994.749023
824.773438	16235.040039
823.601563	15771.034180
822.429688	15751.123047
821.256836	15514.480469
820.084961	14892.016602
818.912109	14688.670898
817.738281	14425.588867
816.565430	14164.681641
815.391602	14336.900391
814.217773	14177.136719
813.043945	14481.186523
811.869141	14455.401367
810.694336	14534.696289
809.519531	14253.499023
808.344727	14326.623047
807.168945	14239.124023
805.993164	14003.454102
804.817383	13644.407227
803.641602	13898.659180
802.464844	13856.579102
801.288086	13948.199219
800.111328	13620.312500
798.933594	13905.183594
797.756836	13910.407227
796.579102	14055.360352
795.401367	14136.561523
794.222656	13954.816406
793.043945	14153.054688
791.865234	13907.736328
790.686523	13789.788086
789.507813	13725.247070
788.328125	14019.793945
787.148438	14162.414063
785.968750	14153.206055
784.788086	13692.902344
783.607422	13597.697266
782.426758	13832.512695
781.246094	13874.607422
780.064453	14094.918945
778.882813	13938.258789
777.701172	13906.581055
776.519531	13639.469727
775.336914	13812.559570
774.154297	14089.942383
772.971680	13941.631836
771.789063	13805.658203
770.605469	13931.520508
769.421875	14261.796875
768.238281	14424.301758
767.053711	14537.682617
765.870117	14362.898438
764.685547	14245.389648
763.500000	14661.022461
762.315430	14704.821289
761.129883	14701.643555
759.944336	14782.153320
758.758789	14966.705078
757.572266	14928.784180
756.385742	14680.774414
755.199219	14459.383789
754.012695	14796.763672
752.825195	14502.054688
751.637695	14311.414063
750.450195	14428.540039
749.262695	14527.278320
748.074219	14638.193359
746.885742	14869.203125
745.697266	14528.030273
744.507813	14685.685547
743.319336	14869.726563
742.129883	14819.713867
740.939453	15148.066406
739.750000	15209.865234
738.559570	15672.182617
737.369141	16152.594727
736.178711	16303.556641
734.987305	16625.132813
733.795898	17198.470703
732.604492	17452.687500
731.413086	17247.876953
730.220703	17215.718750
729.028320	16976.541016
727.835938	16256.529297
726.643555	15755.941406
725.450195	15127.781250
724.256836	14960.237305
723.063477	15234.764648
721.869141	15022.673828
720.675781	14816.752930
719.481445	14681.837891
718.286133	14757.659180
717.091797	14784.838867
715.896484	14724.935547
714.701172	14948.479492
713.505859	14912.852539
712.309570	14939.971680
711.113281	14675.747070
709.916992	15075.077148
708.720703	15358.965820
707.523438	15588.140625
706.326172	15794.980469
705.128906	15682.421875
703.930664	15272.899414
702.732422	15134.240234
701.534180	15074.405273
700.335938	15186.225586
699.137695	15677.518555
697.938477	16104.011719
696.739258	16278.086914
695.539063	16571.111328
694.339844	16373.881836
693.139648	17324.152344
691.939453	17620.789063
690.738281	18769.923828
689.538086	19140.677734
688.336914	19638.203125
687.135742	20024.720703
685.933594	20622.529297
684.731445	21650.962891
683.529297	22656.804688
682.327148	23002.072266
681.125000	22671.099609
679.921875	22195.423828
678.718750	21651.572266
677.514648	20737.955078
676.311523	20425.851563
675.107422	20186.240234
673.903320	20033.142578
672.698242	19924.310547
671.494141	19337.460938
670.289063	19001.896484
669.083008	18272.947266
667.877930	18008.013672
666.671875	17761.255859
665.465820	17701.208984
664.259766	17952.123047
663.052734	17805.816406
661.845703	17930.269531
660.638672	17888.275391
659.431641	17778.152344
658.223633	17876.478516
657.015625	17954.724609
655.807617	18361.427734
654.599609	18469.570313
653.390625	18463.544922
652.181641	18667.695313
650.972656	18627.605469
649.762695	18199.375000
648.552734	18171.404297
647.342773	17869.453125
646.132813	18095.500000
644.921875	17827.677734
643.710938	17324.132813
642.500000	16656.955078
641.289063	16147.889648
640.077148	15958.617188
638.865234	16015.042969
637.653320	15618.249023
636.440430	15345.379883
635.228516	15270.191406
634.014648	15374.597656
632.801758	15143.845703
631.588867	14979.004883
630.375000	14975.735352
629.161133	15253.537109
627.946289	15493.350586
626.731445	15179.132813
625.516602	15277.416016
624.301758	15242.213867
623.086914	15459.912109
621.871094	15456.536133
620.655273	15421.314453
619.439453	15234.873047
618.222656	15291.230469
617.005859	15441.047852
615.789063	15517.218750
614.572266	15299.104492
613.354492	15168.544922
612.136719	14767.766602
610.918945	14716.853516
609.700195	14759.325195
608.482422	14853.414063
607.263672	14494.748047
606.043945	14648.406250
604.825195	14508.257813
603.605469	14483.257813
602.385742	14400.737305
601.165039	14137.760742
599.945313	14132.685547
598.724609	14119.681641
597.502930	13686.474609
596.282227	14103.595703
595.060547	13759.735352
593.838867	13437.814453
592.617188	13179.405273
591.394531	13279.477539
590.171875	13179.575195
588.949219	12935.243164
587.726563	12912.625000
586.502930	13691.190430
585.279297	13630.836914
584.055664	13896.770508
582.831055	13943.150391
581.607422	14365.039063
580.382813	14227.521484
579.157227	14686.698242
577.932617	14562.995117
576.707031	14745.430664
575.481445	14910.015625
574.254883	14810.028320
573.028320	14923.215820
571.801758	15097.516602
570.575195	15285.547852
569.348633	15189.505859
568.121094	15154.628906
566.893555	15003.458984
565.665039	15037.616211
564.437500	14953.531250
563.208984	14977.831055
561.980469	15057.267578
560.750977	15489.141602
559.521484	15735.767578
558.291992	15610.283203
557.062500	15982.713867
555.833008	15768.694336
554.602539	15684.588867
553.372070	15663.447266
552.140625	15809.433594
550.909180	15493.420898
549.677734	14963.335938
548.446289	14498.320313
547.214844	14281.020508
545.982422	14268.064453
544.750000	14370.960938
543.517578	14538.592773
542.284180	14666.897461
541.050781	14936.423828
539.817383	14899.791992
538.583008	14608.199219
537.349609	14557.926758
536.115234	14401.808594
534.879883	14898.460938
533.645508	14985.329102
532.410156	14658.766602
531.174805	14653.585938
529.938477	14781.573242
528.703125	15066.135742
527.466797	15532.619141
526.230469	15957.797852
524.993164	17165.435547
523.755859	18781.386719
522.518555	20028.941406
521.281250	19915.037109
520.042969	18974.259766
518.804688	17134.837891
517.566406	16013.355469
516.328125	14964.650391
515.088867	14502.359375
513.849609	14335.136719
512.610352	14771.252930
511.370117	15008.083984
510.129883	15469.227539
508.889648	15495.086914
507.649414	15671.129883
506.408203	15755.436523
505.166992	15673.976563
503.925781	15202.689453
502.683594	14889.467773
