1802.209961	7279.252930
1801.240234	7301.727539
1800.271484	7167.945313
1799.301758	7238.902832
1798.332031	7182.551758
1797.362305	6931.599121
1796.392578	6628.358398
1795.421875	6671.928711
1794.451172	6570.848633
1793.480469	6953.485352
1792.509766	7158.988281
1791.539063	7087.776367
1790.567383	6934.366699
1789.596680	6783.508789
1788.625000	6839.438477
1787.653320	6917.757324
1786.680664	6986.085449
1785.708984	7114.126953
1784.736328	7620.398926
1783.763672	7559.158203
1782.791016	7652.178711
1781.818359	7581.006348
1780.844727	7795.833496
1779.871094	8027.978027
1778.897461	8088.514648
1777.923828	7888.078613
1776.950195	7570.940918
1775.975586	7306.098145
1775.001953	7259.929199
1774.027344	7265.925781
1773.052734	7505.296387
1772.077148	7662.656738
1771.102539	8073.091309
1770.126953	8371.705078
1769.151367	8585.853516
1768.175781	8460.122070
1767.200195	8517.941406
1766.223633	8870.768555
1765.247070	9030.111328
1764.271484	8773.041992
1763.293945	8820.839844
1762.317383	8363.255859
1761.340820	8309.567383
1760.363281	8332.666016
1759.385742	8610.758789
1758.408203	8720.420898
1757.429688	9104.740234
1756.452148	9382.510742
1755.473633	9244.571289
1754.495117	8973.127930
1753.516602	8724.048828
1752.538086	8309.424805
1751.558594	8473.370117
1750.579102	8390.118164
1749.600586	8721.996094
1748.620117	8957.398438
1747.640625	8696.269531
1746.661133	8496.978516
1745.680664	8078.040527
1744.700195	8061.609863
1743.719727	8294.438477
1742.738281	8260.698242
1741.757813	8411.986328
1740.776367	8286.979492
1739.794922	8223.669922
1738.813477	8194.900391
1737.832031	8015.784668
1736.849609	7856.455078
1735.867188	8081.555664
1734.884766	8235.126953
1733.902344	8351.692383
1732.919922	8579.019531
1731.936523	8432.043945
1730.953125	8122.673828
1729.969727	7810.966309
1728.986328	7501.843750
1728.002930	7716.811035
1727.018555	7848.070801
1726.035156	8112.060059
1725.050781	8540.659180
1724.065430	8792.113281
1723.081055	8320.970703
1722.095703	8034.290039
1721.111328	7998.284668
1720.125977	7787.918945
1719.139648	7631.657715
1718.154297	7809.337891
1717.167969	7773.405273
1716.182617	8036.875000
1715.196289	7865.966797
1714.208984	8129.311523
1713.222656	8250.302734
1712.235352	8476.682617
1711.248047	8590.200195
1710.260742	8380.133789
1709.273438	8358.843750
1708.286133	8136.656250
1707.297852	8132.569824
1706.309570	8118.687988
1705.321289	8241.931641
1704.333008	8624.624023
1703.344727	8796.667969
1702.355469	9015.136719
1701.366211	9394.994141
1700.376953	9236.550781
1699.387695	9403.439453
1698.397461	9235.277344
1697.408203	9086.739258
1696.417969	8715.842773
1695.427734	9036.650391
1694.436523	9193.636719
1693.446289	9262.622070
1692.455078	9375.539063
1691.463867	9649.561523
1690.472656	9730.619141
1689.481445	9638.352539
1688.489258	9487.557617
1687.498047	9693.022461
1686.505859	9932.552734
1685.512695	10003.712891
1684.520508	9894.414063
1683.528320	9256.165039
1682.535156	9237.238281
1681.541992	9330.410156
1680.548828	9720.771484
1679.554688	9843.037109
1678.561523	10016.393555
1677.567383	10155.592773
1676.573242	10121.898438
1675.579102	10200.173828
1674.584961	10263.816406
1673.589844	10081.714844
1672.594727	10142.922852
1671.599609	10191.945313
1670.604492	10002.673828
1669.608398	9670.054688
1668.613281	9386.177734
1667.617188	9717.180664
1666.621094	9916.860352
1665.625000	9965.866211
1664.627930	9939.570313
1663.631836	9750.612305
1662.634766	9362.679688
1661.637695	9331.665039
1660.639648	9822.354492
1659.642578	9616.588867
1658.644531	9452.138672
1657.646484	9607.855469
1656.648438	10095.666016
1655.650391	10256.036133
1654.652344	10212.764648
1653.653320	10222.816406
1652.654297	9649.028320
1651.655273	9627.702148
1650.655273	9669.344727
1649.656250	9996.658203
1648.656250	10338.362305
1647.656250	10152.344727
1646.656250	10009.955078
1645.656250	10090.181641
1644.655273	9805.161133
1643.654297	10332.753906
1642.653320	10127.581055
1641.652344	10067.521484
1640.651367	9838.317383
1639.649414	9604.372070
1638.647461	10211.187500
1637.645508	10271.917969
1636.643555	10178.080078
1635.641602	10028.752930
1634.638672	10169.134766
1633.635742	10210.516602
1632.632813	10116.764648
1631.629883	10006.164063
1630.625977	9946.255859
1629.623047	10117.857422
1628.619141	10624.493164
1627.615234	10974.250977
1626.610352	11027.456055
1625.606445	11095.094727
1624.601563	11097.666016
1623.596680	10782.329102
1622.591797	10900.540039
1621.586914	10383.147461
1620.581055	10284.767578
1619.575195	10119.046875
1618.569336	10345.561523
1617.563477	10194.327148
1616.557617	10348.584961
1615.550781	10382.555664
1614.543945	10673.739258
1613.537109	10991.242188
1612.530273	11457.604492
1611.522461	11577.810547
1610.515625	11875.719727
1609.507813	12007.799805
1608.500000	11515.546875
1607.492188	11412.387695
1606.483398	11136.461914
1605.474609	11225.389648
1604.466797	11887.670898
1603.457031	12168.299805
1602.448242	12173.025391
1601.439453	12148.977539
1600.429688	11904.397461
1599.419922	11770.165039
1598.410156	11918.737305
1597.399414	12184.640625
1596.389648	12364.206055
1595.378906	12292.249023
1594.368164	12323.273438
1593.357422	13014.967773
1592.345703	13163.103516
1591.334961	13311.177734
1590.323242	12885.035156
1589.311523	12487.766602
1588.298828	12148.050781
1587.287109	12277.081055
1586.274414	12076.186523
1585.261719	11951.849609
1584.249023	11667.472656
1583.236328	12054.496094
1582.222656	12517.792969
1581.209961	12438.834961
1580.196289	12295.447266
1579.182617	11911.032227
1578.167969	11875.201172
1577.154297	11693.836914
1576.139648	11851.291016
1575.125000	11605.607422
1574.110352	11507.866211
1573.094727	11588.969727
1572.079102	11519.873047
1571.064453	11469.869141
1570.048828	11574.754883
1569.032227	11767.735352
1568.016602	11772.487305
1567.000000	11412.918945
1565.983398	11520.108398
1564.966797	11163.116211
1563.950195	11486.866211
1562.932617	11596.352539
1561.915039	11777.156250
1560.897461	11772.381836
1559.879883	11677.252930
1558.862305	11503.711914
1557.843750	11539.399414
1556.825195	11534.673828
1555.806641	11427.789063
1554.788086	11900.534180
1553.769531	11943.234375
1552.750000	11833.955078
1551.730469	11938.371094
1550.710938	11620.274414
1549.691406	11463.666992
1548.670898	11380.668945
1547.650391	11432.906250
1546.630859	11689.070313
1545.609375	11423.506836
1544.588867	11267.095703
1543.567383	10906.923828
1542.546875	11049.244141
1541.525391	11134.648438
1540.502930	11248.440430
1539.481445	11511.375977
1538.458984	11520.868164
1537.436523	11530.355469
1536.414063	11622.670898
1535.391602	11554.048828
1534.369141	11783.531250
1533.345703	11518.589844
1532.322266	11610.830078
1531.298828	11312.930664
1530.274414	11381.537109
1529.250977	11639.176758
1528.226563	11419.424805
1527.202148	11291.891602
1526.177734	11662.758789
1525.152344	11787.892578
1524.127930	11740.629883
1523.102539	11792.523438
1522.077148	11716.959961
1521.051758	11818.382813
1520.025391	11778.227539
1518.999023	11912.614258
1517.972656	12117.685547
1516.946289	11943.113281
1515.919922	12209.375000
1514.892578	12072.559570
1513.865234	12312.768555
1512.837891	12437.455078
1511.810547	12463.175781
1510.783203	12573.651367
1509.754883	12862.996094
1508.726563	12952.160156
1507.698242	12813.030273
1506.669922	13266.834961
1505.640625	13155.921875
1504.612305	13423.682617
1503.583008	13714.845703
1502.553711	13930.664063
1501.523438	13934.867188
1500.494141	14120.003906
1499.463867	14469.516602
1498.433594	14626.279297
1497.403320	14853.428711
1496.372070	14634.385742
1495.340820	15091.485352
1494.310547	15062.582031
1493.278320	14569.093750
1492.247070	14810.094727
1491.215820	14811.755859
1490.183594	14780.585938
1489.151367	14615.789063
1488.119141	14598.734375
1487.085938	14373.107422
1486.053711	14262.383789
1485.020508	14179.816406
1483.987305	13687.409180
1482.954102	13387.217773
1481.919922	13400.865234
1480.885742	13260.020508
1479.852539	13205.821289
1478.817383	13046.355469
1477.783203	13471.766602
1476.748047	13433.926758
1475.713867	13396.100586
1474.678711	13442.451172
1473.642578	13643.045898
1472.607422	13502.375977
1471.571289	13714.556641
1470.536133	13646.341797
1469.499023	13863.075195
1468.462891	14042.360352
1467.426758	14165.542969
1466.389648	14227.992188
1465.352539	14253.077148
1464.315430	14089.176758
1463.277344	14375.524414
1462.240234	14720.056641
1461.202148	14777.660156
1460.164063	15045.040039
1459.125977	15254.042969
1458.086914	15127.416016
1457.047852	15336.314453
1456.009766	15493.883789
1454.969727	15418.514648
1453.930664	15280.313477
1452.890625	15412.188477
1451.851563	15560.300781
1450.811523	15498.937500
1449.770508	16028.488281
1448.730469	15567.003906
1447.689453	15566.133789
1446.648438	15488.541992
1445.607422	15438.874023
1444.566406	15463.591797
1443.525391	15269.891602
1442.483398	15171.513672
1441.441406	14838.599609
1440.399414	14770.535156
1439.356445	14702.497070
1438.314453	14476.652344
1437.271484	14566.503906
1436.228516	14616.874023
1435.184570	14634.748047
1434.141602	14791.765625
1433.097656	14436.282227
1432.053711	14658.183594
1431.009766	14597.227539
1429.965820	14663.746094
1428.920898	14628.296875
1427.875977	14342.697266
1426.831055	14404.592773
1425.786133	14473.408203
1424.740234	14382.465820
1423.695313	14273.044922
1422.649414	14321.016602
1421.602539	14456.879883
1420.556641	14474.723633
1419.510742	14545.746094
1418.463867	14276.869141
1417.416992	14377.953125
1416.369141	14314.906250
1415.322266	14515.294922
1414.274414	14255.882813
1413.226563	13991.956055
1412.178711	14127.627930
1411.130859	14226.303711
1410.082031	14105.655273
1409.033203	13805.049805
1407.984375	14092.925781
1406.935547	14023.126953
1405.886719	13925.679688
1404.836914	13897.447266
1403.787109	13767.789063
1402.737305	13940.126953
1401.687500	13674.549805
1400.636719	13703.988281
1399.585938	13685.040039
1398.535156	13645.373047
1397.484375	13796.832031
1396.433594	13713.416016
1395.381836	13763.527344
1394.330078	13410.920898
1393.278320	13320.731445
1392.226563	13543.403320
1391.173828	13632.598633
1390.121094	13432.055664
1389.068359	13376.415039
1388.015625	13369.060547
1386.961914	13412.259766
1385.909180	13538.143555
1384.855469	13526.164063
1383.801758	13730.048828
1382.747070	13984.357422
1381.693359	13990.654297
1380.638672	14407.745117
1379.583984	14368.061523
1378.529297	14537.147461
1377.473633	14336.903320
1376.418945	14425.666992
1375.363281	14443.323242
1374.307617	14266.140625
1373.250977	14364.028320
1372.195313	14230.466797
1371.138672	14266.470703
1370.082031	14327.651367
1369.025391	14130.063477
1367.967773	14378.966797
1366.910156	13957.145508
1365.853516	14151.059570
1364.794922	14322.013672
1363.737305	14444.861328
1362.678711	14567.658203
1361.621094	14786.433594
1360.562500	14934.251953
1359.502930	14784.894531
1358.444336	14941.791016
1357.384766	15068.921875
1356.325195	15145.750977
1355.265625	15023.872070
1354.206055	15166.887695
1353.145508	15193.426758
1352.084961	15288.419922
1351.024414	15162.044922
1349.963867	15391.597656
1348.902344	15187.706055
1347.841797	15558.535156
1346.780273	15555.317383
1345.717773	15251.223633
1344.656250	15056.641602
1343.593750	15117.322266
1342.532227	15191.644531
1341.469727	15666.771484
1340.406250	15433.551758
1339.343750	15630.692383
1338.280273	15443.096680
1337.216797	15599.191406
1336.153320	15541.359375
1335.088867	15335.697266
1334.025391	15580.408203
1332.960938	15488.507813
1331.896484	15453.474609
1330.831055	15436.637695
1329.766602	15499.337891
1328.701172	15593.815430
1327.635742	15554.244141
1326.570313	15385.247070
1325.503906	15288.972656
1324.438477	15076.970703
1323.372070	14753.850586
1322.304688	14859.705078
1321.238281	14960.978516
1320.171875	14989.629883
1319.104492	14576.088867
1318.037109	14595.738281
1316.968750	14789.912109
1315.901367	14823.104492
1314.833008	14742.996094
1313.764648	14468.110352
1312.696289	14619.114258
1311.627930	14407.766602
1310.558594	14615.314453
1309.489258	14761.665039
1308.419922	14656.772461
1307.350586	14531.561523
1306.280273	14786.409180
1305.209961	14855.708984
1304.139648	14698.876953
1303.069336	14628.009766
1301.999023	14638.534180
1300.927734	14581.265625
1299.856445	14815.448242
1298.785156	14773.975586
1297.713867	14818.330078
1296.641602	14794.933594
1295.569336	14672.226563
1294.497070	14576.651367
1293.424805	14815.050781
1292.351563	14915.743164
1291.279297	15090.821289
1290.206055	14907.292969
1289.131836	14987.610352
1288.058594	14964.210938
1286.984375	14983.636719
1285.910156	15147.248047
1284.835938	15211.677734
1283.761719	15726.502930
1282.686523	15820.054688
1281.612305	16053.139648
1280.537109	16306.382813
1279.460938	16804.796875
1278.385742	17312.001953
1277.309570	17609.808594
1276.233398	18089.646484
1275.157227	18342.197266
1274.081055	18898.111328
1273.003906	19348.162109
1271.926758	19348.630859
1270.849609	19890.503906
1269.772461	20014.390625
1268.694336	19765.458984
1267.616211	19581.738281
1266.538086	19384.625000
1265.459961	19118.023438
1264.381836	18200.861328
1263.302734	18066.964844
1262.223633	17601.195313
1261.144531	17373.300781
1260.065430	17138.775391
1258.985352	16790.037109
1257.905273	16562.451172
1256.825195	16615.011719
1255.745117	16313.636719
1254.664063	16522.990234
1253.583008	16172.500000
1252.501953	16370.601563
1251.420898	16378.380859
1250.339844	16263.086914
1249.257813	16027.033203
1248.175781	15974.485352
1247.093750	15883.943359
1246.011719	15876.161133
1244.928711	15678.380859
1243.845703	15641.589844
1242.762695	15658.438477
1241.679688	15360.298828
1240.595703	15374.963867
1239.512695	15478.939453
1238.428711	15352.923828
1237.343750	15282.760742
1236.259766	15223.784180
1235.174805	15211.683594
1234.089844	14931.911133
1233.004883	14712.468750
1231.919922	14644.737305
1230.833984	14806.645508
1229.748047	14841.444336
1228.662109	14713.561523
1227.576172	14790.693359
1226.489258	14544.820313
1225.402344	14508.380859
1224.315430	14498.671875
1223.228516	14257.463867
1222.141602	14247.810547
1221.053711	14024.554688
1219.965820	14181.795898
1218.877930	14018.697266
1217.789063	14195.885742
1216.701172	13875.001953
1215.612305	13478.679688
1214.523438	13969.208008
1213.433594	13593.025391
1212.344727	13639.054688
1211.254883	13700.609375
1210.165039	13722.170898
1209.075195	13699.323242
1207.984375	13518.900391
1206.893555	13331.895508
1205.803711	13466.659180
1204.711914	13332.975586
1203.621094	13217.087891
1202.529297	13010.344727
1201.437500	13029.791016
1200.345703	12807.658203
1199.253906	12481.475586
1198.161133	12399.113281
1197.068359	12323.428711
1195.975586	12387.282227
1194.882813	12794.266602
1193.789063	12922.183594
1192.696289	12917.265625
1191.602539	12868.099609
1190.507813	13110.946289
1189.414063	13349.266602
1188.319336	13348.683594
1187.224609	13418.840820
1186.129883	13486.758789
1185.034180	13780.041992
1183.939453	14088.666992
1182.843750	14412.623047
1181.748047	14440.521484
1180.651367	14313.853516
1179.555664	14529.392578
1178.458984	14570.488281
1177.362305	14671.141602
1176.265625	14679.097656
1175.167969	14570.153320
1174.070313	14434.791992
1172.972656	14136.340820
1171.875000	13873.281250
1170.777344	13691.870117
1169.678711	13607.478516
1168.580078	13161.858398
1167.481445	13042.373047
1166.381836	13114.502930
1165.283203	13054.515625
1164.183594	13016.562500
1163.083984	12776.176758
1161.983398	12995.702148
1160.883789	13050.165039
1159.783203	13062.821289
1158.682617	12945.750000
1157.581055	13121.087891
1156.480469	12964.492188
1155.378906	13166.119141
1154.277344	13260.015625
1153.175781	13417.566406
1152.073242	13544.308594
1150.970703	14055.197266
1149.868164	14251.989258
1148.765625	14718.624023
1147.663086	15031.476563
1146.559570	15295.938477
1145.456055	15231.318359
1144.352539	15820.141602
1143.249023	15608.557617
1142.144531	15848.563477
1141.040039	15354.384766
1139.935547	15298.578125
1138.831055	14877.002930
1137.725586	14617.657227
1136.620117	14354.040039
1135.514648	14042.375977
1134.409180	14059.121094
1133.302734	13957.702148
1132.197266	13972.268555
1131.089844	13798.733398
1129.983398	13817.698242
1128.876953	13819.165039
1127.769531	13696.041992
1126.662109	13791.500000
1125.554688	13926.245117
1124.446289	13927.684570
1123.338867	14031.767578
1122.230469	14155.456055
1121.122070	13814.111328
1120.012695	13734.814453
1118.904297	14035.235352
1117.794922	14147.908203
1116.685547	14496.099609
1115.575195	14495.229492
1114.465820	14293.774414
1113.355469	14600.296875
1112.245117	14470.820313
1111.133789	14530.960938
1110.023438	14473.440430
1108.912109	14232.994141
1107.800781	14253.949219
1106.689453	13983.169922
1105.577148	14060.758789
1104.464844	13579.047852
1103.352539	13556.605469
1102.240234	13423.236328
1101.127930	13435.630859
1100.014648	13665.449219
1098.901367	13514.748047
1097.788086	13244.574219
1096.673828	13313.488281
1095.560547	13319.372070
1094.446289	13262.263672
1093.332031	13365.873047
1092.216797	13289.237305
1091.102539	13392.795898
1089.987305	13300.994141
1088.872070	13235.266602
1087.755859	13395.169922
1086.640625	13550.666016
1085.524414	13443.726563
1084.408203	13618.657227
1083.291016	13997.250977
1082.174805	13519.730469
1081.057617	13772.525391
1079.940430	13763.121094
1078.823242	13474.356445
1077.705078	13804.944336
1076.586914	13700.289063
1075.468750	13924.640625
1074.350586	13716.142578
1073.232422	13373.605469
1072.113281	13390.247070
1070.994141	13320.384766
1069.875000	13362.971680
1068.754883	13288.820313
1067.634766	13452.412109
1066.514648	13449.570313
1065.394531	13429.447266
1064.274414	13541.071289
1063.153320	13477.751953
1062.032227	13345.378906
1060.911133	13679.251953
1059.790039	13523.153320
1058.667969	13720.930664
1057.545898	13756.854492
1056.423828	13680.625977
1055.301758	13520.344727
1054.178711	13534.730469
1053.055664	13687.035156
1051.932617	13453.592773
1050.809570	13465.826172
1049.685547	13605.124023
1048.561523	13638.851563
1047.437500	13607.979492
1046.313477	13452.282227
1045.188477	13430.068359
1044.063477	13459.498047
1042.938477	13370.609375
1041.813477	13144.122070
1040.687500	13231.643555
1039.562500	13071.918945
1038.436523	12903.665039
1037.309570	12567.880859
1036.183594	12524.402344
1035.056641	12420.802734
1033.929688	12632.908203
1032.802734	12698.933594
1031.674805	13155.583008
1030.547852	13249.366211
1029.419922	13100.662109
1028.291016	13338.135742
1027.163086	13431.817383
1026.034180	13476.143555
1024.905273	13638.353516
1023.776367	13461.858398
1022.646484	13917.566406
1021.517578	13942.466797
1020.387695	13980.207031
1019.257813	14300.602539
1018.126953	14068.483398
1016.996094	14031.250977
1015.866211	14062.516602
1014.734375	14029.579102
1013.603516	14039.438477
1012.471680	14205.419922
1011.339844	14238.756836
1010.208008	14150.222656
1009.076172	14239.126953
1007.943359	14409.195313
1006.810547	14730.878906
1005.677734	14674.352539
1004.544922	15049.230469
1003.411133	15011.874023
1002.277344	14861.396484
1001.143555	14497.562500
1000.009766	14255.505859
998.875000	14124.481445
997.740234	13699.181641
996.605469	13781.567383
995.470703	13497.225586
994.334961	13424.019531
993.199219	13370.023438
992.063477	13590.892578
990.927734	13605.045898
989.791016	13653.266602
988.654297	13543.904297
987.517578	13675.137695
986.380859	13478.555664
985.243164	13665.069336
984.105469	13364.328125
982.967773	13527.388672
981.830078	13250.194336
980.691406	13493.998047
979.553711	13327.458008
978.414063	13520.136719
977.275391	13126.318359
976.136719	12989.699219
974.997070	12961.451172
973.857422	12943.830078
972.716797	13187.330078
971.577148	13415.868164
970.436523	13799.212891
969.295898	13755.967773
968.155273	13672.439453
967.013672	13616.513672
965.872070	13569.090820
964.730469	13803.610352
963.588867	13605.699219
962.446289	13776.544922
961.303711	13771.493164
960.161133	13815.154297
959.018555	13426.833984
957.875977	13523.473633
956.732422	13700.500000
955.588867	13602.356445
954.444336	13455.593750
953.300781	13482.339844
952.156250	13494.269531
951.011719	13427.964844
949.867188	13556.162109
948.721680	13236.261719
947.576172	13560.948242
946.430664	13408.069336
945.285156	13567.838867
944.138672	13877.463867
942.993164	13933.616211
941.846680	13951.751953
940.699219	14081.722656
939.552734	14340.334961
938.405273	14292.979492
937.257813	14511.365234
936.110352	14662.186523
934.961914	14899.370117
933.813477	15007.890625
932.665039	15514.607422
931.516602	15947.374023
930.367188	16234.625977
929.217773	16500.697266
928.068359	16434.015625
926.918945	16803.066406
925.768555	16807.896484
924.619141	16831.658203
923.468750	16731.302734
922.317383	16616.267578
921.166992	16148.041992
920.015625	15656.891602
918.864258	15186.966797
917.711914	15028.229492
916.560547	14829.642578
915.408203	14530.322266
914.255859	14426.420898
913.103516	14240.684570
911.950195	14029.837891
910.796875	13907.220703
909.643555	13918.934570
908.490234	13639.066406
907.335938	13621.469727
906.181641	13712.911133
905.027344	13609.355469
903.873047	13405.240234
902.717773	13519.717773
901.562500	13451.880859
900.407227	13545.352539
899.251953	13527.795898
898.095703	13579.335938
896.939453	13542.939453
895.783203	13527.484375
894.626953	13476.466797
893.469727	13387.817383
892.312500	13518.800781
891.155273	13597.454102
889.998047	13301.873047
888.839844	13495.490234
887.681641	13275.281250
886.523438	13389.431641
885.365234	13766.709961
884.206055	13440.080078
883.046875	13662.685547
881.887695	13403.011719
880.727539	13203.969727
879.568359	13230.351563
878.408203	13356.850586
877.248047	13310.191406
876.086914	13301.083008
874.925781	13227.353516
873.765625	13303.718750
872.603516	13559.257813
871.442383	13516.767578
870.280273	13430.553711
869.118164	13417.261719
867.956055	13483.090820
866.792969	13592.603516
865.630859	13283.763672
864.467773	13409.916016
863.303711	13182.375977
862.140625	13256.499023
860.976563	13409.605469
859.812500	13257.047852
858.648438	13223.027344
857.483398	13639.943359
856.318359	13718.041016
855.153320	13746.252930
853.988281	13834.674805
852.823242	13943.820313
851.657227	13861.947266
850.491211	13722.000000
849.324219	14046.882813
848.158203	14135.141602
846.991211	14395.500977
845.824219	14709.660156
844.656250	14565.530273
843.489258	14601.781250
842.321289	14793.430664
841.153320	15115.517578
839.984375	15186.836914
838.816406	14937.140625
837.647461	14911.155273
836.478516	14972.120117
835.308594	15030.987305
834.139648	14988.443359
832.969727	14877.651367
831.799805	15354.274414
830.628906	15100.774414
829.458008	15155.412109
828.287109	15422.911133
827.116211	15440.257813
825.945313	15701.380859
824.773438	15423.288086
823.601563	15372.472656
822.429688	15065.664063
821.256836	14833.295898
820.084961	14413.226563
818.912109	14154.274414
817.738281	13992.387695
816.565430	13682.076172
815.391602	13757.485352
814.217773	13855.538086
813.043945	14031.870117
811.869141	13783.631836
810.694336	13931.057617
809.519531	14031.044922
808.344727	14038.320313
807.168945	13701.759766
805.993164	13527.958984
804.817383	13424.203125
803.641602	13314.318359
802.464844	13266.193359
801.288086	13277.731445
800.111328	13346.836914
798.933594	13549.537109
797.756836	13466.458008
796.579102	13866.311523
795.401367	13875.648438
794.222656	13677.527344
793.043945	13670.470703
791.865234	13336.972656
790.686523	13344.360352
789.507813	13267.601563
788.328125	13857.703125
787.148438	13479.320313
785.968750	13658.941406
784.788086	13286.913086
783.607422	13279.946289
782.426758	13027.033203
781.246094	13499.618164
780.064453	13795.811523
778.882813	13450.778320
777.701172	13253.333984
776.519531	13463.397461
775.336914	13345.863281
774.154297	13525.117188
772.971680	13462.861328
771.789063	13527.458008
770.605469	13328.203125
769.421875	14053.237305
768.238281	14121.750977
767.053711	13967.457031
765.870117	13731.494141
764.685547	13712.183594
763.500000	14007.424805
762.315430	14106.500000
761.129883	14136.117188
759.944336	14357.589844
758.758789	14156.535156
757.572266	14418.711914
756.385742	14185.091797
755.199219	14143.275391
754.012695	13911.853516
752.825195	14086.196289
751.637695	13889.531250
750.450195	13426.019531
749.262695	13973.159180
748.074219	14033.276367
746.885742	14148.346680
745.697266	13915.230469
744.507813	14127.975586
743.319336	14033.342773
742.129883	14223.588867
740.939453	14397.477539
739.750000	14925.150391
738.559570	14948.350586
737.369141	15229.706055
736.178711	15787.337891
734.987305	16310.185547
733.795898	16391.974609
732.604492	16559.031250
731.413086	16709.769531
730.220703	16562.007813
729.028320	16113.913086
727.835938	15783.708008
726.643555	15070.195313
725.450195	14466.523438
724.256836	14337.655273
723.063477	14403.482422
721.869141	14592.932617
720.675781	14216.868164
719.481445	14047.637695
718.286133	14032.436523
717.091797	14142.811523
715.896484	14184.291992
714.701172	14509.175781
713.505859	14261.124023
712.309570	14294.454102
711.113281	14428.925781
709.916992	14725.153320
708.720703	14808.914063
707.523438	15127.167969
706.326172	15382.621094
705.128906	14973.075195
703.930664	15109.239258
702.732422	14843.352539
701.534180	14383.697266
700.335938	14540.088867
699.137695	14944.716797
697.938477	15540.906250
696.739258	15937.068359
695.539063	15786.334961
694.339844	15869.635742
693.139648	16737.335938
691.939453	17403.048828
690.738281	17957.607422
689.538086	18719.494141
688.336914	19096.222656
687.135742	19611.777344
685.933594	20125.091797
684.731445	20877.785156
683.529297	22016.656250
682.327148	22410.365234
681.125000	22059.400391
679.921875	21801.125000
678.718750	21009.968750
677.514648	20291.544922
676.311523	19814.683594
675.107422	19384.257813
673.903320	19589.033203
672.698242	19269.341797
671.494141	18650.496094
670.289063	18122.289063
669.083008	17789.068359
667.877930	17546.320313
666.671875	17040.771484
665.465820	17285.865234
664.259766	16939.068359
663.052734	17043.683594
661.845703	17262.546875
660.638672	17328.955078
659.431641	16904.277344
658.223633	17050.884766
657.015625	17423.816406
655.807617	17259.781250
654.599609	17446.263672
653.390625	17562.589844
652.181641	17686.871094
650.972656	17999.214844
649.762695	17551.111328
648.552734	17359.251953
647.342773	17243.470703
646.132813	17225.716797
644.921875	16856.130859
643.710938	16696.562500
642.500000	15999.548828
641.289063	15658.438477
640.077148	15481.256836
638.865234	15228.269531
637.653320	15187.015625
636.440430	14854.359375
635.228516	14972.849609
634.014648	14694.252930
632.801758	14798.760742
631.588867	14538.269531
630.375000	14232.033203
629.161133	14789.074219
627.946289	14951.262695
626.731445	14714.872070
625.516602	14582.172852
624.301758	14833.922852
623.086914	15095.516602
621.871094	15078.285156
620.655273	15283.979492
619.439453	15049.810547
618.222656	14877.416016
617.005859	14907.980469
615.789063	15087.676758
614.572266	15048.592773
613.354492	14538.427734
612.136719	14427.935547
610.918945	14174.434570
609.700195	14298.468750
608.482422	14448.266602
607.263672	14242.579102
606.043945	14334.751953
604.825195	14377.266602
603.605469	14124.103516
602.385742	13968.258789
601.165039	14046.523438
599.945313	13573.485352
598.724609	13425.791016
597.502930	13347.533203
596.282227	13406.044922
595.060547	13135.644531
593.838867	12811.878906
592.617188	12694.212891
591.394531	12766.672852
590.171875	12833.161133
588.949219	12606.715820
587.726563	12787.969727
586.502930	12880.124023
585.279297	13144.303711
584.055664	13319.386719
582.831055	13652.544922
581.607422	13878.826172
580.382813	13994.348633
579.157227	14092.039063
577.932617	14158.083008
576.707031	14415.647461
575.481445	14450.000977
574.254883	14415.251953
573.028320	14550.234375
571.801758	14831.160156
570.575195	14979.797852
569.348633	15019.901367
568.121094	14578.886719
566.893555	14419.958984
565.665039	14602.056641
564.437500	14782.104492
563.208984	14587.773438
561.980469	14730.321289
560.750977	14927.940430
559.521484	15296.749023
558.291992	15271.742188
557.062500	15429.752930
555.833008	15379.150391
554.602539	15358.072266
553.372070	15409.764648
552.140625	15266.789063
550.909180	15060.973633
549.677734	14727.506836
548.446289	14240.930664
547.214844	13947.076172
545.982422	13663.168945
544.750000	14206.025391
543.517578	13918.258789
542.284180	14233.151367
541.050781	14547.904297
539.817383	14554.517578
538.583008	14247.308594
537.349609	13836.305664
536.115234	14176.351563
534.879883	14312.401367
533.645508	14554.209961
532.410156	14357.048828
531.174805	14306.882813
529.938477	14421.238281
528.703125	14674.553711
527.466797	14671.327148
526.230469	15640.754883
524.993164	16959.990234
523.755859	18667.927734
522.518555	19905.728516
521.281250	20442.976563
520.042969	18899.972656
518.804688	17285.332031
517.566406	15919.561523
516.328125	14872.831055
515.088867	14279.697266
513.849609	14436.679688
512.610352	14572.116211
511.370117	15166.187500
510.129883	15252.615234
508.889648	15545.813477
507.649414	15690.635742
506.408203	15562.369141
505.166992	15816.307617
503.925781	15545.768555
502.683594	14988.860352
