1802.209961	7733.738281
1801.240234	7771.195801
1800.271484	7921.940430
1799.301758	7940.327148
1798.332031	7546.920410
1797.362305	7577.849609
1796.392578	7212.112793
1795.421875	7095.939453
1794.451172	7254.116699
1793.480469	7310.010254
1792.509766	7570.281250
1791.539063	7683.408691
1790.567383	7460.112793
1789.596680	7279.255859
1788.625000	7158.247070
1787.653320	7291.286621
1786.680664	7596.061035
1785.708984	7529.822754
1784.736328	8105.695313
1783.763672	7949.805664
1782.791016	8017.871582
1781.818359	7981.446777
1780.844727	8315.555664
1779.871094	8619.696289
1778.897461	8739.771484
1777.923828	8370.210938
1776.950195	8008.251465
1775.975586	7979.322754
1775.001953	7520.720215
1774.027344	7695.523926
1773.052734	7790.810547
1772.077148	8270.803711
1771.102539	8351.045898
1770.126953	8860.508789
1769.151367	9019.983398
1768.175781	8976.012695
1767.200195	9056.047852
1766.223633	9374.057617
1765.247070	9349.871094
1764.271484	9112.563477
1763.293945	9118.171875
1762.317383	8601.073242
1761.340820	8787.584961
1760.363281	8617.437500
1759.385742	8818.724609
1758.408203	9336.766602
1757.429688	9584.848633
1756.452148	9971.391602
1755.473633	9694.801758
1754.495117	9608.765625
1753.516602	9137.006836
1752.538086	8737.133789
1751.558594	8755.156250
1750.579102	9269.906250
1749.600586	9314.993164
1748.620117	9332.887695
1747.640625	9106.260742
1746.661133	8672.300781
1745.680664	8589.089844
1744.700195	8572.556641
1743.719727	8558.498047
1742.738281	8902.209961
1741.757813	8880.689453
1740.776367	8713.660156
1739.794922	8563.959961
1738.813477	8586.894531
1737.832031	8437.278320
1736.849609	8334.544922
1735.867188	8236.780273
1734.884766	8639.124023
1733.902344	9001.898438
1732.919922	9174.921875
1731.936523	8720.087891
1730.953125	8536.191406
1729.969727	8340.064453
1728.986328	8146.476074
1728.002930	8115.320313
1727.018555	8455.552734
1726.035156	8741.549805
1725.050781	9111.020508
1724.065430	9224.713867
1723.081055	8886.187500
1722.095703	8761.552734
1721.111328	8420.798828
1720.125977	8269.291016
1719.139648	8206.242188
1718.154297	8069.567383
1717.167969	8301.123047
1716.182617	8189.023438
1715.196289	8373.843750
1714.208984	8529.153320
1713.222656	8905.127930
1712.235352	9131.375977
1711.248047	9122.184570
1710.260742	9277.216797
1709.273438	8814.646484
1708.286133	8602.167969
1707.297852	8615.134766
1706.309570	8610.952148
1705.321289	8812.452148
1704.333008	9119.137695
1703.344727	9313.110352
1702.355469	9543.710938
1701.366211	9730.179688
1700.376953	9642.606445
1699.387695	9765.392578
1698.397461	9707.188477
1697.408203	9629.450195
1696.417969	9400.205078
1695.427734	9246.805664
1694.436523	9376.874023
1693.446289	9709.631836
1692.455078	9766.289063
1691.463867	10098.833008
1690.472656	10072.386719
1689.481445	10136.256836
1688.489258	10156.175781
1687.498047	10285.875000
1686.505859	10620.416016
1685.512695	10401.227539
1684.520508	10216.262695
1683.528320	9751.030273
1682.535156	9800.247070
1681.541992	9756.845703
1680.548828	9981.453125
1679.554688	10157.253906
1678.561523	10591.125000
1677.567383	10791.078125
1676.573242	10652.580078
1675.579102	10850.005859
1674.584961	10643.416992
1673.589844	10597.478516
1672.594727	10590.476563
1671.599609	10880.163086
1670.604492	10510.831055
1669.608398	9995.793945
1668.613281	10018.080078
1667.617188	10263.909180
1666.621094	10373.589844
1665.625000	10573.096680
1664.627930	10396.115234
1663.631836	10221.632813
1662.634766	9920.993164
1661.637695	9931.125000
1660.639648	9963.089844
1659.642578	10276.456055
1658.644531	10145.829102
1657.646484	10073.455078
1656.648438	10653.303711
1655.650391	10811.136719
1654.652344	10855.000000
1653.653320	10579.003906
1652.654297	10215.906250
1651.655273	9802.090820
1650.655273	9899.394531
1649.656250	10338.031250
1648.656250	10609.469727
1647.656250	10805.773438
1646.656250	10612.439453
1645.656250	10300.646484
1644.655273	10269.540039
1643.654297	10526.206055
1642.653320	10495.065430
1641.652344	10529.201172
1640.651367	10302.320313
1639.649414	10172.177734
1638.647461	10554.217773
1637.645508	10585.896484
1636.643555	10392.991211
1635.641602	10458.487305
1634.638672	10116.032227
1633.635742	10613.531250
1632.632813	10637.923828
1631.629883	10179.848633
1630.625977	10300.790039
1629.623047	10392.747070
1628.619141	11241.663086
1627.615234	11651.554688
1626.610352	11494.965820
1625.606445	11567.328125
1624.601563	11408.410156
1623.596680	11348.298828
1622.591797	10898.131836
1621.586914	10599.813477
1620.581055	10559.156250
1619.575195	10333.218750
1618.569336	10422.551758
1617.563477	10290.545898
1616.557617	10466.428711
1615.550781	10543.655273
1614.543945	10628.063477
1613.537109	10984.032227
1612.530273	11577.754883
1611.522461	11921.373047
1610.515625	12111.121094
1609.507813	12055.831055
1608.500000	12151.831055
1607.492188	11373.978516
1606.483398	11412.473633
1605.474609	11669.317383
1604.466797	12259.535156
1603.457031	12571.270508
1602.448242	12403.248047
1601.439453	12391.141602
1600.429688	11863.645508
1599.419922	12338.180664
1598.410156	12400.375977
1597.399414	12553.581055
1596.389648	12608.519531
1595.378906	12768.803711
1594.368164	13178.025391
1593.357422	13386.003906
1592.345703	13610.649414
1591.334961	13478.674805
1590.323242	13523.784180
1589.311523	12956.566406
1588.298828	12710.017578
1587.287109	12597.457031
1586.274414	12771.787109
1585.261719	12248.196289
1584.249023	12348.453125
1583.236328	12310.111328
1582.222656	12802.016602
1581.209961	12823.294922
1580.196289	12527.032227
1579.182617	12400.363281
1578.167969	12290.451172
1577.154297	12161.495117
1576.139648	12089.843750
1575.125000	11650.923828
1574.110352	11546.019531
1573.094727	11715.325195
1572.079102	11736.779297
1571.064453	11596.173828
1570.048828	12010.773438
1569.032227	11989.274414
1568.016602	12074.957031
1567.000000	11953.443359
1565.983398	11710.563477
1564.966797	11853.373047
1563.950195	11791.468750
1562.932617	12017.475586
1561.915039	12038.818359
1560.897461	12366.946289
1559.879883	11955.453125
1558.862305	11988.678711
1557.843750	11891.166992
1556.825195	12052.712891
1555.806641	11976.608398
1554.788086	12330.473633
1553.769531	12453.832031
1552.750000	12600.882813
1551.730469	12384.665039
1550.710938	12111.573242
1549.691406	12080.631836
1548.670898	11914.471680
1547.650391	11786.330078
1546.630859	12120.680664
1545.609375	12063.678711
1544.588867	11715.125000
1543.567383	11369.082031
1542.546875	11603.720703
1541.525391	11641.630859
1540.502930	11977.966797
1539.481445	12044.200195
1538.458984	12105.671875
1537.436523	12209.725586
1536.414063	12112.570313
1535.391602	12311.225586
1534.369141	12211.721680
1533.345703	12275.458008
1532.322266	12244.578125
1531.298828	11977.285156
1530.274414	11953.568359
1529.250977	11948.766602
1528.226563	12097.548828
1527.202148	12087.994141
1526.177734	11955.626953
1525.152344	12153.902344
1524.127930	12437.087891
1523.102539	12172.546875
1522.077148	12368.294922
1521.051758	12231.283203
1520.025391	12231.145508
1518.999023	12344.213867
1517.972656	12556.270508
1516.946289	12499.484375
1515.919922	12551.143555
1514.892578	12595.711914
1513.865234	12838.169922
1512.837891	13118.216797
1511.810547	13026.043945
1510.783203	13152.887695
1509.754883	13317.343750
1508.726563	13406.416016
1507.698242	13669.585938
1506.669922	13328.004883
1505.640625	13574.616211
1504.612305	14056.298828
1503.583008	14046.372070
1502.553711	14485.445313
1501.523438	14470.733398
1500.494141	14759.151367
1499.463867	14967.574219
1498.433594	15333.283203
1497.403320	15337.192383
1496.372070	15456.146484
1495.340820	15692.421875
1494.310547	15548.396484
1493.278320	15580.413086
1492.247070	15558.458008
1491.215820	15201.107422
1490.183594	15167.511719
1489.151367	14986.224609
1488.119141	14994.877930
1487.085938	14954.312500
1486.053711	14780.207031
1485.020508	14474.985352
1483.987305	14315.099609
1482.954102	14010.096680
1481.919922	13869.099609
1480.885742	13896.689453
1479.852539	13814.276367
1478.817383	13458.148438
1477.783203	13832.012695
1476.748047	13693.530273
1475.713867	13959.629883
1474.678711	13865.595703
1473.642578	13806.659180
1472.607422	13862.252930
1471.571289	14452.853516
1470.536133	14279.371094
1469.499023	14155.002930
1468.462891	14254.839844
1467.426758	14644.109375
1466.389648	14456.722656
1465.352539	14654.441406
1464.315430	14938.400391
1463.277344	14865.361328
1462.240234	15202.795898
1461.202148	15453.823242
1460.164063	15485.621094
1459.125977	15715.509766
1458.086914	15777.531250
1457.047852	15855.833984
1456.009766	16010.967773
1454.969727	15954.122070
1453.930664	15857.719727
1452.890625	16015.082031
1451.851563	15907.067383
1450.811523	16322.630859
1449.770508	16182.027344
1448.730469	15771.679688
1447.689453	16098.647461
1446.648438	15588.512695
1445.607422	15631.801758
1444.566406	15521.690430
1443.525391	15534.767578
1442.483398	15605.914063
1441.441406	15298.458984
1440.399414	15334.791992
1439.356445	15157.525391
1438.314453	14817.853516
1437.271484	14780.000000
1436.228516	14674.877930
1435.184570	15063.885742
1434.141602	14810.318359
1433.097656	15015.958984
1432.053711	14836.687500
1431.009766	14747.881836
1429.965820	14883.887695
1428.920898	14948.015625
1427.875977	14954.208008
1426.831055	14571.333984
1425.786133	15012.890625
1424.740234	14794.517578
1423.695313	14962.743164
1422.649414	14702.818359
1421.602539	14554.045898
1420.556641	14615.816406
1419.510742	14739.998047
1418.463867	14480.329102
1417.416992	14303.982422
1416.369141	14515.971680
1415.322266	14577.681641
1414.274414	14479.965820
1413.226563	14606.327148
1412.178711	14323.909180
1411.130859	14251.700195
1410.082031	14195.676758
1409.033203	14248.140625
1407.984375	14037.550781
1406.935547	14233.046875
1405.886719	14195.521484
1404.836914	13908.976563
1403.787109	14113.597656
1402.737305	14023.103516
1401.687500	14218.397461
1400.636719	13971.248047
1399.585938	13940.727539
1398.535156	13866.461914
1397.484375	13967.219727
1396.433594	14001.174805
1395.381836	13623.129883
1394.330078	13880.348633
1393.278320	13787.762695
1392.226563	13520.401367
1391.173828	13779.779297
1390.121094	13760.843750
1389.068359	13659.161133
1388.015625	13573.606445
1386.961914	13704.080078
1385.909180	13751.794922
1384.855469	14118.751953
1383.801758	14180.138672
1382.747070	14241.499023
1381.693359	14422.195313
1380.638672	14586.751953
1379.583984	14888.909180
1378.529297	14787.194336
1377.473633	14621.301758
1376.418945	14833.833008
1375.363281	14702.385742
1374.307617	14836.877930
1373.250977	14364.028320
1372.195313	14567.268555
1371.138672	14761.261719
1370.082031	14414.679688
1369.025391	14482.685547
1367.967773	14573.555664
1366.910156	14421.773438
1365.853516	14578.977539
1364.794922	14594.269531
1363.737305	14726.210938
1362.678711	15020.467773
1361.621094	14987.640625
1360.562500	15034.834961
1359.502930	15068.295898
1358.444336	15257.124023
1357.384766	15187.718750
1356.325195	15465.522461
1355.265625	15608.476563
1354.206055	15523.056641
1353.145508	15394.300781
1352.084961	15315.805664
1351.024414	15559.064453
1349.963867	15674.472656
1348.902344	15577.718750
1347.841797	15517.489258
1346.780273	15635.111328
1345.717773	15841.578125
1344.656250	15774.492188
1343.593750	15445.414063
1342.532227	15767.965820
1341.469727	15646.273438
1340.406250	15847.966797
1339.343750	15828.750977
1338.280273	15832.302734
1337.216797	15772.136719
1336.153320	15868.976563
1335.088867	15956.677734
1334.025391	15775.987305
1332.960938	15868.216797
1331.896484	15673.979492
1330.831055	15600.277344
1329.766602	15812.915039
1328.701172	15834.629883
1327.635742	15795.007813
1326.570313	15544.208984
1325.503906	15556.881836
1324.438477	15326.664063
1323.372070	15239.517578
1322.304688	15215.938477
1321.238281	15192.368164
1320.171875	15307.159180
1319.104492	15097.635742
1318.037109	15065.033203
1316.968750	14774.044922
1315.901367	14818.572266
1314.833008	14695.416992
1313.764648	14760.326172
1312.696289	14750.471680
1311.627930	14867.419922
1310.558594	14843.961914
1309.489258	14811.458984
1308.419922	15109.351563
1307.350586	14920.698242
1306.280273	14879.149414
1305.209961	15054.719727
1304.139648	15080.988281
1303.069336	15084.640625
1301.999023	15070.209961
1300.927734	14936.024414
1299.856445	15034.584961
1298.785156	15026.946289
1297.713867	15136.737305
1296.641602	15262.285156
1295.569336	15105.622070
1294.497070	15037.038086
1293.424805	15428.772461
1292.351563	15398.497070
1291.279297	15208.101563
1290.206055	15324.453125
1289.131836	15379.885742
1288.058594	15613.358398
1286.984375	15519.973633
1285.910156	15462.675781
1284.835938	15396.389648
1283.761719	15746.771484
1282.686523	16223.098633
1281.612305	16471.857422
1280.537109	16943.333984
1279.460938	17036.572266
1278.385742	17539.228516
1277.309570	18088.910156
1276.233398	18584.390625
1275.157227	19142.617188
1274.081055	19165.611328
1273.003906	19799.896484
1271.926758	20182.255859
1270.849609	20178.056641
1269.772461	20562.421875
1268.694336	20214.572266
1267.616211	20122.806641
1266.538086	19445.230469
1265.459961	19028.257813
1264.381836	18521.708984
1263.302734	18264.369141
1262.223633	17670.720703
1261.144531	17566.138672
1260.065430	17073.761719
1258.985352	17130.724609
1257.905273	16833.599609
1256.825195	16818.890625
1255.745117	16936.345703
1254.664063	16885.789063
1253.583008	16721.062500
1252.501953	16782.496094
1251.420898	16642.476563
1250.339844	16379.443359
1249.257813	16637.779297
1248.175781	16178.025391
1247.093750	16006.936523
1246.011719	16166.810547
1244.928711	16067.323242
1243.845703	16019.276367
1242.762695	15522.142578
1241.679688	15921.007813
1240.595703	15761.347656
1239.512695	15545.928711
1238.428711	15636.452148
1237.343750	15365.346680
1236.259766	15324.204102
1235.174805	15240.688477
1234.089844	15065.749023
1233.004883	14832.897461
1231.919922	14939.058594
1230.833984	14828.937500
1229.748047	14903.850586
1228.662109	14816.063477
1227.576172	14980.060547
1226.489258	14527.001953
1225.402344	14653.129883
1224.315430	14621.126953
1223.228516	14468.933594
1222.141602	14499.294922
1221.053711	14411.714844
1219.965820	14052.769531
1218.877930	14216.644531
1217.789063	14089.149414
1216.701172	13981.715820
1215.612305	14094.377930
1214.523438	13918.095703
1213.433594	14008.502930
1212.344727	14089.987305
1211.254883	13929.360352
1210.165039	14024.147461
1209.075195	13856.939453
1207.984375	13847.384766
1206.893555	13804.546875
1205.803711	13990.239258
1204.711914	13636.854492
1203.621094	13620.697266
1202.529297	13407.217773
1201.437500	13411.064453
1200.345703	12858.631836
1199.253906	12924.630859
1198.161133	12536.462891
1197.068359	12728.747070
1195.975586	12602.078125
1194.882813	12955.882813
1193.789063	13008.507813
1192.696289	13344.375000
1191.602539	13197.766602
1190.507813	13458.241211
1189.414063	13616.871094
1188.319336	13337.627930
1187.224609	13679.701172
1186.129883	13897.859375
1185.034180	13976.709961
1183.939453	14252.154297
1182.843750	14531.899414
1181.748047	14807.110352
1180.651367	14728.940430
1179.555664	14898.035156
1178.458984	14989.814453
1177.362305	15090.379883
1176.265625	14773.958008
1175.167969	14845.852539
1174.070313	14780.998047
1172.972656	14491.292969
1171.875000	14307.510742
1170.777344	14040.061523
1169.678711	13596.461914
1168.580078	13505.498047
1167.481445	13238.383789
1166.381836	13266.433594
1165.283203	13151.378906
1164.183594	13179.434570
1163.083984	13337.307617
1161.983398	13305.909180
1160.883789	13034.767578
1159.783203	13133.193359
1158.682617	13398.674805
1157.581055	13406.854492
1156.480469	13562.278320
1155.378906	13577.010742
1154.277344	13701.577148
1153.175781	13878.802734
1152.073242	13919.806641
1150.970703	14250.591797
1149.868164	14684.400391
1148.765625	15124.609375
1147.663086	15264.046875
1146.559570	15655.688477
1145.456055	15836.624023
1144.352539	16131.500977
1143.249023	15672.131836
1142.144531	16085.272461
1141.040039	15908.781250
1139.935547	15541.760742
1138.831055	15301.934570
1137.725586	15024.980469
1136.620117	14728.436523
1135.514648	14596.190430
1134.409180	14291.104492
1133.302734	14259.656250
1132.197266	14153.839844
1131.089844	13851.224609
1129.983398	13916.099609
1128.876953	14048.719727
1127.769531	13748.500000
1126.662109	14123.667969
1125.554688	14199.351563
1124.446289	13908.025391
1123.338867	13996.824219
1122.230469	13948.026367
1121.122070	14032.412109
1120.012695	14291.366211
1118.904297	14137.793945
1117.794922	14256.990234
1116.685547	14459.019531
1115.575195	14534.482422
1114.465820	14703.663086
1113.355469	14746.342773
1112.245117	14854.384766
1111.133789	14910.086914
1110.023438	14612.859375
1108.912109	14653.341797
1107.800781	14521.782227
1106.689453	14226.999023
1105.577148	14271.887695
1104.464844	14118.727539
1103.352539	13887.307617
1102.240234	13692.962891
1101.127930	13714.000000
1100.014648	13619.789063
1098.901367	13497.357422
1097.788086	13790.091797
1096.673828	13489.495117
1095.560547	13454.064453
1094.446289	13446.883789
1093.332031	13478.792969
1092.216797	13328.317383
1091.102539	13527.375000
1089.987305	13498.480469
1088.872070	13408.844727
1087.755859	13473.262695
1086.640625	13852.129883
1085.524414	13799.334961
1084.408203	13859.291992
1083.291016	14077.445313
1082.174805	13957.458984
1081.057617	13995.676758
1079.940430	13864.925781
1078.823242	13762.380859
1077.705078	14266.119141
1076.586914	14063.956055
1075.468750	13686.576172
1074.350586	13698.832031
1073.232422	13505.567383
1072.113281	13697.373047
1070.994141	13530.137695
1069.875000	13570.518555
1068.754883	13669.242188
1067.634766	13610.166992
1066.514648	13510.066406
1065.394531	13518.011719
1064.274414	13610.180664
1063.153320	13387.065430
1062.032227	13585.000000
1060.911133	13938.246094
1059.790039	13913.721680
1058.667969	13660.524414
1057.545898	13804.307617
1056.423828	13665.531250
1055.301758	13628.145508
1054.178711	13730.885742
1053.055664	13521.091797
1051.932617	13936.233398
1050.809570	13698.478516
1049.685547	13594.355469
1048.561523	13466.589844
1047.437500	13765.134766
1046.313477	13602.947266
1045.188477	13533.359375
1044.063477	13797.276367
1042.938477	13525.481445
1041.813477	13301.112305
1040.687500	13502.554688
1039.562500	13063.321289
1038.436523	12862.831055
1037.309570	12535.650391
1036.183594	12676.929688
1035.056641	12437.985352
1033.929688	12523.392578
1032.802734	13001.646484
1031.674805	13136.264648
1030.547852	13577.703125
1029.419922	13478.277344
1028.291016	13760.717773
1027.163086	13811.416992
1026.034180	13797.769531
1024.905273	13666.221680
1023.776367	13691.187500
1022.646484	14071.849609
1021.517578	14120.283203
1020.387695	14089.444336
1019.257813	14219.226563
1018.126953	14398.196289
1016.996094	14382.299805
1015.866211	14261.544922
1014.734375	14433.969727
1013.603516	14272.609375
1012.471680	14577.557617
1011.339844	14544.529297
1010.208008	14357.590820
1009.076172	14491.335938
1007.943359	14885.726563
1006.810547	15006.482422
1005.677734	14847.369141
1004.544922	15215.802734
1003.411133	15099.413086
1002.277344	15153.842773
1001.143555	14894.522461
1000.009766	14381.396484
998.875000	14416.741211
997.740234	14125.748047
996.605469	13922.303711
995.470703	13620.876953
994.334961	13654.218750
993.199219	13461.657227
992.063477	13682.506836
990.927734	13911.782227
989.791016	13866.232422
988.654297	14025.106445
987.517578	13764.545898
986.380859	13550.917969
985.243164	13741.671875
984.105469	13594.086914
982.967773	13701.798828
981.830078	13447.958984
980.691406	13513.132813
979.553711	13646.296875
978.414063	13554.138672
977.275391	13347.286133
976.136719	13140.520508
974.997070	13220.552734
973.857422	13030.886719
972.716797	13482.410156
971.577148	13763.946289
970.436523	13850.140625
969.295898	13885.380859
968.155273	13948.178711
967.013672	14057.602539
965.872070	14056.730469
964.730469	13994.385742
963.588867	13902.396484
962.446289	13863.416992
961.303711	13794.794922
960.161133	13821.507813
959.018555	13672.458984
957.875977	13802.918945
956.732422	14026.450195
955.588867	13930.353516
954.444336	13904.113281
953.300781	13712.897461
952.156250	13542.909180
951.011719	13793.740234
949.867188	13600.552734
948.721680	13572.292969
947.576172	13641.240234
946.430664	13885.495117
945.285156	13950.121094
944.138672	13919.695313
942.993164	14024.396484
941.846680	14289.464844
940.699219	14320.180664
939.552734	14513.338867
938.405273	14411.102539
937.257813	14745.453125
936.110352	14510.376953
934.961914	14962.610352
933.813477	15102.731445
932.665039	15592.570313
931.516602	15724.068359
930.367188	15735.456055
929.217773	16488.062500
928.068359	16615.072266
926.918945	16598.896484
925.768555	16652.169922
924.619141	16579.183594
923.468750	16405.259766
922.317383	16101.018555
921.166992	16068.142578
920.015625	15852.392578
918.864258	15706.089844
917.711914	15141.697266
916.560547	15004.009766
915.408203	14738.258789
914.255859	14602.814453
913.103516	14312.066406
911.950195	14151.581055
910.796875	14104.486328
909.643555	13579.039063
908.490234	13605.502930
907.335938	13680.191406
906.181641	13658.395508
905.027344	13630.318359
903.873047	13598.061523
902.717773	13632.871094
901.562500	13801.743164
900.407227	13624.944336
899.251953	13980.118164
898.095703	13838.947266
896.939453	13681.089844
895.783203	13914.641602
894.626953	13723.357422
893.469727	13774.808594
892.312500	13732.123047
891.155273	13871.368164
889.998047	13880.942383
888.839844	13558.191406
887.681641	13511.406250
886.523438	14009.912109
885.365234	13823.104492
884.206055	13655.170898
883.046875	13867.291992
881.887695	13538.691406
880.727539	13596.311523
879.568359	13641.387695
878.408203	13776.142578
877.248047	13660.569336
876.086914	13713.940430
874.925781	13667.222656
873.765625	13560.081055
872.603516	13650.945313
871.442383	13756.352539
870.280273	13715.911133
869.118164	13700.475586
867.956055	13905.738281
866.792969	13854.879883
865.630859	13949.721680
864.467773	13470.255859
863.303711	13377.916992
862.140625	13418.721680
860.976563	13432.477539
859.812500	13527.303711
858.648438	13484.910156
857.483398	13939.174805
856.318359	14106.541992
855.153320	14037.046875
853.988281	13948.890625
852.823242	14240.717773
851.657227	13961.583984
850.491211	14224.226563
849.324219	14121.579102
848.158203	14139.290039
846.991211	14578.011719
845.824219	14910.792969
844.656250	14629.795898
843.489258	14887.806641
842.321289	15139.488281
841.153320	15233.607422
839.984375	15091.556641
838.816406	15461.069336
837.647461	15329.379883
836.478516	15259.845703
835.308594	14977.179688
834.139648	15158.108398
832.969727	15210.703125
831.799805	15424.592773
830.628906	15282.736328
829.458008	15566.805664
828.287109	15610.995117
827.116211	15578.708008
825.945313	15697.249023
824.773438	15640.167969
823.601563	15661.584961
822.429688	15148.249023
821.256836	15047.972656
820.084961	14609.283203
818.912109	14160.464844
817.738281	14101.719727
816.565430	14129.620117
815.391602	13691.501953
814.217773	13834.922852
813.043945	14019.502930
811.869141	13995.877930
810.694336	14114.416016
809.519531	14179.347656
808.344727	14067.150391
807.168945	13689.406250
805.993164	13634.997070
804.817383	13450.957031
803.641602	13468.633789
802.464844	13657.041016
801.288086	13364.110352
800.111328	13322.162109
798.933594	13477.584961
797.756836	13641.161133
796.579102	13786.170898
795.401367	13816.070313
794.222656	13804.875000
793.043945	13748.505859
791.865234	13544.336914
790.686523	13529.099609
789.507813	13528.233398
788.328125	13623.800781
787.148438	13920.356445
785.968750	13583.058594
784.788086	13721.608398
783.607422	13452.146484
782.426758	13365.211914
781.246094	13626.664063
780.064453	13832.688477
778.882813	13749.821289
777.701172	13464.256836
776.519531	13494.107422
775.336914	13675.416016
774.154297	13580.372070
772.971680	13673.602539
771.789063	13691.105469
770.605469	13733.141602
769.421875	13895.795898
768.238281	14150.370117
767.053711	14323.082031
765.870117	14125.866211
764.685547	14051.311523
763.500000	14058.487305
762.315430	14410.765625
761.129883	14671.018555
759.944336	14459.648438
758.758789	14566.721680
757.572266	14377.906250
756.385742	14582.862305
755.199219	14269.718750
754.012695	14201.385742
752.825195	14283.932617
751.637695	14034.235352
750.450195	13902.828125
749.262695	13871.299805
748.074219	14296.018555
746.885742	14404.922852
745.697266	14468.989258
744.507813	14241.959961
743.319336	14277.542969
742.129883	14276.487305
740.939453	14702.594727
739.750000	15012.598633
738.559570	15163.874023
737.369141	15500.067383
736.178711	15669.461914
734.987305	16352.855469
733.795898	16727.167969
732.604492	16816.972656
731.413086	17223.509766
730.220703	16848.259766
729.028320	16406.191406
727.835938	15923.727539
726.643555	15129.031250
725.450195	14474.636719
724.256836	14633.736328
723.063477	14697.472656
721.869141	14779.423828
720.675781	14378.999023
719.481445	14341.436523
718.286133	14269.450195
717.091797	14329.141602
715.896484	14352.357422
714.701172	14474.759766
713.505859	14512.100586
712.309570	14324.807617
711.113281	14572.567383
709.916992	14518.838867
708.720703	14604.667969
707.523438	14920.944336
706.326172	15170.376953
705.128906	15423.743164
703.930664	15020.337891
702.732422	14524.183594
701.534180	14387.736328
700.335938	14521.916016
699.137695	15245.508789
697.938477	15577.236328
696.739258	15648.513672
695.539063	15709.672852
694.339844	16033.011719
693.139648	16469.136719
691.939453	16991.761719
690.738281	17768.134766
689.538086	18249.945313
688.336914	18431.339844
687.135742	18926.896484
685.933594	19371.886719
684.731445	20183.134766
683.529297	20947.730469
682.327148	21442.302734
681.125000	21395.384766
679.921875	20952.175781
678.718750	20177.292969
677.514648	19666.169922
676.311523	19179.392578
675.107422	19094.820313
673.903320	19002.246094
672.698242	18949.894531
671.494141	18174.441406
670.289063	17891.343750
669.083008	17341.330078
667.877930	16783.523438
666.671875	16573.158203
665.465820	16990.912109
664.259766	16937.062500
663.052734	17198.115234
661.845703	17340.750000
660.638672	17230.722656
659.431641	17098.695313
658.223633	17074.931641
657.015625	17620.152344
655.807617	17834.640625
654.599609	17898.841797
653.390625	18253.322266
652.181641	18357.435547
650.972656	18699.650391
649.762695	18185.369141
648.552734	17897.351563
647.342773	17781.455078
646.132813	17397.673828
644.921875	17141.998047
643.710938	16978.371094
642.500000	16245.327148
641.289063	15638.460938
640.077148	15609.085938
638.865234	15394.010742
637.653320	15777.964844
636.440430	15057.953125
635.228516	14733.379883
634.014648	14708.218750
632.801758	14695.036133
631.588867	14408.641602
630.375000	14419.454102
629.161133	14424.281250
627.946289	14909.410156
626.731445	14738.782227
625.516602	14681.778320
624.301758	14696.497070
623.086914	14872.499023
621.871094	15132.036133
620.655273	15164.558594
619.439453	14954.293945
618.222656	15094.270508
617.005859	15166.557617
615.789063	15103.585938
614.572266	15064.498047
613.354492	14761.055664
612.136719	14414.023438
610.918945	14208.211914
609.700195	14199.146484
608.482422	14581.330078
607.263672	14383.555664
606.043945	14102.490234
604.825195	14454.670898
603.605469	14413.808594
602.385742	14146.804688
601.165039	13994.955078
599.945313	13974.046875
598.724609	13677.574219
597.502930	13391.139648
596.282227	13320.833008
595.060547	13183.194336
593.838867	12885.168945
592.617188	12787.291016
591.394531	12948.827148
590.171875	12647.086914
588.949219	12666.088867
587.726563	12730.589844
586.502930	12848.472656
585.279297	13175.948242
584.055664	13584.350586
582.831055	13547.768555
581.607422	13882.778320
580.382813	14087.222656
579.157227	14364.673828
577.932617	14235.115234
576.707031	14660.516602
575.481445	14576.357422
574.254883	14354.061523
573.028320	14678.508789
571.801758	15071.867188
570.575195	14863.415039
569.348633	14852.268555
568.121094	14649.869141
566.893555	14784.646484
565.665039	14582.348633
564.437500	14598.854492
563.208984	14924.641602
561.980469	14891.824219
560.750977	15191.803711
559.521484	15383.371094
558.291992	15602.410156
557.062500	15551.758789
555.833008	15170.605469
554.602539	15360.039063
553.372070	15449.095703
552.140625	15557.772461
550.909180	15265.403320
549.677734	14825.768555
548.446289	14195.740234
547.214844	14131.727539
545.982422	14334.838867
544.750000	14207.989258
543.517578	14326.580078
542.284180	14551.100586
541.050781	14852.048828
539.817383	14578.058594
538.583008	14294.381836
537.349609	14022.593750
536.115234	14148.904297
534.879883	14847.499023
533.645508	14691.383789
532.410156	14468.723633
531.174805	14424.409180
529.938477	14711.072266
528.703125	15072.009766
527.466797	15119.589844
526.230469	15734.693359
524.993164	17261.310547
523.755859	18918.320313
522.518555	20412.271484
521.281250	20462.529297
520.042969	18866.740234
518.804688	17316.603516
517.566406	15968.413086
516.328125	14657.933594
515.088867	14105.864258
513.849609	14110.570313
512.610352	14021.562500
511.370117	14785.568359
510.129883	15084.789063
508.889648	15342.906250
507.649414	15380.490234
506.408203	15659.877930
505.166992	15412.710938
503.925781	15134.462891
502.683594	14328.189453
