1802.209961	7494.009766
1801.240234	7726.246582
1800.271484	7432.592773
1799.301758	7605.840332
1798.332031	7372.223145
1797.362305	7078.814453
1796.392578	6872.836426
1795.421875	6831.556641
1794.451172	7064.597168
1793.480469	7270.119629
1792.509766	7350.925293
1791.539063	7292.135254
1790.567383	7203.468750
1789.596680	7107.363770
1788.625000	7190.625977
1787.653320	7258.914063
1786.680664	7411.823730
1785.708984	7407.852051
1784.736328	7919.042969
1783.763672	7832.860352
1782.791016	7696.957520
1781.818359	7593.442383
1780.844727	8012.177246
1779.871094	8204.499023
1778.897461	8302.286133
1777.923828	8017.310059
1776.950195	7978.435059
1775.975586	7783.068848
1775.001953	7605.166992
1774.027344	7665.725586
1773.052734	7840.464844
1772.077148	8183.925781
1771.102539	8311.337891
1770.126953	8624.791016
1769.151367	8630.506836
1768.175781	8653.581055
1767.200195	8959.336914
1766.223633	8955.063477
1765.247070	9109.431641
1764.271484	9018.389648
1763.293945	9031.450195
1762.317383	8739.799805
1761.340820	8510.186523
1760.363281	8689.249023
1759.385742	9009.359375
1758.408203	9240.230469
1757.429688	9740.760742
1756.452148	9652.208008
1755.473633	9603.271484
1754.495117	9203.145508
1753.516602	8986.166016
1752.538086	8764.329102
1751.558594	8718.079102
1750.579102	9047.487305
1749.600586	8966.607422
1748.620117	8977.160156
1747.640625	8901.265625
1746.661133	8664.893555
1745.680664	8450.834961
1744.700195	8414.583008
1743.719727	8370.941406
1742.738281	8613.529297
1741.757813	8675.939453
1740.776367	8615.005859
1739.794922	8492.449219
1738.813477	8577.033203
1737.832031	8321.429688
1736.849609	7984.603027
1735.867188	8249.099609
1734.884766	8432.198242
1733.902344	9004.361328
1732.919922	8788.324219
1731.936523	8720.087891
1730.953125	8356.507813
1729.969727	8209.635742
1728.986328	7706.059570
1728.002930	7886.546875
1727.018555	8231.743164
1726.035156	8682.535156
1725.050781	8725.042969
1724.065430	8939.590820
1723.081055	8647.813477
1722.095703	8535.511719
1721.111328	8450.276367
1720.125977	8062.988770
1719.139648	8076.101074
1718.154297	8086.752441
1717.167969	8315.849609
1716.182617	8262.643555
1715.196289	8322.320313
1714.208984	8438.391602
1713.222656	8743.260742
1712.235352	9072.527344
1711.248047	8830.451172
1710.260742	8762.497070
1709.273438	8569.590820
1708.286133	8371.862305
1707.297852	8375.077148
1706.309570	8588.910156
1705.321289	8665.537109
1704.333008	8751.924805
1703.344727	9217.654297
1702.355469	9257.400391
1701.366211	9299.576172
1700.376953	9287.918945
1699.387695	9330.071289
1698.397461	9599.602539
1697.408203	9240.751953
1696.417969	9412.425781
1695.427734	8941.347656
1694.436523	9186.306641
1693.446289	9431.166992
1692.455078	9566.029297
1691.463867	9744.788086
1690.472656	9979.621094
1689.481445	9689.607422
1688.489258	9841.388672
1687.498047	9866.242188
1686.505859	10225.260742
1685.512695	10215.883789
1684.520508	10128.486328
1683.528320	9697.399414
1682.535156	9597.954102
1681.541992	9518.041992
1680.548828	9898.620117
1679.554688	10164.561523
1678.561523	10291.583008
1677.567383	10630.380859
1676.573242	10637.974609
1675.579102	10567.681641
1674.584961	10387.916016
1673.589844	10432.044922
1672.594727	10194.001953
1671.599609	10325.698242
1670.604492	10172.870117
1669.608398	10139.215820
1668.613281	9806.635742
1667.617188	9933.442383
1666.621094	10137.937500
1665.625000	10262.195313
1664.627930	9966.283203
1663.631836	10173.074219
1662.634766	9556.875000
1661.637695	9564.653320
1660.639648	9907.281250
1659.642578	10058.117188
1658.644531	9820.813477
1657.646484	10015.255859
1656.648438	10318.720703
1655.650391	10774.776367
1654.652344	10508.435547
1653.653320	10370.622070
1652.654297	10072.975586
1651.655273	9671.299805
1650.655273	10018.051758
1649.656250	10350.136719
1648.656250	10529.589844
1647.656250	10609.745117
1646.656250	10375.317383
1645.656250	10264.359375
1644.655273	10240.516602
1643.654297	10485.097656
1642.653320	10386.270508
1641.652344	10389.004883
1640.651367	10212.902344
1639.649414	10196.339844
1638.647461	10457.589844
1637.645508	10404.754883
1636.643555	10670.684570
1635.641602	10702.325195
1634.638672	10557.749023
1633.635742	10589.398438
1632.632813	10522.110352
1631.629883	10339.059570
1630.625977	10361.085938
1629.623047	10595.296875
1628.619141	11060.851563
1627.615234	11116.460938
1626.610352	11309.407227
1625.606445	11331.211914
1624.601563	11389.138672
1623.596680	11131.543945
1622.591797	11047.421875
1621.586914	10619.073242
1620.581055	10515.832031
1619.575195	10465.573242
1618.569336	10436.987305
1617.563477	10574.389648
1616.557617	10755.024414
1615.550781	10565.295898
1614.543945	10741.050781
1613.537109	11291.680664
1612.530273	11697.906250
1611.522461	11784.428711
1610.515625	12034.254883
1609.507813	12142.287109
1608.500000	11930.932617
1607.492188	11494.007813
1606.483398	11542.079102
1605.474609	11642.921875
1604.466797	12161.170898
1603.457031	12388.974609
1602.448242	12300.127930
1601.439453	12153.772461
1600.429688	12151.307617
1599.419922	12117.685547
1598.410156	12239.829102
1597.399414	12359.528320
1596.389648	12349.833984
1595.378906	12445.512695
1594.368164	12924.233398
1593.357422	13117.900391
1592.345703	13440.725586
1591.334961	13114.967773
1590.323242	13105.128906
1589.311523	12772.394531
1588.298828	12317.836914
1587.287109	12425.315430
1586.274414	12116.823242
1585.261719	11779.777344
1584.249023	11956.590820
1583.236328	12073.608398
1582.222656	12539.289063
1581.209961	12522.414063
1580.196289	12381.396484
1579.182617	12452.876953
1578.167969	12020.777344
1577.154297	12044.581055
1576.139648	12108.927734
1575.125000	11686.699219
1574.110352	11345.716797
1573.094727	11412.548828
1572.079102	11636.668945
1571.064453	11879.762695
1570.048828	11770.128906
1569.032227	11948.778320
1568.016602	12053.522461
1567.000000	11860.577148
1565.983398	12001.005859
1564.966797	11777.207031
1563.950195	11527.321289
1562.932617	11651.075195
1561.915039	12003.136719
1560.897461	12010.208008
1559.879883	11805.653320
1558.862305	11596.425781
1557.843750	11765.196289
1556.825195	11686.758789
1555.806641	11879.199219
1554.788086	12024.052734
1553.769531	12104.725586
1552.750000	12073.768555
1551.730469	11803.058594
1550.710938	11672.490234
1549.691406	11755.539063
1548.670898	11648.756836
1547.650391	11717.542969
1546.630859	11679.583984
1545.609375	11608.445313
1544.588867	11497.036133
1543.567383	11177.108398
1542.546875	11274.352539
1541.525391	11475.795898
1540.502930	11693.735352
1539.481445	11786.077148
1538.458984	11523.235352
1537.436523	11752.867188
1536.414063	11975.303711
1535.391602	11904.243164
1534.369141	11871.061523
1533.345703	11752.746094
1532.322266	11908.786133
1531.298828	11695.939453
1530.274414	11769.194336
1529.250977	11549.372070
1528.226563	11624.988281
1527.202148	11606.080078
1526.177734	11643.864258
1525.152344	11967.355469
1524.127930	11894.086914
1523.102539	11938.868164
1522.077148	12158.262695
1521.051758	11865.571289
1520.025391	12056.583008
1518.999023	12077.707031
1517.972656	12195.499023
1516.946289	12482.981445
1515.919922	12277.728516
1514.892578	12112.621094
1513.865234	12414.079102
1512.837891	12680.079102
1511.810547	12644.518555
1510.783203	12672.545898
1509.754883	12853.579102
1508.726563	13123.977539
1507.698242	13264.839844
1506.669922	13318.593750
1505.640625	13565.207031
1504.612305	13722.352539
1503.583008	13703.088867
1502.553711	14050.553711
1501.523438	14242.754883
1500.494141	14185.797852
1499.463867	14671.558594
1498.433594	14800.094727
1497.403320	14921.531250
1496.372070	15115.703125
1495.340820	14995.241211
1494.310547	15003.909180
1493.278320	15054.808594
1492.247070	15030.615234
1491.215820	14997.049805
1490.183594	15071.366211
1489.151367	14899.476563
1488.119141	14697.184570
1487.085938	14211.401367
1486.053711	14339.706055
1485.020508	14217.297852
1483.987305	13898.201172
1482.954102	13820.422852
1481.919922	13625.618164
1480.885742	13339.604492
1479.852539	13292.409180
1478.817383	13327.123047
1477.783203	13422.642578
1476.748047	13321.665039
1475.713867	13501.324219
1474.678711	13521.936523
1473.642578	13776.274414
1472.607422	13775.789063
1471.571289	13747.266602
1470.536133	13800.510742
1469.499023	14003.200195
1468.462891	14098.398438
1467.426758	14270.594727
1466.389648	14335.355469
1465.352539	14313.749023
1464.315430	14271.153320
1463.277344	14545.800781
1462.240234	14801.679688
1461.202148	15253.305664
1460.164063	14975.106445
1459.125977	15279.679688
1458.086914	15360.431641
1457.047852	15580.930664
1456.009766	15817.643555
1454.969727	15916.862305
1453.930664	15855.390625
1452.890625	15544.872070
1451.851563	15825.612305
1450.811523	15710.677734
1449.770508	15695.822266
1448.730469	15955.422852
1447.689453	15791.696289
1446.648438	15814.029297
1445.607422	15506.282227
1444.566406	15140.562500
1443.525391	15388.388672
1442.483398	15245.849609
1441.441406	15033.691406
1440.399414	15162.960938
1439.356445	14558.560547
1438.314453	14771.431641
1437.271484	14796.244141
1436.228516	14853.528320
1435.184570	14502.527344
1434.141602	14745.381836
1433.097656	14742.351563
1432.053711	14644.274414
1431.009766	14784.965820
1429.965820	14837.541992
1428.920898	14788.156250
1427.875977	14507.157227
1426.831055	14497.226563
1425.786133	14549.815430
1424.740234	14234.312500
1423.695313	14569.291016
1422.649414	14677.364258
1421.602539	14755.317383
1420.556641	14308.187500
1419.510742	14314.494141
1418.463867	14408.656250
1417.416992	14444.988281
1416.369141	14536.771484
1415.322266	14390.521484
1414.274414	14369.079102
1413.226563	14248.329102
1412.178711	14215.376953
1411.130859	14290.948242
1410.082031	13895.605469
1409.033203	14162.752930
1407.984375	14134.457031
1406.935547	14030.047852
1405.886719	13983.337891
1404.836914	13819.047852
1403.787109	13802.370117
1402.737305	13785.697266
1401.687500	13895.775391
1400.636719	13826.098633
1399.585938	13864.712891
1398.535156	13661.494141
1397.484375	13902.749023
1396.433594	13858.446289
1395.381836	13821.066406
1394.330078	13599.612305
1393.278320	13619.815430
1392.226563	13764.218750
1391.173828	13529.112305
1390.121094	13590.701172
1389.068359	13677.550781
1388.015625	13329.989258
1386.961914	13547.830078
1385.909180	13740.308594
1384.855469	13730.583984
1383.801758	13964.279297
1382.747070	14083.082031
1381.693359	13986.063477
1380.638672	14508.723633
1379.583984	14542.442383
1378.529297	14573.851563
1377.473633	14456.166992
1376.418945	14366.047852
1375.363281	14436.445313
1374.307617	14493.060547
1373.250977	14425.903320
1372.195313	14441.253906
1371.138672	14319.156250
1370.082031	14263.524414
1369.025391	14079.689453
1367.967773	14152.328125
1366.910156	14176.871094
1365.853516	14297.512695
1364.794922	14319.725586
1363.737305	14538.644531
1362.678711	14775.767578
1361.621094	14393.165039
1360.562500	14687.367188
1359.502930	14782.608398
1358.444336	14964.640625
1357.384766	15297.377930
1356.325195	15214.273438
1355.265625	15291.054688
1354.206055	15404.333984
1353.145508	15392.018555
1352.084961	15229.082031
1351.024414	15586.445313
1349.963867	15745.191406
1348.902344	15719.126953
1347.841797	15476.444336
1346.780273	15516.559570
1345.717773	15540.702148
1344.656250	15569.391602
1343.593750	15263.140625
1342.532227	15597.119141
1341.469727	15787.477539
1340.406250	15529.185547
1339.343750	15744.519531
1338.280273	15709.395508
1337.216797	15897.293945
1336.153320	15764.321289
1335.088867	15870.241211
1334.025391	15937.454102
1332.960938	15840.932617
1331.896484	15462.568359
1330.831055	15616.186523
1329.766602	15490.248047
1328.701172	15414.341797
1327.635742	15579.229492
1326.570313	15725.879883
1325.503906	15463.794922
1324.438477	15578.627930
1323.372070	15101.080078
1322.304688	15061.646484
1321.238281	14895.190430
1320.171875	14982.826172
1319.104492	14970.650391
1318.037109	14836.053711
1316.968750	14798.978516
1315.901367	14567.025391
1314.833008	14631.976563
1313.764648	14728.613281
1312.696289	14693.851563
1311.627930	14745.147461
1310.558594	14635.689453
1309.489258	14761.665039
1308.419922	14656.772461
1307.350586	14766.853516
1306.280273	14736.646484
1305.209961	14923.553711
1304.139648	14746.358398
1303.069336	14919.620117
1301.999023	14765.098633
1300.927734	14875.014648
1299.856445	15163.356445
1298.785156	14927.565430
1297.713867	14845.428711
1296.641602	14919.109375
1295.569336	14800.890625
1294.497070	14917.427734
1293.424805	14855.665039
1292.351563	15143.584961
1291.279297	15246.443359
1290.206055	15105.725586
1289.131836	15109.350586
1288.058594	15191.863281
1286.984375	15206.734375
1285.910156	15739.800781
1284.835938	15630.658203
1283.761719	15676.956055
1282.686523	15720.982422
1281.612305	16174.703125
1280.537109	16486.439453
1279.460938	17115.330078
1278.385742	17276.003906
1277.309570	17854.982422
1276.233398	18231.322266
1275.157227	18843.583984
1274.081055	19293.742188
1273.003906	19438.058594
1271.926758	19696.910156
1270.849609	20081.457031
1269.772461	20135.675781
1268.694336	20034.927734
1267.616211	19963.404297
1266.538086	19642.757813
1265.459961	18749.980469
1264.381836	18681.011719
1263.302734	18084.910156
1262.223633	17598.951172
1261.144531	17214.097656
1260.065430	16993.056641
1258.985352	16801.244141
1257.905273	16916.511719
1256.825195	16700.148438
1255.745117	16526.433594
1254.664063	16673.037109
1253.583008	16602.392578
1252.501953	16572.072266
1251.420898	16378.380859
1250.339844	16433.146484
1249.257813	16206.005859
1248.175781	16034.876953
1247.093750	16033.770508
1246.011719	15851.568359
1244.928711	15825.911133
1243.845703	15670.642578
1242.762695	15864.000000
1241.679688	15579.220703
1240.595703	15330.294922
1239.512695	15309.234375
1238.428711	15424.364258
1237.343750	15311.777344
1236.259766	15348.751953
1235.174805	15044.350586
1234.089844	15072.441406
1233.004883	14931.025391
1231.919922	14631.358398
1230.833984	14766.518555
1229.748047	14587.363281
1228.662109	14891.826172
1227.576172	14812.971680
1226.489258	14266.397461
1225.402344	14385.900391
1224.315430	14505.351563
1223.228516	14266.368164
1222.141602	14459.235352
1221.053711	14149.157227
1219.965820	14070.566406
1218.877930	14047.610352
1217.789063	14075.807617
1216.701172	13803.860352
1215.612305	13658.720703
1214.523438	13722.535156
1213.433594	13719.667969
1212.344727	13583.520508
1211.254883	13829.420898
1210.165039	13646.676758
1209.075195	13630.504883
1207.984375	13605.459961
1206.893555	13635.901367
1205.803711	13506.592773
1204.711914	13501.550781
1203.621094	13183.824219
1202.529297	13218.758789
1201.437500	13333.479492
1200.345703	12867.496094
1199.253906	12612.206055
1198.161133	12540.893555
1197.068359	12553.773438
1195.975586	12471.428711
1194.882813	12676.928711
1193.789063	12966.452148
1192.696289	13180.612305
1191.602539	13151.303711
1190.507813	13155.187500
1189.414063	13243.109375
1188.319336	13264.660156
1187.224609	13765.917969
1186.129883	13555.275391
1185.034180	13932.514648
1183.939453	13900.876953
1182.843750	14174.069336
1181.748047	14440.521484
1180.651367	14366.843750
1179.555664	14582.371094
1178.458984	14711.735352
1177.362305	14796.913086
1176.265625	14935.000000
1175.167969	14671.610352
1174.070313	14403.919922
1172.972656	14065.791992
1171.875000	13946.020508
1170.777344	13594.905273
1169.678711	13677.983398
1168.580078	13333.678711
1167.481445	13203.145508
1166.381836	13052.849609
1165.283203	13085.335938
1164.183594	13142.017578
1163.083984	12950.017578
1161.983398	13272.908203
1160.883789	13098.555664
1159.783203	13071.617188
1158.682617	13211.788086
1157.581055	12960.619141
1156.480469	13048.006836
1155.378906	13207.867188
1154.277344	13325.919922
1153.175781	13527.384766
1152.073242	13917.611328
1150.970703	14118.865234
1149.868164	14212.479492
1148.765625	14633.037109
1147.663086	15101.686523
1146.559570	15609.623047
1145.456055	15612.923828
1144.352539	15666.654297
1143.249023	15810.241211
1142.144531	15725.825195
1141.040039	15549.409180
1139.935547	15416.883789
1138.831055	15560.398438
1137.725586	14685.543945
1136.620117	14564.227539
1135.514648	14333.511719
1134.409180	14050.366211
1133.302734	13841.734375
1132.197266	13917.578125
1131.089844	13706.873047
1129.983398	13710.550781
1128.876953	13736.088867
1127.769531	13794.401367
1126.662109	13826.465820
1125.554688	13902.211914
1124.446289	14032.535156
1123.338867	13887.627930
1122.230469	14041.916016
1121.122070	14019.314453
1120.012695	14094.936523
1118.904297	14087.605469
1117.794922	14444.610352
1116.685547	14347.780273
1115.575195	14575.916016
1114.465820	14459.473633
1113.355469	14506.565430
1112.245117	14553.635742
1111.133789	14533.140625
1110.023438	14658.606445
1108.912109	14574.934570
1107.800781	14216.931641
1106.689453	14131.208984
1105.577148	13856.159180
1104.464844	13707.439453
1103.352539	13547.903320
1102.240234	13575.500977
1101.127930	13466.078125
1100.014648	13371.918945
1098.901367	13497.357422
1097.788086	13418.444336
1096.673828	13217.879883
1095.560547	13467.099609
1094.446289	13229.683594
1093.332031	13311.583984
1092.216797	13458.582031
1091.102539	13117.125977
1089.987305	13296.654297
1088.872070	13476.105469
1087.755859	13278.029297
1086.640625	13515.965820
1085.524414	13582.500977
1084.408203	13482.080078
1083.291016	13787.010742
1082.174805	13688.753906
1081.057617	13813.689453
1079.940430	13760.955078
1078.823242	13803.527344
1077.705078	13577.604492
1076.586914	13533.608398
1075.468750	13463.660156
1074.350586	13590.643555
1073.232422	13455.811523
1072.113281	13556.787109
1070.994141	13579.873047
1069.875000	13395.401367
1068.754883	13492.000000
1067.634766	13398.386719
1066.514648	13207.585938
1065.394531	13494.250977
1064.274414	13454.684570
1063.153320	13512.299805
1062.032227	13636.809570
1060.911133	13500.113281
1059.790039	13618.098633
1058.667969	13774.865234
1057.545898	13776.267578
1056.423828	13531.830078
1055.301758	13651.861328
1054.178711	13765.374023
1053.055664	13659.018555
1051.932617	13733.696289
1050.809570	13465.826172
1049.685547	13622.354492
1048.561523	13513.961914
1047.437500	13646.730469
1046.313477	13506.090820
1045.188477	13505.384766
1044.063477	13498.223633
1042.938477	13323.287109
1041.813477	13238.746094
1040.687500	13042.435547
1039.562500	13162.204102
1038.436523	12957.394531
1037.309570	12918.123047
1036.183594	12649.001953
1035.056641	12781.635742
1033.929688	12708.065430
1032.802734	12911.476563
1031.674805	13346.617188
1030.547852	13086.270508
1029.419922	13568.389648
1028.291016	13312.394531
1027.163086	13455.409180
1026.034180	13461.133789
1024.905273	13653.359375
1023.776367	13789.778320
1022.646484	13654.000977
1021.517578	13891.050781
1020.387695	13980.207031
1019.257813	14020.072266
1018.126953	14179.815430
1016.996094	14104.029297
1015.866211	14387.810547
1014.734375	14089.489258
1013.603516	14210.573242
1012.471680	14132.703125
1011.339844	14198.129883
1010.208008	14547.857422
1009.076172	14360.957031
1007.943359	14556.642578
1006.810547	14547.143555
1005.677734	14849.504883
1004.544922	14916.826172
1003.411133	14809.040039
1002.277344	14993.744141
1001.143555	14634.151367
1000.009766	14319.517578
998.875000	14028.483398
997.740234	14014.840820
996.605469	13689.875000
995.470703	13443.926758
994.334961	13502.883789
993.199219	13222.983398
992.063477	13473.710938
990.927734	13547.532227
989.791016	13744.841797
988.654297	13407.634766
987.517578	13451.618164
986.380859	13604.125000
985.243164	13773.589844
984.105469	13404.749023
982.967773	13295.551758
981.830078	13322.495117
980.691406	13281.393555
979.553711	13489.002930
978.414063	13456.381836
977.275391	13296.292969
976.136719	13227.613281
974.997070	12804.291016
973.857422	12956.570313
972.716797	13374.143555
971.577148	13434.970703
970.436523	13521.234375
969.295898	13573.516602
968.155273	13757.282227
967.013672	13711.941406
965.872070	13954.961914
964.730469	13706.103516
963.588867	13720.139648
962.446289	13920.625000
961.303711	13566.011719
960.161133	13789.739258
959.018555	13460.712891
957.875977	13580.632813
956.732422	13526.942383
955.588867	13441.532227
954.444336	13703.125977
953.300781	13583.869141
952.156250	13606.351563
951.011719	13639.395508
949.867188	13387.053711
948.721680	13637.808594
947.576172	13355.991211
946.430664	13627.769531
945.285156	13776.932617
944.138672	13856.347656
942.993164	13716.167969
941.846680	13810.334961
940.699219	14172.463867
939.552734	14226.405273
938.405273	14326.728516
937.257813	14395.375000
936.110352	14763.391602
934.961914	14739.162109
933.813477	14965.740234
932.665039	15200.649414
931.516602	16082.200195
930.367188	16070.342773
929.217773	16473.322266
928.068359	16263.486328
926.918945	16683.089844
925.768555	16725.824219
924.619141	16924.232422
923.468750	16363.189453
922.317383	16252.438477
921.166992	15841.061523
920.015625	15656.891602
918.864258	15378.222656
917.711914	15442.177734
916.560547	14924.178711
915.408203	14456.809570
914.255859	14346.624023
913.103516	14060.129883
911.950195	14055.026367
910.796875	13806.489258
909.643555	13576.940430
908.490234	13756.535156
907.335938	13615.177734
906.181641	13614.363281
905.027344	13450.034180
903.873047	13514.226563
902.717773	13597.248047
901.562500	13648.809570
900.407227	13589.336914
899.251953	13649.252930
898.095703	13790.792969
896.939453	13484.330078
895.783203	13623.750977
894.626953	13497.389648
893.469727	13605.369141
892.312500	13638.010742
891.155273	13432.268555
889.998047	13665.620117
888.839844	13602.083008
887.681641	13448.718750
886.523438	13625.505859
885.365234	13455.491211
884.206055	13291.812500
883.046875	13512.362305
881.887695	13471.895508
880.727539	13454.400391
879.568359	13324.243164
878.408203	13440.291992
877.248047	13462.438477
876.086914	13376.148438
874.925781	13414.974609
873.765625	13474.626953
872.603516	13513.414063
871.442383	13341.766602
870.280273	13228.511719
869.118164	13565.116211
867.956055	13624.666992
866.792969	13544.727539
865.630859	13231.736328
864.467773	13262.188477
863.303711	13251.023438
862.140625	13499.833008
860.976563	13278.607422
859.812500	13431.674805
858.648438	13391.380859
857.483398	13696.049805
856.318359	13543.526367
855.153320	13667.323242
853.988281	13757.838867
852.823242	14037.249023
851.657227	13947.053711
850.491211	13821.615234
849.324219	14134.028320
848.158203	14253.383789
846.991211	14410.018555
845.824219	14431.806641
844.656250	14656.746094
843.489258	15026.673828
842.321289	14994.434570
841.153320	14991.212891
839.984375	14944.494141
838.816406	14643.078125
837.647461	14853.183594
836.478516	15081.828125
835.308594	15227.592773
834.139648	14990.512695
832.969727	15218.977539
831.799805	15132.977539
830.628906	15235.178711
829.458008	15217.430664
828.287109	15133.550781
827.116211	15657.231445
825.945313	15418.342773
824.773438	15702.133789
823.601563	15407.579102
822.429688	15071.857422
821.256836	14748.664063
820.084961	14347.186523
818.912109	14249.186523
817.738281	13996.513672
816.565430	14047.124023
815.391602	13749.237305
814.217773	14189.505859
813.043945	13918.509766
811.869141	13793.934570
810.694336	13931.057617
809.519531	13985.730469
808.344727	13832.388672
807.168945	14074.414063
805.993164	13595.886719
804.817383	13253.390625
803.641602	13085.932617
802.464844	13301.164063
801.288086	13224.258789
800.111328	13313.937500
798.933594	13313.124023
797.756836	13491.122070
796.579102	13771.787109
795.401367	13799.634766
794.222656	13626.177734
793.043945	13629.400391
791.865234	13378.035156
790.686523	13243.779297
789.507813	13199.878906
788.328125	13492.487305
787.148438	13686.504883
785.968750	13556.396484
784.788086	13498.109375
783.607422	13347.596680
782.426758	13283.228516
781.246094	13589.779297
780.064453	13547.921875
778.882813	13469.211914
777.701172	13462.208984
776.519531	13510.486328
775.336914	13417.504883
774.154297	13441.211914
772.971680	13417.848633
771.789063	13529.503906
770.605469	13473.408203
769.421875	13773.113281
768.238281	13995.006836
767.053711	14051.253906
765.870117	14031.871094
764.685547	13869.490234
763.500000	14213.716797
762.315430	14269.864258
761.129883	14266.780273
759.944336	14331.054688
758.758789	14354.486328
757.572266	14333.019531
756.385742	14262.606445
755.199219	14033.147461
754.012695	14287.022461
752.825195	14110.658203
751.637695	13761.131836
750.450195	13945.618164
749.262695	13553.496094
748.074219	14157.518555
746.885742	14437.503906
745.697266	13896.907227
744.507813	14013.991211
743.319336	14131.022461
742.129883	14282.590820
740.939453	14521.558594
739.750000	14683.142578
738.559570	15316.367188
737.369141	15404.526367
736.178711	15592.232422
734.987305	16048.068359
733.795898	16820.615234
732.604492	16615.900391
731.413086	16764.595703
730.220703	16503.134766
729.028320	16452.875000
727.835938	15769.502930
726.643555	15066.136719
725.450195	14527.375977
724.256836	14518.143555
723.063477	14689.362305
721.869141	14572.662109
720.675781	14105.402344
719.481445	14041.558594
718.286133	14034.462891
717.091797	14031.418945
715.896484	14372.606445
714.701172	14559.786133
713.505859	14344.108398
712.309570	14434.080078
711.113281	14246.844727
709.916992	14654.359375
708.720703	15081.917969
707.523438	15108.971680
706.326172	15095.585938
705.128906	15078.163086
703.930664	15008.214844
702.732422	14679.727539
701.534180	14561.422852
700.335938	14487.590820
699.137695	15100.159180
697.938477	15427.881836
696.739258	15688.871094
695.539063	15592.662109
694.339844	15909.975586
693.139648	16795.816406
691.939453	17209.501953
690.738281	17836.667969
689.538086	18477.666016
688.336914	18959.216797
687.135742	19303.580078
685.933594	19899.533203
684.731445	20801.273438
683.529297	21823.404297
682.327148	21941.427734
681.125000	21763.611328
679.921875	21449.072266
678.718750	20611.732422
677.514648	19841.113281
676.311523	19621.683594
675.107422	19321.949219
673.903320	19436.308594
672.698242	19090.531250
671.494141	18632.417969
670.289063	18184.544922
669.083008	17610.373047
667.877930	17174.958984
666.671875	17050.806641
665.465820	17215.638672
664.259766	17201.861328
663.052734	17424.750000
661.845703	17150.257813
660.638672	17292.869141
659.431641	16992.466797
658.223633	17295.357422
657.015625	17135.322266
655.807617	17169.646484
654.599609	17366.162109
653.390625	17810.853516
652.181641	17754.929688
650.972656	17909.158203
649.762695	17541.107422
648.552734	17403.259766
647.342773	17251.470703
646.132813	17021.767578
644.921875	16822.148438
643.710938	16722.544922
642.500000	15881.655273
641.289063	15558.550781
640.077148	15475.264648
638.865234	15330.110352
637.653320	15246.909180
636.440430	15026.016602
635.228516	14665.530273
634.014648	14610.456055
632.801758	14822.697266
631.588867	14388.699219
630.375000	14447.368164
629.161133	14677.443359
627.946289	15017.030273
626.731445	14814.499023
625.516602	14574.205078
624.301758	14351.939453
623.086914	15041.753906
621.871094	14958.836914
620.655273	15126.741211
619.439453	14783.160156
618.222656	14859.510742
617.005859	14900.024414
615.789063	15024.041016
614.572266	14909.419922
613.354492	14524.512695
612.136719	14306.708984
610.918945	14037.339844
609.700195	14354.089844
608.482422	14400.602539
607.263672	14224.708984
606.043945	14459.816406
604.825195	14162.917969
603.605469	13995.125000
602.385742	13837.325195
601.165039	13917.601563
599.945313	13751.953125
598.724609	13497.162109
597.502930	13359.425781
596.282227	13195.987305
595.060547	13062.337891
593.838867	12924.784180
592.617188	12906.113281
591.394531	12734.993164
590.171875	12777.734375
588.949219	12604.737305
587.726563	12861.179688
586.502930	13099.706055
585.279297	12992.015625
584.055664	13356.956055
582.831055	13709.875000
581.607422	13861.037109
580.382813	13976.564453
579.157227	14133.527344
577.932617	14312.147461
576.707031	14180.652344
575.481445	14469.744141
574.254883	14300.767578
573.028320	14419.987305
571.801758	14783.807617
570.575195	14632.623047
569.348633	14568.278320
568.121094	14600.576172
566.893555	14575.690430
565.665039	14598.115234
564.437500	14518.067383
563.208984	14475.483398
561.980469	14765.773438
560.750977	14953.539063
559.521484	15099.879883
558.291992	15315.043945
557.062500	15463.206055
555.833008	15343.737305
554.602539	15084.664063
553.372070	15116.750977
552.140625	14930.584961
550.909180	15127.806641
549.677734	14707.854492
548.446289	14183.951172
547.214844	14116.012695
545.982422	14071.669922
544.750000	14082.324219
543.517578	13994.818359
542.284180	14211.561523
541.050781	14430.170898
539.817383	14340.681641
538.583008	14059.018555
537.349609	13967.687500
536.115234	14319.467773
534.879883	14394.723633
533.645508	14516.976563
532.410156	14337.457031
531.174805	14312.758789
529.938477	14168.611328
528.703125	14388.698242
527.466797	14988.438477
526.230469	15754.263672
524.993164	16883.683594
523.755859	18505.564453
522.518555	20005.472656
521.281250	20249.398438
520.042969	18847.191406
518.804688	17060.566406
517.566406	15491.626953
516.328125	14474.294922
515.088867	14264.072266
513.849609	14116.428711
512.610352	14300.744141
511.370117	14805.086914
510.129883	14977.458984
508.889648	15368.269531
507.649414	15312.218750
506.408203	15332.249023
505.166992	14983.767578
503.925781	14742.651367
502.683594	14261.927734
