1802.209961	7414.100098
1801.240234	7474.032227
1800.271484	7492.512695
1799.301758	7441.092773
1798.332031	7317.318359
1797.362305	7001.463867
1796.392578	7094.862793
1795.421875	6881.439941
1794.451172	6932.432129
1793.480469	7245.187500
1792.509766	7335.968750
1791.539063	7212.385742
1790.567383	7208.452148
1789.596680	7065.013184
1788.625000	6921.631348
1787.653320	7102.031738
1786.680664	7334.643066
1785.708984	7465.104004
1784.736328	7652.751953
1783.763672	7691.032715
1782.791016	7913.387695
1781.818359	7909.317871
1780.844727	8024.610840
1779.871094	8211.958008
1778.897461	8173.028809
1777.923828	8079.440430
1776.950195	7841.775391
1775.975586	7614.142090
1775.001953	7366.729492
1774.027344	7553.979980
1773.052734	7751.086426
1772.077148	7809.108398
1771.102539	8184.769531
1770.126953	8327.042969
1769.151367	8699.967773
1768.175781	8653.581055
1767.200195	8659.287109
1766.223633	8927.791992
1765.247070	8871.470703
1764.271484	8696.215820
1763.293945	8736.595703
1762.317383	8442.528320
1761.340820	8393.778320
1760.363281	8496.099609
1759.385742	8704.838867
1758.408203	8997.652344
1757.429688	9317.572266
1756.452148	9523.544922
1755.473633	9333.627930
1754.495117	8955.815430
1753.516602	8704.266602
1752.538086	8588.795898
1751.558594	8461.010742
1750.579102	8763.286133
1749.600586	9146.977539
1748.620117	8885.758789
1747.640625	8795.062500
1746.661133	8469.815430
1745.680664	8401.458008
1744.700195	8384.962891
1743.719727	8252.484375
1742.738281	8569.117188
1741.757813	8384.850586
1740.776367	8481.822266
1739.794922	8425.871094
1738.813477	8379.803711
1737.832031	8143.958008
1736.849609	7895.885254
1735.867188	8162.863770
1734.884766	8193.249023
1733.902344	8553.650391
1732.919922	8697.214844
1731.936523	8491.129883
1730.953125	8388.506836
1729.969727	7823.270996
1728.986328	7760.188965
1728.002930	7643.013184
1727.018555	8177.635742
1726.035156	8257.137695
1725.050781	8759.461914
1724.065430	8686.420898
1723.081055	8473.333008
1722.095703	8275.073242
1721.111328	8015.479980
1720.125977	7859.142090
1719.139648	7904.216797
1718.154297	7995.917480
1717.167969	7982.037598
1716.182617	7968.163086
1715.196289	8103.957520
1714.208984	8126.858398
1713.222656	8507.818359
1712.235352	8839.583984
1711.248047	8698.068359
1710.260742	8649.749023
1709.273438	8385.799805
1708.286133	8366.961914
1707.297852	8328.535156
1706.309570	8287.673828
1705.321289	8523.519531
1704.333008	8587.902344
1703.344727	8877.438477
1702.355469	9279.423828
1701.366211	9223.730469
1700.376953	9407.779297
1699.387695	9479.253906
1698.397461	9531.138672
1697.408203	9223.639648
1696.417969	9094.686523
1695.427734	9024.432617
1694.436523	9095.910156
1693.446289	9291.934570
1692.455078	9539.166016
1691.463867	9678.862305
1690.472656	9664.706055
1689.481445	9489.468750
1688.489258	9777.942383
1687.498047	9732.057617
1686.505859	9930.113281
1685.512695	10047.610352
1684.520508	9555.497070
1683.528320	9417.056641
1682.535156	9456.592773
1681.541992	9476.617188
1680.548828	9798.732422
1679.554688	9818.678711
1678.561523	10050.488281
1677.567383	10214.028320
1676.573242	10343.421875
1675.579102	10190.438477
1674.584961	10494.983398
1673.589844	10069.550781
1672.594727	10347.240234
1671.599609	10104.398438
1670.604492	10284.712891
1669.608398	9745.412109
1668.613281	9665.673828
1667.617188	9901.853516
1666.621094	9999.460938
1665.625000	10174.753906
1664.627930	9980.853516
1663.631836	9879.292969
1662.634766	9484.051758
1661.637695	9491.844727
1660.639648	9735.001953
1659.642578	9708.776367
1658.644531	9529.754883
1657.646484	9707.280273
1656.648438	10173.250000
1655.650391	10500.862305
1654.652344	10462.387695
1653.653320	10302.776367
1652.654297	9707.169922
1651.655273	9586.527344
1650.655273	9705.668945
1649.656250	9982.131836
1648.656250	10285.109375
1647.656250	10466.958984
1646.656250	10203.524414
1645.656250	10121.630859
1644.655273	10030.094727
1643.654297	10153.810547
1642.653320	10238.793945
1641.652344	10263.311523
1640.651367	10009.901367
1639.649414	9981.298828
1638.647461	10087.987305
1637.645508	10199.461914
1636.643555	10255.351563
1635.641602	10200.164063
1634.638672	9988.103516
1633.635742	10497.694336
1632.632813	9964.759766
1631.629883	10071.295898
1630.625977	9999.315430
1629.623047	10513.312500
1628.619141	10786.017578
1627.615234	11104.409180
1626.610352	11097.340820
1625.606445	11126.416016
1624.601563	11273.512695
1623.596680	10866.622070
1622.591797	10582.698242
1621.586914	10467.406250
1620.581055	10142.758789
1619.575195	10174.394531
1618.569336	10160.303711
1617.563477	10244.841797
1616.557617	10411.114258
1615.550781	10543.655273
1614.543945	10604.023438
1613.537109	10931.155273
1612.530273	11210.092773
1611.522461	11380.803711
1610.515625	11736.401367
1609.507813	11738.825195
1608.500000	11522.750000
1607.492188	11117.115234
1606.483398	11258.867188
1605.474609	11294.977539
1604.466797	11832.491211
1603.457031	12053.165039
1602.448242	12156.238281
1601.439453	11885.234375
1600.429688	11753.375977
1599.419922	11643.139648
1598.410156	11911.548828
1597.399414	11892.362305
1596.389648	12352.229492
1595.378906	12234.774414
1594.368164	12519.603516
1593.357422	13101.143555
1592.345703	13428.758789
1591.334961	13292.036133
1590.323242	13114.698242
1589.311523	12652.802734
1588.298828	11995.004883
1587.287109	12133.629883
1586.274414	12090.529297
1585.261719	11932.730469
1584.249023	11731.986328
1583.236328	11949.383789
1582.222656	11956.510742
1581.209961	12457.938477
1580.196289	12264.410156
1579.182617	12013.672852
1578.167969	11629.392578
1577.154297	11708.153320
1576.139648	11834.591797
1575.125000	11426.729492
1574.110352	11166.875000
1573.094727	11410.164063
1572.079102	11512.722656
1571.064453	11148.150391
1570.048828	11491.363281
1569.032227	11758.207031
1568.016602	11589.100586
1567.000000	11598.649414
1565.983398	11362.983398
1564.966797	11329.729492
1563.950195	11448.790039
1562.932617	11570.180664
1561.915039	11760.504883
1560.897461	11827.082031
1559.879883	11548.853516
1558.862305	11251.718750
1557.843750	11244.674805
1556.825195	11572.695313
1555.806641	11601.225586
1554.788086	11829.273438
1553.769531	11898.111328
1552.750000	11990.665039
1551.730469	11741.336914
1550.710938	11606.034180
1549.691406	11242.984375
1548.670898	11224.086914
1547.650391	11404.442383
1546.630859	11444.806641
1545.609375	11290.730469
1544.588867	11169.904297
1543.567383	10970.915039
1542.546875	10926.027344
1541.525391	11049.362305
1540.502930	11191.594727
1539.481445	11437.964844
1538.458984	11402.486328
1537.436523	11438.037109
1536.414063	11565.871094
1535.391602	11641.597656
1534.369141	11897.084961
1533.345703	11532.781250
1532.322266	11563.535156
1531.298828	11724.310547
1530.274414	11376.809570
1529.250977	11440.660156
1528.226563	11539.927734
1527.202148	11551.747070
1526.177734	11568.285156
1525.152344	11596.622070
1524.127930	11816.178711
1523.102539	11891.660156
1522.077148	11587.164063
1521.051758	11818.382813
1520.025391	11893.816406
1518.999023	11787.615234
1517.972656	12127.117188
1516.946289	11987.906250
1515.919922	11740.328125
1514.892578	12065.490234
1513.865234	12136.063477
1512.837891	12291.409180
1511.810547	12533.829102
1510.783203	12754.957031
1509.754883	12797.080078
1508.726563	13300.501953
1507.698242	13048.347656
1506.669922	13106.851563
1505.640625	13228.840820
1504.612305	13614.172852
1503.583008	13865.325195
1502.553711	13838.984375
1501.523438	14317.964844
1500.494141	14185.797852
1499.463867	14591.681641
1498.433594	14372.603516
1497.403320	14834.641602
1496.372070	14603.863281
1495.340820	14699.467773
1494.310547	14980.440430
1493.278320	15209.674805
1492.247070	14765.521484
1491.215820	14509.188477
1490.183594	14780.585938
1489.151367	14714.258789
1488.119141	14446.371094
1487.085938	14307.488281
1486.053711	14159.288086
1485.020508	14114.223633
1483.987305	13741.278320
1482.954102	13487.908203
1481.919922	13332.971680
1480.885742	13187.458984
1479.852539	12953.078125
1478.817383	13051.034180
1477.783203	13104.503906
1476.748047	13190.693359
1475.713867	13281.524414
1474.678711	13241.398438
1473.642578	13701.479492
1472.607422	13406.564453
1471.571289	13681.847656
1470.536133	13648.677734
1469.499023	13601.507813
1468.462891	14114.743164
1467.426758	14025.475586
1466.389648	14132.297852
1465.352539	14110.733398
1464.315430	14187.164063
1463.277344	14475.824219
1462.240234	14652.426758
1461.202148	14936.208984
1460.164063	14958.788086
1459.125977	15093.228516
1458.086914	15169.358398
1457.047852	15485.414063
1456.009766	15507.859375
1454.969727	15683.990234
1453.930664	15536.420898
1452.890625	15440.122070
1451.851563	15267.061523
1450.811523	15517.551758
1449.770508	15788.875977
1448.730469	15748.420898
1447.689453	15396.380859
1446.648438	15374.621094
1445.607422	15364.492188
1444.566406	15200.984375
1443.525391	15088.660156
1442.483398	14925.275391
1441.441406	14908.275391
1440.399414	14814.653320
1439.356445	14658.387695
1438.314453	14608.955078
1437.271484	14385.495117
1436.228516	14354.698242
1435.184570	14214.889648
1434.141602	14290.821289
1433.097656	14468.744141
1432.053711	14491.271484
1431.009766	14541.601563
1429.965820	14332.375000
1428.920898	14192.737305
1427.875977	14256.993164
1426.831055	14302.695313
1425.786133	14399.316406
1424.740234	14264.406250
1423.695313	14402.652344
1422.649414	14260.854492
1421.602539	14378.221680
1420.556641	14067.635742
1419.510742	14085.554688
1418.463867	14237.564453
1417.416992	14135.238281
1416.369141	14030.641602
1415.322266	14124.800781
1414.274414	14329.806641
1413.226563	14075.104492
1412.178711	14120.700195
1411.130859	13720.695313
1410.082031	13791.734375
1409.033203	13851.205078
1407.984375	13762.983398
1406.935547	13725.547852
1405.886719	13794.217773
1404.836914	13599.991211
1403.787109	13253.686523
1402.737305	13529.851563
1401.687500	13467.149414
1400.636719	13717.811523
1399.585938	13454.691406
1398.535156	13392.041016
1397.484375	13426.122070
1396.433594	13609.823242
1395.381836	13261.779297
1394.330078	13360.295898
1393.278320	13435.763672
1392.226563	13384.691406
1391.173828	13407.228516
1390.121094	13160.747070
1389.068359	13321.245117
1388.015625	13221.970703
1386.961914	13196.266602
1385.909180	13315.302734
1384.855469	13500.898438
1383.801758	13534.856445
1382.747070	13917.776367
1381.693359	14123.790039
1380.638672	14003.833008
1379.583984	14239.570313
1378.529297	14211.397461
1377.473633	14263.509766
1376.418945	14006.036133
1375.363281	14044.412109
1374.307617	14153.827148
1373.250977	14171.530273
1372.195313	14129.655273
1371.138672	14064.888672
1370.082031	14068.855469
1369.025391	13969.781250
1367.967773	14010.392578
1366.910156	14099.051758
1365.853516	13988.587891
1364.794922	14143.560547
1363.737305	14030.844727
1362.678711	14551.649414
1361.621094	14384.019531
1360.562500	14520.491211
1359.502930	14599.768555
1358.444336	14880.094727
1357.384766	14883.873047
1356.325195	14746.036133
1355.265625	15092.380859
1354.206055	14783.320313
1353.145508	15097.554688
1352.084961	15135.512695
1351.024414	15102.720703
1349.963867	15053.972656
1348.902344	14973.312500
1347.841797	15246.132813
1346.780273	15065.152344
1345.717773	15119.020508
1344.656250	15177.422852
1343.593750	15215.293945
1342.532227	15234.925781
1341.469727	15325.149414
1340.406250	15442.659180
1339.343750	15145.790039
1338.280273	15377.089844
1337.216797	15633.325195
1336.153320	15288.820313
1335.088867	15490.374023
1334.025391	15182.426758
1332.960938	15374.822266
1331.896484	15262.522461
1330.831055	15166.178711
1329.766602	15310.737305
1328.701172	15341.643555
1327.635742	15186.284180
1326.570313	15049.156250
1325.503906	15030.145508
1324.438477	15122.369141
1323.372070	14978.528320
1322.304688	14741.716797
1321.238281	14756.810547
1320.171875	14796.844727
1319.104492	14739.355469
1318.037109	14713.628906
1316.968750	14656.178711
1315.901367	14387.997070
1314.833008	14566.270508
1313.764648	14440.927734
1312.696289	14424.343750
1311.627930	14468.902344
1310.558594	14253.101563
1309.489258	14458.374023
1308.419922	14407.854492
1307.350586	14572.285156
1306.280273	14634.858398
1305.209961	14392.103516
1304.139648	14576.782227
1303.069336	14718.431641
1301.999023	14588.812500
1300.927734	14484.101563
1299.856445	14691.195313
1298.785156	14873.356445
1297.713867	14913.174805
1296.641602	14822.026367
1295.569336	14627.081055
1294.497070	14527.001953
1293.424805	14645.826172
1292.351563	14888.672852
1291.279297	14912.645508
1290.206055	14990.724609
1289.131836	14962.811523
1288.058594	15056.624023
1286.984375	15150.396484
1285.910156	15160.766602
1284.835938	15466.219727
1283.761719	15231.038086
1282.686523	15653.432617
1281.612305	16005.865234
1280.537109	16133.078125
1279.460938	16789.044922
1278.385742	17197.261719
1277.309570	17668.289063
1276.233398	18307.783203
1275.157227	18737.912109
1274.081055	19104.917969
1273.003906	19732.472656
1271.926758	19364.359375
1270.849609	19879.271484
1269.772461	19780.802734
1268.694336	19915.912109
1267.616211	19462.748047
1266.538086	19348.710938
1265.459961	18572.691406
1264.381836	18182.910156
1263.302734	17829.181641
1262.223633	17235.625000
1261.144531	17084.044922
1260.065430	16827.160156
1258.985352	16505.384766
1257.905273	16580.378906
1256.825195	16572.443359
1255.745117	16100.840820
1254.664063	16079.571289
1253.583008	16098.612305
1252.501953	16148.983398
1251.420898	16172.476563
1250.339844	15820.036133
1249.257813	15903.989258
1248.175781	15710.555664
1247.093750	15790.021484
1246.011719	15748.722656
1244.928711	15557.674805
1243.845703	15393.523438
1242.762695	15151.237305
1241.679688	15235.200195
1240.595703	15285.625977
1239.512695	15240.011719
1238.428711	15096.186523
1237.343750	14780.552734
1236.259766	15138.984375
1235.174805	14825.702148
1234.089844	14731.153320
1233.004883	14679.015625
1231.919922	14747.303711
1230.833984	14449.965820
1229.748047	14553.931641
1228.662109	14635.570313
1227.576172	14423.097656
1226.489258	14175.075195
1225.402344	14336.908203
1224.315430	14251.536133
1223.228516	14417.735352
1222.141602	13947.364258
1221.053711	13944.452148
1219.965820	14030.523438
1218.877930	13891.920898
1217.789063	14075.807617
1216.701172	14070.644531
1215.612305	13587.593750
1214.523438	13664.755859
1213.433594	13706.336914
1212.344727	13856.746094
1211.254883	13407.453125
1210.165039	13606.708984
1209.075195	13457.348633
1207.984375	13316.926758
1206.893555	13589.301758
1205.803711	13577.586914
1204.711914	13339.629883
1203.621094	13117.294922
1202.529297	13025.865234
1201.437500	12930.039063
1200.345703	12931.767578
1199.253906	12461.533203
1198.161133	12146.567383
1197.068359	12190.538086
1195.975586	12241.132813
1194.882813	12763.271484
1193.789063	12815.937500
1192.696289	13027.916016
1191.602539	12865.886719
1190.507813	12838.861328
1189.414063	13198.876953
1188.319336	13056.812500
1187.224609	13516.111328
1186.129883	13584.007813
1185.034180	13872.851563
1183.939453	14070.992188
1182.843750	13995.154297
1181.748047	14184.350586
1180.651367	14307.230469
1179.555664	14405.775391
1178.458984	14722.769531
1177.362305	14563.022461
1176.265625	14469.522461
1175.167969	14607.648438
1174.070313	14333.356445
1172.972656	13904.850586
1171.875000	13873.281250
1170.777344	13616.942383
1169.678711	13429.012695
1168.580078	13225.740234
1167.481445	13156.896484
1166.381836	12962.572266
1165.283203	13008.285156
1164.183594	12818.474609
1163.083984	12813.584961
1161.983398	12799.897461
1160.883789	12944.584961
1159.783203	12816.518555
1158.682617	12996.319336
1157.581055	13114.493164
1156.480469	13008.447266
1155.378906	13370.465820
1154.277344	13187.520508
1153.175781	13318.730469
1152.073242	13581.638672
1150.970703	13967.379883
1149.868164	14377.103516
1148.765625	14698.873047
1147.663086	14790.130859
1146.559570	15399.038086
1145.456055	15452.825195
1144.352539	15633.763672
1143.249023	15501.139648
1142.144531	15489.116211
1141.040039	15396.018555
1139.935547	15267.907227
1138.831055	14890.145508
1137.725586	14683.354492
1136.620117	14583.932617
1135.514648	13961.382813
1134.409180	14081.005859
1133.302734	13935.821289
1132.197266	13560.998047
1131.089844	13643.445313
1129.983398	13769.591797
1128.876953	13392.850586
1127.769531	13341.947266
1126.662109	13758.720703
1125.554688	13609.441406
1124.446289	13661.188477
1123.338867	13614.635742
1122.230469	13801.733398
1121.122070	13646.018555
1120.012695	13819.934570
1118.904297	13875.942383
1117.794922	13993.012695
1116.685547	14253.989258
1115.575195	14189.928711
1114.465820	14322.118164
1113.355469	14188.314453
1112.245117	14172.250977
1111.133789	14389.333984
1110.023438	14290.453125
1108.912109	14115.384766
1107.800781	14064.506836
1106.689453	13828.599609
1105.577148	13564.496094
1104.464844	13624.746094
1103.352539	13663.213867
1102.240234	13286.198242
1101.127930	13298.622070
1100.014648	13215.370117
1098.901367	13234.323242
1097.788086	13175.025391
1096.673828	13285.240234
1095.560547	12891.396484
1094.446289	13097.191406
1093.332031	12977.166016
1092.216797	12970.086914
1091.102539	12980.375977
1089.987305	13088.317383
1088.872070	13157.157227
1087.755859	13330.091797
1086.640625	13223.177734
1085.524414	13478.420898
1084.408203	13705.372070
1083.291016	13594.109375
1082.174805	13779.766602
1081.057617	13698.864258
1079.940430	13641.821289
1078.823242	13502.509766
1077.705078	13776.796875
1076.586914	13146.129883
1075.468750	13530.750977
1074.350586	13519.239258
1073.232422	13159.437500
1072.113281	13303.732422
1070.994141	13013.324219
1069.875000	13241.903320
1068.754883	13137.515625
1067.634766	13069.910156
1066.514648	13151.411133
1065.394531	13362.483398
1064.274414	13176.088867
1063.153320	13553.324219
1062.032227	13319.473633
1060.911133	13398.673828
1059.790039	13272.844727
1058.667969	13589.331055
1057.545898	13567.045898
1056.423828	13374.408203
1055.301758	13488.004883
1054.178711	13273.908203
1053.055664	13508.161133
1051.932617	13330.778320
1050.809570	13420.588867
1049.685547	13471.592773
1048.561523	13449.363281
1047.437500	13377.627930
1046.313477	13204.759766
1045.188477	13335.383789
1044.063477	13156.142578
1042.938477	13054.412109
1041.813477	13217.241211
1040.687500	12937.082031
1039.562500	12872.003906
1038.436523	12783.311523
1037.309570	12802.091797
1036.183594	12560.922852
1035.056641	12203.874023
1033.929688	12424.614258
1032.802734	12501.417969
1031.674805	13089.042969
1030.547852	13090.562500
1029.419922	13203.648438
1028.291016	13187.979492
1027.163086	13331.020508
1026.034180	13341.060547
1024.905273	13389.681641
1023.776367	13639.750000
1022.646484	13463.291016
1021.517578	13580.408203
1020.387695	13667.489258
1019.257813	13960.111328
1018.126953	14119.867188
1016.996094	13898.537109
1015.866211	14310.766602
1014.734375	14192.191406
1013.603516	14054.413086
1012.471680	13987.269531
1011.339844	14223.789063
1010.208008	14244.287109
1009.076172	14198.516602
1007.943359	14325.855469
1006.810547	14557.826172
1005.677734	14665.808594
1004.544922	14699.000000
1003.411133	14862.416992
1002.277344	14784.548828
1001.143555	14444.208008
1000.009766	14131.749023
998.875000	13881.287109
997.740234	13722.642578
996.605469	13602.447266
995.470703	13341.594727
994.334961	13257.764648
993.199219	13352.975586
992.063477	13356.530273
990.927734	13245.055664
989.791016	13504.190430
988.654297	13688.690430
987.517578	13381.369141
986.380859	13321.060547
985.243164	13350.147461
984.105469	13540.902344
982.967773	13348.725586
981.830078	13303.357422
980.691406	13175.091797
979.553711	13014.996094
978.414063	13078.107422
977.275391	13115.695313
976.136719	13136.271484
974.997070	12868.003906
973.857422	12752.730469
972.716797	12873.143555
971.577148	13099.626953
970.436523	13516.990234
969.295898	13622.311523
968.155273	13347.915039
967.013672	13741.629883
965.872070	13482.164063
964.730469	13648.871094
963.588867	13514.570313
962.446289	13666.366211
961.303711	13536.354492
960.161133	13478.406250
959.018555	13511.532227
957.875977	13398.569336
956.732422	13476.144531
955.588867	13430.951172
954.444336	13504.253906
953.300781	13323.699219
952.156250	13261.646484
951.011719	13036.818359
949.867188	13363.800781
948.721680	13248.942383
947.576172	13197.519531
946.430664	13469.332031
945.285156	13626.976563
944.138672	13602.955078
942.993164	13842.836914
941.846680	13668.917969
940.699219	13853.815430
939.552734	14006.985352
938.405273	14339.384766
937.257813	14429.118164
936.110352	14482.967773
934.961914	14642.193359
933.813477	15056.365234
932.665039	15135.329102
931.516602	15458.629883
930.367188	15842.872070
929.217773	16083.757813
928.068359	16398.226563
926.918945	16377.885742
925.768555	16412.267578
924.619141	16347.749023
923.468750	16413.673828
922.317383	15772.941406
921.166992	15885.215820
920.015625	15316.341797
918.864258	15277.340820
917.711914	15057.646484
916.560547	14667.879883
915.408203	14524.021484
914.255859	14168.131836
913.103516	14005.543945
911.950195	13870.312500
910.796875	13867.347656
909.643555	13520.291016
908.490234	13603.405273
907.335938	13283.816406
906.181641	13345.975586
905.027344	13575.814453
903.873047	13313.021484
902.717773	13383.514648
901.562500	13217.243164
900.407227	13151.580078
899.251953	13368.645508
898.095703	13516.526367
896.939453	13141.046875
895.783203	13341.230469
894.626953	13614.558594
893.469727	13496.592773
892.312500	13326.392578
891.155273	13310.994141
889.998047	13375.040039
888.839844	13305.294922
887.681641	13070.499023
886.523438	13297.507813
885.365234	13440.870117
884.206055	13435.903320
883.046875	13353.688477
881.887695	13052.333984
880.727539	13062.058594
879.568359	13094.730469
878.408203	13254.634766
877.248047	13220.510742
876.086914	13071.717773
874.925781	13350.349609
873.765625	13376.667969
872.603516	13100.823242
871.442383	13239.681641
870.280273	13038.967773
869.118164	13150.707031
867.956055	13208.265625
866.792969	13167.964844
865.630859	13034.030273
864.467773	13230.978516
863.303711	13011.797852
862.140625	13148.350586
860.976563	13214.148438
859.812500	13092.816406
858.648438	13326.949219
857.483398	13400.974609
856.318359	13481.200195
855.153320	13673.553711
853.988281	13647.775391
852.823242	13669.760742
851.657227	13712.492188
850.491211	13539.372070
849.324219	13687.930664
848.158203	14000.303711
846.991211	14231.656250
845.824219	14272.144531
844.656250	14451.510742
843.489258	14761.375000
842.321289	14774.781250
841.153320	14873.123047
839.984375	14683.508789
838.816406	14723.841797
837.647461	14668.916992
836.478516	14729.932617
835.308594	14863.355469
834.139648	14570.488281
832.969727	14952.123047
831.799805	15013.021484
830.628906	14974.641602
829.458008	15031.373047
828.287109	15110.815430
827.116211	15370.000000
825.945313	15341.902344
824.773438	15210.539063
823.601563	15091.622070
822.429688	14883.975586
821.256836	14445.227539
820.084961	14402.908203
818.912109	13931.437500
817.738281	13709.776367
816.565430	13840.881836
815.391602	13489.428711
814.217773	13579.293945
813.043945	13596.980469
811.869141	13835.147461
810.694336	13677.653320
809.519531	13849.787109
808.344727	13688.237305
807.168945	13619.404297
805.993164	13289.181641
804.817383	13191.651367
803.641602	13227.902344
802.464844	13393.733398
801.288086	13039.160156
800.111328	12898.583984
798.933594	13107.547852
797.756836	13396.577148
796.579102	13477.939453
795.401367	13121.670898
794.222656	13186.624023
793.043945	13270.029297
791.865234	13369.823242
790.686523	13056.987305
789.507813	13230.662109
788.328125	13424.778320
787.148438	13280.340820
785.968750	13332.849609
784.788086	13315.619141
783.607422	13050.345703
782.426758	13059.826172
781.246094	13155.365234
780.064453	13304.128906
778.882813	13399.572266
777.701172	13048.554688
776.519531	13031.405273
775.336914	13218.955078
774.154297	13240.658203
772.971680	13376.928711
771.789063	13110.159180
770.605469	13223.900391
769.421875	13736.308594
768.238281	13678.146484
767.053711	13942.931641
765.870117	13657.932617
764.685547	13753.042969
763.500000	13713.305664
762.315430	13904.336914
761.129883	14070.785156
759.944336	14161.637695
758.758789	13993.277344
757.572266	14375.866211
756.385742	14032.103516
755.199219	13619.148438
754.012695	13754.852539
752.825195	13941.460938
751.637695	13642.923828
750.450195	13633.859375
749.262695	13553.496094
748.074219	13951.805664
746.885742	13926.387695
745.697266	13960.019531
744.507813	13902.041992
743.319336	14159.512695
742.129883	14032.339844
740.939453	14159.486328
739.750000	14847.871094
738.559570	15023.581055
737.369141	15095.541016
736.178711	15374.769531
734.987305	15930.216797
733.795898	16440.730469
732.604492	16662.613281
731.413086	16537.169922
730.220703	16304.178711
729.028320	16229.606445
727.835938	15503.667969
726.643555	14918.032227
725.450195	14472.608398
724.256836	14222.061523
723.063477	14310.216797
721.869141	14236.166992
720.675781	13862.206055
719.481445	13996.982422
718.286133	13783.268555
717.091797	13974.709961
715.896484	14155.943359
714.701172	14203.484375
713.505859	14012.171875
712.309570	14011.155273
711.113281	14271.122070
709.916992	14243.753906
708.720703	14503.555664
707.523438	14878.486328
706.326172	14796.423828
705.128906	14845.756836
703.930664	14729.386719
702.732422	14156.534180
701.534180	13965.636719
700.335938	14342.209961
699.137695	14829.648438
697.938477	15234.125000
696.739258	15483.048828
695.539063	15600.731445
694.339844	15829.296875
693.139648	16182.786133
691.939453	17241.759766
690.738281	17614.945313
689.538086	18282.189453
688.336914	18524.021484
687.135742	18834.234375
685.933594	19567.236328
684.731445	20396.564453
683.529297	21374.496094
682.327148	21866.962891
681.125000	21838.062500
679.921875	21223.757813
678.718750	20324.117188
677.514648	19565.626953
676.311523	19084.902344
675.107422	19167.179688
673.903320	19008.275391
672.698242	18730.902344
671.494141	18379.326172
670.289063	17774.865234
669.083008	17212.830078
667.877930	16861.810547
666.671875	16693.574219
665.465820	16884.568359
664.259766	16555.914063
663.052734	16899.279297
661.845703	17172.314453
660.638672	16913.972656
659.431641	17038.566406
658.223633	17072.927734
657.015625	17197.429688
655.807617	17261.785156
654.599609	17648.521484
653.390625	17508.533203
652.181641	17758.931641
650.972656	17899.152344
649.762695	17621.140625
648.552734	17341.248047
647.342773	17377.466797
646.132813	16965.781250
644.921875	16610.246094
643.710938	16380.779297
642.500000	15961.583008
641.289063	15420.705078
640.077148	14916.014648
638.865234	15050.546875
637.653320	14971.398438
636.440430	14664.738281
635.228516	14448.011719
634.014648	14544.616211
632.801758	14262.183594
631.588867	14175.311523
630.375000	14214.088867
629.161133	14320.624023
627.946289	14536.724609
626.731445	14503.663086
625.516602	14281.366211
624.301758	14399.739258
623.086914	14699.262695
621.871094	14867.260742
620.655273	14734.640625
619.439453	14574.217773
618.222656	14451.665039
617.005859	14611.610352
615.789063	14892.791992
614.572266	14418.336914
613.354492	14236.289063
612.136719	13803.916992
610.918945	13616.120117
609.700195	13974.677734
608.482422	14291.372070
607.263672	14018.208008
606.043945	13868.243164
604.825195	13742.158203
603.605469	13826.461914
602.385742	13515.941406
601.165039	13395.964844
599.945313	13607.196289
598.724609	13174.007813
597.502930	12988.771484
596.282227	13142.482422
595.060547	12737.414063
593.838867	12530.603516
592.617188	12502.116211
591.394531	12586.498047
590.171875	12233.369141
588.949219	12315.791992
587.726563	12408.070313
586.502930	12492.395508
585.279297	12910.926758
584.055664	13032.671875
582.831055	13391.591797
581.607422	13608.047852
580.382813	13763.151367
579.157227	13793.721680
577.932617	13928.961914
576.707031	14083.890625
575.481445	14027.498047
574.254883	13919.808594
573.028320	14240.403320
571.801758	14485.881836
570.575195	14622.759766
569.348633	14518.974609
568.121094	14507.905273
566.893555	14301.681641
565.665039	14213.798828
564.437500	14344.670898
563.208984	14382.894531
561.980469	14602.299805
560.750977	14717.244141
559.521484	14847.886719
558.291992	15297.329102
557.062500	15008.637695
555.833008	14916.811523
554.602539	14945.009766
553.372070	15106.917969
552.140625	14853.907227
550.909180	14958.758789
549.677734	14462.199219
548.446289	14109.289063
547.214844	13744.745117
545.982422	13594.430664
544.750000	13750.490234
543.517578	13873.107422
542.284180	14178.196289
541.050781	14273.193359
539.817383	13877.699219
538.583008	13796.196289
537.349609	13710.805664
536.115234	14066.563477
534.879883	14200.676758
533.645508	14246.546875
532.410156	14029.862305
531.174805	13868.117188
529.938477	14102.028320
528.703125	14484.635742
527.466797	14632.176758
526.230469	15333.498047
524.993164	16601.929688
523.755859	18536.863281
522.518555	19880.304688
521.281250	19948.277344
520.042969	18692.753906
518.804688	16583.675781
517.566406	15278.636719
516.328125	14212.510742
515.088867	13857.810547
513.849609	13825.468750
512.610352	13806.807617
511.370117	14340.537109
510.129883	14942.333008
508.889648	14870.756836
507.649414	14988.418945
506.408203	15267.893555
505.166992	14804.391602
503.925781	14497.038086
502.683594	13903.333008
