1802.297852	8173.398438
1801.329102	8587.936523
1800.359375	8254.157227
1799.390625	8452.206055
1798.420898	8435.543945
1797.451172	8436.353516
1796.480469	8394.751953
1795.510742	7981.527344
1794.540039	7670.709961
1793.569336	7761.426758
1792.598633	8049.032227
1791.627930	8132.159668
1790.656250	8142.992676
1789.684570	8206.136719
1788.712891	8174.607422
1787.741211	7772.044434
1786.769531	7862.610840
1785.797852	7960.608398
1784.825195	8013.769043
1783.852539	8487.421875
1782.879883	8634.989258
1781.907227	8809.857422
1780.933594	8743.439453
1779.959961	8719.313477
1778.986328	9222.178711
1778.012695	9508.625000
1777.039063	9307.940430
1776.064453	8963.249023
1775.090820	8762.752930
1774.116211	8418.306641
1773.141602	8322.276367
1772.166016	8347.915039
1771.191406	8589.458984
1770.215820	8865.643555
1769.240234	9188.852539
1768.264648	9568.977539
1767.289063	9673.693359
1766.312500	9495.725586
1765.336914	9692.127930
1764.360352	9494.400391
1763.383789	9529.665039
1762.406250	9614.461914
1761.429688	9050.297852
1760.452148	9080.676758
1759.474609	8999.630859
1758.497070	8933.468750
1757.519531	9337.551758
1756.541016	9706.831055
1755.563477	10093.278320
1754.584961	10412.791016
1753.606445	10415.648438
1752.626953	9748.497070
1751.648438	9494.413086
1750.668945	9213.245117
1749.689453	9369.533203
1748.709961	9733.269531
1747.730469	10168.485352
1746.750000	10008.405273
1745.769531	9789.135742
1744.789063	9466.281250
1743.808594	9380.473633
1742.828125	9588.320313
1741.846680	9522.256836
1740.866211	9715.193359
1739.884766	9622.004883
1738.903320	9797.583984
1737.920898	9598.422852
1736.939453	9640.856445
1735.957031	9505.868164
1734.974609	9329.055664
1733.992188	9519.291992
1733.009766	9921.223633
1732.026367	10126.036133
1731.042969	10286.458984
1730.059570	10151.500977
1729.076172	9883.730469
1728.092773	9554.567383
1727.108398	9390.322266
1726.125000	9693.350586
1725.140625	10087.221680
1724.155273	10485.849609
1723.170898	10916.264648
1722.185547	10909.157227
1721.201172	10587.616211
1720.215820	10688.641602
1719.230469	10384.461914
1718.244141	10085.314453
1717.258789	10353.288086
1716.272461	10547.530273
1715.286133	10660.727539
1714.299805	10822.939453
1713.312500	10997.348633
1712.326172	11382.565430
1711.338867	11811.755859
1710.351563	12223.615234
1709.364258	12385.346680
1708.375977	12569.063477
1707.388672	12402.411133
1706.400391	12688.912109
1705.412109	13139.355469
1704.422852	13271.359375
1703.434570	13699.473633
1702.445313	14961.894531
1701.457031	15656.181641
1700.466797	16220.541016
1699.477539	16647.714844
1698.488281	17319.234375
1697.498047	17702.007813
1696.507813	17947.751953
1695.517578	18159.183594
1694.527344	18126.208984
1693.536133	18322.861328
1692.545898	18751.445313
1691.554688	19211.597656
1690.563477	19520.207031
1689.572266	19557.767578
1688.580078	19365.927734
1687.587891	19469.375000
1686.595703	19372.759766
1685.603516	19644.437500
1684.611328	19455.167969
1683.618164	19336.669922
1682.625977	18535.771484
1681.632813	18127.521484
1680.639648	17816.888672
1679.645508	18000.857422
1678.652344	17858.412109
1677.658203	17952.205078
1676.664063	18613.167969
1675.669922	18285.708984
1674.675781	18549.691406
1673.680664	18266.167969
1672.685547	17973.027344
1671.690430	17830.781250
1670.695313	17622.945313
1669.700195	17587.787109
1668.704102	17115.164063
1667.708008	16929.462891
1666.711914	16432.865234
1665.715820	16888.625000
1664.719727	16805.076172
1663.722656	17095.470703
1662.725586	17048.324219
1661.728516	16746.359375
1660.731445	16677.462891
1659.733398	16598.888672
1658.736328	16576.130859
1657.738281	16832.263672
1656.740234	16836.138672
1655.741211	16653.355469
1654.743164	17146.826172
1653.744141	17332.363281
1652.745117	17418.498047
1651.746094	17226.052734
1650.747070	16733.404297
1649.747070	16664.652344
1648.748047	16767.792969
1647.748047	16972.537109
1646.748047	17155.419922
1645.747070	17120.503906
1644.747070	16669.585938
1643.746094	16484.849609
1642.745117	16607.238281
1641.744141	16678.812500
1640.742188	16499.019531
1639.741211	16461.855469
1638.739258	16127.567383
1637.737305	16107.398438
1636.735352	16186.242188
1635.732422	16421.982422
1634.730469	16285.901367
1633.727539	15727.543945
1632.724609	15878.782227
1631.721680	15767.013672
1630.717773	15910.945313
1629.713867	15628.007813
1628.710938	15569.394531
1627.707031	15910.927734
1626.702148	15999.282227
1625.698242	16157.473633
1624.693359	16602.259766
1623.688477	16141.296875
1622.683594	16162.107422
1621.678711	15788.086914
1620.672852	15272.205078
1619.666992	15139.161133
1618.661133	14678.956055
1617.655273	14661.549805
1616.649414	14629.718750
1615.642578	14458.437500
1614.635742	14421.851563
1613.628906	14690.530273
1612.622070	14887.007813
1611.615234	15290.026367
1610.607422	15529.539063
1609.599609	16107.580078
1608.591797	16039.484375
1607.583984	15930.604492
1606.576172	15752.164063
1605.567383	15401.018555
1604.558594	15460.274414
1603.549805	16215.124023
1602.541016	16753.828125
1601.531250	17030.962891
1600.521484	17123.396484
1599.511719	17172.650391
1598.501953	17145.205078
1597.492188	17033.916016
1596.481445	17499.935547
1595.471680	18075.923828
1594.460938	18127.326172
1593.449219	18461.175781
1592.438477	19048.582031
1591.426758	19827.179688
1590.415039	19930.810547
1589.403320	20397.964844
1588.391602	20324.472656
1587.379883	20248.617188
1586.367188	20507.453125
1585.354492	20374.230469
1584.341797	20628.154297
1583.329102	20748.189453
1582.315430	21044.923828
1581.302734	21143.332031
1580.289063	21893.490234
1579.274414	22120.583984
1578.260742	21960.964844
1577.247070	22032.855469
1576.232422	21873.314453
1575.217773	22417.439453
1574.203125	22145.806641
1573.187500	21998.257813
1572.172852	22301.275391
1571.157227	22384.917969
1570.141602	22254.083984
1569.125000	22745.052734
1568.109375	22861.892578
1567.092773	23514.458984
1566.076172	23742.986328
1565.059570	23550.117188
1564.042969	23473.933594
1563.025391	23538.158203
1562.008789	23716.535156
1560.991211	23921.001953
1559.973633	23909.000000
1558.955078	23785.267578
1557.937500	23366.853516
1556.918945	23663.896484
1555.900391	23148.263672
1554.881836	23233.818359
1553.862305	23506.953125
1552.842773	23217.234375
1551.824219	23343.074219
1550.804688	23058.251953
1549.784180	22690.490234
1548.764648	22180.525391
1547.744141	21791.740234
1546.723633	21479.001953
1545.703125	21384.525391
1544.682617	21446.544922
1543.661133	20925.496094
1542.639648	20698.490234
1541.618164	20284.414063
1540.596680	20031.574219
1539.575195	20401.660156
1538.552734	20662.681641
1537.530273	20613.492188
1536.507813	20247.183594
1535.485352	20538.833984
1534.461914	20489.697266
1533.439453	20265.550781
1532.416016	20237.769531
1531.392578	19990.121094
1530.368164	19967.132813
1529.344727	19719.636719
1528.320313	19365.912109
1527.295898	19241.480469
1526.271484	19298.964844
1525.246094	18940.816406
1524.221680	18972.365234
1523.196289	19209.259766
1522.170898	19325.697266
1521.145508	19043.333984
1520.119141	19287.140625
1519.092773	19261.978516
1518.067383	19397.169922
1517.040039	19501.656250
1516.013672	19792.308594
1514.987305	19726.996094
1513.959961	19763.021484
1512.932617	19879.121094
1511.905273	20160.033203
1510.876953	20471.441406
1509.849609	20810.970703
1508.821289	20736.107422
1507.792969	21362.533203
1506.763672	21118.189453
1505.735352	21200.908203
1504.706055	21180.113281
1503.676758	21290.998047
1502.647461	21453.554688
1501.618164	21679.501953
1500.587891	21536.429688
1499.557617	21546.123047
1498.527344	21410.179688
1497.497070	21246.109375
1496.466797	21262.896484
1495.435547	21225.683594
1494.404297	21265.935547
1493.373047	21155.994141
1492.341797	21362.806641
1491.309570	21034.753906
1490.278320	20831.121094
1489.246094	20765.898438
1488.213867	20506.144531
1487.180664	20412.890625
1486.148438	20230.634766
1485.115234	20189.011719
1484.082031	20547.916016
1483.047852	20365.742188
1482.014648	20202.369141
1480.980469	20577.433594
1479.946289	20627.046875
1478.912109	20608.783203
1477.877930	20744.921875
1476.842773	21014.316406
1475.808594	21683.455078
1474.773438	21714.082031
1473.738281	22364.101563
1472.702148	23086.296875
1471.666992	23413.339844
1470.630859	23665.498047
1469.594727	24464.050781
1468.557617	24456.703125
1467.521484	25787.031250
1466.484375	26250.886719
1465.447266	27610.636719
1464.410156	28234.908203
1463.373047	29278.789063
1462.334961	30112.351563
1461.296875	30728.724609
1460.258789	31556.980469
1459.220703	32774.121094
1458.182617	33042.363281
1457.143555	33837.015625
1456.104492	34130.546875
1455.065430	34307.519531
1454.026367	34365.671875
1452.986328	34565.796875
1451.946289	34272.445313
1450.906250	34630.726563
1449.866211	35000.496094
1448.826172	35528.273438
1447.785156	35776.777344
1446.744141	35534.613281
1445.703125	35292.546875
1444.662109	35238.820313
1443.620117	35080.558594
1442.578125	34083.738281
1441.537109	33549.515625
1440.494141	33080.527344
1439.452148	32565.300781
1438.409180	31943.509766
1437.367188	31270.917969
1436.323242	30763.333984
1435.280273	30675.824219
1434.237305	30567.474609
1433.193359	30851.039063
1432.149414	30290.630859
1431.105469	29913.556641
1430.061523	30280.498047
1429.016602	30153.798828
1427.971680	29770.031250
1426.926758	29798.648438
1425.881836	29204.406250
1424.835938	28846.529297
1423.791016	28264.294922
1422.745117	27749.404297
1421.699219	27864.000000
1420.652344	27180.548828
1419.606445	26779.509766
1418.559570	26679.205078
1417.512695	26539.642578
1416.465820	26138.976563
1415.417969	26214.472656
1414.371094	26246.041016
1413.323242	25884.943359
1412.275391	26022.789063
1411.226563	26026.667969
1410.178711	25991.302734
1409.129883	25547.468750
1408.081055	25586.048828
1407.032227	25405.458984
1405.982422	25596.271484
1404.933594	25710.908203
1403.883789	25131.558594
1402.833984	24859.007813
1401.783203	24565.826172
1400.733398	24558.462891
1399.682617	24364.513672
1398.631836	24580.587891
1397.581055	24273.882813
1396.529297	24363.269531
1395.478516	23980.779297
1394.426758	23904.500000
1393.375000	23904.175781
1392.322266	24021.160156
1391.270508	24096.699219
1390.217773	23838.812500
1389.165039	24328.138672
1388.112305	23904.828125
1387.058594	24253.765625
1386.005859	24154.572266
1384.952148	24537.767578
1383.898438	24962.136719
1382.843750	25214.134766
1381.790039	25695.574219
1380.735352	26314.515625
1379.680664	26857.478516
1378.625977	27274.042969
1377.570313	27330.341797
1376.515625	27842.945313
1375.459961	28300.310547
1374.404297	28876.679688
1373.347656	29390.931641
1372.291992	29666.683594
1371.235352	30134.744141
1370.178711	30307.164063
1369.122070	30278.007813
1368.064453	30450.322266
1367.007813	30544.742188
1365.950195	30513.261719
1364.892578	30685.416016
1363.833984	30848.347656
1362.776367	30816.818359
1361.717773	30771.582031
1360.659180	30797.226563
1359.600586	30717.726563
1358.541016	30757.080078
1357.482422	31018.021484
1356.422852	30605.035156
1355.363281	31037.171875
1354.302734	31206.560547
1353.243164	31713.718750
1352.182617	32115.683594
1351.122070	32357.755859
1350.060547	32843.824219
1349.000000	33174.593750
1347.938477	33671.691406
1346.876953	34576.679688
1345.815430	34890.921875
1344.753906	35553.714844
1343.691406	35856.230469
1342.628906	35999.156250
1341.566406	37014.316406
1340.503906	37922.031250
1339.441406	38838.476563
1338.377930	39599.761719
1337.314453	40312.945313
1336.250977	41205.566406
1335.186523	42343.484375
1334.123047	42541.671875
1333.058594	43258.191406
1331.994141	43278.785156
1330.928711	43519.832031
1329.864258	43528.996094
1328.798828	42718.011719
1327.733398	42500.191406
1326.667969	41898.675781
1325.601563	41251.996094
1324.536133	40964.242188
1323.469727	40029.789063
1322.403320	39438.347656
1321.335938	38722.378906
1320.269531	37936.390625
1319.202148	37656.410156
1318.134766	37367.476563
1317.067383	37239.593750
1315.999023	36488.550781
1314.930664	35989.316406
1313.863281	36129.097656
1312.793945	35587.105469
1311.725586	35862.769531
1310.656250	35182.960938
1309.587891	35250.355469
1308.517578	34647.890625
1307.448242	34837.535156
1306.378906	34692.324219
1305.308594	34178.542969
1304.238281	33866.207031
1303.167969	33540.437500
1302.096680	33280.339844
1301.026367	32552.603516
1299.955078	32374.148438
1298.883789	32263.525391
1297.811523	31199.966797
1296.740234	31371.853516
1295.667969	30482.730469
1294.595703	29921.216797
1293.523438	29330.603516
1292.450195	29058.314453
1291.376953	28010.267578
1290.303711	27576.003906
1289.230469	27155.447266
1288.157227	26924.402344
1287.083008	26272.035156
1286.008789	26223.767578
1284.934570	26022.339844
1283.860352	25967.382813
1282.785156	26101.591797
1281.710938	25931.826172
1280.635742	26441.857422
1279.559570	26011.056641
1278.484375	26421.865234
1277.408203	26843.748047
1276.332031	26860.654297
1275.255859	26648.214844
1274.179688	26862.970703
1273.102539	26479.806641
1272.025391	26155.222656
1270.948242	25981.291016
1269.871094	25629.988281
1268.793945	24852.166016
1267.715820	24532.673828
1266.637695	24686.941406
1265.559570	24203.787109
1264.480469	23622.107422
1263.401367	23368.187500
1262.323242	23134.556641
1261.243164	22726.119141
1260.164063	22221.449219
1259.083984	21943.371094
1258.004883	21826.753906
1256.924805	21360.671875
1255.843750	21620.542969
1254.763672	21219.640625
1253.682617	20973.400391
1252.601563	20906.351563
1251.520508	21105.666016
1250.438477	20741.001953
1249.357422	20868.675781
1248.275391	20812.882813
1247.193359	20936.011719
1246.110352	20591.804688
1245.028320	20135.974609
1243.945313	20218.935547
1242.862305	20389.005859
1241.779297	20382.519531
1240.695313	20286.697266
1239.611328	19909.554688
1238.527344	20066.144531
1237.443359	20050.798828
1236.359375	20082.324219
1235.274414	19830.476563
1234.189453	20192.171875
1233.104492	20114.361328
1232.019531	20045.501953
1230.933594	19796.097656
1229.847656	19934.611328
1228.761719	20048.552734
1227.675781	20084.470703
1226.588867	20211.697266
1225.502930	19935.789063
1224.416016	20185.447266
1223.328125	20368.218750
1222.241211	20286.072266
1221.153320	20230.658203
1220.065430	20339.890625
1218.977539	20351.210938
1217.889648	20700.529297
1216.800781	20433.863281
1215.711914	20747.451172
1214.623047	20325.322266
1213.534180	20481.048828
1212.444336	20638.929688
1211.355469	20603.523438
1210.265625	20716.902344
1209.174805	20714.792969
1208.084961	20770.388672
1206.994141	20819.304688
1205.903320	20715.115234
1204.812500	20557.732422
1203.720703	20615.529297
1202.629883	20436.058594
1201.538086	20274.394531
1200.446289	20055.173828
1199.353516	19705.310547
1198.261719	19433.130859
1197.168945	18997.160156
1196.076172	18862.535156
1194.983398	18803.238281
1193.889648	18797.089844
1192.795898	18771.027344
1191.702148	18775.949219
1190.608398	18882.625000
1189.514648	19035.699219
1188.419922	18797.328125
1187.325195	18926.035156
1186.230469	18844.714844
1185.135742	18759.005859
1184.040039	18911.939453
1182.944336	18793.117188
1181.848633	19010.023438
1180.752930	19100.982422
1179.656250	18856.365234
1178.559570	18726.615234
1177.462891	19183.863281
1176.366211	18941.583984
1175.268555	19281.695313
1174.171875	18845.439453
1173.074219	18854.718750
1171.975586	18771.414063
1170.877930	18765.275391
1169.779297	18803.203125
1168.680664	18656.076172
1167.582031	18473.769531
1166.483398	18599.810547
1165.383789	18703.781250
1164.284180	18239.845703
1163.184570	18506.689453
1162.084961	18546.808594
1160.984375	18333.953125
1159.883789	18519.236328
1158.783203	18330.658203
1157.682617	18544.439453
1156.581055	18562.525391
1155.480469	18503.697266
1154.378906	18831.541016
1153.276367	19034.048828
1152.174805	19089.343750
1151.072266	19443.201172
1149.969727	20205.181641
1148.867188	20751.773438
1147.764648	21177.460938
1146.661133	22136.021484
1145.557617	22826.609375
1144.454102	23523.486328
1143.349609	23838.613281
1142.246094	24331.144531
1141.141602	24455.320313
1140.037109	24419.509766
1138.932617	24694.751953
1137.827148	24409.248047
1136.721680	24132.621094
1135.616211	23597.802734
1134.510742	23266.744141
1133.404297	22839.548828
1132.298828	22224.390625
1131.192383	21734.160156
1130.084961	21340.351563
1128.978516	20798.041016
1127.871094	20148.851563
1126.763672	19775.287109
1125.656250	19314.484375
1124.548828	19282.025391
1123.440430	18989.683594
1122.332031	18747.683594
1121.223633	18531.982422
1120.115234	18222.519531
1119.005859	18456.539063
1117.896484	18457.017578
1116.787109	18592.730469
1115.677734	18691.312500
1114.567383	18818.197266
1113.457031	19051.837891
1112.346680	19573.058594
1111.236328	19904.492188
1110.125000	20540.769531
1109.014648	21222.515625
1107.903320	21969.300781
1106.791016	22508.947266
1105.679688	23305.205078
1104.567383	24495.015625
1103.455078	24676.966797
1102.342773	24921.921875
1101.230469	25345.105469
1100.117188	25728.970703
1099.003906	25947.457031
1097.890625	25633.363281
1096.776367	25608.402344
1095.663086	24860.005859
1094.548828	24461.625000
1093.434570	23394.558594
1092.319336	22827.300781
1091.205078	22397.035156
1090.089844	21380.990234
1088.974609	20413.107422
1087.858398	19892.505859
1086.743164	19623.710938
1085.626953	19276.966797
1084.510742	18769.939453
1083.394531	18323.814453
1082.277344	17786.861328
1081.160156	17806.939453
1080.042969	17506.425781
1078.925781	17320.816406
1077.807617	17224.056641
1076.690430	17224.750000
1075.572266	17186.484375
1074.453125	17176.365234
1073.334961	17034.283203
1072.215820	17316.189453
1071.096680	17037.900391
1069.977539	17261.310547
1068.858398	17508.402344
1067.738281	17556.568359
1066.618164	17604.714844
1065.498047	17937.980469
1064.376953	17899.634766
1063.256836	18027.566406
1062.135742	18118.742188
1061.014648	18188.296875
1059.892578	18350.609375
1058.771484	18379.091797
1057.649414	18580.117188
1056.527344	18716.361328
1055.404297	18777.085938
1054.282227	18538.154297
1053.159180	18514.837891
1052.036133	18497.994141
1050.912109	18746.126953
1049.789063	18511.707031
1048.665039	18589.617188
1047.541016	18635.199219
1046.416992	18474.130859
1045.291992	18283.001953
1044.166992	18580.341797
1043.041992	18075.216797
1041.916992	18006.873047
1040.791992	17676.240234
1039.666016	17610.158203
1038.540039	17664.458984
1037.413086	17710.140625
1036.287109	17519.486328
1035.160156	17234.408203
1034.033203	16775.507813
1032.906250	16932.976563
1031.779297	17335.076172
1030.651367	17621.119141
1029.523438	17975.697266
1028.395508	18250.755859
1027.266602	18086.039063
1026.137695	18135.810547
1025.009766	18307.755859
1023.879883	18113.121094
1022.750977	18222.853516
1021.621094	18563.917969
1020.491211	18470.019531
1019.361328	18057.078125
1018.231445	18196.699219
1017.100586	17801.113281
1015.969727	18178.281250
1014.838867	17956.177734
1013.708008	17930.976563
1012.576172	17634.162109
1011.444336	17568.410156
1010.312500	17913.154297
1009.180664	17590.878906
1008.047852	17777.335938
1006.915039	17698.785156
1005.782227	17932.130859
1004.649414	18141.882813
1003.515625	18319.519531
1002.381836	18473.597656
1001.248047	18232.775391
1000.114258	18228.904297
998.979492	18419.166016
997.844727	18517.632813
996.709961	18189.570313
995.575195	18015.150391
994.439453	17689.464844
993.303711	17510.958984
992.167969	17637.205078
991.032227	17520.560547
989.895508	17851.201172
988.758789	17921.931641
987.622070	17637.121094
986.485352	17922.828125
985.347656	17280.648438
984.210938	17547.160156
983.073242	17639.144531
981.934570	17877.820313
980.796875	18012.214844
979.658203	17985.001953
978.519531	17968.425781
977.380859	18616.896484
976.241211	18502.474609
975.101563	18436.947266
973.961914	18430.900391
972.822266	18348.431641
971.681641	18457.017578
970.541992	19064.232422
969.400391	19248.994141
968.259766	19556.703125
967.119141	19885.484375
965.977539	19995.742188
964.835938	19847.341797
963.694336	19682.048828
962.551758	19889.744141
961.409180	20002.021484
960.266602	19745.724609
959.124023	19620.820313
957.980469	19432.457031
956.837891	19390.218750
955.694336	19113.103516
954.549805	19183.082031
953.406250	18927.279297
952.261719	19067.052734
951.117188	18585.146484
949.972656	18464.919922
948.827148	18577.224609
947.681641	18180.246094
946.536133	18309.460938
945.390625	18265.427734
944.245117	18588.839844
943.098633	18306.197266
941.952148	18730.775391
940.804688	18992.677734
939.658203	19167.962891
938.510742	19360.048828
937.363281	19851.521484
936.215820	20317.480469
935.067383	20656.757813
933.919922	21375.255859
932.770508	22156.660156
931.622070	23116.798828
930.473633	24108.121094
929.324219	24797.888672
928.174805	25691.580078
927.025391	26132.333984
925.875000	26023.634766
924.724609	26102.238281
923.574219	25793.753906
922.423828	25378.138672
921.272461	24283.544922
920.122070	23174.701172
918.969727	22606.478516
917.818359	21796.849609
916.666992	21016.976563
915.514648	20159.718750
914.362305	19624.121094
913.208984	19137.041016
912.056641	19055.285156
910.903320	18534.953125
909.750000	18220.462891
908.596680	18076.019531
907.442383	18202.185547
906.288086	17730.703125
905.133789	17936.548828
903.979492	17754.558594
902.824219	17677.419922
901.668945	17464.136719
900.513672	17364.050781
899.358398	17251.441406
898.202148	17528.302734
897.045898	17373.839844
895.889648	17347.101563
894.733398	17351.757813
893.576172	17396.158203
892.419922	17195.837891
891.261719	17135.701172
890.104492	17211.472656
888.946289	17094.921875
887.789063	17091.261719
886.629883	16999.855469
885.471680	17236.421875
884.312500	17393.531250
883.153320	17665.402344
881.994141	17807.738281
880.834961	17793.488281
879.674805	17775.070313
878.514648	17994.470703
877.354492	18453.625000
876.194336	18360.007813
875.033203	18414.445313
873.872070	18802.343750
872.710938	19106.720703
871.548828	19069.291016
870.387695	19413.054688
869.225586	19267.281250
868.063477	19331.857422
866.900391	19000.900391
865.737305	19229.914063
864.574219	18851.261719
863.411133	18583.023438
862.248047	18229.628906
861.083984	17915.890625
859.919922	17760.285156
858.755859	17947.693359
857.590820	17742.273438
856.425781	17815.335938
855.260742	17780.353516
854.095703	17714.236328
852.930664	17805.941406
851.764648	17831.179688
850.598633	17406.052734
849.431641	17279.896484
848.265625	16915.226563
847.098633	16965.519531
845.931641	17237.660156
844.764648	17314.810547
843.596680	17209.529297
842.428711	17234.843750
841.260742	17407.242188
840.092773	17258.507813
838.923828	17416.330078
837.754883	17197.257813
836.585938	17410.914063
835.416992	17330.597656
834.247070	17504.816406
833.077148	17395.550781
831.907227	17433.173828
830.737305	17439.765625
829.566406	17686.164063
828.395508	17364.056641
827.224609	17240.466797
826.052734	17695.414063
824.881836	18034.492188
823.709961	18148.324219
822.538086	17795.488281
821.365234	17744.181641
820.192383	17699.087891
819.019531	17577.667969
817.846680	17505.808594
816.673828	17128.734375
815.500000	17405.482422
814.326172	17156.408203
813.151367	17301.115234
811.977539	17643.583984
810.802734	17746.917969
809.627930	17953.195313
808.453125	18095.541016
807.277344	18081.349609
806.101563	18291.535156
804.925781	18495.455078
803.750000	18170.486328
802.573242	18051.371094
801.396484	18255.207031
800.219727	18767.392578
799.042969	18839.412109
797.865234	19110.769531
796.687500	19455.986328
795.509766	19714.765625
794.331055	19595.488281
793.153320	19539.923828
791.974609	19320.128906
790.795898	19352.910156
789.616211	19036.792969
788.436523	18743.378906
787.256836	18659.332031
786.077148	18907.572266
784.897461	18673.837891
783.716797	18534.503906
782.536133	18442.371094
781.354492	18221.179688
780.173828	18180.369141
778.992188	18467.300781
777.810547	18483.792969
776.628906	18424.523438
775.446289	18242.460938
774.263672	18183.265625
773.081055	18379.853516
771.898438	18361.564453
770.714844	18179.667969
769.531250	18085.771484
768.347656	18173.857422
767.163086	18717.687500
765.979492	18578.777344
764.794922	18568.632813
763.609375	18521.726563
762.424805	18871.007813
761.239258	19079.259766
760.053711	19405.812500
758.868164	19856.708984
757.681641	19785.085938
756.495117	20341.777344
755.308594	20520.929688
754.122070	21238.300781
752.934570	21904.394531
751.748047	22592.619141
750.559570	23555.632813
749.372070	24451.000000
748.183594	25692.232422
746.995117	27631.400391
745.806641	29767.210938
744.618164	32838.414063
743.428711	35348.652344
742.239258	38488.527344
741.049805	40972.042969
739.859375	42889.105469
738.669922	44736.203125
737.479492	45448.175781
736.288086	44556.273438
735.097656	43575.347656
733.906250	41851.308594
732.714844	40786.082031
731.523438	39378.136719
730.331055	39113.804688
729.138672	38421.300781
727.946289	38676.785156
726.753906	39096.500000
725.560547	38944.007813
724.367188	38225.765625
723.173828	36700.867188
721.979492	35452.312500
720.786133	33987.445313
719.591797	31927.492188
718.396484	29126.988281
717.202148	27429.494141
716.006836	26172.142578
714.811523	25287.839844
713.616211	24818.847656
712.419922	24095.083984
711.223633	23120.759766
710.027344	22482.628906
708.831055	22368.546875
707.633789	22244.404297
706.436523	22150.634766
705.239258	22176.142578
704.041016	22252.150391
702.843750	21808.958984
701.645508	21527.531250
700.447266	21078.628906
699.248047	20413.910156
698.048828	20350.945313
696.849609	20596.746094
695.650391	21249.966797
694.450195	20767.314453
693.250000	20496.615234
692.049805	20403.451172
690.849609	20904.962891
689.648438	21613.826172
688.447266	21415.705078
687.246094	21606.449219
686.044922	21237.224609
684.842773	21373.556641
683.640625	21332.673828
682.438477	22642.294922
681.235352	22778.228516
680.033203	23318.464844
678.829102	23098.181641
677.625977	22918.210938
676.422852	22535.259766
675.218750	22642.917969
674.014648	22965.554688
672.809570	23806.410156
671.604492	24624.802734
670.400391	25910.765625
669.194336	26929.125000
667.989258	27551.580078
666.783203	29359.878906
665.577148	31598.792969
664.371094	34494.726563
663.164063	37539.824219
661.957031	40298.847656
660.750000	42619.628906
659.542969	43462.195313
658.334961	43270.371094
657.127930	42311.304688
655.918945	40020.628906
654.710938	38285.671875
653.501953	35766.621094
652.292969	33861.191406
651.083984	32424.892578
649.875000	30725.103516
648.665039	29756.207031
647.455078	28251.734375
646.244141	27411.765625
645.034180	26066.386719
643.823242	25439.117188
642.612305	24448.439453
641.400391	23635.996094
640.189453	22650.134766
638.977539	22145.960938
637.765625	22161.095703
636.552734	21759.046875
635.339844	21985.791016
634.126953	21470.226563
632.914063	21295.988281
631.700195	21566.556641
630.487305	21679.490234
629.272461	21939.886719
628.058594	22070.623047
626.843750	22667.562500
625.628906	22951.474609
624.414063	23077.916016
623.199219	22734.361328
621.983398	22144.089844
620.767578	22405.968750
619.551758	21987.162109
618.334961	21727.699219
617.118164	21402.707031
615.901367	20861.091797
614.684570	20651.746094
613.466797	20432.552734
612.249023	20316.794922
611.031250	19797.740234
609.813477	19135.884766
608.594727	19131.701172
607.375977	18976.611328
606.157227	19343.693359
604.937500	19194.576172
603.717773	19368.968750
602.498047	19136.585938
601.278320	19025.294922
600.057617	18713.765625
598.836914	18761.218750
597.616211	18477.630859
596.395508	18598.435547
595.173828	18198.109375
593.952148	18041.601563
592.729492	17968.339844
591.507813	17683.248047
590.285156	17667.501953
589.062500	17404.369141
587.839844	17560.832031
586.616211	17820.095703
585.392578	18128.689453
584.168945	18482.626953
582.944336	18614.988281
581.720703	19275.021484
580.495117	19415.054688
579.270508	19993.619141
578.045898	20032.693359
576.820313	20273.179688
575.594727	20574.761719
574.368164	20838.707031
573.142578	20796.644531
571.916016	20991.365234
570.688477	21213.615234
569.461914	21644.820313
568.234375	21505.994141
567.006836	21294.289063
565.779297	21092.531250
564.550781	20949.972656
563.322266	20533.642578
562.093750	20304.603516
560.865234	20386.792969
559.635742	20492.570313
558.406250	20466.423828
557.176758	20505.226563
555.946289	20723.046875
554.715820	20618.181641
553.485352	20322.603516
552.254883	20359.431641
551.023438	20217.363281
549.791992	20436.966797
548.560547	20033.615234
547.328125	19428.103516
546.096680	19188.160156
544.864258	18909.048828
543.630859	18628.093750
542.398438	18892.892578
541.165039	19108.515625
539.931641	19757.607422
538.697266	19821.916016
537.463867	19766.574219
536.229492	19572.058594
534.994141	19324.705078
533.759766	19731.988281
532.524414	20223.341797
531.289063	20406.941406
530.053711	20224.242188
528.817383	20343.146484
527.581055	20679.283203
526.344727	21218.806641
525.107422	21433.287109
523.871094	22238.453125
522.632813	23637.828125
521.395508	24796.074219
520.158203	25382.966797
518.919922	25004.070313
517.681641	23476.337891
516.442383	22658.453125
515.203125	21794.048828
513.963867	21381.117188
512.724609	20386.564453
511.485352	20247.392578
510.245117	20360.025391
509.004883	20899.892578
507.763672	20795.806641
506.523438	20619.607422
505.282227	20622.865234
504.040039	20472.121094
502.798828	20003.767578
501.556641	19138.125000
