1802.297852	8140.934570
1801.329102	8318.237305
1800.359375	8346.536133
1799.390625	8454.703125
1798.420898	8472.979492
1797.451172	8388.944336
1796.480469	8384.773438
1795.510742	7954.090820
1794.540039	7748.015625
1793.569336	7891.074707
1792.598633	7934.366699
1791.627930	8124.683105
1790.656250	8262.595703
1789.684570	8173.750977
1788.712891	8072.487305
1787.741211	7909.007813
1786.769531	7845.182617
1785.797852	8144.812500
1784.825195	8409.479492
1783.852539	8410.286133
1782.879883	8751.914063
1781.907227	8944.168945
1780.933594	8621.587891
1779.959961	8654.670898
1778.986328	9008.403320
1778.012695	9247.671875
1777.039063	9129.037109
1776.064453	8993.059570
1775.090820	8650.983398
1774.116211	8438.172852
1773.141602	8250.275391
1772.166016	8439.759766
1771.191406	8462.887695
1770.215820	8902.863281
1769.240234	9255.833984
1768.264648	9296.145508
1767.289063	9291.803711
1766.312500	9530.435547
1765.336914	9687.169922
1764.360352	9605.923828
1763.383789	9646.122070
1762.406250	9688.782227
1761.429688	9201.383789
1760.452148	9187.159180
1759.474609	8950.114258
1758.497070	9148.822266
1757.519531	9399.422852
1756.541016	9642.498047
1755.563477	9925.057617
1754.584961	10533.984375
1753.606445	9926.024414
1752.626953	9839.974609
1751.648438	9650.139648
1750.668945	9341.755859
1749.689453	9465.896484
1748.709961	9834.554688
1747.730469	10195.654297
1746.750000	10060.262695
1745.769531	9939.738281
1744.789063	9737.804688
1743.808594	9550.758789
1742.828125	9536.504883
1741.846680	9638.202148
1740.866211	9910.039063
1739.884766	9861.198242
1738.903320	9684.173828
1737.920898	9554.054688
1736.939453	9702.466797
1735.957031	9592.106445
1734.974609	9688.717773
1733.992188	9659.680664
1733.009766	9864.586914
1732.026367	10281.138672
1731.042969	10315.996094
1730.059570	10444.356445
1729.076172	10097.791992
1728.092773	9616.067383
1727.108398	9862.543945
1726.125000	9481.876953
1725.140625	10185.561523
1724.155273	10707.070313
1723.170898	10965.415039
1722.185547	10884.586914
1721.201172	10845.551758
1720.215820	10730.394531
1719.230469	10276.418945
1718.244141	10235.072266
1717.258789	10574.197266
1716.272461	10599.065430
1715.286133	10839.836914
1714.299805	10901.437500
1713.312500	11218.080078
1712.326172	11588.541016
1711.338867	12363.363281
1710.351563	12306.953125
1709.364258	12725.980469
1708.375977	12532.312500
1707.388672	12671.868164
1706.400391	12549.311523
1705.412109	13063.448242
1704.422852	13442.728516
1703.434570	14034.801758
1702.445313	14827.301758
1701.457031	15357.689453
1700.466797	16281.695313
1699.477539	16867.826172
1698.488281	17170.078125
1697.498047	17577.328125
1696.507813	18172.619141
1695.517578	18139.634766
1694.527344	17837.908203
1693.536133	18247.136719
1692.545898	18929.728516
1691.554688	18933.240234
1690.563477	19444.529297
1689.572266	19501.630859
1688.580078	19502.582031
1687.587891	19296.150391
1686.595703	19380.076172
1685.603516	19307.884766
1684.611328	19396.648438
1683.618164	19168.460938
1682.625977	18677.134766
1681.632813	18324.904297
1680.639648	18065.394531
1679.645508	18090.982422
1678.652344	18338.175781
1677.658203	17918.117188
1676.664063	17994.837891
1675.669922	18142.109375
1674.675781	18671.361328
1673.680664	18227.242188
1672.685547	17897.623047
1671.690430	17969.400391
1670.695313	17839.341797
1669.700195	17317.953125
1668.704102	17336.333984
1667.708008	16820.115234
1666.711914	16802.144531
1665.715820	17143.666016
1664.719727	17050.351563
1663.722656	17119.750000
1662.725586	17167.271484
1661.728516	16561.906250
1660.731445	16480.914063
1659.733398	16285.929688
1658.736328	16309.322266
1657.738281	16754.662109
1656.740234	16647.021484
1655.741211	17065.447266
1654.743164	17103.201172
1653.744141	16973.746094
1652.745117	17120.517578
1651.746094	16974.154297
1650.747070	16641.382813
1649.747070	16422.539063
1648.748047	16501.521484
1647.748047	17127.427734
1646.748047	16889.257813
1645.747070	17018.898438
1644.747070	16938.058594
1643.746094	16634.779297
1642.745117	16803.072266
1641.744141	16678.812500
1640.742188	16699.607422
1639.741211	16432.859375
1638.739258	16315.996094
1637.737305	16095.322266
1636.735352	16335.958984
1635.732422	16373.696289
1634.730469	16353.487305
1633.727539	16287.432617
1632.724609	16329.980469
1631.721680	15899.692383
1630.717773	15802.413086
1629.713867	15618.362305
1628.710938	15612.790039
1627.707031	16026.625977
1626.702148	16314.978516
1625.698242	16706.818359
1624.693359	16450.498047
1623.688477	16372.505859
1622.683594	16390.861328
1621.678711	15814.568359
1620.672852	15464.761719
1619.666992	15194.510742
1618.661133	14974.893555
1617.655273	14897.289063
1616.649414	14887.055664
1615.642578	14973.006836
1614.635742	15025.265625
1613.628906	14827.533203
1612.622070	15153.748047
1611.615234	15150.676758
1610.607422	15889.853516
1609.599609	16436.599609
1608.591797	16586.939453
1607.583984	16314.706055
1606.576172	16172.189453
1605.567383	15830.557617
1604.558594	16038.474609
1603.549805	16726.044922
1602.541016	17003.240234
1601.531250	17313.892578
1600.521484	17737.087891
1599.511719	17570.509766
1598.501953	17449.529297
1597.492188	17455.572266
1596.481445	17916.714844
1595.471680	18281.876953
1594.460938	18297.320313
1593.449219	18707.738281
1592.438477	19170.642578
1591.426758	20054.500000
1590.415039	20119.806641
1589.403320	20455.369141
1588.391602	20788.402344
1587.379883	20626.380859
1586.367188	20746.494141
1585.354492	20613.224609
1584.341797	20859.931641
1583.329102	20819.859375
1582.315430	21018.650391
1581.302734	21434.667969
1580.289063	21946.015625
1579.274414	22239.935547
1578.260742	22199.619141
1577.247070	22207.037109
1576.232422	22348.042969
1575.217773	22436.519531
1574.203125	22341.343750
1573.187500	22124.617188
1572.172852	22115.351563
1571.157227	22811.500000
1570.141602	22802.097656
1569.125000	22797.460938
1568.109375	23078.626953
1567.092773	23526.363281
1566.076172	23440.634766
1565.059570	23452.527344
1564.042969	23588.162109
1563.025391	23516.744141
1562.008789	23823.582031
1560.991211	23928.136719
1559.973633	24016.001953
1558.955078	23732.966797
1557.937500	23663.960938
1556.918945	23495.173828
1555.900391	23587.802734
1554.881836	23378.716797
1553.862305	23438.080078
1552.842773	23637.509766
1551.824219	23480.763672
1550.804688	23119.962891
1549.784180	22975.248047
1548.764648	22709.593750
1547.744141	22187.867188
1546.723633	21856.076172
1545.703125	21835.025391
1544.682617	21427.580078
1543.661133	21738.437500
1542.639648	20923.603516
1541.618164	20879.064453
1540.596680	20768.220703
1539.575195	21145.259766
1538.552734	21039.140625
1537.530273	20741.320313
1536.507813	20729.992188
1535.485352	20853.542969
1534.461914	20607.984375
1533.439453	20549.380859
1532.416016	20646.876953
1531.392578	20500.808594
1530.368164	20470.625000
1529.344727	20022.142578
1528.320313	19703.800781
1527.295898	19938.378906
1526.271484	19771.341797
1525.246094	19578.396484
1524.221680	19494.128906
1523.196289	19584.568359
1522.170898	19658.451172
1521.145508	20024.876953
1520.119141	19735.349609
1519.092773	19290.279297
1518.067383	19559.873047
1517.040039	19793.992188
1516.013672	19834.736328
1514.987305	19983.863281
1513.959961	19939.728516
1512.932617	20343.179688
1511.905273	20583.960938
1510.876953	20871.734375
1509.849609	20853.345703
1508.821289	21131.529297
1507.792969	21195.455078
1506.763672	21139.365234
1505.735352	21229.134766
1504.706055	21156.595703
1503.676758	21347.429688
1502.647461	21589.902344
1501.618164	21637.195313
1500.587891	21590.476563
1499.557617	21722.326172
1498.527344	21389.039063
1497.497070	21445.724609
1496.466797	21565.779297
1495.435547	21568.412109
1494.404297	21554.613281
1493.373047	21313.208984
1492.341797	21290.080078
1491.309570	21184.867188
1490.278320	21065.625000
1489.246094	21058.970703
1488.213867	20590.531250
1487.180664	20621.472656
1486.148438	20584.447266
1485.115234	20941.003906
1484.082031	20665.025391
1483.047852	20489.851563
1482.014648	20457.562500
1480.980469	20647.656250
1479.946289	20910.218750
1478.912109	20889.558594
1477.877930	20852.529297
1476.842773	21692.574219
1475.808594	21772.312500
1474.773438	22677.281250
1473.738281	23254.644531
1472.702148	23200.806641
1471.666992	23941.373047
1470.630859	24244.812500
1469.594727	24865.751953
1468.557617	25451.408203
1467.521484	26123.201172
1466.484375	27009.449219
1465.447266	27715.646484
1464.410156	28818.177734
1463.373047	29316.111328
1462.334961	30273.267578
1461.296875	31013.185547
1460.258789	32032.539063
1459.220703	33028.164063
1458.182617	33704.144531
1457.143555	33881.277344
1456.104492	34517.203125
1455.065430	34607.929688
1454.026367	34784.765625
1452.986328	35103.523438
1451.946289	35187.089844
1450.906250	35368.343750
1449.866211	35491.363281
1448.826172	35909.722656
1447.785156	35960.488281
1446.744141	36090.277344
1445.703125	35915.507813
1444.662109	35833.765625
1443.620117	35298.968750
1442.578125	34778.328125
1441.537109	33902.542969
1440.494141	33203.597656
1439.452148	32790.496094
1438.409180	32458.802734
1437.367188	31818.593750
1436.323242	31429.226563
1435.280273	31130.486328
1434.237305	31105.537109
1433.193359	30767.564453
1432.149414	30932.792969
1431.105469	30511.550781
1430.061523	30741.646484
1429.016602	30492.058594
1427.971680	30170.763672
1426.926758	29935.287109
1425.881836	29331.753906
1424.835938	29193.771484
1423.791016	28706.359375
1422.745117	28219.144531
1421.699219	27903.330078
1420.652344	27645.470703
1419.606445	27087.080078
1418.559570	26841.050781
1417.512695	26717.636719
1416.465820	26340.046875
1415.417969	26526.412109
1414.371094	26333.828125
1413.323242	26480.849609
1412.275391	26246.785156
1411.226563	26303.720703
1410.178711	26272.914063
1409.129883	26172.884766
1408.081055	26227.488281
1407.032227	25723.806641
1405.982422	25819.990234
1404.933594	25600.224609
1403.883789	25454.320313
1402.833984	25237.021484
1401.783203	24791.666016
1400.733398	24639.103516
1399.682617	24516.546875
1398.631836	24843.136719
1397.581055	24633.087891
1396.529297	24282.695313
1395.478516	24261.580078
1394.426758	24488.996094
1393.375000	24166.455078
1392.322266	24373.093750
1391.270508	24232.384766
1390.217773	24199.796875
1389.165039	24585.603516
1388.112305	24690.853516
1387.058594	24630.613281
1386.005859	24696.751953
1384.952148	24792.722656
1383.898438	24978.212891
1382.843750	25478.169922
1381.790039	25941.191406
1380.735352	26167.634766
1379.680664	26864.361328
1378.625977	27021.697266
1377.570313	27995.480469
1376.515625	28235.066406
1375.459961	28582.304688
1374.404297	28940.859375
1373.347656	29423.015625
1372.291992	29794.992188
1371.235352	29937.740234
1370.178711	30577.416016
1369.122070	30710.779297
1368.064453	31002.048828
1367.007813	31215.376953
1365.950195	30938.900391
1364.892578	30966.828125
1363.833984	30846.060547
1362.776367	30857.984375
1361.717773	30728.138672
1360.659180	31105.839844
1359.600586	30729.154297
1358.541016	30907.894531
1357.482422	31244.197266
1356.422852	31281.136719
1355.363281	31356.882813
1354.302734	31619.816406
1353.243164	32131.455078
1352.182617	32713.630859
1351.122070	32800.417969
1350.060547	33224.800781
1349.000000	34121.136719
1347.938477	33810.792969
1346.876953	34405.687500
1345.815430	34747.320313
1344.753906	35307.589844
1343.691406	35865.343750
1342.628906	36484.371094
1341.566406	36934.605469
1340.503906	37728.484375
1339.441406	38817.988281
1338.377930	39417.675781
1337.314453	40012.558594
1336.250977	40991.699219
1335.186523	41922.664063
1334.123047	42239.199219
1333.058594	42653.371094
1331.994141	42589.980469
1330.928711	42649.343750
1329.864258	42751.855469
1328.798828	42406.765625
1327.733398	42323.023438
1326.667969	41530.785156
1325.601563	41242.914063
1324.536133	40959.699219
1323.469727	39421.558594
1322.403320	38945.964844
1321.335938	38411.582031
1320.269531	37868.347656
1319.202148	37069.093750
1318.134766	36902.707031
1317.067383	36457.582031
1315.999023	36175.812500
1314.930664	36127.527344
1313.863281	35811.957031
1312.793945	35976.656250
1311.725586	35566.140625
1310.656250	35422.929688
1309.587891	35250.355469
1308.517578	35338.085938
1307.448242	34710.835938
1306.378906	34445.765625
1305.308594	34438.621094
1304.238281	34345.554688
1303.167969	33660.246094
1302.096680	33266.781250
1301.026367	32789.867188
1299.955078	32502.921875
1298.883789	32281.595703
1297.811523	32003.904297
1296.740234	31536.671875
1295.667969	30918.392578
1294.595703	30336.476563
1293.523438	29443.421875
1292.450195	29028.988281
1291.376953	28461.353516
1290.303711	27812.775391
1289.230469	27822.779297
1288.157227	27050.628906
1287.083008	26668.662109
1286.008789	26579.755859
1284.934570	26391.769531
1283.860352	26516.910156
1282.785156	26283.978516
1281.710938	26622.951172
1280.635742	26439.607422
1279.559570	26506.119141
1278.484375	27186.802734
1277.408203	27084.427734
1276.332031	27166.501953
1275.255859	27084.406250
1274.179688	27063.037109
1273.102539	26814.681641
1272.025391	26602.376953
1270.948242	26291.312500
1269.871094	25834.380859
1268.793945	25588.726563
1267.715820	25107.431641
1266.637695	25288.513672
1265.559570	24854.607422
1264.480469	24093.292969
1263.401367	23758.517578
1262.323242	23715.443359
1261.243164	23481.787109
1260.164063	22855.900391
1259.083984	22687.517578
1258.004883	22380.265625
1256.924805	22108.990234
1255.843750	21732.542969
1254.763672	21954.210938
1253.682617	21342.847656
1252.601563	21271.244141
1251.520508	21228.763672
1250.438477	21137.070313
1249.357422	21521.941406
1248.275391	21166.287109
1247.193359	21255.798828
1246.110352	20931.648438
1245.028320	21148.583984
1243.945313	21019.023438
1242.862305	20733.105469
1241.779297	20494.216797
1240.695313	20766.896484
1239.611328	20532.564453
1238.527344	20470.236328
1237.443359	20646.765625
1236.359375	20292.095703
1235.274414	20499.822266
1234.189453	20415.240234
1233.104492	20422.132813
1232.019531	20373.275391
1230.933594	20159.472656
1229.847656	20346.943359
1228.761719	20322.642578
1227.675781	20659.267578
1226.588867	20510.173828
1225.502930	20724.134766
1224.416016	20581.763672
1223.328125	20546.302734
1222.241211	20744.539063
1221.153320	20838.111328
1220.065430	20791.492188
1218.977539	20466.867188
1217.889648	20591.568359
1216.800781	20591.712891
1215.711914	20943.056641
1214.623047	20705.337891
1213.534180	20836.544922
1212.444336	20567.845703
1211.355469	20770.093750
1210.265625	20710.240234
1209.174805	20668.171875
1208.084961	20881.365234
1206.994141	20701.695313
1205.903320	20628.589844
1204.812500	20606.531250
1203.720703	20497.992188
1202.629883	20349.585938
1201.538086	20165.773438
1200.446289	20267.937500
1199.353516	19838.261719
1198.261719	19577.128906
1197.168945	19087.970703
1196.076172	18749.599609
1194.983398	18851.945313
1193.889648	18963.103516
1192.795898	19125.113281
1191.702148	19355.644531
1190.608398	19139.230469
1189.514648	19316.578125
1188.419922	18965.378906
1187.325195	18932.667969
1186.230469	18930.914063
1185.135742	19260.630859
1184.040039	19362.644531
1182.944336	19122.240234
1181.848633	18937.146484
1180.752930	19284.244141
1179.656250	19017.511719
1178.559570	19296.027344
1177.462891	19241.234375
1176.366211	19351.919922
1175.268555	19010.402344
1174.171875	19090.214844
1173.074219	19092.828125
1171.975586	19068.988281
1170.877930	18957.003906
1169.779297	19272.513672
1168.680664	18812.478516
1167.582031	18909.845703
1166.483398	18857.437500
1165.383789	18606.917969
1164.284180	18708.664063
1163.184570	18643.125000
1162.084961	18676.615234
1160.984375	18540.718750
1159.883789	18550.025391
1158.783203	18612.093750
1157.682617	18753.273438
1156.581055	18870.216797
1155.480469	18809.125000
1154.378906	18835.933594
1153.276367	19121.906250
1152.174805	19486.810547
1151.072266	19614.449219
1149.969727	20264.447266
1148.867188	20947.089844
1147.764648	21181.847656
1146.661133	22125.052734
1145.557617	22984.519531
1144.454102	23475.246094
1143.349609	23858.343750
1142.246094	24484.570313
1141.141602	24146.341797
1140.037109	24877.404297
1138.932617	24777.988281
1137.827148	24676.423828
1136.721680	24353.761719
1135.616211	23797.005859
1134.510742	23468.093750
1133.404297	22951.142578
1132.298828	22740.677734
1131.192383	22151.914063
1130.084961	21239.761719
1128.978516	21099.746094
1127.871094	20406.777344
1126.763672	20144.613281
1125.656250	19773.312500
1124.548828	19312.607422
1123.440430	19081.410156
1122.332031	18926.732422
1121.223633	18763.386719
1120.115234	18733.248047
1119.005859	18602.742188
1117.896484	18694.820313
1116.787109	18760.685547
1115.677734	18913.750000
1114.567383	18892.326172
1113.457031	19479.087891
1112.346680	19599.210938
1111.236328	20170.320313
1110.125000	20730.296875
1109.014648	21253.007813
1107.903320	22071.646484
1106.791016	22463.226563
1105.679688	23394.447266
1104.567383	24310.041016
1103.455078	24642.154297
1102.342773	25152.498047
1101.230469	25808.337891
1100.117188	25905.091797
1099.003906	25953.980469
1097.890625	25709.431641
1096.776367	25593.191406
1095.663086	25064.222656
1094.548828	24277.000000
1093.434570	23835.390625
1092.319336	22916.318359
1091.205078	22151.748047
1090.089844	21552.437500
1088.974609	20729.890625
1087.858398	20282.980469
1086.743164	19597.685547
1085.626953	19127.347656
1084.510742	18947.708984
1083.394531	18438.689453
1082.277344	18118.414063
1081.160156	17878.435547
1080.042969	17723.035156
1078.925781	17777.767578
1077.807617	17527.183594
1076.690430	17523.482422
1075.572266	17359.626953
1074.453125	17360.289063
1073.334961	17501.568359
1072.215820	17229.671875
1071.096680	17407.679688
1069.977539	17319.683594
1068.858398	17787.240234
1067.738281	17712.166016
1066.618164	17699.781250
1065.498047	18164.796875
1064.376953	17865.080078
1063.256836	18183.031250
1062.135742	18431.767578
1061.014648	18557.373047
1059.892578	18680.763672
1058.771484	18644.455078
1057.649414	18752.673828
1056.527344	19044.152344
1055.404297	18647.722656
1054.282227	18706.291016
1053.159180	18762.679688
1052.036133	18605.728516
1050.912109	18937.853516
1049.789063	18979.076172
1048.665039	18938.455078
1047.541016	19014.103516
1046.416992	18753.943359
1045.291992	18728.455078
1044.166992	18733.097656
1043.041992	18550.597656
1041.916992	18572.476563
1040.791992	17925.656250
1039.666016	17977.753906
1038.540039	17844.994141
1037.413086	17647.826172
1036.287109	17560.304688
1035.160156	17573.769531
1034.033203	17340.275391
1032.906250	17336.601563
1031.779297	17549.724609
1030.651367	17747.734375
1029.523438	18179.529297
1028.395508	18428.802734
1027.266602	18630.785156
1026.137695	18416.703125
1025.009766	18307.755859
1023.879883	18567.503906
1022.750977	18520.710938
1021.621094	18536.066406
1020.491211	18630.666016
1019.361328	18395.433594
1018.231445	18370.123047
1017.100586	18383.351563
1015.969727	18413.695313
1014.838867	18155.167969
1013.708008	18179.126953
1012.576172	17925.035156
1011.444336	17741.613281
1010.312500	17872.535156
1009.180664	17905.078125
1008.047852	17822.210938
1006.915039	18034.216797
1005.782227	18194.865234
1004.649414	18468.628906
1003.515625	18750.818359
1002.381836	18855.707031
1001.248047	18691.636719
1000.114258	19204.042969
998.979492	18728.498047
997.844727	18605.080078
996.709961	18409.210938
995.575195	18413.828125
994.439453	18049.691406
993.303711	17736.851563
992.167969	17841.744141
991.032227	18197.951172
989.895508	17900.183594
988.758789	18022.005859
987.622070	17937.281250
986.485352	18167.587891
985.347656	17659.414063
984.210938	17787.562500
983.073242	17860.351563
981.934570	17894.832031
980.796875	18237.580078
979.658203	17963.746094
978.519531	18061.933594
977.380859	18194.074219
976.241211	18559.830078
975.101563	18842.597656
973.961914	18231.302734
972.822266	18250.777344
971.681641	18563.142578
970.541992	19006.937500
969.400391	19507.826172
968.259766	19830.326172
967.119141	19864.277344
965.977539	19684.070313
964.835938	19919.414063
963.694336	20252.142578
962.551758	20120.699219
961.409180	19987.191406
960.266602	20004.115234
959.124023	19635.642578
957.980469	19440.925781
956.837891	19678.078125
955.694336	19331.068359
954.549805	19430.619141
953.406250	19115.537109
952.261719	19018.412109
951.117188	18807.152344
949.972656	18545.248047
948.827148	18148.193359
947.681641	18503.535156
946.536133	18132.007813
945.390625	18394.265625
944.245117	18546.605469
943.098633	18477.203125
941.952148	18701.224609
940.804688	18994.787109
939.658203	19332.531250
938.510742	19338.955078
937.363281	20243.785156
936.215820	20290.070313
935.067383	21000.369141
933.919922	21744.085938
932.770508	22375.804688
931.622070	23116.798828
930.473633	24059.677734
929.324219	24559.933594
928.174805	25933.695313
927.025391	26344.927734
925.875000	26455.048828
924.724609	26201.126953
923.574219	26031.455078
922.423828	25310.839844
921.272461	24388.677734
920.122070	23582.527344
918.969727	22841.875000
917.818359	22084.728516
916.666992	21241.767578
915.514648	20712.126953
914.362305	19865.617188
913.208984	19615.728516
912.056641	18761.416016
910.903320	18704.939453
909.750000	18390.414063
908.596680	18292.083984
907.442383	17965.195313
906.288086	18028.451172
905.133789	17875.753906
903.979492	17804.861328
902.824219	17687.898438
901.668945	17642.212891
900.513672	17481.345703
899.358398	17624.195313
898.202148	17408.962891
897.045898	17733.875000
895.889648	17734.265625
894.733398	17420.804688
893.576172	17417.076172
892.419922	17425.896484
891.261719	17553.900391
890.104492	17320.181641
888.946289	17372.906250
887.789063	17277.242188
886.629883	17229.667969
885.471680	17186.292969
884.312500	17422.767578
883.153320	17579.800781
881.994141	17797.300781
880.834961	17778.878906
879.674805	17975.376953
878.514648	18180.132813
877.354492	18338.914063
876.194336	18756.191406
875.033203	18898.103516
873.872070	18827.355469
872.710938	19352.613281
871.548828	19323.464844
870.387695	19302.658203
869.225586	19460.955078
868.063477	19019.550781
866.900391	19148.693359
865.737305	19096.720703
864.574219	18778.437500
863.411133	18535.177734
862.248047	18240.027344
861.083984	18236.113281
859.919922	18034.703125
858.755859	17956.007813
857.590820	17875.267578
856.425781	17888.050781
855.260742	18118.929688
854.095703	17884.525391
852.930664	17820.474609
851.764648	17841.558594
850.598633	17775.466797
849.431641	17622.255859
848.265625	17404.802734
847.098633	17378.250000
845.931641	17606.757813
844.764648	17578.097656
843.596680	17539.085938
842.428711	17379.900391
841.260742	17879.613281
840.092773	17672.777344
838.923828	17956.835938
837.754883	17824.607422
836.585938	17690.365234
835.416992	17587.224609
834.247070	17949.679688
833.077148	17747.226563
831.907227	17817.867188
830.737305	17692.035156
829.566406	17828.810547
828.395508	17643.089844
827.224609	17781.878906
826.052734	17786.318359
824.881836	18061.343750
823.709961	18239.189453
822.538086	18245.589844
821.365234	18305.654297
820.192383	18078.826172
819.019531	17924.310547
817.846680	17848.250000
816.673828	17568.039063
815.500000	17351.869141
814.326172	17445.027344
813.151367	17696.851563
811.977539	17771.345703
810.802734	18090.976563
809.627930	18050.005859
808.453125	18422.978516
807.277344	18513.720703
806.101563	18577.662109
804.925781	18707.431641
803.750000	18182.832031
802.573242	18133.658203
801.396484	18526.691406
800.219727	18816.742188
799.042969	18802.408203
797.865234	19256.701172
796.687500	19497.083984
795.509766	19772.291016
794.331055	19628.353516
793.153320	19638.496094
791.974609	19944.285156
790.795898	19381.648438
789.616211	18919.814453
788.436523	19200.935547
787.256836	19047.042969
786.077148	18940.386719
784.897461	19049.078125
783.716797	18710.808594
782.536133	18493.611328
781.354492	18251.917969
780.173828	18600.357422
778.992188	18676.226563
777.810547	18567.753906
776.628906	18547.367188
775.446289	18457.390625
774.263672	18162.800781
773.081055	18637.658203
771.898438	18494.529297
770.714844	18373.960938
769.531250	18414.974609
768.347656	18339.447266
767.163086	18672.722656
765.979492	19007.894531
764.794922	19259.160156
763.609375	18811.767578
762.424805	19299.847656
761.239258	19424.298828
760.053711	19454.800781
758.868164	19934.259766
757.681641	20362.500000
756.495117	20670.199219
755.308594	20992.041016
754.122070	21542.111328
752.934570	21992.052734
751.748047	23128.646484
750.559570	23887.775391
749.372070	24632.314453
748.183594	25853.140625
746.995117	27798.380859
745.806641	30007.449219
744.618164	32465.921875
743.428711	35261.148438
742.239258	38154.855469
741.049805	40691.328125
739.859375	43153.488281
738.669922	44423.078125
737.479492	45250.988281
736.288086	44708.703125
735.097656	43313.226563
733.906250	42101.187500
732.714844	40812.488281
731.523438	39305.035156
730.331055	38482.410156
729.138672	38027.527344
727.946289	38291.214844
726.753906	38445.230469
725.560547	38735.078125
724.367188	37805.972656
723.173828	36445.394531
721.979492	35290.144531
720.786133	33557.789063
719.591797	31534.402344
718.396484	29268.794922
717.202148	27937.859375
716.006836	26536.628906
714.811523	25838.500000
713.616211	25458.447266
712.419922	24485.640625
711.223633	23628.574219
710.027344	23285.652344
708.831055	22884.230469
707.633789	22861.068359
706.436523	22771.208984
705.239258	22760.203125
704.041016	22353.175781
702.843750	22128.132813
701.645508	21929.443359
700.447266	21472.376953
699.248047	20910.531250
698.048828	20958.466797
696.849609	20895.396484
695.650391	21090.585938
694.450195	20908.507813
693.250000	20942.281250
692.049805	20887.328125
690.849609	21306.089844
689.648438	21595.689453
688.447266	22028.216797
687.246094	22124.148438
686.044922	22228.093750
684.842773	21740.017578
683.640625	22035.240234
682.438477	22672.486328
681.235352	23454.330078
680.033203	23628.279297
678.829102	23524.583984
677.625977	23523.490234
676.422852	23122.312500
675.218750	22872.060547
674.014648	23345.367188
672.809570	24370.982422
671.604492	25374.052734
670.400391	26298.363281
669.194336	27143.962891
667.989258	28230.082031
666.783203	29416.074219
665.577148	31775.367188
664.371094	34348.281250
663.164063	37012.335938
661.957031	39875.746094
660.750000	42264.781250
659.542969	43386.027344
658.334961	43272.375000
657.127930	42084.910156
655.918945	40455.289063
654.710938	38261.640625
653.501953	36008.882813
652.292969	33699.050781
651.083984	32412.884766
649.875000	30893.175781
648.665039	29960.250000
647.455078	28821.730469
646.244141	27743.691406
645.034180	26740.087891
643.823242	25710.937500
642.612305	24650.261719
641.400391	23785.830078
640.189453	23037.623047
638.977539	22495.423828
637.765625	22270.904297
636.552734	22537.509766
635.339844	22071.603516
634.126953	21552.029297
632.914063	21994.152344
631.700195	22132.943359
630.487305	22092.222656
629.272461	22314.654297
628.058594	22658.560547
626.843750	23028.218750
625.628906	23341.935547
624.414063	23328.871094
623.199219	22901.628906
621.983398	22818.984375
620.767578	22501.507813
619.551758	21959.302734
618.334961	21618.273438
617.118164	21454.423828
615.901367	21320.472656
614.684570	21250.203125
613.466797	20591.576172
612.249023	20350.580078
611.031250	19785.818359
609.813477	19278.912109
608.594727	19346.195313
607.375977	19463.089844
606.157227	19649.412109
604.937500	19476.412109
603.717773	19365.000000
602.498047	19184.199219
601.278320	19263.308594
600.057617	19152.011719
598.836914	18927.755859
597.616211	18739.275391
596.395508	18804.535156
595.173828	18215.941406
593.952148	18475.408203
592.729492	18283.226563
591.507813	17835.707031
590.285156	17926.822266
589.062500	17772.484375
587.839844	17885.337891
586.616211	17857.681641
585.392578	18441.183594
584.168945	18613.132813
582.944336	19059.802734
581.720703	19344.199219
580.495117	19820.152344
579.270508	20193.160156
578.045898	20309.224609
576.820313	20753.052734
575.594727	20864.992188
574.368164	21107.160156
573.142578	20964.390625
571.916016	21228.130859
570.688477	21308.300781
569.461914	21729.623047
568.234375	21912.177734
567.006836	21282.460938
565.779297	21240.347656
564.550781	21129.285156
563.322266	20502.121094
562.093750	20491.716797
560.865234	20441.929688
559.635742	20730.787109
558.406250	20877.798828
557.176758	20869.281250
555.946289	20750.591797
554.715820	20653.587891
553.485352	20251.806641
552.254883	20347.634766
551.023438	20470.939453
549.791992	20175.583984
548.560547	19823.376953
547.328125	19620.617188
546.096680	19290.287109
544.864258	19026.861328
543.630859	19012.867188
542.398438	19042.056641
541.165039	19320.439453
539.931641	19426.058594
538.697266	19833.683594
537.463867	19837.169922
536.229492	19505.400391
534.994141	19381.546875
533.759766	19796.658203
532.524414	20203.748047
531.289063	20132.707031
530.053711	20443.582031
528.817383	20294.197266
527.581055	20602.939453
526.344727	21230.550781
525.107422	21554.599609
523.871094	22070.216797
522.632813	23743.441406
521.395508	24987.701172
520.158203	25770.044922
518.919922	25049.023438
517.681641	24025.435547
516.442383	22904.613281
515.203125	22040.154297
513.963867	21478.757813
512.724609	20728.226563
511.485352	20522.615234
510.245117	20748.375000
509.004883	21067.683594
507.763672	20967.462891
506.523438	21038.904297
505.282227	20630.664063
504.040039	20544.248047
502.798828	20185.017578
501.556641	19560.949219
