1802.297852	8640.377930
1801.329102	8962.519531
1800.359375	8898.311523
1799.390625	8796.685547
1798.420898	8769.970703
1797.451172	8805.646484
1796.480469	8606.803711
1795.510742	8370.626953
1794.540039	8408.853516
1793.569336	8369.775391
1792.598633	8470.304688
1791.627930	8565.808594
1790.656250	8569.079102
1789.684570	8515.050781
1788.712891	8371.375977
1787.741211	8474.292969
1786.769531	8313.254883
1785.797852	8655.108398
1784.825195	8760.393555
1783.852539	9032.348633
1782.879883	9217.124023
1781.907227	9289.897461
1780.933594	9069.205078
1779.959961	9325.960938
1778.986328	9766.561523
1778.012695	9722.357422
1777.039063	9720.412109
1776.064453	9626.548828
1775.090820	9175.059570
1774.116211	8974.560547
1773.141602	8709.589844
1772.166016	8968.486328
1771.191406	9247.131836
1770.215820	9347.013672
1769.240234	9613.067383
1768.264648	10139.445313
1767.289063	10142.375000
1766.312500	10075.881836
1765.336914	10321.744141
1764.360352	10208.153320
1763.383789	10374.599609
1762.406250	10112.402344
1761.429688	9899.847656
1760.452148	9781.476563
1759.474609	9569.071289
1758.497070	9807.260742
1757.519531	10040.404297
1756.541016	10278.403320
1755.563477	10657.314453
1754.584961	11003.920898
1753.606445	10544.237305
1752.626953	10322.083984
1751.648438	10258.217773
1750.668945	10179.547852
1749.689453	10221.982422
1748.709961	10447.207031
1747.730469	10635.291992
1746.750000	10724.526367
1745.769531	10584.117188
1744.789063	10211.735352
1743.808594	9987.576172
1742.828125	10279.193359
1741.846680	10400.475586
1740.866211	10378.657227
1739.884766	10388.904297
1738.903320	10418.870117
1737.920898	10355.155273
1736.939453	10232.319336
1735.957031	10205.625977
1734.974609	9981.868164
1733.992188	10238.473633
1733.009766	10546.686523
1732.026367	10857.237305
1731.042969	11135.664063
1730.059570	10897.174805
1729.076172	10520.993164
1728.092773	10358.981445
1727.108398	10147.843750
1726.125000	10172.854492
1725.140625	10829.688477
1724.155273	11338.777344
1723.170898	11545.387695
1722.185547	11783.855469
1721.201172	11471.964844
1720.215820	11138.094727
1719.230469	11118.667969
1718.244141	10900.388672
1717.258789	11200.107422
1716.272461	11219.941406
1715.286133	11438.506836
1714.299805	11622.639648
1713.312500	11806.698242
1712.326172	12351.137695
1711.338867	12701.682617
1710.351563	13307.000000
1709.364258	13203.848633
1708.375977	13240.393555
1707.388672	13475.342773
1706.400391	13533.859375
1705.412109	13861.702148
1704.422852	14414.639648
1703.434570	15170.508789
1702.445313	15478.244141
1701.457031	16380.393555
1700.466797	17118.285156
1699.477539	17613.755859
1698.488281	18314.423828
1697.498047	18780.117188
1696.507813	19152.742188
1695.517578	19432.355469
1694.527344	19684.978516
1693.536133	19429.414063
1692.545898	19750.318359
1691.554688	20300.613281
1690.563477	20775.007813
1689.572266	20656.107422
1688.580078	20852.046875
1687.587891	20284.257813
1686.595703	20570.445313
1685.603516	20958.945313
1684.611328	21169.291016
1683.618164	20636.019531
1682.625977	20003.033203
1681.632813	19755.318359
1680.639648	19532.066406
1679.645508	19294.287109
1678.652344	19195.419922
1677.658203	19503.210938
1676.664063	19591.783203
1675.669922	19643.810547
1674.675781	19566.847656
1673.680664	19896.207031
1672.685547	19413.009766
1671.690430	19277.769531
1670.695313	18965.089844
1669.700195	19109.550781
1668.704102	18920.980469
1667.708008	18183.316406
1666.711914	17909.976563
1665.715820	18443.164063
1664.719727	18356.873047
1663.722656	18251.193359
1662.725586	18262.072266
1661.728516	17848.220703
1660.731445	17626.230469
1659.733398	17576.578125
1658.736328	17895.625000
1657.738281	17802.283203
1656.740234	17992.652344
1655.741211	18102.949219
1654.743164	18346.498047
1653.744141	18320.982422
1652.745117	18181.617188
1651.746094	18088.324219
1650.747070	17893.361328
1649.747070	17594.367188
1648.748047	17798.986328
1647.748047	18071.287109
1646.748047	18154.742188
1645.747070	18354.283203
1644.747070	17932.138672
1643.746094	17986.550781
1642.745117	17847.521484
1641.744141	17826.992188
1640.742188	17898.306641
1639.741211	17841.529297
1638.739258	17342.691406
1637.737305	17447.871094
1636.735352	17907.978516
1635.732422	17660.511719
1634.730469	17661.765625
1633.727539	17276.888672
1632.724609	17401.273438
1631.721680	17207.177734
1630.717773	17063.808594
1629.713867	16819.218750
1628.710938	16702.503906
1627.707031	17325.822266
1626.702148	17401.839844
1625.698242	17856.103516
1624.693359	17977.751953
1623.688477	17745.310547
1622.683594	17264.945313
1621.678711	17280.708984
1620.672852	16843.955078
1619.666992	16503.634766
1618.661133	16329.466797
1617.655273	16025.470703
1616.649414	16029.438477
1615.642578	16353.207031
1614.635742	16044.580078
1613.628906	16132.663086
1612.622070	16405.746094
1611.615234	16601.835938
1610.607422	17263.851563
1609.599609	17546.142578
1608.591797	17588.207031
1607.583984	17704.671875
1606.576172	17549.873047
1605.567383	17272.753906
1604.558594	17158.888672
1603.549805	17601.564453
1602.541016	18394.197266
1601.531250	18709.361328
1600.521484	19098.712891
1599.511719	18625.076172
1598.501953	18827.375000
1597.492188	18984.072266
1596.481445	18934.708984
1595.471680	19632.542969
1594.460938	19705.175781
1593.449219	20565.347656
1592.438477	20699.986328
1591.426758	21509.353516
1590.415039	21976.283203
1589.403320	22385.617188
1588.391602	22311.722656
1587.379883	22225.900391
1586.367188	21776.767578
1585.354492	22348.320313
1584.341797	22511.042969
1583.329102	22140.958984
1582.315430	22468.460938
1581.302734	23120.595703
1580.289063	23569.525391
1579.274414	24085.107422
1578.260742	23617.224609
1577.247070	23562.318359
1576.232422	23936.835938
1575.217773	24327.894531
1574.203125	24260.949219
1573.187500	23905.552734
1572.172852	23829.183594
1571.157227	23931.580078
1570.141602	24577.181641
1569.125000	24579.330078
1568.109375	24850.609375
1567.092773	25195.593750
1566.076172	25199.992188
1565.059570	25282.933594
1564.042969	25563.361328
1563.025391	25167.960938
1562.008789	25422.128906
1560.991211	25550.140625
1559.973633	25766.078125
1558.955078	25691.892578
1557.937500	25719.939453
1556.918945	25548.359375
1555.900391	25089.363281
1554.881836	25338.423828
1553.862305	25368.890625
1552.842773	24974.318359
1551.824219	25265.976563
1550.804688	25002.123047
1549.784180	24800.074219
1548.764648	24455.755859
1547.744141	23703.587891
1546.723633	23546.980469
1545.703125	23475.794922
1544.682617	23461.529297
1543.661133	23063.314453
1542.639648	22726.871094
1541.618164	22032.826172
1540.596680	22665.500000
1539.575195	22457.218750
1538.552734	22732.027344
1537.530273	22703.720703
1536.507813	22592.591797
1535.485352	22429.447266
1534.461914	22581.013672
1533.439453	22410.841797
1532.416016	22533.968750
1531.392578	22233.835938
1530.368164	21985.830078
1529.344727	21794.642578
1528.320313	21440.494141
1527.295898	21145.548828
1526.271484	21084.550781
1525.246094	21373.062500
1524.221680	21165.662109
1523.196289	21199.109375
1522.170898	21430.779297
1521.145508	21147.986328
1520.119141	21273.416016
1519.092773	21549.736328
1518.067383	21193.990234
1517.040039	21090.644531
1516.013672	21821.744141
1514.987305	21369.537109
1513.959961	21541.880859
1512.932617	21923.804688
1511.905273	21818.054688
1510.876953	22366.945313
1509.849609	22437.708984
1508.821289	22527.273438
1507.792969	22993.316406
1506.763672	22845.099609
1505.735352	22671.070313
1504.706055	22948.650391
1503.676758	22861.664063
1502.647461	23012.146484
1501.618164	23183.716797
1500.587891	23421.013672
1499.557617	23129.601563
1498.527344	23113.128906
1497.497070	22948.708984
1496.466797	22880.623047
1495.435547	22852.468750
1494.404297	22617.792969
1493.373047	22814.964844
1492.341797	22861.910156
1491.309570	22397.507813
1490.278320	22336.644531
1489.246094	22224.224609
1488.213867	22008.708984
1487.180664	22149.509766
1486.148438	22102.800781
1485.115234	22370.025391
1484.082031	22241.310547
1483.047852	22054.105469
1482.014648	22283.712891
1480.980469	22543.654297
1479.946289	22443.087891
1478.912109	22555.480469
1477.877930	23014.044922
1476.842773	23285.312500
1475.808594	24120.007813
1474.773438	24173.513672
1473.738281	24837.054688
1472.702148	25264.294922
1471.666992	25595.564453
1470.630859	26524.699219
1469.594727	26610.347656
1468.557617	27314.732422
1467.521484	28116.875000
1466.484375	28953.699219
1465.447266	29827.515625
1464.410156	30535.322266
1463.373047	31905.296875
1462.334961	33043.828125
1461.296875	33398.457031
1460.258789	34494.250000
1459.220703	35461.402344
1458.182617	36337.281250
1457.143555	37038.066406
1456.104492	37323.953125
1455.065430	37833.285156
1454.026367	38009.460938
1452.986328	38001.660156
1451.946289	38068.339844
1450.906250	38414.210938
1449.866211	38597.089844
1448.826172	39482.320313
1447.785156	39248.648438
1446.744141	39284.765625
1445.703125	39169.777344
1444.662109	38880.531250
1443.620117	38003.550781
1442.578125	37912.117188
1441.537109	37028.722656
1440.494141	36201.421875
1439.452148	35409.277344
1438.409180	34835.648438
1437.367188	34278.496094
1436.323242	33735.492188
1435.280273	33730.878906
1434.237305	33584.796875
1433.193359	33473.550781
1432.149414	33383.214844
1431.105469	33311.457031
1430.061523	33378.761719
1429.016602	32811.226563
1427.971680	32596.005859
1426.926758	32316.029297
1425.881836	31540.666016
1424.835938	31626.779297
1423.791016	30944.451172
1422.745117	30503.056641
1421.699219	29936.912109
1420.652344	29745.710938
1419.606445	29290.955078
1418.559570	29097.650391
1417.512695	28559.992188
1416.465820	28274.468750
1415.417969	28499.718750
1414.371094	28604.742188
1413.323242	28185.417969
1412.275391	28336.644531
1411.226563	28293.873047
1410.178711	28168.017578
1409.129883	28332.996094
1408.081055	28064.126953
1407.032227	27624.660156
1405.982422	27616.664063
1404.933594	27816.205078
1403.883789	27476.187500
1402.833984	27187.017578
1401.783203	26787.351563
1400.733398	26864.777344
1399.682617	26658.835938
1398.631836	26874.437500
1397.581055	26931.070313
1396.529297	26059.925781
1395.478516	26049.953125
1394.426758	26274.701172
1393.375000	26184.160156
1392.322266	26146.560547
1391.270508	25954.890625
1390.217773	25972.533203
1389.165039	26049.935547
1388.112305	26488.138672
1387.058594	26080.554688
1386.005859	26474.917969
1384.952148	26722.117188
1383.898438	26833.722656
1382.843750	27200.132813
1381.790039	27823.482422
1380.735352	28467.228516
1379.680664	28486.595703
1378.625977	29155.169922
1377.570313	29947.320313
1376.515625	30168.158203
1375.459961	30794.699219
1374.404297	31492.037109
1373.347656	31309.078125
1372.291992	31841.050781
1371.235352	32333.859375
1370.178711	32771.496094
1369.122070	32773.886719
1368.064453	33112.808594
1367.007813	32833.597656
1365.950195	33247.875000
1364.892578	33206.691406
1363.833984	33419.425781
1362.776367	33490.277344
1361.717773	33270.714844
1360.659180	33458.152344
1359.600586	33492.378906
1358.541016	33300.367188
1357.482422	33738.980469
1356.422852	33517.300781
1355.363281	34076.718750
1354.302734	34302.558594
1353.243164	34729.183594
1352.182617	35221.812500
1351.122070	35333.179688
1350.060547	36021.671875
1349.000000	36461.261719
1347.938477	36640.710938
1346.876953	37551.925781
1345.815430	37799.449219
1344.753906	38406.945313
1343.691406	39077.980469
1342.628906	39031.167969
1341.566406	39997.875000
1340.503906	40850.320313
1339.441406	41625.011719
1338.377930	42274.191406
1337.314453	43198.453125
1336.250977	43887.988281
1335.186523	44702.343750
1334.123047	45309.402344
1333.058594	45518.300781
1331.994141	45681.644531
1330.928711	45353.992188
1329.864258	45485.484375
1328.798828	45339.750000
1327.733398	45012.363281
1326.667969	44623.792969
1325.601563	43624.628906
1324.536133	43004.960938
1323.469727	42235.761719
1322.403320	41972.875000
1321.335938	41190.593750
1320.269531	40274.812500
1319.202148	40109.996094
1318.134766	39632.378906
1317.067383	39073.355469
1315.999023	38777.441406
1314.930664	38560.953125
1313.863281	38627.710938
1312.793945	38236.945313
1311.725586	38285.625000
1310.656250	38291.265625
1309.587891	38084.144531
1308.517578	37598.765625
1307.448242	37534.402344
1306.378906	37092.308594
1305.308594	36899.167969
1304.238281	36317.199219
1303.167969	36332.269531
1302.096680	35619.570313
1301.026367	35594.101563
1299.955078	34881.843750
1298.883789	34599.039063
1297.811523	34205.695313
1296.740234	34157.953125
1295.667969	33491.726563
1294.595703	32758.068359
1293.523438	31873.535156
1292.450195	30973.578125
1291.376953	30430.349609
1290.303711	30180.492188
1289.230469	29750.376953
1288.157227	28946.267578
1287.083008	28735.179688
1286.008789	28501.646484
1284.934570	28299.744141
1283.860352	28465.027344
1282.785156	28236.193359
1281.710938	28374.402344
1280.635742	28841.162109
1279.559570	29296.474609
1278.484375	28982.158203
1277.408203	29369.767578
1276.332031	29123.029297
1275.255859	29218.152344
1274.179688	29243.546875
1273.102539	29325.115234
1272.025391	28671.875000
1270.948242	28344.654297
1269.871094	27786.222656
1268.793945	27522.197266
1267.715820	27247.052734
1266.637695	26837.339844
1265.559570	26483.902344
1264.480469	26503.072266
1263.401367	25517.244141
1262.323242	25377.363281
1261.243164	24878.765625
1260.164063	24765.976563
1259.083984	24274.433594
1258.004883	23827.914063
1256.924805	23876.722656
1255.843750	23723.910156
1254.763672	23215.072266
1253.682617	23275.167969
1252.601563	22804.689453
1251.520508	23032.705078
1250.438477	22743.720703
1249.357422	22839.656250
1248.275391	22872.921875
1247.193359	22988.914063
1246.110352	22545.902344
1245.028320	22505.437500
1243.945313	22460.519531
1242.862305	22326.240234
1241.779297	22457.855469
1240.695313	22442.005859
1239.611328	21948.294922
1238.527344	21878.974609
1237.443359	22233.777344
1236.359375	22157.726563
1235.274414	22010.312500
1234.189453	22132.869141
1233.104492	21918.611328
1232.019531	22009.916016
1230.933594	21530.484375
1229.847656	21853.628906
1228.761719	21996.140625
1227.675781	22036.107422
1226.588867	22049.326172
1225.502930	21980.142578
1224.416016	22095.783203
1223.328125	22280.382813
1222.241211	22204.513672
1221.153320	22117.546875
1220.065430	22152.972656
1218.977539	22074.947266
1217.889648	22290.484375
1216.800781	21941.224609
1215.711914	22374.529297
1214.623047	22012.060547
1213.534180	22462.941406
1212.444336	22122.818359
1211.355469	22131.519531
1210.265625	22122.455078
1209.174805	22122.269531
1208.084961	22230.841797
1206.994141	22073.080078
1205.903320	22130.585938
1204.812500	21879.744141
1203.720703	21952.789063
1202.629883	21910.505859
1201.538086	21673.164063
1200.446289	21418.191406
1199.353516	21373.826172
1198.261719	21092.435547
1197.168945	20636.183594
1196.076172	20000.753906
1194.983398	20029.777344
1193.889648	20240.296875
1192.795898	20247.125000
1191.702148	20534.949219
1190.608398	20539.500000
1189.514648	20309.611328
1188.419922	20603.871094
1187.325195	20259.105469
1186.230469	20334.431641
1185.135742	20314.705078
1184.040039	20624.177734
1182.944336	20368.046875
1181.848633	20306.361328
1180.752930	20646.548828
1179.656250	20745.976563
1178.559570	20368.642578
1177.462891	20437.191406
1176.366211	20362.314453
1175.268555	20499.207031
1174.171875	20278.804688
1173.074219	20655.970703
1171.975586	20107.189453
1170.877930	20147.050781
1169.779297	20495.359375
1168.680664	20431.585938
1167.582031	20226.882813
1166.483398	20103.736328
1165.383789	20150.154297
1164.284180	20035.878906
1163.184570	20152.707031
1162.084961	19968.072266
1160.984375	20084.863281
1159.883789	19893.718750
1158.783203	20135.800781
1157.682617	19982.095703
1156.581055	20050.429688
1155.480469	20070.392578
1154.378906	20277.078125
1153.276367	20413.392578
1152.174805	20716.539063
1151.072266	21028.339844
1149.969727	21535.365234
1148.867188	21947.810547
1147.764648	22862.529297
1146.661133	23658.406250
1145.557617	24504.392578
1144.454102	25328.093750
1143.349609	25691.072266
1142.246094	26145.953125
1141.141602	26399.037109
1140.037109	26726.503906
1138.932617	26648.603516
1137.827148	26439.337891
1136.721680	26033.103516
1135.616211	25410.324219
1134.510742	25094.205078
1133.404297	24708.199219
1132.298828	24333.291016
1131.192383	23888.548828
1130.084961	23146.595703
1128.978516	22538.316406
1127.871094	22151.058594
1126.763672	21318.148438
1125.656250	21029.628906
1124.548828	20828.605469
1123.440430	20481.339844
1122.332031	20020.675781
1121.223633	20053.574219
1120.115234	19872.564453
1119.005859	19818.193359
1117.896484	19798.750000
1116.787109	19713.878906
1115.677734	20084.820313
1114.567383	20418.539063
1113.457031	20728.138672
1112.346680	21137.857422
1111.236328	21525.613281
1110.125000	22181.154297
1109.014648	22908.294922
1107.903320	23800.621094
1106.791016	24511.871094
1105.679688	25068.277344
1104.567383	25852.947266
1103.455078	26811.343750
1102.342773	27068.900391
1101.230469	27619.945313
1100.117188	27611.949219
1099.003906	27525.697266
1097.890625	27580.750000
1096.776367	27207.705078
1095.663086	26819.607422
1094.548828	26157.994141
1093.434570	25457.570313
1092.319336	24577.234375
1091.205078	23766.732422
1090.089844	23164.908203
1088.974609	22122.876953
1087.858398	21515.144531
1086.743164	20684.277344
1085.626953	20660.396484
1084.510742	20272.314453
1083.394531	20016.609375
1082.277344	19722.005859
1081.160156	19655.013672
1080.042969	19011.865234
1078.925781	19068.490234
1077.807617	18735.357422
1076.690430	18848.296875
1075.572266	18727.447266
1074.453125	18810.044922
1073.334961	18719.539063
1072.215820	18791.287109
1071.096680	18886.791016
1069.977539	18776.865234
1068.858398	18963.113281
1067.738281	19030.421875
1066.618164	19292.158203
1065.498047	19085.025391
1064.376953	19504.294922
1063.256836	19489.376953
1062.135742	19824.189453
1061.014648	19703.449219
1059.892578	19899.966797
1058.771484	20083.455078
1057.649414	20290.591797
1056.527344	20469.605469
1055.404297	20642.074219
1054.282227	20499.750000
1053.159180	20411.365234
1052.036133	20482.460938
1050.912109	20295.019531
1049.789063	20310.109375
1048.665039	20592.205078
1047.541016	20303.669922
1046.416992	20196.058594
1045.291992	20137.986328
1044.166992	19925.029297
1043.041992	20034.816406
1041.916992	19955.304688
1040.791992	19688.765625
1039.666016	19529.820313
1038.540039	19585.863281
1037.413086	19416.261719
1036.287109	19208.060547
1035.160156	18841.003906
1034.033203	18785.476563
1032.906250	18719.236328
1031.779297	18897.722656
1030.651367	19269.275391
1029.523438	19803.734375
1028.395508	19786.667969
1027.266602	19715.990234
1026.137695	19750.408203
1025.009766	19628.316406
1023.879883	19849.203125
1022.750977	20072.138672
1021.621094	19990.757813
1020.491211	20108.609375
1019.361328	20106.488281
1018.231445	19965.197266
1017.100586	19757.609375
1015.969727	19990.972656
1014.838867	19590.892578
1013.708008	19531.117188
1012.576172	19379.398438
1011.444336	19544.214844
1010.312500	19155.251953
1009.180664	19204.623047
1008.047852	19433.476563
1006.915039	19358.847656
1005.782227	19455.132813
1004.649414	19854.630859
1003.515625	20211.255859
1002.381836	20337.181641
1001.248047	20433.171875
1000.114258	20605.937500
998.979492	20426.628906
997.844727	20063.966797
996.709961	19872.052734
995.575195	19571.488281
994.439453	19921.162109
993.303711	19475.800781
992.167969	19203.205078
991.032227	19499.478516
989.895508	19399.498047
988.758789	19203.742188
987.622070	19091.091797
986.485352	19127.472656
985.347656	19091.488281
984.210938	19306.556641
983.073242	18796.228516
981.934570	19117.591797
980.796875	19262.353516
979.658203	19613.238281
978.519531	19334.917969
977.380859	19488.035156
976.241211	19587.980469
975.101563	19830.177734
973.961914	19552.042969
972.822266	19762.298828
971.681641	20161.363281
970.541992	20522.060547
969.400391	20920.791016
968.259766	20941.791016
967.119141	21064.574219
965.977539	21108.855469
964.835938	21437.164063
963.694336	21358.423828
962.551758	21707.726563
961.409180	21550.578125
960.266602	21395.613281
959.124023	21272.476563
957.980469	20946.152344
956.837891	20969.207031
955.694336	21055.734375
954.549805	20744.470703
953.406250	20577.175781
952.261719	20371.884766
951.117188	20113.822266
949.972656	20333.607422
948.827148	19718.488281
947.681641	19862.193359
946.536133	19798.808594
945.390625	19703.767578
944.245117	20060.658203
943.098633	19879.039063
941.952148	20218.851563
940.804688	20444.562500
939.658203	20735.580078
938.510742	21167.802734
937.363281	21650.453125
936.215820	22236.212891
935.067383	22606.701172
933.919922	23276.308594
932.770508	24295.416016
931.622070	24987.546875
930.473633	26140.650391
929.324219	27032.140625
928.174805	27514.812500
927.025391	28369.841797
925.875000	28894.105469
924.724609	28835.335938
923.574219	28139.212891
922.423828	27489.654297
921.272461	26764.675781
920.122070	25386.218750
918.969727	24767.083984
917.818359	23774.177734
916.666992	22815.310547
915.514648	22058.488281
914.362305	21459.486328
913.208984	21089.585938
912.056641	20493.142578
910.903320	20213.843750
909.750000	19880.111328
908.596680	19624.134766
907.442383	19928.236328
906.288086	19571.710938
905.133789	19234.201172
903.979492	19496.271484
902.824219	19269.980469
901.668945	19112.921875
900.513672	18895.185547
899.358398	18928.837891
898.202148	18836.853516
897.045898	18939.578125
895.889648	18828.792969
894.733398	18810.117188
893.576172	18799.816406
892.419922	18822.980469
891.261719	18595.214844
890.104492	18777.292969
888.946289	18626.964844
887.789063	18599.990234
886.629883	18506.171875
885.471680	18690.197266
884.312500	18590.132813
883.153320	19062.183594
881.994141	18878.582031
880.834961	19500.626953
879.674805	19210.595703
878.514648	19154.328125
877.354492	19598.632813
876.194336	19754.992188
875.033203	20201.060547
873.872070	20455.181641
872.710938	20388.283203
871.548828	20636.001953
870.387695	20496.185547
869.225586	20945.775391
868.063477	20808.033203
866.900391	20466.351563
865.737305	20395.365234
864.574219	20218.291016
863.411133	19995.525391
862.248047	19654.304688
861.083984	19639.691406
859.919922	19369.375000
858.755859	19504.476563
857.590820	19321.580078
856.425781	19072.277344
855.260742	19307.054688
854.095703	19250.994141
852.930664	19136.820313
851.764648	19475.218750
850.598633	19305.007813
849.431641	18952.277344
848.265625	18670.228516
847.098633	18668.292969
845.931641	19054.115234
844.764648	18906.976563
843.596680	18915.351563
842.428711	18760.013672
841.260742	18758.054688
840.092773	19168.294922
838.923828	19220.089844
837.754883	19242.875000
836.585938	19211.828125
835.416992	19269.787109
834.247070	19356.685547
833.077148	19207.716797
831.907227	18820.962891
830.737305	18984.406250
829.566406	19445.476563
828.395508	19100.255859
827.224609	19273.863281
826.052734	19505.242188
824.881836	19445.277344
823.709961	19490.656250
822.538086	19897.333984
821.365234	19637.087891
820.192383	19562.693359
819.019531	19075.658203
817.846680	18945.714844
816.673828	19044.759766
815.500000	18861.265625
814.326172	18805.666016
813.151367	18904.671875
811.977539	19102.548828
810.802734	19426.013672
809.627930	19520.701172
808.453125	19813.042969
807.277344	20127.906250
806.101563	19695.408203
804.925781	19849.632813
803.750000	19940.005859
802.573242	19664.166016
801.396484	19828.578125
800.219727	20147.136719
799.042969	20537.507813
797.865234	20241.220703
796.687500	20857.441406
795.509766	21080.992188
794.331055	20994.285156
793.153320	21303.958984
791.974609	21324.001953
790.795898	20888.333984
789.616211	20489.794922
788.436523	20163.240234
787.256836	20183.505859
786.077148	20289.902344
784.897461	20488.523438
783.716797	20174.544922
782.536133	20053.363281
781.354492	19764.201172
780.173828	19655.451172
778.992188	20237.015625
777.810547	20220.361328
776.628906	20189.378906
775.446289	20008.982422
774.263672	19982.150391
773.081055	19756.859375
771.898438	19910.105469
770.714844	19954.888672
769.531250	19500.734375
768.347656	19872.673828
767.163086	20240.363281
765.979492	20781.583984
764.794922	20566.666016
763.609375	20605.115234
762.424805	20625.167969
761.239258	20892.250000
760.053711	21298.017578
758.868164	21687.281250
757.681641	22182.474609
756.495117	22526.500000
755.308594	22715.375000
754.122070	23150.888672
752.934570	23885.880859
751.748047	24759.146484
750.559570	25790.972656
749.372070	26865.132813
748.183594	27690.335938
746.995117	29963.035156
745.806641	32513.667969
744.618164	34900.359375
743.428711	37967.750000
742.239258	41349.175781
741.049805	44086.339844
739.859375	46649.453125
738.669922	48611.632813
737.479492	49465.062500
736.288086	48421.894531
735.097656	47616.914063
733.906250	45542.578125
732.714844	44281.570313
731.523438	42604.824219
730.331055	41387.625000
729.138672	41427.371094
727.946289	41274.316406
726.753906	41594.050781
725.560547	41252.371094
724.367188	40539.714844
723.173828	39255.593750
721.979492	38030.812500
720.786133	36916.000000
719.591797	34407.613281
718.396484	32307.498047
717.202148	29987.527344
716.006836	29114.357422
714.811523	27846.789063
713.616211	27259.847656
712.419922	26521.388672
711.223633	26232.390625
710.027344	25265.904297
708.831055	24730.582031
707.633789	24500.789063
706.436523	24731.978516
705.239258	24447.716797
704.041016	24159.535156
702.843750	24057.326172
701.645508	23737.037109
700.447266	23362.365234
699.248047	22594.193359
698.048828	22651.855469
696.849609	22620.703125
695.650391	22910.341797
694.450195	23004.199219
693.250000	22476.904297
692.049805	22746.218750
690.849609	23154.498047
689.648438	23528.337891
688.447266	23990.667969
687.246094	24003.583984
686.044922	23883.570313
684.842773	23751.527344
683.640625	23822.861328
682.438477	24940.740234
681.235352	25293.492188
680.033203	25809.041016
678.829102	25505.750000
677.625977	25524.333984
676.422852	25436.353516
675.218750	25404.691406
674.014648	25598.113281
672.809570	26510.726563
671.604492	27197.962891
670.400391	28366.886719
669.194336	29169.873047
667.989258	30456.291016
666.783203	31864.570313
665.577148	34233.363281
664.371094	36705.437500
663.164063	40237.425781
661.957031	43114.171875
660.750000	45346.128906
659.542969	46735.289063
658.334961	46504.679688
657.127930	45550.914063
655.918945	43858.445313
654.710938	41605.980469
653.501953	38956.062500
652.292969	37089.972656
651.083984	35755.039063
649.875000	33876.449219
648.665039	32724.826172
647.455078	31407.705078
646.244141	30447.076172
645.034180	29270.958984
643.823242	28209.279297
642.612305	27219.994141
641.400391	26305.058594
640.189453	25080.929688
638.977539	24558.253906
637.765625	24205.507813
636.552734	24230.167969
635.339844	24097.162109
634.126953	23746.736328
632.914063	23717.619141
631.700195	23720.419922
630.487305	24018.314453
629.272461	24304.115234
628.058594	24587.796875
626.843750	25251.935547
625.628906	25067.130859
624.414063	25290.703125
623.199219	25048.220703
621.983398	24845.658203
620.767578	24259.033203
619.551758	24381.093750
618.334961	23798.802734
617.118164	23447.501953
615.901367	23297.205078
614.684570	22818.917969
613.466797	22633.041016
612.249023	22220.687500
611.031250	21609.818359
609.813477	21307.121094
608.594727	21193.230469
607.375977	21498.353516
606.157227	21241.535156
604.937500	21266.662109
603.717773	21089.376953
602.498047	21106.585938
601.278320	21014.699219
600.057617	20627.378906
598.836914	20612.955078
597.616211	20675.837891
596.395508	20231.373047
595.173828	20066.462891
593.952148	20131.402344
592.729492	19984.406250
591.507813	19768.173828
590.285156	19498.585938
589.062500	19814.935547
587.839844	19507.859375
586.616211	19764.716797
585.392578	19946.304688
584.168945	20317.640625
582.944336	20667.064453
581.720703	21127.021484
580.495117	21521.562500
579.270508	21981.126953
578.045898	22171.859375
576.820313	22413.849609
575.594727	22614.271484
574.368164	22757.359375
573.142578	22999.058594
571.916016	23019.667969
570.688477	23077.746094
569.461914	23496.708984
568.234375	23698.591797
567.006836	23423.324219
565.779297	22982.621094
564.550781	22680.041016
563.322266	22430.783203
562.093750	22595.248047
560.865234	22373.683594
559.635742	22437.681641
558.406250	22420.949219
557.176758	22368.800781
555.946289	22627.529297
554.715820	22532.082031
553.485352	22295.080078
552.254883	22128.962891
551.023438	22208.630859
549.791992	22138.900391
548.560547	21835.382813
547.328125	21176.437500
546.096680	20873.261719
544.864258	20691.957031
543.630859	20846.425781
542.398438	20659.316406
541.165039	21327.833984
539.931641	21389.851563
538.697266	21749.972656
537.463867	21533.408203
536.229492	21160.095703
534.994141	21355.376953
533.759766	21525.093750
532.524414	21982.744141
531.289063	21940.695313
530.053711	21896.703125
528.817383	22042.652344
527.581055	22585.912109
526.344727	22831.453125
525.107422	23436.910156
523.871094	23959.937500
522.632813	25278.746094
521.395508	26256.738281
520.158203	27160.009766
518.919922	26520.771484
517.681641	25395.246094
516.442383	24549.587891
515.203125	23889.855469
513.963867	22931.634766
512.724609	22571.257813
511.485352	22591.664063
510.245117	22446.181641
509.004883	22792.431641
507.763672	22806.919922
506.523438	22696.585938
505.282227	22675.988281
504.040039	22314.261719
502.798828	22149.535156
501.556641	21328.234375
