1802.297852	8637.880859
1801.329102	8732.775391
1800.359375	8755.998047
1799.390625	8943.961914
1798.420898	8730.039063
1797.451172	8848.065430
1796.480469	8641.730469
1795.510742	8400.557617
1794.540039	8383.916992
1793.569336	8287.498047
1792.598633	8515.173828
1791.627930	8486.056641
1790.656250	8671.241211
1789.684570	8500.103516
1788.712891	8431.154297
1787.741211	8329.858398
1786.769531	8507.454102
1785.797852	8535.624023
1784.825195	8698.174805
1783.852539	8888.030273
1782.879883	9393.753906
1781.907227	9299.846680
1780.933594	9230.843750
1779.959961	9355.796875
1778.986328	9644.758789
1778.012695	9704.960938
1777.039063	9862.043945
1776.064453	9457.618164
1775.090820	9239.637695
1774.116211	8964.627930
1773.141602	8766.693359
1772.166016	8975.932617
1771.191406	9152.824219
1770.215820	9418.970703
1769.240234	9538.643555
1768.264648	10092.320313
1767.289063	9966.309570
1766.312500	10147.781250
1765.336914	10267.210938
1764.360352	10312.242188
1763.383789	10382.033203
1762.406250	10057.902344
1761.429688	9880.032227
1760.452148	9808.715820
1759.474609	9754.757813
1758.497070	9564.678711
1757.519531	10015.656250
1756.541016	10473.875977
1755.563477	10696.896484
1754.584961	10954.453125
1753.606445	10798.940430
1752.626953	10425.922852
1751.648438	10295.294922
1750.668945	10191.905273
1749.689453	10360.351563
1748.709961	10466.969727
1747.730469	10909.448242
1746.750000	10568.955078
1745.769531	10438.453125
1744.789063	10389.459961
1743.808594	10273.852539
1742.828125	10350.748047
1741.846680	10501.619141
1740.866211	10578.436523
1739.884766	10223.687500
1738.903320	10613.637695
1737.920898	10618.902344
1736.939453	10444.260742
1735.957031	10326.359375
1734.974609	10247.919922
1733.992188	10253.250977
1733.009766	10659.958984
1732.026367	10793.226563
1731.042969	10978.129883
1730.059570	10879.947266
1729.076172	10612.031250
1728.092773	10533.640625
1727.108398	10425.766602
1726.125000	10608.096680
1725.140625	10765.767578
1724.155273	11405.143555
1723.170898	11665.805664
1722.185547	11805.968750
1721.201172	11661.117188
1720.215820	11255.984375
1719.230469	11177.600586
1718.244141	11330.021484
1717.258789	11408.744141
1716.272461	11359.823242
1715.286133	11433.599609
1714.299805	11681.513672
1713.312500	11939.137695
1712.326172	12311.904297
1711.338867	12807.101563
1710.351563	13270.233398
1709.364258	13296.971680
1708.375977	13404.550781
1707.388672	13379.807617
1706.400391	13675.909180
1705.412109	14013.516602
1704.422852	14138.000000
1703.434570	14901.267578
1702.445313	15559.000000
1701.457031	16492.939453
1700.466797	16898.128906
1699.477539	17716.474609
1698.488281	18250.849609
1697.498047	18650.548828
1696.507813	19040.308594
1695.517578	19256.408203
1694.527344	19545.716797
1693.536133	19622.388672
1692.545898	19852.890625
1691.554688	20178.527344
1690.563477	20792.097656
1689.572266	21075.917969
1688.580078	20781.279297
1687.587891	20655.103516
1686.595703	20672.894531
1685.603516	20812.617188
1684.611328	20966.912109
1683.618164	20996.816406
1682.625977	20261.388672
1681.632813	19906.402344
1680.639648	19497.958984
1679.645508	19632.869141
1678.652344	19870.009766
1677.658203	19532.427734
1676.664063	19801.138672
1675.669922	20308.259766
1674.675781	19683.650391
1673.680664	19443.689453
1672.685547	19053.013672
1671.690430	19146.447266
1670.695313	19312.783203
1669.700195	18932.091797
1668.704102	18636.619141
1667.708008	18290.234375
1666.711914	18133.488281
1665.715820	18018.095703
1664.719727	18339.875000
1663.722656	18280.328125
1662.725586	18344.607422
1661.728516	17765.703125
1660.731445	17970.796875
1659.733398	17877.404297
1658.736328	17936.859375
1657.738281	17787.732422
1656.740234	17803.537109
1655.741211	18149.005859
1654.743164	18264.095703
1653.744141	18463.945313
1652.745117	18217.955078
1651.746094	18265.138672
1650.747070	17813.447266
1649.747070	17698.476563
1648.748047	17680.375000
1647.748047	18284.259766
1646.748047	18459.619141
1645.747070	18569.589844
1644.747070	18398.945313
1643.746094	18167.916016
1642.745117	17878.953125
1641.744141	18039.707031
1640.742188	18036.060547
1639.741211	17694.138672
1638.739258	17726.796875
1637.737305	17653.167969
1636.735352	17792.068359
1635.732422	17928.498047
1634.730469	17635.214844
1633.727539	17387.902344
1632.724609	17485.722656
1631.721680	17839.208984
1630.717773	17582.355469
1629.713867	17089.291016
1628.710938	17360.669922
1627.707031	17545.166016
1626.702148	17919.966797
1625.698242	18075.359375
1624.693359	18095.789063
1623.688477	17978.929688
1622.683594	17864.523438
1621.678711	17538.306641
1620.672852	17060.582031
1619.666992	16693.748047
1618.661133	16423.300781
1617.655273	16622.035156
1616.649414	16510.441406
1615.642578	16401.296875
1614.635742	16407.589844
1613.628906	16550.882813
1612.622070	16595.589844
1611.615234	17029.496094
1610.607422	17640.980469
1609.599609	17865.556641
1608.591797	18171.679688
1607.583984	17836.707031
1606.576172	18214.714844
1605.567383	17733.488281
1604.558594	17806.666016
1603.549805	18026.132813
1602.541016	18821.076172
1601.531250	18994.689453
1600.521484	19225.765625
1599.511719	19171.533203
1598.501953	19105.341797
1597.492188	19314.687500
1596.481445	19581.435547
1595.471680	19963.023438
1594.460938	20275.021484
1593.449219	20503.107422
1592.438477	21173.867188
1591.426758	21789.318359
1590.415039	22304.039063
1589.403320	22605.669922
1588.391602	22302.156250
1587.379883	22419.564453
1586.367188	22381.544922
1585.354492	22570.583984
1584.341797	22953.091797
1583.329102	22790.757813
1582.315430	22927.048828
1581.302734	23531.330078
1580.289063	23927.652344
1579.274414	24099.429688
1578.260742	24223.406250
1577.247070	23965.560547
1576.232422	24101.439453
1575.217773	24602.179688
1574.203125	24573.332031
1573.187500	24282.244141
1572.172852	24389.337891
1571.157227	24787.130859
1570.141602	25041.800781
1569.125000	24796.109375
1568.109375	25529.392578
1567.092773	25500.388672
1566.076172	26002.296875
1565.059570	25656.632813
1564.042969	25751.363281
1563.025391	25503.437500
1562.008789	25793.218750
1560.991211	25723.757813
1559.973633	26429.490234
1558.955078	26131.699219
1557.937500	26088.351563
1556.918945	25441.421875
1555.900391	25638.193359
1554.881836	25198.275391
1553.862305	25637.255859
1552.842773	25686.648438
1551.824219	25363.308594
1550.804688	25218.109375
1549.784180	25080.085938
1548.764648	24702.496094
1547.744141	24531.421875
1546.723633	24310.615234
1545.703125	24142.060547
1544.682617	23947.496094
1543.661133	23558.664063
1542.639648	23224.488281
1541.618164	22994.689453
1540.596680	22852.621094
1539.575195	22869.277344
1538.552734	23158.207031
1537.530273	23032.759766
1536.507813	23309.703125
1535.485352	22886.128906
1534.461914	23037.601563
1533.439453	23006.886719
1532.416016	22574.169922
1531.392578	22560.109375
1530.368164	22215.119141
1529.344727	22163.322266
1528.320313	22045.384766
1527.295898	22076.322266
1526.271484	22204.083984
1525.246094	21765.054688
1524.221680	22025.037109
1523.196289	21930.845703
1522.170898	22145.845703
1521.145508	22308.849609
1520.119141	21396.082031
1519.092773	21651.152344
1518.067383	21620.792969
1517.040039	22087.888672
1516.013672	21946.669922
1514.987305	22090.652344
1513.959961	22227.507813
1512.932617	22305.416016
1511.905273	22496.337891
1510.876953	22640.085938
1509.849609	22604.857422
1508.821289	22910.927734
1507.792969	22870.947266
1506.763672	23209.775391
1505.735352	22899.238281
1504.706055	22990.982422
1503.676758	23007.445313
1502.647461	23073.267578
1501.618164	23110.857422
1500.587891	23418.664063
1499.557617	23380.984375
1498.527344	23380.902344
1497.497070	23298.623047
1496.466797	23145.939453
1495.435547	23023.833984
1494.404297	22481.667969
1493.373047	22976.873047
1492.341797	22803.259766
1491.309570	22716.501953
1490.278320	22538.320313
1489.246094	22618.113281
1488.213867	22479.871094
1487.180664	22498.708984
1486.148438	22480.044922
1485.115234	22948.660156
1484.082031	22679.296875
1483.047852	22583.330078
1482.014648	22770.685547
1480.980469	22798.794922
1479.946289	23124.103516
1478.912109	23177.863281
1477.877930	23346.224609
1476.842773	23657.185547
1475.808594	23977.369141
1474.773438	24606.019531
1473.738281	25070.792969
1472.702148	25455.919922
1471.666992	25974.064453
1470.630859	26772.310547
1469.594727	27082.113281
1468.557617	27896.144531
1467.521484	28369.003906
1466.484375	29366.824219
1465.447266	30172.880859
1464.410156	31060.265625
1463.373047	32138.556641
1462.334961	32789.625000
1461.296875	33916.082031
1460.258789	34825.273438
1459.220703	35976.484375
1458.182617	36444.468750
1457.143555	37068.351563
1456.104492	37228.453125
1455.065430	38399.179688
1454.026367	38170.113281
1452.986328	38513.781250
1451.946289	38233.578125
1450.906250	38465.402344
1449.866211	39385.738281
1448.826172	39445.105469
1447.785156	39825.355469
1446.744141	39840.429688
1445.703125	39832.253906
1444.662109	39277.933594
1443.620117	39107.222656
1442.578125	38348.847656
1441.537109	37836.976563
1440.494141	36761.042969
1439.452148	36054.687500
1438.409180	35515.742188
1437.367188	34919.000000
1436.323242	34452.429688
1435.280273	34218.019531
1434.237305	33793.527344
1433.193359	33554.707031
1432.149414	33522.312500
1431.105469	33543.234375
1430.061523	33392.667969
1429.016602	33035.960938
1427.971680	32959.675781
1426.926758	32494.353516
1425.881836	32068.582031
1424.835938	31761.044922
1423.791016	31620.275391
1422.745117	30759.910156
1421.699219	30512.978516
1420.652344	29909.937500
1419.606445	29577.712891
1418.559570	29294.177734
1417.512695	29087.041016
1416.465820	28695.095703
1415.417969	28756.201172
1414.371094	28787.248047
1413.323242	28758.226563
1412.275391	29061.744141
1411.226563	28979.574219
1410.178711	28763.554688
1409.129883	28702.246094
1408.081055	28209.490234
1407.032227	28293.648438
1405.982422	28011.056641
1404.933594	28076.771484
1403.883789	27600.681641
1402.833984	27512.017578
1401.783203	27162.982422
1400.733398	27175.820313
1399.682617	26840.814453
1398.631836	26872.134766
1397.581055	27207.380859
1396.529297	26513.443359
1395.478516	26533.296875
1394.426758	26194.160156
1393.375000	26639.697266
1392.322266	26256.970703
1391.270508	26341.248047
1390.217773	26418.591797
1389.165039	26270.619141
1388.112305	26508.824219
1387.058594	26744.630859
1386.005859	27021.693359
1384.952148	26944.916016
1383.898438	27194.261719
1382.843750	28056.521484
1381.790039	31298.835938
1380.735352	29075.404297
1379.680664	29234.611328
1378.625977	29769.976563
1377.570313	29894.568359
1376.515625	30498.365234
1375.459961	31244.056641
1374.404297	31760.220703
1373.347656	31973.667969
1372.291992	32539.871094
1371.235352	32679.761719
1370.178711	33403.609375
1369.122070	33158.574219
1368.064453	33396.683594
1367.007813	33435.562500
1365.950195	33744.453125
1364.892578	33396.585938
1363.833984	33574.968750
1362.776367	33787.582031
1361.717773	33545.093750
1360.659180	33817.054688
1359.600586	33711.789063
1358.541016	33727.675781
1357.482422	34392.375000
1356.422852	34111.171875
1355.363281	34773.234375
1354.302734	34843.671875
1353.243164	35434.539063
1352.182617	35673.695313
1351.122070	36444.402344
1350.060547	36375.269531
1349.000000	36728.117188
1347.938477	37577.933594
1346.876953	37515.445313
1345.815430	38376.140625
1344.753906	39004.027344
1343.691406	39244.308594
1342.628906	39530.050781
1341.566406	40485.261719
1340.503906	41016.546875
1339.441406	41654.609375
1338.377930	42549.601563
1337.314453	43705.921875
1336.250977	44263.390625
1335.186523	45182.304688
1334.123047	45136.562500
1333.058594	45504.660156
1331.994141	45981.718750
1330.928711	45929.015625
1329.864258	46051.296875
1328.798828	45712.339844
1327.733398	44905.605469
1326.667969	44383.074219
1325.601563	44008.335938
1324.536133	43048.089844
1323.469727	42707.820313
1322.403320	41827.656250
1321.335938	40945.585938
1320.269531	39991.296875
1319.202148	39885.500000
1318.134766	39353.515625
1317.067383	38749.214844
1315.999023	38999.531250
1314.930664	38651.582031
1313.863281	38435.160156
1312.793945	38433.984375
1311.725586	38269.773438
1310.656250	38245.988281
1309.587891	38147.519531
1308.517578	38037.773438
1307.448242	37882.824219
1306.378906	36954.328125
1305.308594	37353.734375
1304.238281	37036.218750
1303.167969	36687.183594
1302.096680	36390.273438
1301.026367	35833.625000
1299.955078	35268.167969
1298.883789	34861.050781
1297.811523	34422.488281
1296.740234	34144.406250
1295.667969	33516.558594
1294.595703	33065.000000
1293.523438	32108.199219
1292.450195	31593.951172
1291.376953	31131.791016
1290.303711	30802.863281
1289.230469	29694.013672
1288.157227	29665.304688
1287.083008	29048.425781
1286.008789	28702.171875
1284.934570	28687.195313
1283.860352	28410.974609
1282.785156	28747.326172
1281.710938	28777.371094
1280.635742	28447.279297
1279.559570	29201.962891
1278.484375	29488.367188
1277.408203	29626.193359
1276.332031	29689.748047
1275.255859	30054.562500
1274.179688	29666.160156
1273.102539	29122.841797
1272.025391	28912.306641
1270.948242	29016.373047
1269.871094	28478.015625
1268.793945	27901.705078
1267.715820	27723.023438
1266.637695	27153.839844
1265.559570	27069.640625
1264.480469	26455.953125
1263.401367	26297.904297
1262.323242	25785.554688
1261.243164	25558.195313
1260.164063	25216.591797
1259.083984	24480.642578
1258.004883	24737.734375
1256.924805	24192.628906
1255.843750	23661.189453
1254.763672	24054.898438
1253.682617	23908.826172
1252.601563	23525.521484
1251.520508	23171.468750
1250.438477	23061.470703
1249.357422	23103.646484
1248.275391	23295.666016
1247.193359	23152.162109
1246.110352	22946.113281
1245.028320	22547.910156
1243.945313	22856.091797
1242.862305	22945.171875
1241.779297	22739.333984
1240.695313	22471.041016
1239.611328	22522.179688
1238.527344	22387.996094
1237.443359	22240.472656
1236.359375	22338.488281
1235.274414	22501.164063
1234.189453	22210.943359
1233.104492	22342.353516
1232.019531	22431.339844
1230.933594	22226.023438
1229.847656	21927.179688
1228.761719	22276.914063
1227.675781	22287.859375
1226.588867	22463.628906
1225.502930	22363.179688
1224.416016	22547.763672
1223.328125	22242.541016
1222.241211	22616.244141
1221.153320	22081.945313
1220.065430	22500.015625
1218.977539	22315.158203
1217.889648	22381.656250
1216.800781	22376.980469
1215.711914	22376.751953
1214.623047	22387.632813
1213.534180	22258.531250
1212.444336	22462.691406
1211.355469	22344.728516
1210.265625	22548.783203
1209.174805	22495.230469
1208.084961	22350.697266
1206.994141	22215.099609
1205.903320	22314.730469
1204.812500	21906.363281
1203.720703	21994.923828
1202.629883	21939.328125
1201.538086	21894.839844
1200.446289	21648.685547
1199.353516	21424.789063
1198.261719	20868.683594
1197.168945	20904.185547
1196.076172	20578.720703
1194.983398	20596.552734
1193.889648	20638.726563
1192.795898	20831.369141
1191.702148	20472.996094
1190.608398	20807.166016
1189.514648	20796.175781
1188.419922	20789.609375
1187.325195	20497.863281
1186.230469	20509.042969
1185.135742	20761.085938
1184.040039	20860.578125
1182.944336	20944.562500
1181.848633	20838.589844
1180.752930	20520.695313
1179.656250	20485.492188
1178.559570	20677.625000
1177.462891	20505.595703
1176.366211	20600.572266
1175.268555	20816.820313
1174.171875	20938.152344
1173.074219	20702.269531
1171.975586	20777.283203
1170.877930	20495.250000
1169.779297	20310.281250
1168.680664	20715.755859
1167.582031	20878.794922
1166.483398	20387.787109
1165.383789	20269.035156
1164.284180	20016.068359
1163.184570	20469.585938
1162.084961	20416.890625
1160.984375	20285.029297
1159.883789	20181.810547
1158.783203	20533.767578
1157.682617	20327.220703
1156.581055	20162.515625
1155.480469	20371.425781
1154.378906	20397.906250
1153.276367	20644.015625
1152.174805	21236.978516
1151.072266	21278.625000
1149.969727	21785.597656
1148.867188	22272.605469
1147.764648	23171.898438
1146.661133	24134.427734
1145.557617	24875.039063
1144.454102	25505.703125
1143.349609	26015.525391
1142.246094	26113.076172
1141.141602	26431.906250
1140.037109	26586.287109
1138.932617	26769.076172
1137.827148	26467.806641
1136.721680	26387.802734
1135.616211	25738.679688
1134.510742	25306.498047
1133.404297	24741.019531
1132.298828	24379.230469
1131.192383	23991.345703
1130.084961	23360.894531
1128.978516	22752.570313
1127.871094	22238.490234
1126.763672	21678.732422
1125.656250	21200.050781
1124.548828	20915.982422
1123.440430	20710.658203
1122.332031	20743.419922
1121.223633	20431.244141
1120.115234	20357.101563
1119.005859	20193.521484
1117.896484	20112.912109
1116.787109	20250.458984
1115.677734	20394.488281
1114.567383	20590.783203
1113.457031	21120.509766
1112.346680	21477.839844
1111.236328	21769.652344
1110.125000	22259.580078
1109.014648	23206.681641
1107.903320	23672.144531
1106.791016	24522.755859
1105.679688	25451.365234
1104.567383	25957.404297
1103.455078	26337.037109
1102.342773	27151.560547
1101.230469	27378.541016
1100.117188	27868.521484
1099.003906	27897.429688
1097.890625	28000.220703
1096.776367	27092.539063
1095.663086	26860.886719
1094.548828	26034.187500
1093.434570	25707.302734
1092.319336	24983.236328
1091.205078	24357.156250
1090.089844	23509.974609
1088.974609	22569.847656
1087.858398	21519.484375
1086.743164	21530.126953
1085.626953	21107.085938
1084.510742	20499.947266
1083.394531	19960.255859
1082.277344	19925.705078
1081.160156	19611.681641
1080.042969	19414.759766
1078.925781	19085.816406
1077.807617	19177.054688
1076.690430	19147.029297
1075.572266	19054.251953
1074.453125	18991.806641
1073.334961	19093.800781
1072.215820	18908.083984
1071.096680	18951.664063
1069.977539	19090.353516
1068.858398	19274.373047
1067.738281	19425.898438
1066.618164	19482.291016
1065.498047	19653.148438
1064.376953	19612.281250
1063.256836	19638.365234
1062.135742	19919.175781
1061.014648	20232.240234
1059.892578	20174.017578
1058.771484	20303.513672
1057.649414	20575.312500
1056.527344	20508.423828
1055.404297	20624.826172
1054.282227	20848.957031
1053.159180	20872.564453
1052.036133	20656.992188
1050.912109	20568.607422
1049.789063	20755.941406
1048.665039	20648.191406
1047.541016	20742.853516
1046.416992	20652.369141
1045.291992	20357.484375
1044.166992	20206.875000
1043.041992	20406.947266
1041.916992	20166.062500
1040.791992	20067.187500
1039.666016	20060.791016
1038.540039	19768.546875
1037.413086	19493.617188
1036.287109	19708.617188
1035.160156	18961.285156
1034.033203	18942.236328
1032.906250	19082.070313
1031.779297	19172.474609
1030.651367	19346.533203
1029.523438	19859.519531
1028.395508	19827.425781
1027.266602	20125.623047
1026.137695	20007.714844
1025.009766	20052.781250
1023.879883	20084.966797
1022.750977	20147.138672
1021.621094	20219.994141
1020.491211	20050.777344
1019.361328	20001.554688
1018.231445	19997.314453
1017.100586	19950.261719
1015.969727	19967.431641
1014.838867	19888.308594
1013.708008	19858.417969
1012.576172	19509.863281
1011.444336	19323.968750
1010.312500	19362.625000
1009.180664	19146.914063
1008.047852	19315.943359
1006.915039	19527.630859
1005.782227	19758.451172
1004.649414	19922.970703
1003.515625	20337.228516
1002.381836	20388.414063
1001.248047	20364.876953
1000.114258	20763.837891
998.979492	20328.496094
997.844727	20447.884766
996.709961	20339.054688
995.575195	19686.615234
994.439453	19716.537109
993.303711	19384.164063
992.167969	19184.029297
991.032227	19135.220703
989.895508	19367.552734
988.758789	19497.580078
987.622070	19114.509766
986.485352	19382.875000
985.347656	19397.906250
984.210938	19398.037109
983.073242	19404.548828
981.934570	19055.921875
980.796875	19287.867188
979.658203	19345.408203
978.519531	19630.318359
977.380859	19464.664063
976.241211	19647.460938
975.101563	19800.443359
973.961914	19592.386719
972.822266	19872.691406
971.681641	20163.486328
970.541992	20492.351563
969.400391	21109.611328
968.259766	21213.294922
967.119141	21123.953125
965.977539	21214.865234
964.835938	21223.068359
963.694336	21727.183594
962.551758	21631.447266
961.409180	21677.681641
960.266602	21461.269531
959.124023	21448.228516
957.980469	21159.974609
956.837891	20969.207031
955.694336	20943.578125
954.549805	20659.841797
953.406250	20742.166016
952.261719	19972.187500
951.117188	19796.669922
949.972656	20117.990234
948.827148	19887.562500
947.681641	19363.525391
946.536133	19667.830078
945.390625	34131.511719
944.245117	25555.166016
943.098633	19881.150391
941.952148	19864.246094
940.804688	20277.849609
939.658203	20672.285156
938.510742	20672.093750
937.363281	21106.345703
936.215820	21778.669922
935.067383	22545.568359
933.919922	23141.421875
932.770508	24055.201172
931.622070	24646.261719
930.473633	25715.189453
929.324219	26971.074219
928.174805	27834.824219
927.025391	28645.583984
925.875000	28439.544922
924.724609	28220.968750
923.574219	27811.058594
922.423828	27334.025391
921.272461	26415.634766
920.122070	25491.330078
918.969727	24437.107422
917.818359	23700.632813
916.666992	22874.132813
915.514648	21890.455078
914.362305	21373.388672
913.208984	20833.445313
912.056641	20593.896484
910.903320	20123.603516
909.750000	19739.533203
908.596680	19680.773438
907.442383	19393.433594
906.288086	19141.861328
905.133789	19303.382813
903.979492	19135.771484
902.824219	19026.906250
901.668945	18863.613281
900.513672	18916.132813
899.358398	19180.134766
898.202148	19029.472656
897.045898	18485.345703
895.889648	18832.978516
894.733398	18862.425781
893.576172	18755.886719
892.419922	18868.992188
891.261719	18791.767578
890.104492	18589.142578
888.946289	18591.433594
887.789063	18691.935547
886.629883	18550.044922
885.471680	18529.363281
884.312500	18569.248047
883.153320	18991.195313
881.994141	18924.503906
880.834961	18884.972656
879.674805	19074.972656
878.514648	19093.832031
877.354492	19421.355469
876.194336	19677.839844
875.033203	19854.994141
873.872070	20069.589844
872.710938	20375.779297
871.548828	20144.322266
870.387695	20492.019531
869.225586	20410.574219
868.063477	20564.433594
866.900391	20233.210938
865.737305	20172.679688
864.574219	20006.058594
863.411133	19906.074219
862.248047	19720.859375
861.083984	19327.785156
859.919922	19450.453125
858.755859	19119.957031
857.590820	19132.478516
856.425781	19238.484375
855.260742	19138.806641
854.095703	19377.671875
852.930664	19417.113281
851.764648	19344.443359
850.598633	19124.453125
849.431641	18775.910156
848.265625	18717.941406
847.098633	18759.550781
845.931641	19018.865234
844.764648	18965.025391
843.596680	18681.136719
842.428711	18739.291016
841.260742	19205.562500
840.092773	19282.218750
838.923828	19315.351563
837.754883	18940.587891
836.585938	18907.537109
835.416992	18826.898438
834.247070	19257.367188
833.077148	19093.939453
831.907227	19391.794922
830.737305	19205.660156
829.566406	19377.253906
828.395508	18976.242188
827.224609	19158.140625
826.052734	19424.667969
824.881836	19637.375000
823.709961	19833.466797
822.538086	19639.248047
821.365234	19540.068359
820.192383	19463.630859
819.019531	19259.296875
817.846680	18974.595703
816.673828	18675.580078
815.500000	18836.521484
814.326172	18820.095703
813.151367	18647.031250
811.977539	18888.238281
810.802734	19061.351563
809.627930	19011.929688
808.453125	19483.546875
807.277344	19536.998047
806.101563	19915.664063
804.925781	19719.978516
803.750000	19740.419922
802.573242	19439.939453
801.396484	19910.845703
800.219727	20050.492188
799.042969	20196.244141
797.865234	20391.261719
796.687500	20506.050781
795.509766	21130.300781
794.331055	21248.986328
793.153320	20971.277344
791.974609	20880.521484
790.795898	20771.330078
789.616211	20506.212891
788.436523	20134.513672
787.256836	20314.794922
786.077148	20008.923828
784.897461	20189.152344
783.716797	19887.537109
782.536133	19561.457031
781.354492	19542.892578
780.173828	19907.443359
778.992188	20212.437500
777.810547	19947.998047
776.628906	20058.345703
775.446289	19947.572266
774.263672	19810.242188
773.081055	19842.792969
771.898438	20012.386719
770.714844	19864.900391
769.531250	19621.375000
768.347656	20148.656250
767.163086	20187.222656
765.979492	20252.337891
764.794922	20515.591797
763.609375	20253.798828
762.424805	20966.197266
761.239258	20792.208984
760.053711	21200.039063
758.868164	21464.837891
757.681641	22051.892578
756.495117	22183.796875
755.308594	22460.445313
754.122070	22961.261719
752.934570	24073.429688
751.748047	24626.669922
750.559570	25399.738281
749.372070	26337.486328
748.183594	27851.244141
746.995117	29570.015625
745.806641	31982.292969
744.618164	34521.757813
743.428711	37369.449219
742.239258	40415.296875
741.049805	43569.664063
739.859375	46317.957031
738.669922	47948.785156
737.479492	48590.945313
736.288086	48515.386719
735.097656	47330.406250
733.906250	45402.402344
732.714844	43627.562500
731.523438	42119.500000
730.331055	41229.269531
729.138672	40972.707031
727.946289	40359.093750
726.753906	40932.636719
725.560547	40714.835938
724.367188	39592.640625
723.173828	39176.519531
721.979492	37438.890625
720.786133	36123.566406
719.591797	33986.152344
718.396484	31823.332031
717.202148	30082.718750
716.006836	29023.234375
714.811523	28085.677734
713.616211	27480.468750
712.419922	26877.542969
711.223633	26210.136719
710.027344	25447.949219
708.831055	24944.945313
707.633789	24496.746094
706.436523	24533.878906
705.239258	24358.792969
704.041016	24300.972656
702.843750	23970.460938
701.645508	23747.134766
700.447266	23362.365234
699.248047	22418.560547
698.048828	22498.462891
696.849609	23078.767578
695.650391	23025.335938
694.450195	22838.802734
693.250000	22666.464844
692.049805	22635.330078
690.849609	23067.822266
689.648438	23534.384766
688.447266	23992.683594
687.246094	23868.619141
686.044922	23883.570313
684.842773	23177.673828
683.640625	24138.916016
682.438477	24817.968750
681.235352	25347.820313
680.033203	25803.005859
678.829102	25628.441406
677.625977	25586.671875
676.422852	25631.369141
675.218750	25217.759766
674.014648	25738.785156
672.809570	26195.289063
671.604492	27278.312500
670.400391	27959.207031
669.194336	29017.277344
667.989258	30367.964844
666.783203	31649.826172
665.577148	33665.515625
664.371094	36424.585938
663.164063	39445.195313
661.957031	42410.343750
660.750000	44903.074219
659.542969	45963.613281
658.334961	46071.835938
657.127930	45601.003906
655.918945	43596.046875
654.710938	41227.488281
653.501953	38727.816406
652.292969	36817.738281
651.083984	35344.773438
649.875000	34004.503906
648.665039	32748.832031
647.455078	31161.707031
646.244141	30109.152344
645.034180	29021.070313
643.823242	28245.253906
642.612305	27054.140625
641.400391	26245.125000
640.189453	25294.648438
638.977539	24210.789063
637.765625	24277.380859
636.552734	24202.222656
635.339844	24067.228516
634.126953	23906.351563
632.914063	23579.980469
631.700195	23957.744141
630.487305	24034.265625
629.272461	23845.623047
628.058594	24235.033203
626.843750	24805.599609
625.628906	25116.933594
624.414063	25061.658203
623.199219	24709.703125
621.983398	24481.333984
620.767578	24173.447266
619.551758	24100.507813
618.334961	23830.634766
617.118164	23369.925781
615.901367	23018.792969
614.684570	22618.105469
613.466797	22281.201172
612.249023	21855.011719
611.031250	21490.601563
609.813477	21140.255859
608.594727	21008.527344
607.375977	20974.150391
606.157227	21404.320313
604.937500	21411.548828
603.717773	21212.404297
602.498047	20814.955078
601.278320	20935.361328
600.057617	20906.986328
598.836914	20660.537109
597.616211	20497.445313
596.395508	20485.033203
595.173828	20163.544922
593.952148	20012.550781
592.729492	20039.857422
591.507813	19471.175781
590.285156	19484.730469
589.062500	19446.820313
587.839844	19832.363281
586.616211	19685.587891
585.392578	19881.037109
584.168945	20325.548828
582.944336	20388.314453
581.720703	21128.998047
580.495117	21408.925781
579.270508	21795.416016
578.045898	22033.593750
576.820313	22078.134766
575.594727	22395.117188
574.368164	22719.855469
573.142578	22708.955078
571.916016	22605.326172
570.688477	22931.771484
569.461914	23196.935547
568.234375	23424.517578
567.006836	23048.771484
565.779297	22960.941406
564.550781	22814.031250
563.322266	22314.550781
562.093750	22370.714844
560.865234	22040.894531
559.635742	22205.371094
558.406250	22387.488281
557.176758	22087.394531
555.946289	22200.593750
554.715820	22386.523438
553.485352	21860.466797
552.254883	21836.007813
551.023438	21727.031250
549.791992	21897.171875
548.560547	21367.748047
547.328125	21194.117188
546.096680	20794.701172
544.864258	20689.994141
543.630859	20648.150391
542.398438	20678.943359
541.165039	20748.966797
539.931641	21389.851563
538.697266	21245.892578
537.463867	21325.544922
536.229492	21154.212891
534.994141	21039.798828
533.759766	21274.255859
532.524414	21569.343750
531.289063	21842.753906
530.053711	21906.496094
528.817383	21976.082031
527.581055	21998.654297
526.344727	22770.783203
525.107422	22947.744141
523.871094	23637.160156
522.632813	24830.867188
521.395508	26033.824219
520.158203	26581.345703
518.919922	26178.732422
517.681641	25090.410156
516.442383	24358.130859
515.203125	23434.755859
513.963867	22486.398438
512.724609	22426.783203
511.485352	22156.382813
510.245117	22233.466797
509.004883	22831.453125
507.763672	22416.791016
506.523438	22390.402344
505.282227	22186.591797
504.040039	21938.037109
502.798828	21909.816406
501.556641	21252.244141
