1802.182617	12738.013672
1801.212891	12992.724609
1800.244141	12872.786133
1799.274414	12942.603516
1798.304688	13024.870117
1797.334961	13147.026367
1796.364258	13146.894531
1795.394531	12954.710938
1794.423828	12510.742188
1793.453125	12832.354492
1792.482422	12857.208984
1791.511719	12974.263672
1790.540039	13183.462891
1789.568359	13424.962891
1788.596680	13145.813477
1787.625000	13297.576172
1786.653320	13123.128906
1785.680664	13202.648438
1784.708984	13331.908203
1783.736328	13481.021484
1782.763672	14142.539063
1781.790039	14072.556641
1780.817383	14072.227539
1779.843750	14365.270508
1778.870117	14566.223633
1777.896484	14645.321289
1776.922852	15017.582031
1775.948242	14865.523438
1774.973633	14581.888672
1773.999023	14236.286133
1773.024414	14561.156250
1772.049805	14640.154297
1771.074219	14761.309570
1770.099609	14805.498047
1769.124023	15454.965820
1768.148438	16042.167969
1767.171875	15989.360352
1766.196289	16320.856445
1765.219727	16463.833984
1764.243164	16676.142578
1763.266602	16977.566406
1762.290039	17365.572266
1761.312500	17597.384766
1760.334961	17205.085938
1759.357422	17684.412109
1758.379883	17841.761719
1757.402344	18145.058594
1756.423828	18933.191406
1755.446289	19285.621094
1754.467773	19642.855469
1753.489258	19747.720703
1752.509766	19244.357422
1751.531250	19341.843750
1750.551758	19184.744141
1749.572266	18738.621094
1748.592773	19004.128906
1747.613281	19150.974609
1746.632813	18991.566406
1745.652344	18602.621094
1744.671875	18092.880859
1743.691406	17854.806641
1742.710938	17858.625000
1741.729492	17739.099609
1740.749023	17649.218750
1739.767578	17650.607422
1738.785156	17528.728516
1737.803711	16970.615234
1736.822266	16880.955078
1735.839844	17165.839844
1734.857422	16696.814453
1733.875000	16543.226563
1732.891602	16601.464844
1731.909180	17154.519531
1730.925781	17104.308594
1729.942383	17292.824219
1728.958984	16861.238281
1727.974609	16353.567383
1726.991211	16460.957031
1726.006836	16039.630859
1725.022461	16542.847656
1724.038086	16650.130859
1723.052734	16998.201172
1722.068359	16962.843750
1721.083008	17062.607422
1720.097656	16808.667969
1719.112305	16515.542969
1718.125977	16401.750000
1717.140625	16614.447266
1716.154297	16338.712891
1715.167969	16816.314453
1714.181641	16535.744141
1713.194336	16755.597656
1712.208008	17053.826172
1711.220703	17280.839844
1710.233398	17488.154297
1709.246094	17945.337891
1708.257813	17811.875000
1707.270508	17923.419922
1706.282227	17836.546875
1705.293945	17994.562500
1704.304688	18167.203125
1703.316406	18246.765625
1702.327148	18583.240234
1701.337891	18821.712891
1700.348633	19214.193359
1699.359375	19472.005859
1698.370117	19722.378906
1697.379883	19967.761719
1696.389648	19858.642578
1695.399414	19808.214844
1694.409180	19950.814453
1693.417969	20071.373047
1692.426758	20069.771484
1691.436523	20273.271484
1690.444336	20776.955078
1689.453125	21090.058594
1688.461914	21332.271484
1687.469727	21347.490234
1686.477539	21606.625000
1685.485352	21938.814453
1684.492188	22105.070313
1683.500000	22346.826172
1682.506836	22247.269531
1681.513672	22091.705078
1680.520508	21838.751953
1679.527344	22479.830078
1678.533203	22414.416016
1677.539063	22560.853516
1676.544922	22804.603516
1675.550781	22941.166016
1674.556641	23133.636719
1673.561523	23204.388672
1672.566406	23129.169922
1671.571289	22613.814453
1670.576172	23185.484375
1669.581055	22949.873047
1668.584961	22957.394531
1667.588867	22816.687500
1666.592773	22795.076172
1665.596680	22710.322266
1664.600586	22756.734375
1663.603516	22817.695313
1662.606445	22788.814453
1661.609375	22560.933594
1660.612305	22306.453125
1659.614258	22207.335938
1658.617188	22544.843750
1657.619141	22840.990234
1656.621094	22792.734375
1655.622070	22751.771484
1654.624023	23338.513672
1653.625000	23382.259766
1652.625977	23358.156250
1651.626953	23455.162109
1650.627930	23498.853516
1649.627930	23479.578125
1648.627930	23237.615234
1647.627930	23804.062500
1646.627930	24333.982422
1645.627930	24413.732422
1644.626953	24650.660156
1643.625977	24350.664063
1642.625000	24766.410156
1641.624023	24807.328125
1640.623047	25205.896484
1639.621094	25234.625000
1638.619141	25120.814453
1637.617188	24905.611328
1636.615234	25250.707031
1635.613281	25252.841797
1634.610352	25366.005859
1633.607422	24969.925781
1632.604492	25283.357422
1631.601563	25138.330078
1630.597656	25340.656250
1629.594727	25398.220703
1628.590820	24976.009766
1627.586914	25142.085938
1626.582031	25561.126953
1625.578125	26322.125000
1624.573242	26227.667969
1623.568359	26186.230469
1622.563477	26094.244141
1621.558594	26300.810547
1620.552734	25941.667969
1619.546875	25563.417969
1618.541016	25144.417969
1617.535156	24831.427734
1616.529297	24843.230469
1615.522461	25025.746094
1614.515625	24359.580078
1613.508789	24888.218750
1612.501953	24907.205078
1611.494141	25000.660156
1610.487305	25267.023438
1609.479492	25487.646484
1608.471680	25761.003906
1607.463867	25741.376953
1606.455078	25587.351563
1605.446289	25123.839844
1604.437500	25233.902344
1603.428711	25763.677734
1602.419922	26202.109375
1601.410156	26302.291016
1600.401367	26282.572266
1599.391602	26071.126953
1598.381836	26724.791016
1597.371094	26340.845703
1596.361328	26524.724609
1595.350586	26473.841797
1594.339844	26554.662109
1593.329102	26836.523438
1592.317383	26874.154297
1591.305664	27720.535156
1590.294922	27877.583984
1589.283203	28230.697266
1588.270508	28021.701172
1587.258789	28125.992188
1586.246094	28050.958984
1585.233398	28021.363281
1584.220703	28624.966797
1583.208008	28260.816406
1582.194336	28362.554688
1581.180664	28941.837891
1580.167969	29186.640625
1579.153320	29677.201172
1578.139648	30038.689453
1577.125000	29834.546875
1576.111328	29723.519531
1575.096680	29674.548828
1574.081055	29568.365234
1573.066406	29590.962891
1572.050781	29205.958984
1571.035156	29810.091797
1570.019531	29418.048828
1569.003906	28985.666016
1567.988281	29248.896484
1566.971680	29604.882813
1565.955078	29729.798828
1564.938477	29347.681641
1563.920898	29251.283203
1562.904297	29471.357422
1561.886719	29315.501953
1560.869141	29830.373047
1559.851563	30306.990234
1558.833984	29987.021484
1557.815430	29805.035156
1556.796875	29596.982422
1555.778320	29847.546875
1554.759766	29922.232422
1553.740234	30298.494141
1552.721680	30439.537109
1551.702148	30853.517578
1550.682617	30617.013672
1549.662109	30959.599609
1548.642578	30931.941406
1547.622070	30958.849609
1546.601563	30869.541016
1545.581055	31332.708984
1544.560547	31527.820313
1543.539063	31692.039063
1542.517578	32052.861328
1541.496094	31790.470703
1540.474609	32267.181641
1539.453125	32971.035156
1538.430664	32871.976563
1537.408203	33142.230469
1536.385742	33582.773438
1535.363281	33464.714844
1534.339844	33547.789063
1533.316406	34177.187500
1532.292969	34087.453125
1531.269531	34300.375000
1530.246094	34000.273438
1529.221680	34092.597656
1528.198242	34265.214844
1527.173828	33608.589844
1526.148438	33835.550781
1525.124023	34067.144531
1524.098633	33861.882813
1523.073242	33878.574219
1522.047852	34025.054688
1521.022461	34093.609375
1519.997070	34273.007813
1518.970703	34195.257813
1517.944336	34214.214844
1516.917969	33893.683594
1515.890625	34497.230469
1514.864258	35015.691406
1513.836914	35310.113281
1512.809570	34951.925781
1511.782227	35962.183594
1510.753906	36913.164063
1509.726563	37261.093750
1508.698242	37924.269531
1507.669922	38596.585938
1506.640625	39875.617188
1505.612305	40594.300781
1504.583008	41632.519531
1503.553711	42395.218750
1502.524414	43460.851563
1501.495117	44417.933594
1500.464844	45358.171875
1499.434570	46504.761719
1498.404297	46892.207031
1497.374023	47495.542969
1496.343750	47737.054688
1495.312500	48159.210938
1494.281250	47661.203125
1493.250000	47597.488281
1492.218750	47085.714844
1491.186523	47001.027344
1490.154297	45828.292969
1489.122070	45504.753906
1488.089844	44391.398438
1487.057617	43482.390625
1486.024414	42475.339844
1484.991211	41576.457031
1483.958008	41420.394531
1482.924805	39969.464844
1481.891602	39137.195313
1480.857422	38913.839844
1479.823242	37667.902344
1478.789063	37330.289063
1477.753906	37301.593750
1476.719727	37043.707031
1475.684570	36617.566406
1474.649414	36979.437500
1473.614258	36628.277344
1472.578125	36894.183594
1471.542969	37171.664063
1470.506836	37470.046875
1469.470703	37971.492188
1468.433594	38886.007813
1467.397461	39228.207031
1466.360352	39827.000000
1465.323242	39935.511719
1464.286133	41033.179688
1463.249023	41682.542969
1462.210938	42847.027344
1461.172852	43299.894531
1460.134766	44717.656250
1459.096680	46130.167969
1458.057617	47022.476563
1457.019531	48457.230469
1455.980469	49071.515625
1454.941406	50512.242188
1453.901367	51191.039063
1452.862305	51885.847656
1451.822266	53250.628906
1450.782227	53898.187500
1449.742188	55569.066406
1448.701172	56232.156250
1447.661133	57441.437500
1446.620117	58268.937500
1445.579102	59261.125000
1444.537109	59753.253906
1443.496094	60180.121094
1442.454102	60632.363281
1441.412109	60738.359375
1440.370117	60558.699219
1439.327148	59821.933594
1438.285156	59071.542969
1437.242188	57926.953125
1436.199219	56576.339844
1435.155273	55827.066406
1434.112305	54565.562500
1433.068359	52708.664063
1432.024414	51819.226563
1430.980469	50663.609375
1429.936523	49591.886719
1428.891602	48307.457031
1427.846680	47711.500000
1426.801758	46559.980469
1425.756836	45946.097656
1424.710938	44295.394531
1423.666016	44068.734375
1422.620117	43027.656250
1421.574219	42255.363281
1420.527344	41932.105469
1419.481445	41306.042969
1418.434570	40157.710938
1417.387695	39633.972656
1416.340820	39378.531250
1415.292969	38815.882813
1414.245117	38616.156250
1413.197266	38028.484375
1412.149414	37898.273438
1411.101563	37334.074219
1410.052734	36760.871094
1409.004883	37076.390625
1407.955078	36704.207031
1406.906250	36703.570313
1405.857422	36707.542969
1404.807617	36736.878906
1403.757813	36828.445313
1402.708008	36152.437500
1401.658203	36691.140625
1400.607422	36706.621094
1399.556641	36219.937500
1398.505859	35968.355469
1397.455078	35875.750000
1396.404297	35919.003906
1395.352539	35916.207031
1394.300781	35450.882813
1393.249023	35172.101563
1392.197266	35201.652344
1391.144531	34582.679688
1390.091797	34559.457031
1389.039063	34170.742188
1387.986328	34487.750000
1386.932617	34402.515625
1385.879883	34349.472656
1384.826172	34000.160156
1383.772461	34541.980469
1382.717773	35138.675781
1381.664063	35608.875000
1380.609375	35713.980469
1379.554688	35933.765625
1378.500000	35901.117188
1377.444336	36274.433594
1376.389648	36638.421875
1375.333984	36635.445313
1374.278320	37054.214844
1373.221680	37200.105469
1372.166016	36933.523438
1371.109375	36669.343750
1370.052734	36741.929688
1368.995117	36583.218750
1367.938477	36323.843750
1366.880859	36398.742188
1365.823242	36379.781250
1364.765625	36495.808594
1363.708008	36998.355469
1362.649414	37621.898438
1361.590820	37488.371094
1360.532227	38351.578125
1359.473633	38825.890625
1358.415039	39654.183594
1357.355469	40162.296875
1356.295898	40951.136719
1355.236328	41705.394531
1354.175781	42260.707031
1353.116211	42904.808594
1352.055664	42809.214844
1350.995117	43487.156250
1349.934570	44057.601563
1348.873047	44319.902344
1347.811523	44992.542969
1346.750000	45215.777344
1345.688477	45632.664063
1344.626953	45981.007813
1343.564453	46643.628906
1342.501953	47490.480469
1341.439453	48100.125000
1340.376953	48461.324219
1339.313477	48993.105469
1338.250977	49014.832031
1337.187500	49744.250000
1336.123047	50241.304688
1335.059570	51024.750000
1333.995117	50911.851563
1332.930664	51558.406250
1331.866211	51656.847656
1330.801758	50877.957031
1329.736328	51203.718750
1328.671875	51129.500000
1327.606445	50937.203125
1326.540039	49938.820313
1325.474609	49669.648438
1324.408203	48948.867188
1323.341797	47976.472656
1322.275391	48055.019531
1321.208984	47555.058594
1320.141602	46526.847656
1319.074219	46188.406250
1318.006836	45539.503906
1316.939453	45831.527344
1315.872070	45482.097656
1314.803711	45141.875000
1313.735352	45261.632813
1312.666992	44982.742188
1311.597656	44737.925781
1310.529297	44995.777344
1309.459961	44889.121094
1308.390625	44909.226563
1307.320313	44847.871094
1306.250977	44863.449219
1305.180664	44856.402344
1304.110352	44614.210938
1303.040039	44182.230469
1301.968750	44193.402344
1300.898438	43571.875000
1299.827148	43235.257813
1298.754883	43054.625000
1297.683594	42736.312500
1296.612305	41546.648438
1295.540039	41524.476563
1294.467773	41075.781250
1293.394531	40530.246094
1292.322266	40192.476563
1291.249023	40351.023438
1290.175781	39571.460938
1289.102539	39434.738281
1288.028320	39284.542969
1286.955078	39350.746094
1285.880859	39599.417969
1284.806641	39861.496094
1283.732422	40159.496094
1282.657227	40982.003906
1281.582031	42006.769531
1280.506836	42974.839844
1279.431641	43947.007813
1278.355469	45676.937500
1277.280273	47797.519531
1276.204102	49631.621094
1275.127930	52020.296875
1274.050781	54327.054688
1272.974609	56542.953125
1271.897461	58322.015625
1270.820313	60235.125000
1269.742188	61069.339844
1268.665039	62024.468750
1267.586914	62705.292969
1266.508789	62061.507813
1265.430664	61770.316406
1264.351563	59962.511719
1263.272461	58671.394531
1262.194336	55920.781250
1261.114258	53969.558594
1260.035156	51165.019531
1258.955078	49818.519531
1257.875977	47484.347656
1256.794922	46161.574219
1255.714844	44626.550781
1254.634766	43381.062500
1253.553711	42382.378906
1252.472656	41650.496094
1251.391602	40399.679688
1250.309570	39650.613281
1249.227539	38637.867188
1248.146484	37679.222656
1247.063477	37398.550781
1245.981445	36885.476563
1244.898438	36012.730469
1243.816406	35149.285156
1242.732422	35012.367188
1241.649414	34281.285156
1240.566406	33684.511719
1239.482422	33315.750000
1238.398438	32837.746094
1237.314453	32317.529297
1236.229492	32069.781250
1235.144531	32065.322266
1234.059570	31538.894531
1232.974609	31208.941406
1231.889648	30901.419922
1230.803711	30986.371094
1229.717773	30300.128906
1228.631836	30587.941406
1227.545898	30445.658203
1226.458984	30468.259766
1225.373047	30054.375000
1224.286133	30117.119141
1223.198242	30331.203125
1222.111328	30031.101563
1221.023438	30209.509766
1219.935547	30043.031250
1218.847656	29876.619141
1217.759766	29948.207031
1216.670898	29757.425781
1215.582031	29562.277344
1214.493164	29611.658203
1213.404297	29221.099609
1212.314453	29501.544922
1211.224609	29564.226563
1210.134766	29502.539063
1209.044922	29507.470703
1207.954102	29594.521484
1206.864258	29737.009766
1205.773438	30092.416016
1204.681641	29715.703125
1203.590820	30277.201172
1202.499023	30055.804688
1201.407227	30705.662109
1200.315430	30945.240234
1199.223633	31339.822266
1198.130859	32002.287109
1197.038086	31882.636719
1195.945313	31590.310547
1194.852539	31504.000000
1193.758789	31045.863281
1192.666016	30970.763672
1191.572266	30723.117188
1190.477539	30389.300781
1189.383789	30188.318359
1188.289063	30186.421875
1187.194336	29848.501953
1186.099609	29714.058594
1185.004883	29197.386719
1183.909180	29206.736328
1182.813477	28878.130859
1181.717773	28821.291016
1180.621094	28711.482422
1179.525391	28383.183594
1178.428711	28527.310547
1177.332031	28005.011719
1176.235352	28135.917969
1175.137695	28059.443359
1174.040039	28077.818359
1172.942383	27946.269531
1171.844727	27402.587891
1170.747070	27639.253906
1169.648438	27668.710938
1168.549805	27429.412109
1167.451172	27447.886719
1166.351563	27356.257813
1165.252930	27500.218750
1164.153320	27468.039063
1163.053711	27429.271484
1161.953125	27311.314453
1160.853516	27822.486328
1159.752930	27631.923828
1158.652344	27806.416016
1157.550781	28205.050781
1156.450195	28491.429688
1155.348633	28804.054688
1154.247070	29356.000000
1153.145508	29683.683594
1152.042969	30527.261719
1150.940430	31287.058594
1149.837891	32307.734375
1148.735352	33459.648438
1147.632813	35381.191406
1146.529297	37407.214844
1145.425781	38331.437500
1144.322266	39557.855469
1143.217773	40656.609375
1142.114258	41027.238281
1141.009766	40806.066406
1139.905273	41018.765625
1138.799805	40537.027344
1137.695313	39289.023438
1136.589844	38019.648438
1135.484375	36919.355469
1134.378906	35839.218750
1133.272461	34437.890625
1132.166016	33345.601563
1131.059570	32824.613281
1129.953125	31943.039063
1128.846680	31529.683594
1127.739258	31269.505859
1126.631836	30967.912109
1125.524414	30974.507813
1124.416016	30762.660156
1123.307617	30972.396484
1122.200195	30402.546875
1121.090820	30468.189453
1119.982422	30704.041016
1118.873047	30232.794922
1117.763672	30283.154297
1116.654297	30010.677734
1115.544922	29980.373047
1114.434570	30115.777344
1113.325195	30434.226563
1112.213867	30281.802734
1111.103516	30580.468750
1109.993164	31042.388672
1108.881836	31665.279297
1107.770508	32298.792969
1106.658203	32847.136719
1105.546875	33003.460938
1104.434570	33814.726563
1103.322266	34086.085938
1102.209961	34259.445313
1101.096680	34278.324219
1099.984375	34468.960938
1098.871094	34287.789063
1097.757813	34063.226563
1096.643555	33386.789063
1095.529297	33399.300781
1094.415039	32836.230469
1093.300781	31943.318359
1092.186523	32010.400391
1091.071289	31322.074219
1089.956055	31126.664063
1088.840820	30542.957031
1087.725586	29640.615234
1086.609375	29575.804688
1085.493164	29482.832031
1084.376953	29342.203125
1083.260742	29453.050781
1082.143555	29696.037109
1081.027344	29219.638672
1079.910156	29815.632813
1078.791992	29421.697266
1077.674805	30123.486328
1076.556641	30034.869141
1075.438477	29805.613281
1074.320313	29942.126953
1073.201172	29933.640625
1072.082031	29987.878906
1070.962891	29624.751953
1069.843750	29523.369141
1068.724609	29696.535156
1067.604492	29815.601563
1066.484375	29403.115234
1065.364258	29688.517578
1064.243164	29537.546875
1063.123047	30002.009766
1062.001953	30222.335938
1060.880859	30254.796875
1059.758789	30298.031250
1058.637695	30595.816406
1057.515625	30695.037109
1056.392578	30434.083984
1055.270508	30222.828125
1054.147461	30373.792969
1053.025391	29770.408203
1051.901367	29615.443359
1050.778320	29540.244141
1049.654297	29077.406250
1048.531250	28931.292969
1047.407227	28262.105469
1046.282227	28725.337891
1045.158203	28364.197266
1044.033203	28297.953125
1042.908203	28072.562500
1041.782227	28034.363281
1040.657227	27830.621094
1039.531250	27880.619141
1038.405273	27838.181641
1037.279297	27340.230469
1036.152344	27431.113281
1035.025391	26905.535156
1033.898438	26609.945313
1032.771484	26164.195313
1031.644531	26289.585938
1030.516602	26365.564453
1029.388672	26523.039063
1028.260742	26828.455078
1027.131836	26865.662109
1026.002930	26546.919922
1024.874023	26367.654297
1023.745117	26295.625000
1022.616211	26414.332031
1021.486328	26736.511719
1020.356445	26578.769531
1019.226563	26853.662109
1018.095703	26747.341797
1016.965820	26865.822266
1015.834961	27078.412109
1014.704102	27248.117188
1013.572266	27253.033203
1012.441406	27414.072266
1011.309570	28199.414063
1010.176758	28725.746094
1009.044922	28864.990234
1007.912109	29382.406250
1006.779297	30143.156250
1005.646484	30457.156250
1004.513672	31116.980469
1003.379883	32374.347656
1002.246094	32783.730469
1001.112305	32830.125000
999.978516	32872.226563
998.843750	32122.867188
997.708984	31111.486328
996.574219	30678.404297
995.439453	30008.863281
994.303711	29377.968750
993.167969	29147.972656
992.032227	28736.972656
990.896484	28545.546875
989.759766	28403.183594
988.623047	28610.068359
987.486328	28125.019531
986.349609	28159.478516
985.211914	28017.310547
984.075195	27785.851563
982.936523	27896.925781
981.798828	27980.306641
980.661133	27863.802734
979.522461	28027.923828
978.383789	27754.197266
977.244141	28149.859375
976.105469	28114.130859
974.965820	27984.972656
973.826172	28085.183594
972.685547	28185.351563
971.545898	28451.025391
970.405273	28956.363281
969.264648	29217.511719
968.124023	29643.990234
966.982422	30318.398438
965.840820	29934.554688
964.699219	30311.849609
963.557617	30309.634766
962.415039	30559.556641
961.273438	30413.236328
960.129883	30624.904297
958.987305	30537.917969
957.844727	30040.269531
956.701172	29612.675781
955.557617	29468.820313
954.413086	29049.990234
953.269531	28925.349609
952.125000	28853.628906
950.980469	28536.677734
949.835938	28473.521484
948.690430	28585.802734
947.544922	28436.029297
946.399414	28603.191406
945.253906	28770.281250
944.107422	28844.386719
942.961914	29452.580078
941.815430	29492.734375
940.667969	29906.382813
939.521484	30277.656250
938.374023	30224.792969
937.226563	30844.685547
936.078125	31078.468750
934.930664	31019.136719
933.782227	31514.113281
932.633789	32032.054688
931.485352	32549.773438
930.335938	33056.738281
929.186523	33744.578125
928.037109	34392.121094
926.887695	34856.265625
925.737305	35113.976563
924.587891	35596.699219
923.436523	35542.820313
922.286133	35671.925781
921.135742	35182.812500
919.984375	34683.394531
918.833008	34453.203125
917.680664	33514.988281
916.529297	32692.714844
915.376953	32313.966797
914.224609	31471.298828
913.071289	30870.425781
911.918945	30467.115234
910.765625	30036.693359
909.612305	29298.031250
908.458984	29319.037109
907.304688	28874.451172
906.150391	28581.019531
904.996094	28755.191406
903.841797	28686.166016
902.686523	28311.236328
901.531250	28179.482422
900.375977	28376.623047
899.220703	28106.699219
898.064453	27531.218750
896.908203	28147.001953
895.751953	27973.560547
894.595703	28139.140625
893.438477	28026.433594
892.281250	28032.984375
891.124023	28238.167969
889.966797	27820.294922
888.808594	27918.841797
887.650391	27779.128906
886.492188	27664.544922
885.333008	27209.548828
884.174805	27385.398438
883.015625	27283.494141
881.856445	27139.882813
880.696289	27104.851563
879.536133	26846.582031
878.376953	26632.228516
877.215820	26926.843750
876.055664	26881.455078
874.894531	27265.529297
873.733398	27657.773438
872.572266	27735.197266
871.410156	27481.333984
870.249023	27129.681641
869.086914	27053.060547
867.924805	26880.699219
866.761719	26577.273438
865.598633	26504.978516
864.435547	26530.501953
863.272461	26285.585938
862.109375	26246.671875
860.945313	26001.917969
859.781250	26146.017578
858.616211	26088.447266
857.452148	26005.962891
856.287109	26262.150391
855.122070	26117.349609
853.957031	26086.822266
852.791016	26313.757813
851.625000	26308.107422
850.458984	26221.521484
849.292969	25923.335938
848.125977	25901.173828
846.958984	25802.281250
845.791992	25972.990234
844.625000	26064.845703
843.457031	26044.736328
842.290039	25749.035156
841.121094	26114.345703
839.953125	26073.521484
838.784180	26024.429688
837.615234	26254.863281
836.446289	26029.804688
835.277344	25989.027344
834.107422	25753.773438
832.937500	25876.490234
831.767578	25788.199219
830.597656	26024.580078
829.426758	25799.849609
828.255859	25965.849609
827.084961	25945.800781
825.913086	25764.613281
824.742188	25661.990234
823.570313	25784.503906
822.397461	25772.761719
821.225586	25895.195313
820.052734	25881.369141
818.879883	25640.582031
817.707031	25546.361328
816.533203	25472.802734
815.359375	25370.406250
814.185547	25721.587891
813.011719	25874.751953
811.836914	26260.701172
810.662109	26677.384766
809.487305	27147.439453
808.312500	27689.367188
807.136719	28140.468750
805.961914	28274.378906
804.785156	28175.677734
803.609375	27784.849609
802.432617	28229.363281
801.255859	27888.048828
800.079102	28270.660156
798.902344	28170.001953
797.724609	28433.173828
796.546875	28749.660156
795.369141	29236.523438
794.190430	29614.314453
793.012695	29601.767578
791.833984	29753.472656
790.654297	29695.738281
789.475586	29332.250000
788.295898	29036.623047
787.116211	28550.349609
785.936523	28314.490234
784.755859	27666.593750
783.575195	27314.173828
782.394531	26990.597656
781.213867	26425.365234
780.032227	26677.792969
778.851563	26930.111328
777.668945	26805.527344
776.487305	26826.355469
775.304688	26466.449219
774.123047	26172.183594
772.939453	26367.041016
771.756836	26653.863281
770.573242	26396.554688
769.389648	26441.970703
768.206055	27037.267578
767.022461	27100.916016
765.837891	27348.437500
764.653320	27887.990234
763.468750	28182.208984
762.283203	28300.683594
761.097656	28615.097656
759.912109	28768.123047
758.726563	29096.582031
757.540039	29400.412109
756.353516	29814.261719
755.166992	30413.515625
753.980469	31012.509766
752.792969	31599.009766
751.605469	32682.542969
750.417969	33883.789063
749.230469	35019.324219
748.041992	36948.699219
746.853516	39255.988281
745.665039	42042.742188
744.476563	44799.792969
743.287109	47724.550781
742.097656	50314.371094
740.908203	52610.160156
739.717773	54241.972656
738.527344	54760.902344
737.336914	54688.062500
736.146484	53714.917969
734.955078	52268.761719
733.763672	50553.039063
732.572266	49179.273438
731.380859	47808.125000
730.188477	46256.886719
728.996094	44474.933594
727.803711	43217.296875
726.611328	41501.687500
725.417969	39884.183594
724.224609	38634.433594
723.031250	37444.023438
721.836914	36641.296875
720.643555	36120.613281
719.449219	36045.917969
718.253906	35701.828125
717.059570	35305.226563
715.864258	35275.296875
714.668945	35630.019531
713.473633	35454.300781
712.277344	35349.476563
711.081055	35018.109375
709.884766	34254.031250
708.687500	34234.464844
707.491211	33990.488281
706.293945	33882.042969
705.096680	34090.925781
703.898438	34018.871094
702.700195	34142.789063
701.501953	33893.027344
700.303711	33958.355469
699.105469	33607.800781
697.906250	33753.890625
696.707031	34295.417969
695.506836	34483.656250
694.307617	34986.460938
693.107422	35678.601563
691.907227	36235.355469
690.706055	37051.890625
689.505859	38079.664063
688.304688	40037.820313
687.102539	41239.742188
685.901367	43021.144531
684.699219	43958.125000
683.497070	46237.390625
682.294922	47294.011719
681.091797	49249.609375
679.889648	50641.070313
678.685547	51213.332031
677.482422	50924.695313
676.278320	49707.375000
675.075195	48691.574219
673.870117	47740.523438
672.666016	46783.851563
671.460938	45907.937500
670.255859	45166.957031
669.050781	44522.667969
667.845703	43722.082031
666.639648	42666.960938
665.433594	41985.507813
664.226563	41966.335938
663.020508	41116.851563
661.813477	41212.167969
660.606445	40788.214844
659.398438	40158.003906
658.191406	39894.765625
656.983398	39261.011719
655.775391	38277.003906
654.566406	37481.664063
653.358398	37253.269531
652.149414	36672.671875
650.939453	36116.339844
649.730469	35750.328125
648.520508	35138.425781
647.310547	34138.800781
646.099609	33805.441406
644.889648	33056.421875
643.678711	32589.531250
642.467773	31998.955078
641.255859	31200.869141
640.044922	30504.990234
638.833008	30138.898438
637.620117	30210.187500
636.408203	29668.666016
635.195313	30232.927734
633.982422	30086.671875
632.769531	30269.603516
631.555664	30300.890625
630.341797	30573.414063
629.127930	30500.958984
627.914063	30641.779297
626.699219	30931.976563
625.484375	31423.248047
624.269531	31741.027344
623.053711	31837.638672
621.838867	32218.890625
620.622070	32008.837891
619.406250	32491.367188
618.190430	32653.375000
616.973633	32886.917969
615.756836	32824.050781
614.539063	32824.832031
613.321289	32867.351563
612.104492	32591.884766
610.885742	32576.814453
609.667969	32267.753906
608.449219	31770.158203
607.230469	31930.000000
606.011719	31813.835938
604.791992	31540.929688
603.572266	30897.082031
602.352539	31144.257813
601.132813	30639.611328
599.912109	29964.648438
598.691406	29315.753906
597.470703	29327.179688
596.249023	28940.283203
595.028320	28509.966797
593.805664	28085.777344
592.583984	28049.925781
591.362305	27285.472656
590.139648	27285.439453
588.916992	26717.410156
587.693359	26689.796875
586.469727	26761.103516
585.246094	27158.708984
584.022461	27038.076172
582.798828	27597.548828
581.574219	27836.585938
580.349609	28494.437500
579.125000	28446.707031
577.899414	28661.695313
576.673828	28850.914063
575.448242	28852.488281
574.221680	29355.425781
572.996094	29416.089844
571.769531	29202.476563
570.541992	29699.082031
569.315430	29925.283203
568.087891	30259.828125
566.860352	30353.730469
565.632813	30222.910156
564.404297	30364.064453
563.175781	30581.982422
561.947266	30035.619141
560.717773	30290.921875
559.489258	30317.744141
558.259766	30746.078125
557.029297	30969.566406
555.799805	31269.683594
554.569336	31134.968750
553.338867	31151.734375
552.107422	31217.642578
550.876953	31322.832031
549.645508	31137.119141
548.413086	31073.304688
547.181641	30186.445313
545.949219	29635.806641
544.716797	28916.544922
543.484375	28513.652344
542.250977	27934.298828
541.017578	28159.703125
539.784180	28453.669922
538.550781	28019.843750
537.316406	27919.562500
536.082031	27486.041016
534.847656	27381.998047
533.612305	27038.923828
532.376953	27085.878906
531.141602	27203.326172
529.906250	27350.095703
528.669922	27101.302734
527.433594	27173.642578
526.197266	27326.187500
524.959961	27373.005859
523.722656	27670.193359
522.485352	28070.902344
521.248047	28526.183594
520.009766	28961.712891
518.771484	28965.113281
517.533203	28392.070313
516.294922	28079.107422
515.055664	27727.214844
513.816406	28160.480469
512.577148	27476.828125
511.336914	27646.449219
510.096680	27917.468750
508.856445	28151.296875
507.616211	28849.261719
506.375000	29071.078125
505.133789	29220.654297
503.892578	29114.802734
502.650391	29632.636719
