1802.218750	10086.093750
1801.250000	10245.913086
1800.280273	10296.296875
1799.310547	10463.979492
1798.340820	10274.713867
1797.371094	9611.437500
1796.401367	9200.389648
1795.430664	8919.202148
1794.460938	8919.914063
1793.490234	9571.346680
1792.519531	9798.760742
1791.547852	9869.075195
1790.577148	9612.950195
1789.605469	9436.644531
1788.633789	9554.311523
1787.662109	9495.126953
1786.690430	9421.027344
1785.717773	9969.256836
1784.745117	10353.012695
1783.772461	10915.764648
1782.799805	10926.020508
1781.827148	10849.218750
1780.853516	11060.905273
1779.880859	11431.625000
1778.907227	11762.424805
1777.933594	11528.945313
1776.958984	11111.689453
1775.985352	10749.252930
1775.010742	10175.843750
1774.036133	9848.502930
1773.061523	10189.149414
1772.086914	10733.202148
1771.111328	11358.934570
1770.135742	11805.765625
1769.161133	12277.224609
1768.184570	12572.396484
1767.208984	12497.965820
1766.233398	12852.476563
1765.256836	13058.118164
1764.280273	13015.850586
1763.303711	13107.398438
1762.326172	12574.635742
1761.349609	12406.172852
1760.372070	12708.269531
1759.394531	13158.791992
1758.416992	13586.854492
1757.439453	14405.762695
1756.460938	14665.150391
1755.483398	15011.017578
1754.504883	14691.424805
1753.525391	14179.082031
1752.546875	13632.330078
1751.568359	13436.794922
1750.588867	13854.225586
1749.609375	14165.242188
1748.629883	14219.218750
1747.649414	14179.319336
1746.669922	13371.471680
1745.689453	12983.649414
1744.708984	12692.248047
1743.728516	12808.159180
1742.748047	13101.671875
1741.766602	13239.654297
1740.785156	12859.643555
1739.804688	13007.480469
1738.822266	12709.024414
1737.840820	12590.624023
1736.858398	12270.191406
1735.876953	12149.460938
1734.894531	12595.360352
1733.912109	13041.080078
1732.928711	13474.308594
1731.946289	13437.135742
1730.962891	13047.994141
1729.979492	12248.033203
1728.996094	11669.832031
1728.011719	11625.668945
1727.028320	11842.224609
1726.043945	12737.362305
1725.059570	13467.422852
1724.075195	13764.588867
1723.089844	13587.342773
1722.105469	12889.288086
1721.120117	12287.316406
1720.134766	11933.640625
1719.149414	12326.576172
1718.163086	12282.363281
1717.177734	12463.982422
1716.191406	12510.556641
1715.205078	12790.196289
1714.218750	12790.077148
1713.231445	13535.527344
1712.245117	14160.527344
1711.257813	14299.869141
1710.270508	14370.524414
1709.283203	14056.413086
1708.294922	13759.577148
1707.307617	13700.468750
1706.319336	13932.824219
1705.331055	14054.898438
1704.342773	14683.678711
1703.353516	15613.260742
1702.364258	16471.500000
1701.375977	16698.167969
1700.385742	17328.353516
1699.396484	17823.773438
1698.407227	17844.636719
1697.416992	18127.068359
1696.426758	17668.804688
1695.436523	17545.507813
1694.446289	18059.925781
1693.455078	18588.792969
1692.464844	19263.976563
1691.473633	19426.130859
1690.482422	19641.925781
1689.490234	19984.550781
1688.499023	19951.242188
1687.506836	20220.470703
1686.514648	20484.712891
1685.522461	20524.482422
1684.530273	20339.914063
1683.537109	19706.871094
1682.543945	19437.236328
1681.550781	19599.019531
1680.557617	19380.675781
1679.564453	20010.074219
1678.570313	19942.722656
1677.577148	20491.404297
1676.583008	20847.550781
1675.587891	20385.785156
1674.593750	20552.007813
1673.598633	20236.457031
1672.604492	19833.468750
1671.609375	19839.195313
1670.613281	19363.503906
1669.618164	18900.158203
1668.622070	18317.910156
1667.626953	18384.681641
1666.630859	18504.871094
1665.633789	18909.195313
1664.637695	18691.675781
1663.640625	18656.339844
1662.643555	17883.070313
1661.646484	17357.662109
1660.649414	17744.820313
1659.652344	17568.992188
1658.654297	17657.611328
1657.656250	17884.421875
1656.658203	18261.458984
1655.660156	18837.111328
1654.661133	18767.871094
1653.662109	18652.619141
1652.664063	18031.099609
1651.664063	17322.632813
1650.665039	17466.849609
1649.666016	17746.587891
1648.666016	18500.648438
1647.666016	18535.630859
1646.666016	18662.542969
1645.665039	18095.113281
1644.665039	18014.058594
1643.664063	18005.580078
1642.663086	18526.572266
1641.662109	18546.998047
1640.660156	17929.408203
1639.659180	17896.789063
1638.657227	17840.023438
1637.655273	17843.660156
1636.653320	17994.593750
1635.650391	18048.894531
1634.648438	17523.871094
1633.645508	17838.876953
1632.642578	17736.343750
1631.638672	17474.638672
1630.635742	17150.333984
1629.631836	17568.841797
1628.627930	18100.490234
1627.624023	19032.037109
1626.620117	19261.939453
1625.615234	19272.496094
1624.611328	19543.205078
1623.606445	18973.277344
1622.601563	18449.328125
1621.595703	18009.849609
1620.590820	16920.679688
1619.584961	17061.638672
1618.579102	17327.648438
1617.573242	17389.085938
1616.566406	17166.708984
1615.560547	17490.242188
1614.553711	17657.380859
1613.546875	17932.611328
1612.540039	19200.177734
1611.532227	19686.404297
1610.525391	20292.535156
1609.517578	20077.083984
1608.509766	20065.810547
1607.500977	19543.214844
1606.493164	19124.033203
1605.484375	19472.898438
1604.475586	20203.083984
1603.466797	21074.492188
1602.458008	21096.597656
1601.448242	21116.294922
1600.439453	20893.867188
1599.429688	20546.900391
1598.418945	20365.412109
1597.409180	20802.093750
1596.398438	21099.673828
1595.388672	21205.550781
1594.377930	21337.718750
1593.366211	22372.291016
1592.355469	23114.457031
1591.343750	23887.429688
1590.333008	23870.617188
1589.320313	23480.685547
1588.308594	22765.685547
1587.296875	23093.392578
1586.284180	23143.681641
1585.271484	23323.003906
1584.258789	23184.460938
1583.246094	23626.480469
1582.232422	24388.371094
1581.218750	24705.789063
1580.205078	24982.492188
1579.191406	24884.322266
1578.177734	24664.480469
1577.163086	24948.177734
1576.149414	25057.611328
1575.134766	24184.363281
1574.119141	23840.837891
1573.104492	24143.539063
1572.088867	24741.677734
1571.073242	24638.941406
1570.057617	24876.958984
1569.041992	25250.660156
1568.026367	25359.843750
1567.009766	25373.736328
1565.993164	25449.517578
1564.976563	25441.960938
1563.959961	25060.791016
1562.942383	24836.802734
1561.924805	25638.144531
1560.907227	25758.976563
1559.889648	25599.179688
1558.872070	25218.357422
1557.853516	24861.455078
1556.834961	24583.117188
1555.816406	24727.792969
1554.797852	25214.457031
1553.778320	25138.078125
1552.759766	25168.576172
1551.740234	24964.042969
1550.720703	24894.876953
1549.701172	24317.927734
1548.680664	24070.984375
1547.660156	23677.076172
1546.639648	24158.410156
1545.619141	24179.570313
1544.598633	23861.734375
1543.577148	23641.197266
1542.555664	23349.664063
1541.534180	23785.554688
1540.512695	23974.931641
1539.491211	24076.611328
1538.468750	24561.802734
1537.446289	24696.458984
1536.423828	24665.390625
1535.401367	24946.669922
1534.377930	24662.431641
1533.355469	24969.611328
1532.332031	24517.583984
1531.308594	24418.013672
1530.284180	24372.849609
1529.260742	24285.162109
1528.236328	23987.220703
1527.211914	24272.892578
1526.187500	23878.236328
1525.162109	24619.554688
1524.137695	24645.222656
1523.112305	24838.466797
1522.086914	24687.083984
1521.060547	24844.845703
1520.035156	24467.060547
1519.008789	24846.496094
1517.982422	25006.484375
1516.956055	25024.953125
1515.929688	25118.837891
1514.902344	25118.421875
1513.875000	25249.945313
1512.847656	25445.013672
1511.820313	25508.113281
1510.792969	26246.964844
1509.764648	26229.832031
1508.736328	26205.644531
1507.708008	26739.167969
1506.679688	26973.679688
1505.650391	26819.978516
1504.622070	27233.105469
1503.592773	27389.777344
1502.563477	27786.162109
1501.533203	27568.955078
1500.503906	27650.263672
1499.473633	27590.576172
1498.443359	27700.027344
1497.413086	27281.050781
1496.381836	27576.001953
1495.350586	27157.218750
1494.320313	27107.072266
1493.288086	26697.937500
1492.256836	26690.130859
1491.225586	26633.070313
1490.193359	26259.455078
1489.161133	26434.611328
1488.128906	26262.775391
1487.095703	26163.658203
1486.063477	26399.642578
1485.030273	26410.636719
1483.997070	25927.435547
1482.963867	26648.041016
1481.929688	26874.363281
1480.895508	27332.318359
1479.861328	27315.021484
1478.827148	27288.371094
1477.792969	28300.361328
1476.757813	28930.712891
1475.723633	29471.951172
1474.688477	29968.546875
1473.652344	30703.345703
1472.617188	31173.775391
1471.581055	31781.857422
1470.545898	32088.357422
1469.508789	32609.589844
1468.472656	33504.199219
1467.436523	34272.375000
1466.399414	34673.800781
1465.362305	35287.410156
1464.325195	36103.738281
1463.287109	36534.855469
1462.250000	36774.566406
1461.211914	37655.367188
1460.173828	38305.023438
1459.135742	38777.281250
1458.096680	38995.351563
1457.057617	39220.324219
1456.019531	39291.472656
1454.979492	39539.574219
1453.940430	40292.800781
1452.901367	40442.824219
1451.861328	41237.445313
1450.821289	42301.648438
1449.781250	43193.261719
1448.740234	44356.636719
1447.699219	45324.195313
1446.659180	46044.914063
1445.617188	46460.832031
1444.576172	45930.730469
1443.535156	45997.972656
1442.493164	45528.574219
1441.451172	44587.890625
1440.409180	43589.539063
1439.366211	42391.941406
1438.324219	41009.144531
1437.281250	39759.187500
1436.238281	38458.703125
1435.194336	37740.980469
1434.151367	37134.875000
1433.107422	36781.757813
1432.063477	35237.207031
1431.019531	34689.929688
1429.975586	33938.949219
1428.930664	33783.699219
1427.885742	33311.171875
1426.840820	32848.097656
1425.795898	32563.500000
1424.750000	32501.246094
1423.705078	32869.500000
1422.659180	32092.195313
1421.613281	32240.597656
1420.566406	32009.605469
1419.520508	32527.964844
1418.473633	32590.634766
1417.426758	32482.220703
1416.379883	32937.757813
1415.332031	33441.628906
1414.284180	33365.441406
1413.236328	33527.183594
1412.188477	33834.332031
1411.140625	33813.515625
1410.091797	33391.070313
1409.043945	33691.132813
1407.995117	33008.156250
1406.945313	33345.078125
1405.896484	32876.941406
1404.846680	32907.066406
1403.796875	32342.384766
1402.747070	31902.398438
1401.697266	31789.822266
1400.646484	31274.095703
1399.595703	30777.009766
1398.544922	30466.669922
1397.494141	30186.388672
1396.443359	29848.669922
1395.391602	29849.423828
1394.339844	29316.316406
1393.288086	29071.005859
1392.236328	28618.779297
1391.183594	28472.597656
1390.130859	28531.107422
1389.078125	28380.402344
1388.025391	28018.318359
1386.972656	27801.142578
1385.918945	27609.326172
1384.865234	28232.970703
1383.811523	28279.964844
1382.757813	28391.222656
1381.703125	28885.769531
1380.648438	29180.451172
1379.593750	29263.916016
1378.539063	29601.980469
1377.484375	30297.695313
1376.428711	30403.802734
1375.373047	30844.583984
1374.317383	30838.216797
1373.260742	30948.726563
1372.205078	31228.734375
1371.148438	31320.787109
1370.091797	31344.093750
1369.035156	31513.931641
1367.977539	31669.962891
1366.920898	31544.404297
1365.863281	32068.785156
1364.805664	32279.507813
1363.747070	32460.406250
1362.689453	32780.730469
1361.630859	32746.519531
1360.572266	33155.800781
1359.513672	33254.082031
1358.454102	33420.875000
1357.394531	33875.449219
1356.334961	34377.796875
1355.275391	34788.593750
1354.215820	36112.472656
1353.155273	36367.515625
1352.094727	37364.164063
1351.034180	38253.156250
1349.973633	39100.718750
1348.913086	40285.480469
1347.851563	41248.562500
1346.790039	42368.550781
1345.728516	42938.746094
1344.666016	43784.449219
1343.604492	45283.710938
1342.541992	45766.378906
1341.479492	47089.234375
1340.416016	48151.960938
1339.353516	49348.562500
1338.290039	50134.972656
1337.226563	51121.308594
1336.163086	51333.687500
1335.099609	52075.972656
1334.035156	52369.933594
1332.970703	51706.531250
1331.906250	52120.921875
1330.841797	51155.562500
1329.776367	50545.082031
1328.710938	49678.132813
1327.645508	48879.679688
1326.580078	47561.519531
1325.514648	46296.125000
1324.448242	44920.023438
1323.381836	43798.671875
1322.315430	42934.179688
1321.248047	41684.390625
1320.181641	40675.535156
1319.114258	39911.992188
1318.046875	39423.085938
1316.979492	38669.183594
1315.911133	38049.296875
1314.842773	37837.492188
1313.774414	37507.980469
1312.706055	37337.140625
1311.637695	36858.417969
1310.568359	37063.574219
1309.499023	36736.753906
1308.429688	36735.921875
1307.360352	36762.234375
1306.290039	36055.660156
1305.220703	36009.734375
1304.150391	36178.621094
1303.079102	35352.792969
1302.008789	35243.753906
1300.937500	34599.226563
1299.866211	34510.714844
1298.794922	33489.406250
1297.723633	33380.832031
1296.651367	32606.269531
1295.579102	31856.857422
1294.506836	31137.093750
1293.434570	30927.556641
1292.362305	30515.078125
1291.289063	30371.160156
1290.215820	30344.556641
1289.142578	30171.421875
1288.068359	30041.183594
1286.995117	29748.744141
1285.920898	29898.023438
1284.846680	29488.597656
1283.771484	29682.908203
1282.697266	29627.201172
1281.622070	29528.744141
1280.546875	29938.988281
1279.471680	30121.785156
1278.395508	30300.003906
1277.320313	30003.542969
1276.244141	29902.851563
1275.166992	30027.039063
1274.090820	30495.101563
1273.013672	30117.931641
1271.937500	30466.687500
1270.860352	30271.642578
1269.782227	30420.320313
1268.705078	30483.603516
1267.626953	30196.623047
1266.548828	30531.523438
1265.470703	30682.261719
1264.391602	30379.707031
1263.313477	30160.275391
1262.234375	30091.199219
1261.154297	29840.523438
1260.075195	29659.447266
1258.995117	29417.929688
1257.916016	28690.232422
1256.835938	28480.378906
1255.754883	27768.857422
1254.674805	27243.509766
1253.593750	26928.847656
1252.512695	26822.501953
1251.431641	26528.199219
1250.349609	26415.265625
1249.268555	25946.667969
1248.186523	25818.242188
1247.104492	25812.861328
1246.021484	25572.724609
1244.939453	25808.806641
1243.856445	25204.490234
1242.773438	25574.611328
1241.689453	24977.292969
1240.606445	25345.070313
1239.522461	25534.052734
1238.438477	24932.648438
1237.354492	24813.613281
1236.269531	25114.164063
1235.185547	25050.916016
1234.100586	24815.933594
1233.015625	24583.277344
1231.929688	24462.203125
1230.844727	24490.537109
1229.758789	24454.224609
1228.672852	24631.841797
1227.585938	24833.892578
1226.500000	24775.250000
1225.413086	24698.816406
1224.326172	24644.677734
1223.239258	24839.873047
1222.151367	24750.115234
1221.063477	24464.589844
1219.976563	24477.277344
1218.887695	24289.785156
1217.799805	24498.183594
1216.710938	24404.138672
1215.622070	24410.154297
1214.533203	24491.722656
1213.444336	24359.960938
1212.354492	24166.056641
1211.265625	24316.468750
1210.175781	24082.683594
1209.084961	24233.046875
1207.995117	23821.814453
1206.904297	24340.525391
1205.813477	24357.621094
1204.722656	24334.783203
1203.630859	24010.355469
1202.540039	24286.916016
1201.448242	24197.601563
1200.356445	23565.343750
1199.263672	23427.466797
1198.171875	22890.890625
1197.079102	22866.167969
1195.986328	22648.800781
1194.892578	23387.943359
1193.799805	24104.638672
1192.706055	24274.421875
1191.612305	24486.169922
1190.518555	24419.105469
1189.423828	24150.812500
1188.330078	24658.744141
1187.235352	24386.087891
1186.140625	24175.431641
1185.044922	24199.095703
1183.949219	24114.494141
1182.854492	24237.556641
1181.757813	24088.935547
1180.662109	24061.810547
1179.565430	23659.429688
1178.469727	23740.544922
1177.373047	23885.615234
1176.275391	23836.488281
1175.178711	23641.812500
1174.081055	23513.369141
1172.983398	23206.400391
1171.885742	23466.042969
1170.787109	23242.953125
1169.688477	23359.259766
1168.590820	23032.750000
1167.491211	23367.085938
1166.392578	23124.380859
1165.292969	23326.466797
1164.193359	23130.089844
1163.093750	23307.880859
1161.994141	23241.390625
1160.893555	23445.476563
1159.792969	23675.865234
1158.692383	23393.863281
1157.591797	23593.388672
1156.490234	23390.640625
1155.389648	23365.957031
1154.288086	23453.318359
1153.185547	23222.169922
1152.083984	23711.375000
1150.981445	23583.451172
1149.878906	23727.759766
1148.776367	23975.146484
1147.672852	23989.859375
1146.570313	24259.021484
1145.466797	24082.861328
1144.363281	24371.621094
1143.258789	24252.507813
1142.155273	24203.576172
1141.050781	24538.142578
1139.946289	24421.253906
1138.840820	24764.392578
1137.736328	24428.511719
1136.630859	24484.681641
1135.525391	24293.470703
1134.419922	24386.849609
1133.313477	24176.042969
1132.207031	24063.767578
1131.100586	24023.714844
1129.994141	23874.341797
1128.886719	23650.697266
1127.780273	23927.687500
1126.672852	23876.763672
1125.565430	23887.035156
1124.457031	24205.302734
1123.348633	24097.564453
1122.241211	24059.742188
1121.131836	23921.515625
1120.023438	24280.970703
1118.914063	24570.443359
1117.804688	24652.539063
1116.695313	25035.599609
1115.585938	25636.570313
1114.475586	25990.917969
1113.366211	26478.080078
1112.254883	27390.009766
1111.144531	27857.060547
1110.034180	28885.947266
1108.922852	29838.169922
1107.811523	31029.517578
1106.699219	32052.726563
1105.587891	32344.167969
1104.475586	33538.578125
1103.363281	33709.917969
1102.250977	34076.953125
1101.138672	34028.453125
1100.025391	33821.246094
1098.912109	33592.386719
1097.798828	33137.585938
1096.684570	32367.904297
1095.571289	31346.539063
1094.457031	30594.929688
1093.341797	29719.859375
1092.227539	28777.851563
1091.112305	27870.968750
1089.998047	27042.591797
1088.881836	25943.349609
1087.766602	25412.916016
1086.650391	25309.957031
1085.535156	24708.322266
1084.418945	24640.240234
1083.301758	24234.066406
1082.185547	23949.412109
1081.068359	23976.855469
1079.951172	23484.431641
1078.833984	23696.035156
1077.715820	23636.904297
1076.597656	23320.199219
1075.479492	23839.019531
1074.361328	23929.191406
1073.242188	23850.585938
1072.124023	24215.398438
1071.004883	23998.369141
1069.884766	24801.867188
1068.765625	24692.876953
1067.645508	25115.544922
1066.525391	25293.888672
1065.405273	25698.966797
1064.285156	25710.814453
1063.164063	25929.937500
1062.042969	26334.621094
1060.921875	26417.544922
1059.800781	26571.640625
1058.678711	26630.746094
1057.556641	26500.013672
1056.434570	26722.996094
1055.311523	26553.488281
1054.189453	26670.740234
1053.066406	26682.339844
1051.943359	26571.119141
1050.820313	26449.171875
1049.696289	25780.226563
1048.572266	26390.611328
1047.448242	26003.976563
1046.324219	25753.105469
1045.199219	25904.744141
1044.074219	25503.394531
1042.949219	25427.013672
1041.824219	25374.318359
1040.698242	24969.031250
1039.573242	24974.492188
1038.447266	24881.087891
1037.320313	24418.140625
1036.194336	24277.628906
1035.067383	24027.636719
1033.940430	23951.685547
1032.813477	24537.011719
1031.685547	25038.376953
1030.558594	25230.503906
1029.430664	25497.642578
1028.301758	25816.148438
1027.173828	25718.458984
1026.044922	25989.607422
1024.916016	26074.136719
1023.787109	26045.035156
1022.657227	26120.941406
1021.528320	26096.121094
1020.398438	26174.123047
1019.268555	26335.607422
1018.137695	25929.656250
1017.006836	26084.699219
1015.876953	25751.732422
1014.745117	25564.400391
1013.614258	25552.560547
1012.482422	25598.470703
1011.350586	25417.701172
1010.218750	25431.548828
1009.086914	25526.607422
1007.954102	25546.833984
1006.821289	25571.324219
1005.688477	25905.521484
1004.555664	26090.087891
1003.421875	26182.763672
1002.288086	26106.761719
1001.154297	25699.990234
1000.020508	25314.726563
998.885742	24955.224609
997.750977	24636.398438
996.616211	24447.781250
995.481445	24120.666016
994.345703	24168.830078
993.209961	23922.888672
992.074219	24269.351563
990.938477	24807.375000
989.801758	24772.289063
988.665039	24326.277344
987.528320	24436.060547
986.391602	24437.251953
985.253906	24478.869141
984.116211	24828.941406
982.978516	24523.763672
981.840820	24624.873047
980.702148	24619.636719
979.564453	24542.132813
978.425781	24908.812500
977.286133	25033.121094
976.147461	24598.699219
975.007813	24230.298828
973.868164	24288.843750
972.727539	24810.152344
971.587891	25267.562500
970.447266	26138.564453
969.306641	26404.556641
968.166016	26424.390625
967.024414	26632.949219
965.882813	26665.441406
964.741211	26674.603516
963.599609	26704.951172
962.457031	26652.652344
961.315430	26646.976563
960.172852	26340.556641
959.029297	26650.449219
957.886719	26145.156250
956.743164	26164.986328
955.599609	26119.205078
954.456055	25811.101563
953.311523	25765.412109
952.166992	25455.396484
951.022461	25363.283203
949.877930	25163.402344
948.732422	25339.792969
947.586914	25404.119141
946.441406	25383.916016
945.295898	25623.501953
944.150391	26046.695313
943.003906	26478.152344
941.857422	26531.605469
940.709961	27169.574219
939.563477	27743.976563
938.416016	28693.597656
937.268555	29752.476563
936.121094	31036.503906
934.972656	32379.007813
933.824219	34108.726563
932.675781	36396.089844
931.527344	38486.554688
930.377930	40614.035156
929.229492	42915.382813
928.080078	44520.996094
926.929688	45366.066406
925.780273	46185.515625
924.629883	45885.308594
923.479492	44794.304688
922.328125	43144.347656
921.177734	41400.476563
920.026367	39419.800781
918.875000	37082.679688
917.723633	35021.816406
916.571289	32955.535156
915.418945	31165.277344
914.266602	29787.371094
913.114258	28640.992188
911.960938	27828.845703
910.807617	26683.371094
909.654297	26121.664063
908.500977	25761.572266
907.346680	25510.687500
906.193359	25423.458984
905.038086	25109.861328
903.883789	25226.052734
902.728516	24862.337891
901.574219	24708.275391
900.417969	24824.472656
899.262695	24381.498047
898.107422	24769.884766
896.951172	24423.394531
895.794922	24051.937500
894.637695	24253.927734
893.480469	24091.847656
892.324219	24141.068359
891.166016	24156.808594
890.008789	23518.214844
888.850586	23655.302734
887.693359	23391.125000
886.534180	23860.357422
885.375977	23909.554688
884.216797	24106.996094
883.057617	24022.494141
881.898438	23956.814453
880.739258	23784.728516
879.579102	23337.298828
878.418945	23766.193359
877.258789	23932.119141
876.097656	24083.375000
874.937500	23859.320313
873.776367	24125.158203
872.615234	24249.183594
871.453125	24368.986328
870.291016	24126.308594
869.128906	24302.310547
867.966797	24384.542969
866.804688	24316.867188
865.641602	24228.406250
864.478516	24008.900391
863.315430	24024.552734
862.151367	24144.185547
860.987305	24043.357422
859.823242	24021.566406
858.659180	23924.960938
857.495117	24243.994141
856.330078	24228.402344
855.165039	24418.449219
853.999023	24346.755859
852.833984	24250.175781
851.667969	24033.240234
850.501953	23891.109375
849.335938	23796.759766
848.168945	23880.849609
847.001953	23807.279297
845.834961	23872.666016
844.667969	23861.318359
843.500000	23862.410156
842.332031	24134.958984
841.164063	24100.769531
839.996094	24497.423828
838.827148	24316.136719
837.658203	24186.685547
836.489258	24038.658203
835.320313	24499.134766
834.150391	24309.720703
832.980469	23911.451172
831.810547	24208.267578
830.640625	24521.496094
829.469727	24354.972656
828.298828	23897.089844
827.127930	24596.599609
825.956055	25021.031250
824.784180	25061.091797
823.612305	24805.824219
822.440430	25019.337891
821.268555	24654.785156
820.095703	24199.580078
818.922852	24033.433594
817.750000	23834.351563
816.576172	23658.041016
815.402344	23859.144531
814.228516	24039.546875
813.054688	24250.785156
811.879883	24742.179688
810.706055	25171.552734
809.530273	25108.458984
808.355469	25430.482422
807.180664	25322.060547
806.004883	25038.716797
804.829102	24465.320313
803.652344	24478.566406
802.475586	24316.951172
801.299805	24858.781250
800.122070	24894.548828
798.945313	24948.800781
797.767578	25315.435547
796.589844	26127.822266
795.412109	25902.363281
794.234375	25991.261719
793.055664	25634.500000
791.876953	25474.988281
790.698242	25292.964844
789.518555	25275.197266
788.338867	25318.988281
787.159180	25368.912109
785.979492	25599.291016
784.799805	24759.234375
783.619141	24516.089844
782.438477	24439.064453
781.256836	24829.271484
780.076172	25331.986328
778.894531	24916.869141
777.712891	24837.769531
776.530273	24306.236328
775.348633	24945.765625
774.166016	24729.593750
772.983398	25215.300781
771.799805	24545.037109
770.617188	24811.740234
769.433594	25241.904297
768.249023	26011.226563
767.065430	25932.029297
765.880859	25863.082031
764.696289	25804.376953
763.511719	26364.572266
762.326172	26777.496094
761.141602	27263.738281
759.956055	27382.357422
758.769531	28172.322266
757.583984	28262.125000
756.397461	29033.199219
755.210938	29526.576172
754.023438	30209.361328
752.836914	31319.941406
751.649414	32199.734375
750.461914	33327.738281
749.273438	35856.847656
748.085938	38816.656250
746.897461	42290.371094
745.708984	45485.703125
744.519531	48962.570313
743.330078	52185.593750
742.140625	55207.828125
740.951172	57014.382813
739.761719	57522.664063
738.571289	57119.824219
737.380859	55446.660156
736.189453	53351.484375
734.999023	51694.074219
733.807617	49612.800781
732.616211	49084.140625
731.424805	48123.187500
730.232422	47798.085938
729.040039	47475.156250
727.847656	47639.386719
726.654297	47065.046875
725.461914	46438.210938
724.268555	44738.855469
723.075195	43680.929688
721.880859	42670.082031
720.686523	40699.042969
719.492188	38447.210938
718.297852	37302.421875
717.102539	36255.339844
715.908203	35646.085938
714.712891	34871.089844
713.516602	33887.953125
712.321289	32642.179688
711.125000	31904.750000
709.928711	31604.537109
708.731445	31789.792969
707.535156	31554.429688
706.337891	31117.029297
705.139648	31055.710938
703.942383	30277.140625
702.744141	29557.486328
701.545898	28615.986328
700.347656	28474.488281
699.148438	28926.560547
697.950195	29584.300781
696.750000	30157.003906
695.550781	29633.992188
694.351563	30172.142578
693.151367	30526.550781
691.951172	31945.310547
690.750000	33270.730469
689.548828	33930.546875
688.348633	35005.121094
687.146484	35321.824219
685.945313	35966.656250
684.743164	37358.210938
683.541016	38670.652344
682.338867	40115.347656
681.135742	39933.578125
679.932617	38812.406250
678.729492	37744.011719
677.526367	36434.777344
676.322266	35697.070313
675.119141	35996.832031
673.914063	36398.949219
672.709961	36348.839844
671.504883	36700.484375
670.299805	36957.585938
669.094727	36531.921875
667.889648	36371.410156
666.683594	37443.218750
665.477539	38574.753906
664.270508	39539.292969
663.064453	40517.449219
661.857422	41940.324219
660.650391	41857.015625
659.443359	41932.082031
658.235352	41586.300781
657.027344	40783.882813
655.819336	39989.824219
654.610352	39724.785156
653.402344	39363.757813
652.193359	38446.414063
650.983398	38373.996094
649.774414	37621.328125
648.564453	36688.953125
647.354492	35766.984375
646.144531	35083.355469
644.933594	34096.160156
643.722656	33345.234375
642.511719	32386.820313
641.300781	31139.146484
640.088867	30493.210938
638.876953	30618.355469
637.665039	30707.507813
636.452148	30139.925781
635.239258	29736.230469
634.026367	29799.572266
632.813477	30415.421875
631.599609	30370.892578
630.386719	30304.449219
629.171875	31099.185547
627.958008	31620.537109
626.743164	32133.685547
625.528320	31786.021484
624.313477	31289.130859
623.098633	31409.738281
621.882813	31014.671875
620.666992	30999.937500
619.451172	30545.433594
618.234375	29738.984375
617.017578	29446.062500
615.800781	29103.550781
614.583984	28574.298828
613.366211	28631.662109
612.148438	27458.847656
610.930664	26505.099609
609.711914	26835.017578
608.493164	27176.705078
607.274414	27148.921875
606.055664	27139.017578
604.836914	26815.527344
603.617188	27248.191406
602.397461	26589.546875
601.176758	26284.234375
599.957031	26355.822266
598.736328	26007.076172
597.514648	25486.037109
596.293945	25252.568359
595.072266	25076.654297
593.850586	24869.125000
592.628906	24128.960938
591.406250	24319.695313
590.183594	23946.181641
588.960938	23845.943359
587.738281	23995.058594
586.514648	24583.269531
585.291016	24997.175781
584.067383	25578.974609
582.842773	25674.195313
581.619141	26253.611328
580.394531	26692.472656
579.168945	27030.382813
577.944336	27052.113281
576.718750	27514.201172
575.493164	27701.656250
574.266602	27962.060547
573.040039	28135.515625
571.813477	28468.708984
570.586914	29285.037109
569.360352	28963.074219
568.132813	28739.833984
566.905273	28613.285156
565.676758	28435.544922
564.449219	27918.968750
563.220703	27893.146484
561.992188	27621.136719
560.762695	27855.312500
559.533203	28030.322266
558.303711	28240.681641
557.074219	28130.189453
555.844727	28092.539063
554.614258	27781.494141
553.383789	27669.203125
552.152344	27914.792969
550.920898	27816.277344
549.690430	27248.111328
548.458008	26234.179688
547.226563	25717.681641
545.994141	25307.458984
544.761719	25688.714844
543.529297	25645.775391
542.295898	25985.568359
541.062500	26843.240234
539.829102	27017.828125
538.594727	26431.328125
537.361328	26043.138672
536.126953	25906.062500
534.891602	26566.792969
533.657227	26976.396484
532.421875	27105.652344
531.186523	26329.894531
529.951172	26629.609375
528.714844	27222.876953
527.478516	26913.480469
526.242188	27248.089844
525.004883	27744.949219
523.767578	28372.654297
522.530273	28335.121094
521.292969	27931.955078
520.054688	27667.761719
518.816406	27474.044922
517.578125	27315.583984
516.339844	26801.632813
515.100586	25768.359375
513.861328	25481.490234
512.622070	25745.302734
511.381836	26686.302734
510.141602	27137.070313
508.901367	27458.869141
507.661133	27774.673828
506.419922	27583.289063
505.178711	27622.058594
503.937500	27037.027344
502.695313	26389.886719
