1802.219727	12460.912109
1801.250000	13102.686523
1800.281250	12518.342773
1799.311523	12723.025391
1798.341797	12920.138672
1797.372070	12630.611328
1796.402344	12054.310547
1795.431641	11610.430664
1794.460938	11348.767578
1793.491211	11548.447266
1792.519531	12079.575195
1791.548828	12171.864258
1790.578125	12189.364258
1789.606445	12044.929688
1788.634766	11661.445313
1787.663086	11664.093750
1786.690430	11873.385742
1785.718750	12177.183594
1784.746094	12682.444336
1783.773438	12998.398438
1782.800781	13232.130859
1781.828125	13470.744141
1780.854492	13117.422852
1779.880859	13621.986328
1778.908203	14041.833984
1777.933594	14019.142578
1776.959961	13698.291992
1775.986328	13034.746094
1775.011719	12416.171875
1774.037109	12267.176758
1773.062500	12113.273438
1772.086914	12579.992188
1771.112305	13021.706055
1770.136719	13726.253906
1769.161133	14197.329102
1768.185547	14249.051758
1767.209961	14543.768555
1766.233398	14411.934570
1765.257813	14684.190430
1764.281250	14663.901367
1763.304688	14546.987305
1762.327148	14137.799805
1761.350586	13617.321289
1760.373047	13391.727539
1759.395508	13765.363281
1758.417969	14002.708008
1757.440430	14702.742188
1756.461914	15498.993164
1755.483398	15941.170898
1754.504883	15774.737305
1753.526367	15373.453125
1752.547852	14482.810547
1751.568359	14227.781250
1750.589844	14407.806641
1749.610352	14928.732422
1748.630859	15390.160156
1747.650391	15396.953125
1746.670898	14939.506836
1745.690430	14521.744141
1744.709961	14466.995117
1743.729492	14209.904297
1742.749023	14165.108398
1741.767578	14848.053711
1740.786133	14862.338867
1739.804688	14736.062500
1738.823242	14533.409180
1737.841797	14182.943359
1736.859375	14037.162109
1735.876953	13861.872070
1734.895508	13701.431641
1733.912109	14346.424805
1732.929688	15119.203125
1731.946289	15172.791992
1730.963867	14670.076172
1729.980469	14408.732422
1728.997070	13623.419922
1728.012695	13244.313477
1727.029297	13239.193359
1726.044922	13925.040039
1725.060547	14765.493164
1724.076172	15286.072266
1723.090820	15467.310547
1722.106445	15130.053711
1721.121094	14535.000977
1720.135742	13856.683594
1719.150391	13875.997070
1718.164063	13664.533203
1717.178711	13526.788086
1716.192383	13975.607422
1715.206055	14002.239258
1714.219727	14166.229492
1713.232422	14634.267578
1712.246094	15138.896484
1711.258789	15949.765625
1710.271484	16029.892578
1709.284180	15759.557617
1708.295898	15300.673828
1707.307617	15020.793945
1706.320313	15191.656250
1705.332031	15254.711914
1704.342773	15219.816406
1703.354492	15694.036133
1702.365234	16566.943359
1701.375977	17253.554688
1700.386719	17252.529297
1699.397461	17689.269531
1698.408203	17690.597656
1697.417969	17858.162109
1696.427734	17703.029297
1695.437500	17159.414063
1694.447266	16992.265625
1693.456055	17352.802734
1692.464844	17793.785156
1691.474609	18361.558594
1690.482422	18785.070313
1689.491211	18632.402344
1688.500000	18753.099609
1687.507813	18749.320313
1686.515625	19174.847656
1685.523438	19905.046875
1684.530273	19957.115234
1683.538086	19092.562500
1682.544922	18398.964844
1681.551758	18675.486328
1680.558594	18735.064453
1679.565430	18916.408203
1678.571289	19333.902344
1677.577148	19799.921875
1676.583008	20299.835938
1675.588867	20324.947266
1674.594727	20430.347656
1673.599609	19927.492188
1672.604492	19886.986328
1671.609375	19836.769531
1670.614258	19801.158203
1669.619141	19097.068359
1668.623047	18721.363281
1667.626953	18678.707031
1666.630859	18767.253906
1665.634766	18880.054688
1664.638672	19225.939453
1663.641602	19129.794922
1662.644531	18482.658203
1661.647461	18085.757813
1660.650391	18057.841797
1659.652344	18131.826172
1658.655273	18329.480469
1657.657227	18049.328125
1656.659180	18336.625000
1655.660156	19334.044922
1654.662109	19337.408203
1653.663086	19379.541016
1652.664063	19135.791016
1651.665039	18870.341797
1650.666016	18178.800781
1649.666016	18301.023438
1648.666992	18887.951172
1647.666992	19677.929688
1646.666016	19657.015625
1645.666016	19558.695313
1644.666016	19274.177734
1643.665039	19306.554688
1642.664063	19679.806641
1641.663086	19707.250000
1640.661133	19340.761719
1639.660156	19218.455078
1638.658203	18922.267578
1637.656250	19314.537109
1636.653320	19923.972656
1635.651367	20093.767578
1634.648438	19358.333984
1633.646484	19446.121094
1632.642578	19830.642578
1631.639648	19838.691406
1630.636719	19248.607422
1629.632813	18924.007813
1628.628906	19506.007813
1627.625000	20355.320313
1626.621094	20944.023438
1625.616211	21163.853516
1624.611328	21202.927734
1623.607422	21054.130859
1622.601563	20659.787109
1621.596680	19983.935547
1620.590820	19390.191406
1619.585938	18746.150391
1618.580078	18631.679688
1617.574219	18750.583984
1616.567383	18984.876953
1615.561523	18786.267578
1614.554688	18938.720703
1613.547852	19208.882813
1612.540039	19949.927734
1611.533203	20652.230469
1610.525391	21570.433594
1609.518555	22200.074219
1608.509766	21888.236328
1607.501953	21271.646484
1606.494141	20931.318359
1605.485352	20835.888672
1604.476563	21477.029297
1603.467773	22374.564453
1602.458984	22768.121094
1601.449219	22833.035156
1600.439453	22624.642578
1599.429688	22449.886719
1598.419922	22625.048828
1597.410156	22534.210938
1596.399414	22623.052734
1595.388672	22630.435547
1594.377930	22879.636719
1593.367188	23763.085938
1592.356445	24741.908203
1591.344727	25437.978516
1590.333008	25724.677734
1589.321289	25810.345703
1588.309570	25011.175781
1587.297852	24953.498047
1586.285156	25046.435547
1585.272461	25567.126953
1584.259766	25397.064453
1583.247070	25465.960938
1582.233398	26394.669922
1581.219727	27619.105469
1580.206055	27821.203125
1579.192383	28565.064453
1578.178711	28287.199219
1577.164063	28331.556641
1576.149414	28779.048828
1575.134766	28508.458984
1574.120117	28094.904297
1573.105469	28370.513672
1572.089844	28696.066406
1571.074219	29169.236328
1570.058594	29058.470703
1569.042969	29540.900391
1568.026367	29625.394531
1567.010742	29564.603516
1565.994141	29582.396484
1564.977539	29838.201172
1563.959961	29532.287109
1562.943359	29252.667969
1561.925781	29294.291016
1560.908203	29956.623047
1559.890625	29743.660156
1558.872070	29131.396484
1557.854492	28894.916016
1556.835938	28670.412109
1555.817383	28486.388672
1554.798828	28653.990234
1553.779297	28911.767578
1552.760742	28799.033203
1551.741211	28344.500000
1550.721680	28018.316406
1549.701172	27844.130859
1548.681641	26958.277344
1547.661133	26623.082031
1546.640625	26717.261719
1545.620117	27159.939453
1544.599609	26995.580078
1543.578125	26143.974609
1542.556641	25851.929688
1541.535156	25958.009766
1540.513672	26433.544922
1539.492188	26631.814453
1538.469727	26950.751953
1537.447266	26843.470703
1536.424805	27481.732422
1535.402344	27502.156250
1534.378906	27652.685547
1533.356445	27784.230469
1532.333008	27733.634766
1531.308594	27188.927734
1530.285156	27431.578125
1529.261719	27459.070313
1528.237305	27415.664063
1527.212891	27301.404297
1526.188477	27352.517578
1525.163086	27613.771484
1524.137695	27992.960938
1523.113281	28261.054688
1522.087891	28184.488281
1521.061523	28275.472656
1520.036133	28470.212891
1519.009766	28787.511719
1517.983398	28713.253906
1516.957031	29167.105469
1515.930664	29476.992188
1514.903320	29635.931641
1513.875977	29851.349609
1512.848633	29890.009766
1511.821289	30595.144531
1510.793945	30878.513672
1509.765625	30973.435547
1508.737305	31574.351563
1507.708984	31749.095703
1506.680664	31808.484375
1505.651367	31804.335938
1504.622070	31849.576172
1503.593750	32252.185547
1502.563477	32593.507813
1501.534180	32431.726563
1500.503906	32497.939453
1499.474609	32286.904297
1498.444336	32541.025391
1497.413086	32743.376953
1496.382813	31875.005859
1495.351563	31598.533203
1494.320313	31531.050781
1493.289063	31712.318359
1492.257813	31013.769531
1491.225586	31223.210938
1490.194336	30630.570313
1489.162109	30070.992188
1488.129883	30109.376953
1487.096680	30063.375000
1486.064453	29930.695313
1485.031250	30226.765625
1483.998047	29709.994141
1482.963867	29863.144531
1481.930664	29850.007813
1480.896484	30059.242188
1479.862305	30523.470703
1478.828125	30484.464844
1477.793945	30581.148438
1476.758789	31096.435547
1475.724609	32196.082031
1474.689453	32603.283203
1473.653320	32893.445313
1472.618164	33307.343750
1471.582031	33819.199219
1470.545898	34157.984375
1469.509766	34452.253906
1468.473633	35045.277344
1467.437500	36097.945313
1466.400391	36193.242188
1465.363281	37000.222656
1464.326172	37676.214844
1463.288086	38114.011719
1462.250977	38871.121094
1461.212891	39571.957031
1460.174805	40032.398438
1459.136719	40187.332031
1458.097656	41381.457031
1457.058594	41603.609375
1456.019531	41758.121094
1454.980469	42224.617188
1453.941406	42281.144531
1452.901367	42470.332031
1451.862305	42692.019531
1450.822266	42536.671875
1449.781250	43700.421875
1448.741211	44635.753906
1447.700195	45421.875000
1446.659180	45968.207031
1445.618164	46007.585938
1444.577148	46125.957031
1443.535156	45547.234375
1442.494141	44952.484375
1441.452148	44288.300781
1440.410156	43710.300781
1439.367188	42238.730469
1438.324219	41285.371094
1437.282227	39759.203125
1436.239258	38532.960938
1435.195313	38242.042969
1434.152344	37188.230469
1433.108398	36443.238281
1432.064453	36166.832031
1431.020508	35299.511719
1429.976563	34986.375000
1428.931641	34770.671875
1427.886719	34348.898438
1426.841797	34242.257813
1425.796875	33964.316406
1424.750977	33737.417969
1423.706055	34001.269531
1422.660156	34056.753906
1421.613281	34188.558594
1420.567383	34431.328125
1419.521484	34373.371094
1418.474609	34400.980469
1417.427734	34444.757813
1416.379883	34654.914063
1415.333008	35114.531250
1414.285156	35426.105469
1413.237305	35294.093750
1412.189453	35344.558594
1411.141602	35408.855469
1410.092773	35533.136719
1409.043945	35045.804688
1407.995117	35123.957031
1406.946289	35049.828125
1405.897461	34620.550781
1404.847656	34657.234375
1403.797852	34583.238281
1402.748047	33979.144531
1401.698242	33688.695313
1400.647461	33285.472656
1399.596680	33082.820313
1398.545898	32963.156250
1397.495117	32882.683594
1396.444336	32037.953125
1395.392578	31858.730469
1394.340820	31792.335938
1393.289063	31318.750000
1392.237305	31052.375000
1391.184570	30786.107422
1390.131836	30628.011719
1389.079102	30734.335938
1388.026367	30491.277344
1386.973633	30553.923828
1385.919922	30012.343750
1384.866211	30104.919922
1383.812500	30394.943359
1382.758789	30969.539063
1381.704102	31224.830078
1380.649414	31601.648438
1379.594727	31496.464844
1378.540039	32318.105469
1377.484375	31978.873047
1376.429688	32472.162109
1375.374023	32660.332031
1374.318359	32843.835938
1373.261719	33455.800781
1372.206055	33249.562500
1371.149414	33535.910156
1370.092773	33247.285156
1369.036133	33657.156250
1367.978516	34192.765625
1366.921875	33789.742188
1365.864258	33844.546875
1364.806641	34546.796875
1363.748047	34473.324219
1362.690430	34491.359375
1361.631836	34989.539063
1360.573242	35306.917969
1359.513672	35706.441406
1358.455078	35731.054688
1357.395508	36020.660156
1356.335938	36563.683594
1355.276367	36793.621094
1354.216797	37710.687500
1353.156250	38177.687500
1352.095703	39018.773438
1351.035156	39775.082031
1349.974609	40964.515625
1348.914063	41884.324219
1347.852539	42815.152344
1346.791016	43465.167969
1345.729492	45163.425781
1344.666992	45625.816406
1343.605469	47388.992188
1342.542969	47909.949219
1341.480469	49469.222656
1340.416992	50265.046875
1339.354492	51987.093750
1338.291016	52941.386719
1337.227539	54853.308594
1336.164063	55608.671875
1335.099609	56611.656250
1334.036133	57702.914063
1332.971680	57988.824219
1331.907227	58020.007813
1330.842773	58003.445313
1329.777344	57291.566406
1328.711914	56952.554688
1327.646484	56563.710938
1326.581055	55648.179688
1325.514648	54431.058594
1324.449219	52474.433594
1323.382813	52014.203125
1322.316406	50596.636719
1321.249023	49372.484375
1320.182617	48391.519531
1319.115234	47240.886719
1318.047852	46723.253906
1316.980469	45609.707031
1315.912109	44650.718750
1314.843750	44460.203125
1313.775391	43828.039063
1312.707031	43963.894531
1311.638672	43058.113281
1310.569336	43153.316406
1309.500000	42791.281250
1308.430664	42037.910156
1307.361328	41753.171875
1306.291016	41753.558594
1305.221680	41165.953125
1304.151367	40702.941406
1303.080078	39968.859375
1302.009766	39745.855469
1300.938477	38860.875000
1299.867188	38660.781250
1298.795898	37780.906250
1297.724609	37386.906250
1296.652344	36828.253906
1295.580078	35960.589844
1294.507813	35054.914063
1293.435547	34551.238281
1292.363281	34291.406250
1291.290039	33485.875000
1290.216797	33787.843750
1289.143555	32879.039063
1288.069336	32969.128906
1286.996094	32385.376953
1285.921875	32498.058594
1284.847656	31943.927734
1283.772461	32157.996094
1282.698242	32362.966797
1281.623047	31951.027344
1280.547852	32588.089844
1279.472656	32491.304688
1278.396484	32628.535156
1277.321289	32394.570313
1276.245117	32554.248047
1275.167969	32509.253906
1274.091797	32889.132813
1273.014648	32693.507813
1271.938477	32873.207031
1270.860352	32666.427734
1269.783203	32803.378906
1268.706055	32866.164063
1267.627930	33126.492188
1266.549805	32984.921875
1265.471680	32526.978516
1264.392578	32452.896484
1263.313477	32470.816406
1262.235352	32046.902344
1261.155273	32271.187500
1260.076172	31665.900391
1258.996094	31222.240234
1257.916992	31128.341797
1256.835938	30620.001953
1255.755859	30022.273438
1254.675781	29809.986328
1253.594727	29673.912109
1252.513672	29439.396484
1251.432617	28649.927734
1250.350586	28270.273438
1249.269531	28022.769531
1248.187500	28101.923828
1247.104492	27912.695313
1246.022461	27540.210938
1244.939453	27518.824219
1243.857422	27454.980469
1242.774414	27304.023438
1241.690430	27309.500000
1240.607422	26852.650391
1239.523438	26902.875000
1238.439453	26966.472656
1237.355469	27032.273438
1236.270508	26950.761719
1235.186523	26460.988281
1234.101563	26285.939453
1233.015625	26478.941406
1231.930664	25915.986328
1230.844727	25857.076172
1229.759766	25833.851563
1228.673828	26060.205078
1227.586914	25952.283203
1226.500977	26169.605469
1225.414063	26068.384766
1224.327148	26123.056641
1223.240234	26033.015625
1222.152344	25642.562500
1221.064453	25815.212891
1219.977539	25696.367188
1218.888672	25937.878906
1217.800781	26048.091797
1216.711914	26171.597656
1215.623047	25814.935547
1214.534180	25740.652344
1213.445313	25690.837891
1212.355469	25512.203125
1211.266602	26124.277344
1210.176758	25947.845703
1209.085938	25997.921875
1207.996094	25712.830078
1206.905273	25867.224609
1205.814453	25935.031250
1204.723633	25867.500000
1203.631836	25777.822266
1202.541016	26233.603516
1201.449219	25427.884766
1200.357422	25460.242188
1199.264648	25370.716797
1198.172852	24853.671875
1197.080078	24409.929688
1195.987305	24464.611328
1194.893555	24395.289063
1193.800781	24846.158203
1192.707031	25639.851563
1191.613281	25506.158203
1190.519531	25635.757813
1189.424805	25853.763672
1188.331055	25832.873047
1187.236328	25993.267578
1186.141602	26032.029297
1185.045898	25750.357422
1183.950195	25797.988281
1182.855469	25434.753906
1181.758789	25866.685547
1180.663086	25655.931641
1179.566406	25279.705078
1178.470703	25033.847656
1177.374023	25361.787109
1176.276367	25146.898438
1175.179688	25234.263672
1174.082031	25237.794922
1172.984375	25203.845703
1171.886719	25211.787109
1170.788086	25429.082031
1169.689453	25161.558594
1168.590820	25158.486328
1167.492188	25049.701172
1166.393555	24982.794922
1165.293945	24816.849609
1164.194336	24613.556641
1163.094727	24857.052734
1161.995117	25135.646484
1160.894531	24831.228516
1159.793945	24883.197266
1158.693359	24919.751953
1157.592773	25011.244141
1156.491211	24970.830078
1155.390625	24897.474609
1154.289063	24854.902344
1153.186523	24827.722656
1152.084961	24824.707031
1150.982422	24962.199219
1149.879883	24680.390625
1148.777344	25024.136719
1147.673828	25275.587891
1146.571289	24726.265625
1145.467773	24964.511719
1144.364258	25031.626953
1143.259766	25074.597656
1142.156250	25227.136719
1141.051758	25228.410156
1139.947266	25199.009766
1138.841797	25414.943359
1137.737305	25381.134766
1136.631836	25314.494141
1135.526367	25195.347656
1134.420898	25207.558594
1133.314453	25132.242188
1132.208008	25074.455078
1131.101563	24789.226563
1129.995117	24891.164063
1128.887695	25163.580078
1127.781250	24974.683594
1126.673828	25076.511719
1125.566406	25309.386719
1124.458008	25439.496094
1123.349609	25392.648438
1122.242188	25614.388672
1121.132813	25170.210938
1120.024414	25821.865234
1118.915039	25683.324219
1117.805664	25782.636719
1116.696289	25984.421875
1115.586914	26295.158203
1114.476563	26448.781250
1113.367188	26717.869141
1112.255859	27405.275391
1111.145508	27589.068359
1110.035156	28075.583984
1108.923828	28960.458984
1107.812500	29529.222656
1106.700195	30234.898438
1105.588867	30935.923828
1104.476563	31706.285156
1103.364258	32204.363281
1102.251953	32330.265625
1101.139648	32232.113281
1100.026367	32631.914063
1098.913086	32298.960938
1097.799805	32259.550781
1096.685547	32172.353516
1095.572266	31187.958984
1094.458008	30577.566406
1093.342773	30273.615234
1092.228516	29416.162109
1091.113281	28724.039063
1089.999023	28073.437500
1088.882813	27646.589844
1087.767578	26790.406250
1086.651367	26682.822266
1085.536133	26241.353516
1084.419922	25769.720703
1083.302734	25814.134766
1082.186523	25529.146484
1081.069336	25517.259766
1079.952148	25301.765625
1078.834961	25409.037109
1077.716797	25215.304688
1076.598633	25238.123047
1075.480469	25191.673828
1074.362305	25138.751953
1073.243164	25388.714844
1072.125000	25353.072266
1071.005859	25879.669922
1069.886719	26187.685547
1068.766602	26272.937500
1067.646484	26628.279297
1066.526367	26635.617188
1065.406250	27059.853516
1064.286133	27548.699219
1063.165039	27851.644531
1062.043945	27793.947266
1060.922852	28306.064453
1059.801758	28418.761719
1058.679688	28367.449219
1057.557617	28851.074219
1056.435547	28512.878906
1055.313477	28373.175781
1054.190430	28425.376953
1053.067383	27962.482422
1051.944336	27801.433594
1050.821289	27746.005859
1049.697266	27578.607422
1048.573242	27301.458984
1047.449219	27338.738281
1046.325195	27072.517578
1045.200195	26993.623047
1044.075195	26876.035156
1042.950195	26775.701172
1041.825195	26395.839844
1040.699219	26637.511719
1039.574219	26180.449219
1038.448242	26222.187500
1037.321289	26119.943359
1036.195313	25921.066406
1035.068359	25380.771484
1033.941406	25255.142578
1032.814453	25443.015625
1031.686523	26186.738281
1030.559570	26760.611328
1029.431641	27093.937500
1028.302734	27161.128906
1027.174805	27530.685547
1026.045898	27355.460938
1024.916992	27729.103516
1023.788086	27832.533203
1022.658203	27993.773438
1021.529297	28109.953125
1020.399414	27943.349609
1019.269531	28042.357422
1018.138672	27379.123047
1017.008789	27822.832031
1015.877930	27459.535156
1014.746094	27539.296875
1013.615234	27180.490234
1012.483398	26881.718750
1011.351563	26781.931641
1010.219727	26923.757813
1009.087891	26796.214844
1007.955078	26472.128906
1006.822266	26808.345703
1005.689453	26877.416016
1004.556641	26690.187500
1003.422852	26819.033203
1002.289063	27150.615234
1001.155273	27326.257813
1000.021484	27081.476563
998.886719	26388.804688
997.751953	26308.552734
996.617188	26375.464844
995.482422	25860.332031
994.346680	25637.427734
993.210938	26147.689453
992.075195	25777.806641
990.939453	26166.402344
989.802734	26284.361328
988.666016	26393.753906
987.529297	26439.234375
986.392578	26463.412109
985.254883	26521.621094
984.118164	26632.990234
982.979492	26657.105469
981.841797	26759.890625
980.704102	26851.998047
979.565430	26859.041016
978.426758	26846.953125
977.287109	27085.583984
976.148438	26829.162109
975.008789	26549.484375
973.869141	26405.820313
972.729492	26224.001953
971.588867	26638.664063
970.448242	26955.537109
969.307617	27070.726563
968.166992	27357.673828
967.025391	27001.947266
965.883789	27081.005859
964.742188	27333.847656
963.600586	27162.724609
962.458008	26951.416016
961.316406	26911.781250
960.173828	27020.417969
959.030273	26618.697266
957.887695	26708.292969
956.744141	26630.640625
955.600586	26449.330078
954.457031	26433.115234
953.312500	26372.488281
952.167969	26345.720703
951.023438	26170.960938
949.878906	25841.962891
948.733398	25956.917969
947.588867	25980.966797
946.442383	25914.166016
945.296875	26299.371094
944.151367	26589.388672
943.004883	26733.611328
941.858398	26839.777344
940.710938	26958.558594
939.564453	27672.253906
938.416992	28075.566406
937.269531	28425.982422
936.122070	29316.013672
934.973633	30332.142578
933.825195	31134.972656
932.676758	32293.560547
931.528320	33944.609375
930.378906	35550.722656
929.230469	37295.125000
928.081055	38756.671875
926.930664	40097.613281
925.781250	40718.269531
924.630859	40928.386719
923.480469	40965.925781
922.330078	39993.972656
921.178711	39016.125000
920.027344	37639.281250
918.875977	36540.449219
917.724609	34773.882813
916.572266	33125.710938
915.419922	31478.244141
914.267578	30755.445313
913.115234	29413.607422
911.961914	28433.375000
910.809570	27917.341797
909.655273	27372.156250
908.501953	27024.382813
907.347656	26815.173828
906.194336	26622.826172
905.040039	26491.353516
903.884766	26531.796875
902.730469	26450.687500
901.575195	26105.640625
900.419922	25865.468750
899.263672	25968.828125
898.108398	25728.783203
896.952148	25953.529297
895.795898	25872.636719
894.638672	25747.837891
893.482422	25340.693359
892.325195	25824.656250
891.167969	25520.121094
890.009766	25736.251953
888.851563	25206.136719
887.694336	25006.406250
886.535156	25502.451172
885.376953	25187.859375
884.217773	25737.943359
883.058594	25884.841797
881.899414	25770.753906
880.740234	25825.753906
879.580078	25384.146484
878.419922	25537.246094
877.259766	25729.904297
876.099609	25920.394531
874.938477	25668.843750
873.777344	25875.935547
872.616211	25809.958984
871.454102	25952.343750
870.292969	26050.925781
869.130859	25924.556641
867.967773	25935.654297
866.805664	25823.931641
865.642578	25860.015625
864.479492	26020.921875
863.316406	25424.556641
862.152344	25394.144531
860.989258	25432.361328
859.825195	25609.847656
858.660156	25359.095703
857.496094	25372.355469
856.331055	25828.126953
855.166016	25895.281250
854.000977	25715.283203
852.834961	25923.613281
851.668945	25486.287109
850.502930	25325.166016
849.336914	24973.222656
848.169922	24835.097656
847.002930	25163.673828
845.835938	25481.742188
844.668945	25490.779297
843.500977	25282.183594
842.333008	25512.984375
841.165039	25718.822266
839.997070	25615.943359
838.828125	25858.943359
837.659180	25578.019531
836.490234	25516.630859
835.321289	25382.835938
834.151367	25702.226563
832.981445	25539.482422
831.811523	25505.037109
830.641602	25886.222656
829.470703	25545.751953
828.299805	25924.695313
827.128906	26028.638672
825.957031	25917.675781
824.786133	26430.548828
823.614258	26369.105469
822.441406	26212.712891
821.269531	25918.083984
820.096680	25582.304688
818.923828	25523.154297
817.750977	25325.812500
816.577148	24961.500000
815.403320	25310.787109
814.229492	25224.937500
813.055664	25596.685547
811.881836	25955.908203
810.707031	25853.490234
809.532227	26418.474609
808.356445	26293.345703
807.181641	26650.042969
806.005859	26592.839844
804.830078	26156.992188
803.653320	26032.019531
802.477539	25859.785156
801.300781	25710.246094
800.124023	25803.404297
798.946289	26231.609375
797.768555	26478.759766
796.590820	27233.357422
795.413086	27718.498047
794.235352	27620.091797
793.056641	27262.978516
791.877930	27708.783203
790.699219	27269.693359
789.519531	26875.941406
788.340820	27223.050781
787.161133	27520.777344
785.980469	27258.476563
784.800781	26776.890625
783.620117	26170.458984
782.439453	25976.250000
781.257813	25597.703125
780.077148	25960.941406
778.895508	26291.250000
777.713867	26031.646484
776.532227	25692.306641
775.349609	25408.378906
774.166992	25478.611328
772.984375	25689.990234
771.800781	25911.501953
770.618164	25126.703125
769.434570	25663.123047
768.250977	26170.689453
767.066406	26479.785156
765.881836	26500.626953
764.697266	26431.570313
763.512695	26184.841797
762.328125	26740.750000
761.142578	27308.664063
759.957031	27700.791016
758.770508	28156.007813
757.584961	28184.605469
756.398438	28564.042969
755.211914	28455.896484
754.025391	29092.017578
752.837891	29784.941406
751.650391	30593.734375
750.462891	31328.820313
749.274414	32169.519531
748.086914	33745.125000
746.898438	37205.687500
745.709961	39207.050781
744.520508	41820.218750
743.331055	45099.734375
742.141602	48656.558594
740.952148	51056.460938
739.762695	52963.167969
738.572266	54911.746094
737.381836	54800.250000
736.191406	54014.054688
735.000000	52838.066406
733.808594	51311.140625
732.617188	49380.691406
731.425781	47820.644531
730.233398	45962.839844
729.041016	45165.351563
727.848633	43325.152344
726.656250	42191.785156
725.462891	40632.945313
724.269531	39569.597656
723.076172	38393.167969
721.881836	38182.136719
720.687500	37207.148438
719.493164	35817.210938
718.298828	34490.671875
717.104492	33729.773438
715.909180	33392.402344
714.713867	33356.816406
713.517578	32827.386719
712.322266	32569.343750
711.125977	31384.816406
709.929688	31072.580078
708.732422	30760.478516
707.536133	30848.828125
706.338867	30983.630859
705.141602	31090.078125
703.943359	30772.173828
702.745117	30232.197266
701.546875	29706.591797
700.348633	28807.664063
699.150391	29170.839844
697.951172	30100.998047
696.751953	30479.873047
695.551758	30610.439453
694.352539	30551.347656
693.152344	30232.146484
691.952148	31106.619141
690.750977	32150.027344
689.550781	32858.453125
688.349609	33300.613281
687.147461	33674.089844
685.946289	33384.820313
684.744141	34235.308594
683.541992	35449.789063
682.339844	36995.816406
681.136719	38005.933594
679.934570	38053.996094
678.731445	37621.339844
677.527344	36583.593750
676.324219	35751.363281
675.120117	35560.679688
673.916016	35886.527344
672.710938	36260.453125
671.505859	36487.578125
670.300781	36220.574219
669.095703	35405.558594
667.890625	34542.714844
666.684570	34163.914063
665.478516	34110.328125
664.272461	34939.429688
663.065430	35479.355469
661.858398	36209.535156
660.651367	36698.828125
659.444336	37013.531250
658.236328	36795.062500
657.028320	36552.644531
655.820313	35921.750000
654.612305	35839.832031
653.403320	35801.992188
652.194336	35553.988281
650.985352	35834.421875
649.775391	35892.636719
648.565430	35358.714844
647.355469	35011.019531
646.145508	34375.542969
644.934570	33782.320313
643.723633	33453.171875
642.512695	32462.765625
641.301758	31055.251953
640.089844	30732.902344
638.877930	30183.044922
637.666016	30308.226563
636.453125	30010.197266
635.241211	30025.601563
634.028320	29240.941406
632.814453	29396.132813
631.601563	29599.117188
630.387695	29720.263672
629.173828	29717.763672
627.958984	30641.998047
626.744141	31041.787109
625.530273	31357.730469
624.314453	31048.150391
623.099609	31013.494141
621.883789	31267.515625
620.667969	31189.035156
619.452148	31333.457031
618.235352	30982.429688
617.018555	30836.427734
615.801758	30097.876953
614.584961	30272.224609
613.367188	29780.597656
612.149414	29165.968750
610.931641	28297.285156
609.712891	27709.068359
608.495117	28130.005859
607.276367	28528.916016
606.056641	28262.623047
604.837891	28379.498047
603.618164	28123.271484
602.398438	28006.025391
601.177734	27585.367188
599.958008	27379.050781
598.737305	27289.794922
597.516602	26718.921875
596.294922	26675.425781
595.073242	26620.056641
593.851563	26109.125000
592.629883	25673.667969
591.407227	25117.623047
590.184570	25549.597656
588.961914	25389.636719
587.739258	25200.064453
586.515625	25283.566406
585.291992	25519.320313
584.068359	26075.298828
582.844727	26372.056641
581.620117	27089.673828
580.395508	27427.572266
579.169922	27996.468750
577.945313	27765.164063
576.719727	27711.687500
575.494141	28331.474609
574.267578	28382.507813
573.041992	28026.986328
571.815430	28439.125000
570.587891	29403.404297
569.361328	29669.117188
568.133789	29380.656250
566.906250	29618.654297
565.678711	29279.083984
564.450195	28990.892578
563.221680	28795.414063
561.993164	28538.964844
560.763672	29038.771484
559.535156	29260.769531
558.305664	29504.320313
557.075195	29822.539063
555.845703	29621.222656
554.615234	29225.261719
553.384766	29397.802734
552.153320	29137.722656
550.922852	29302.339844
549.691406	29024.703125
548.459961	28147.917969
547.227539	27367.771484
545.995117	26646.884766
544.762695	26868.800781
543.530273	26876.640625
542.296875	27557.667969
541.063477	28106.923828
539.830078	28489.183594
538.596680	28471.156250
537.362305	28064.871094
536.127930	27827.363281
534.893555	28250.503906
533.658203	28618.585938
532.422852	29121.689453
531.187500	28496.314453
529.952148	28631.050781
528.715820	29018.296875
527.479492	29332.943359
526.243164	29463.488281
525.005859	29615.494141
523.769531	30313.210938
522.532227	30435.623047
521.293945	30606.863281
520.056641	30142.681641
518.818359	30159.503906
517.580078	29523.664063
516.340820	28667.345703
515.101563	27723.507813
513.862305	26949.972656
512.623047	26637.525391
511.382813	27115.730469
510.143555	28103.056641
508.902344	28918.255859
507.662109	28804.603516
506.420898	29199.996094
505.179688	29441.183594
503.938477	28943.470703
502.697266	27982.140625
