1802.318359	3885.684814
1801.348633	3805.773438
1800.379883	3682.673584
1799.410156	3811.741943
1798.440430	3721.134277
1797.470703	3822.695313
1796.500977	3712.163330
1795.530273	3786.248535
1794.559570	3905.191406
1793.588867	3837.093506
1792.618164	3846.297607
1791.647461	3962.664063
1790.675781	3824.826172
1789.705078	3898.798828
1788.733398	4037.501221
1787.761719	3849.925293
1786.789063	3946.255859
1785.817383	4025.122803
1784.844727	4044.227783
1783.872070	4162.855469
1782.899414	4084.902344
1781.926758	4011.954590
1780.953125	4018.612305
1779.980469	4174.443359
1779.006836	4071.691406
1778.033203	3973.951172
1777.058594	4099.879395
1776.084961	4017.077881
1775.110352	4282.038574
1774.135742	4266.281738
1773.161133	4488.878418
1772.186523	4274.502930
1771.210938	4425.036621
1770.236328	4501.070801
1769.260742	4430.707520
1768.285156	4558.795898
1767.308594	4503.327148
1766.333008	4613.994141
1765.356445	4806.417480
1764.379883	4793.063477
1763.403320	4881.304688
1762.426758	5061.171387
1761.449219	5144.369629
1760.472656	5106.193848
1759.495117	5191.824707
1758.517578	5378.910156
1757.539063	5392.681152
1756.561523	5703.368164
1755.583008	5479.578613
1754.604492	5518.053711
1753.625977	5591.133301
1752.647461	5508.424316
1751.667969	5430.691895
1750.688477	5414.774902
1749.709961	5322.266602
1748.729492	5449.659180
1747.750000	5162.059570
1746.770508	5328.942871
1745.790039	5184.677734
1744.809570	5279.905273
1743.829102	5044.395020
1742.847656	5110.003418
1741.867188	4965.896973
1740.885742	5105.486328
1739.904297	5074.870605
1738.922852	4945.649902
1737.941406	5023.535156
1736.958984	5098.924316
1735.977539	5028.910156
1734.995117	4968.777832
1734.011719	4955.465820
1733.029297	4919.996094
1732.046875	5017.486816
1731.063477	5041.093750
1730.080078	4995.784180
1729.096680	4938.189453
1728.112305	5013.457031
1727.128906	4946.043945
1726.144531	4984.394043
1725.160156	4968.641602
1724.175781	5134.788086
1723.191406	5165.704102
1722.206055	5063.928223
1721.220703	5050.627930
1720.235352	5054.524902
1719.250000	5134.541504
1718.264648	5162.970215
1717.278320	5311.660156
1716.291992	5271.327148
1715.305664	5594.138672
1714.319336	5597.919922
1713.333008	5648.298340
1712.345703	5715.820801
1711.358398	5834.799805
1710.371094	5951.278809
1709.383789	6170.636719
1708.396484	6318.852539
1707.408203	6246.541992
1706.419922	6495.096680
1705.431641	6677.437988
1704.443359	6886.634766
1703.455078	6997.840820
1702.465820	7228.912598
1701.476563	7474.571289
1700.487305	7673.652832
1699.498047	7884.882324
1698.507813	8213.395508
1697.518555	8138.401367
1696.528320	8520.502930
1695.538086	8455.250977
1694.547852	8707.642578
1693.556641	9008.788086
1692.565430	8943.474609
1691.575195	8983.183594
1690.583008	9039.963867
1689.591797	8869.729492
1688.600586	8845.980469
1687.608398	9017.421875
1686.616211	8800.948242
1685.624023	8791.857422
1684.631836	8585.268555
1683.638672	8610.353516
1682.645508	8625.679688
1681.652344	8355.889648
1680.659180	8410.240234
1679.666016	8372.006836
1678.671875	8302.128906
1677.678711	8280.976563
1676.684570	8189.234375
1675.690430	8277.636719
1674.695313	7957.192383
1673.701172	8060.202148
1672.706055	7876.145508
1671.710938	7774.847656
1670.715820	7994.539063
1669.719727	7902.981445
1668.724609	7767.711914
1667.728516	7639.786621
1666.732422	7796.160156
1665.736328	7840.737305
1664.739258	7608.448242
1663.743164	7847.284180
1662.746094	7845.699707
1661.749023	7751.889160
1660.751953	7721.205566
1659.753906	7702.664063
1658.755859	7718.087402
1657.758789	7626.801758
1656.759766	7649.506836
1655.761719	7841.888184
1654.763672	7808.797363
1653.764648	7751.488281
1652.765625	7725.696289
1651.766602	7847.663086
1650.767578	7705.623047
1649.767578	7745.225098
1648.767578	7557.270020
1647.768555	7570.263184
1646.767578	7457.428223
1645.767578	7671.228027
1644.766602	7780.937012
1643.766602	7578.652832
1642.765625	7654.487305
1641.764648	7607.012207
1640.762695	7491.887207
1639.761719	7516.951172
1638.759766	7486.441406
1637.757813	7455.943848
1636.755859	7338.525879
1635.752930	7426.370605
1634.750977	7439.350586
1633.748047	7355.792480
1632.745117	7359.129883
1631.741211	7278.033203
1630.738281	7298.267090
1629.734375	7383.599121
1628.730469	7213.343262
1627.726563	7248.039063
1626.722656	7222.472656
1625.718750	7235.466797
1624.713867	7359.265625
1623.708984	7280.705566
1622.704102	7438.155762
1621.698242	7037.010742
1620.693359	7346.085449
1619.687500	7522.677246
1618.681641	7463.409668
1617.675781	7505.196777
1616.669922	7532.536621
1615.663086	7523.796387
1614.656250	7430.917969
1613.649414	7414.990723
1612.642578	7463.952637
1611.635742	7500.881348
1610.627930	7581.032227
1609.620117	7824.460449
1608.612305	7736.433594
1607.604492	7737.265625
1606.595703	7889.306641
1605.587891	7947.698730
1604.579102	7852.518555
1603.570313	8093.194336
1602.560547	8177.888184
1601.551758	8274.536133
1600.541992	8241.693359
1599.532227	8345.478516
1598.522461	8518.712891
1597.512695	8679.896484
1596.501953	8685.321289
1595.491211	8896.696289
1594.480469	9043.338867
1593.469727	9496.331055
1592.458984	9417.816406
1591.447266	9626.476563
1590.435547	9681.939453
1589.423828	9888.067383
1588.412109	9941.062500
1587.400391	10106.408203
1586.387695	10056.546875
1585.375000	10035.384766
1584.362305	9835.021484
1583.349609	9835.413086
1582.335938	9589.789063
1581.323242	9614.108398
1580.309570	9289.839844
1579.294922	9352.402344
1578.281250	9145.258789
1577.267578	9260.317383
1576.252930	9289.448242
1575.238281	8867.783203
1574.223633	9099.672852
1573.208008	8942.854492
1572.193359	8941.036133
1571.177734	8970.199219
1570.162109	8925.487305
1569.145508	8964.169922
1568.129883	9083.813477
1567.113281	8834.319336
1566.096680	8899.183594
1565.080078	9052.088867
1564.063477	8940.778320
1563.045898	8879.477539
1562.029297	8799.170898
1561.011719	8764.083984
1559.994141	8802.723633
1558.975586	8774.781250
1557.958008	8720.705078
1556.939453	8583.476563
1555.920898	8612.615234
1554.902344	8473.088867
1553.882813	8221.996094
1552.864258	8436.396484
1551.844727	8372.956055
1550.825195	8480.430664
1549.804688	8265.134766
1548.785156	8441.389648
1547.764648	8370.880859
1546.744141	8528.069336
1545.723633	8476.540039
1544.703125	8453.477539
1543.681641	8345.101563
1542.660156	8362.357422
1541.638672	8535.969727
1540.617188	8472.644531
1539.595703	8565.644531
1538.573242	8746.209961
1537.550781	8746.794922
1536.528320	8487.039063
1535.505859	8397.758789
1534.482422	8585.306641
1533.459961	8602.477539
1532.436523	8508.497070
1531.413086	8622.613281
1530.388672	8623.217773
1529.365234	8340.221680
1528.340820	8466.115234
1527.316406	8343.906250
1526.291992	8332.756836
1525.267578	8288.550781
1524.242188	8388.379883
1523.216797	8582.584961
1522.191406	8344.836914
1521.166016	8376.166992
1520.139648	8268.301758
1519.114258	8342.086914
1518.087891	8290.865234
1517.061523	8366.971680
1516.034180	8336.978516
1515.007813	8363.555664
1513.980469	8269.958984
1512.953125	8277.692383
1511.925781	8546.844727
1510.897461	8488.586914
1509.870117	8621.041016
1508.841797	8654.585938
1507.813477	8615.166016
1506.785156	8879.265625
1505.755859	9049.166992
1504.726563	9063.780273
1503.697266	9449.893555
1502.667969	9513.785156
1501.638672	9749.224609
1500.608398	9827.126953
1499.579102	10029.514648
1498.548828	9949.950195
1497.517578	10196.848633
1496.487305	10009.276367
1495.456055	10211.458008
1494.424805	9862.016602
1493.393555	9852.959961
1492.362305	9806.370117
1491.331055	9846.583984
1490.298828	9696.830078
1489.266602	9291.578125
1488.234375	9296.709961
1487.201172	9236.216797
1486.168945	9105.454102
1485.135742	9110.618164
1484.102539	8926.062500
1483.069336	8961.703125
1482.035156	9210.379883
1481.001953	9164.019531
1479.967773	9194.907227
1478.933594	9431.682617
1477.898438	9574.789063
1476.864258	9664.041992
1475.829102	9891.220703
1474.793945	10008.426758
1473.758789	10109.221680
1472.722656	10569.859375
1471.687500	10675.169922
1470.651367	10904.242188
1469.615234	11362.097656
1468.579102	11889.813477
1467.541992	12211.875000
1466.504883	12939.927734
1465.468750	13513.665039
1464.430664	13872.523438
1463.393555	14434.169922
1462.355469	14883.643555
1461.318359	15281.635742
1460.280273	15318.132813
1459.241211	15748.500000
1458.203125	15819.837891
1457.164063	15993.653320
1456.125000	16148.761719
1455.085938	16369.012695
1454.046875	16058.318359
1453.006836	16346.001953
1451.967773	16561.417969
1450.927734	16718.574219
1449.886719	16619.761719
1448.846680	16627.980469
1447.805664	16745.490234
1446.764648	17230.294922
1445.723633	17077.990234
1444.682617	17348.716797
1443.641602	17196.449219
1442.599609	16921.121094
1441.557617	16945.517578
1440.515625	16600.689453
1439.472656	16100.452148
1438.430664	15544.712891
1437.387695	15346.583984
1436.344727	14895.633789
1435.301758	14403.113281
1434.257813	13968.776367
1433.213867	13699.248047
1432.169922	13258.277344
1431.125977	12958.872070
1430.082031	13025.729492
1429.037109	12575.898438
1427.993164	12561.731445
1426.948242	12014.911133
1425.902344	11910.562500
1424.857422	11915.058594
1423.811523	12049.162109
1422.765625	11806.028320
1421.719727	12078.910156
1420.673828	11976.964844
1419.626953	11949.062500
1418.580078	12113.076172
1417.533203	11810.073242
1416.486328	12096.536133
1415.439453	12091.736328
1414.391602	11913.673828
1413.343750	11973.584961
1412.295898	11867.204102
1411.248047	11864.761719
1410.199219	11843.853516
1409.150391	12074.504883
1408.101563	12065.096680
1407.052734	11938.041992
1406.003906	11647.284180
1404.954102	11571.096680
1403.904297	11451.136719
1402.854492	11384.238281
1401.804688	11499.422852
1400.753906	11137.626953
1399.703125	10928.013672
1398.652344	11183.706055
1397.601563	10992.588867
1396.550781	10720.976563
1395.499023	10790.118164
1394.447266	10859.230469
1393.395508	10571.706055
1392.343750	10721.341797
1391.291016	10459.259766
1390.239258	10397.322266
1389.186523	10413.569336
1388.132813	10195.378906
1387.080078	10071.491211
1386.026367	10372.667969
1384.972656	10315.403320
1383.918945	10310.978516
1382.865234	10276.708984
1381.810547	10387.067383
1380.756836	10589.180664
1379.702148	10396.548828
1378.646484	10472.402344
1377.591797	10738.590820
1376.536133	10903.772461
1375.480469	10977.179688
1374.424805	10899.272461
1373.369141	11201.818359
1372.312500	11020.790039
1371.256836	11016.223633
1370.200195	11226.945313
1369.142578	10977.328125
1368.085938	11091.817383
1367.028320	11046.038086
1365.970703	10945.356445
1364.913086	11087.234375
1363.855469	10901.948242
1362.796875	11208.437500
1361.739258	11233.559570
1360.680664	11151.227539
1359.621094	11199.205078
1358.562500	11400.262695
1357.502930	11116.900391
1356.443359	11582.850586
1355.383789	11797.404297
1354.324219	11826.929688
1353.263672	11997.971680
1352.203125	12367.497070
1351.142578	12581.708984
1350.082031	12640.702148
1349.021484	12961.965820
1347.959961	13456.404297
1346.898438	13713.527344
1345.836914	13972.824219
1344.774414	14437.117188
1343.712891	14942.229492
1342.650391	15157.826172
1341.587891	15701.297852
1340.525391	16228.603516
1339.461914	16441.519531
1338.398438	16793.191406
1337.335938	17376.832031
1336.271484	17721.337891
1335.208008	18074.796875
1334.143555	18280.285156
1333.079102	18260.582031
1332.014648	18379.558594
1330.950195	18200.746094
1329.885742	17719.783203
1328.820313	17727.472656
1327.754883	17285.417969
1326.689453	16709.560547
1325.623047	16322.390625
1324.556641	15647.089844
1323.491211	14985.684570
1322.423828	14569.611328
1321.357422	14171.857422
1320.291016	13790.145508
1319.223633	13388.180664
1318.156250	13151.886719
1317.087891	12854.488281
1316.020508	12829.161133
1314.952148	12606.721680
1313.883789	12318.680664
1312.815430	12261.769531
1311.747070	12365.651367
1310.677734	12159.336914
1309.608398	12351.468750
1308.539063	12165.608398
1307.469727	12285.257813
1306.399414	12174.132813
1305.330078	11927.360352
1304.259766	11721.388672
1303.189453	12035.440430
1302.118164	11754.946289
1301.046875	11888.085938
1299.976563	11246.266602
1298.904297	11363.644531
1297.833008	11261.921875
1296.761719	11153.467773
1295.689453	11065.374023
1294.617188	10760.658203
1293.543945	10661.399414
1292.471680	10722.350586
1291.398438	10767.487305
1290.325195	10569.067383
1289.251953	10706.651367
1288.178711	10783.318359
1287.104492	10943.334961
1286.030273	11015.413086
1284.956055	11080.703125
1283.881836	11245.060547
1282.806641	11465.640625
1281.732422	11733.405273
1280.657227	11922.280273
1279.581055	12075.072266
1278.505859	12108.558594
1277.429688	12049.807617
1276.353516	12436.359375
1275.277344	12289.874023
1274.201172	12689.701172
1273.124023	12581.430664
1272.046875	12682.175781
1270.969727	12719.975586
1269.892578	12800.434570
1268.814453	12703.455078
1267.737305	12604.270508
1266.659180	12489.413086
1265.581055	12439.685547
1264.501953	12194.771484
1263.422852	12109.231445
1262.344727	12032.698242
1261.264648	11545.845703
1260.185547	11534.474609
1259.105469	11509.658203
1258.026367	10834.977539
1256.946289	10882.011719
1255.865234	10326.461914
1254.785156	10440.767578
1253.704102	10346.790039
1252.623047	10031.228516
1251.541992	9926.184570
1250.459961	9801.043945
1249.378906	9787.815430
1248.296875	9669.464844
1247.214844	9633.905273
1246.131836	9658.726563
1245.049805	9486.827148
1243.966797	9484.849609
1242.883789	9272.836914
1241.800781	9190.480469
1240.716797	9467.750000
1239.632813	9197.813477
1238.548828	9240.546875
1237.464844	9164.959961
1236.380859	9147.426758
1235.295898	9161.136719
1234.210938	9032.076172
1233.125977	9085.948242
1232.041016	9191.081055
1230.955078	9215.914063
1229.869141	8866.292969
1228.783203	8884.498047
1227.697266	9096.522461
1226.610352	8840.696289
1225.524414	9230.796875
1224.437500	9039.617188
1223.349609	9169.066406
1222.262695	9216.114258
1221.174805	9076.232422
1220.086914	9065.438477
1218.999023	9010.165039
1217.911133	8950.466797
1216.822266	9275.415039
1215.733398	9193.457031
1214.644531	9053.751953
1213.555664	8907.439453
1212.465820	8930.013672
1211.376953	9074.728516
1210.287109	9115.021484
1209.196289	9224.116211
1208.106445	9246.602539
1207.015625	9315.680664
1205.924805	8989.815430
1204.833984	9101.061523
1203.743164	9167.906250
1202.651367	9037.390625
1201.559570	8968.998047
1200.467773	9000.366211
1199.375977	8938.656250
1198.283203	9096.292969
1197.190430	9030.158203
1196.097656	9094.702148
1195.004883	8813.837891
1193.911133	8907.174805
1192.818359	8737.119141
1191.724609	8837.069336
1190.629883	8742.310547
1189.536133	8802.407227
1188.441406	8625.879883
1187.346680	8597.544922
1186.251953	8706.258789
1185.157227	8593.945313
1184.061523	8483.887695
1182.965820	8488.737305
1181.870117	8374.330078
1180.774414	8538.172852
1179.677734	8562.874023
1178.581055	8338.169922
1177.484375	8332.009766
1176.387695	8317.027344
1175.291016	8399.098633
1174.193359	8185.641113
1173.095703	8336.051758
1171.998047	8228.500000
1170.899414	8200.329102
1169.800781	8163.356934
1168.702148	8133.007813
1167.603516	8144.517090
1166.504883	8193.454102
1165.405273	8220.355469
1164.305664	8187.816895
1163.206055	8148.689941
1162.106445	8111.779297
1161.005859	8116.676270
1159.906250	8189.745605
1158.804688	8308.957031
1157.704102	8230.274414
1156.603516	8254.920898
1155.501953	8334.490234
1154.400391	8352.512695
1153.298828	8394.687500
1152.196289	8359.986328
1151.093750	8575.584961
1149.992188	8527.688477
1148.888672	8692.685547
1147.786133	8815.923828
1146.682617	9077.310547
1145.579102	8992.062500
1144.475586	9218.217773
1143.372070	9181.205078
1142.267578	9054.343750
1141.163086	9175.156250
1140.058594	9335.354492
1138.954102	8869.022461
1137.848633	8882.489258
1136.744141	8830.263672
1135.638672	8780.249023
1134.532227	8732.443359
1133.426758	8636.517578
1132.320313	8645.640625
1131.213867	8630.699219
1130.107422	8423.331055
1129.000000	8712.335938
1127.893555	8472.249023
1126.786133	8662.778320
1125.677734	8479.609375
1124.570313	8582.678711
1123.461914	8600.529297
1122.354492	8635.839844
1121.245117	8616.558594
1120.136719	8496.884766
1119.027344	8842.057617
1117.918945	8632.936523
1116.808594	8886.323242
1115.699219	9000.033203
1114.589844	9089.711914
1113.479492	9236.028320
1112.369141	9506.507813
1111.257813	10020.913086
1110.147461	10262.791992
1109.036133	10648.317383
1107.924805	11321.117188
1106.813477	11586.515625
1105.701172	11847.448242
1104.589844	12415.111328
1103.477539	12680.109375
1102.364258	13319.140625
1101.251953	13407.675781
1100.138672	13620.110352
1099.025391	13641.153320
1097.912109	13292.702148
1096.798828	13255.132813
1095.684570	12937.324219
1094.570313	12632.680664
1093.456055	12202.211914
1092.341797	11665.538086
1091.226563	11235.454102
1090.111328	10872.827148
1088.996094	10571.105469
1087.880859	10076.442383
1086.764648	9801.041992
1085.648438	9330.600586
1084.532227	9408.845703
1083.416016	9125.087891
1082.299805	8882.623047
1081.182617	8809.251953
1080.065430	8783.565430
1078.947266	8877.000000
1077.830078	8636.955078
1076.711914	8630.801758
1075.593750	8598.679688
1074.475586	8633.649414
1073.357422	8759.464844
1072.238281	8638.655273
1071.119141	8658.455078
1070.000000	8416.644531
1068.879883	8734.774414
1067.760742	8549.237305
1066.640625	8532.306641
1065.519531	8649.313477
1064.399414	8539.500000
1063.278320	8567.924805
1062.157227	8630.877930
1061.036133	8667.904297
1059.915039	8853.807617
1058.792969	9112.985352
1057.670898	9093.802734
1056.548828	9029.340820
1055.426758	8997.247070
1054.303711	9083.724609
1053.181641	9280.077148
1052.057617	9418.168945
1050.934570	9153.360352
1049.811523	9123.424805
1048.687500	9151.640625
1047.563477	9149.705078
1046.438477	9319.961914
1045.314453	9188.872070
1044.189453	9195.533203
1043.064453	9193.586914
1041.939453	9309.923828
1040.813477	9249.899414
1039.687500	9361.875000
1038.561523	9110.582031
1037.435547	9319.232422
1036.309570	9349.484375
1035.182617	9409.791992
1034.055664	9592.476563
1032.928711	9476.656250
1031.800781	9551.922852
1030.673828	9418.990234
1029.545898	9453.469727
1028.416992	9389.257813
1027.289063	9500.936523
1026.160156	9372.414063
1025.031250	9295.395508
1023.902344	9434.884766
1022.773438	9045.026367
1021.643555	9285.201172
1020.513672	9390.330078
1019.383789	9234.151367
1018.252930	9414.182617
1017.123047	9431.451172
1015.992188	9324.583984
1014.861328	9140.733398
1013.729492	9331.325195
1012.598633	9239.516602
1011.466797	9378.686523
1010.334961	9239.873047
1009.202148	9475.165039
1008.070313	9520.167969
1006.937500	9659.157227
1005.804688	10099.270508
1004.670898	10372.619141
1003.538086	10848.691406
1002.404297	10521.914063
1001.270508	10348.940430
1000.135742	9777.021484
999.001953	9333.344727
997.867188	9260.977539
996.732422	9169.449219
995.596680	9182.424805
994.461914	8754.169922
993.326172	8935.582031
992.190430	8903.855469
991.054688	8754.981445
989.917969	8946.925781
988.781250	8836.431641
987.644531	8872.872070
986.507813	8785.852539
985.370117	8807.391602
984.232422	8905.509766
983.094727	8858.949219
981.957031	8929.368164
980.819336	8995.504883
979.680664	9095.622070
978.541992	9157.443359
977.402344	9367.969727
976.263672	9442.451172
975.124023	9699.550781
973.984375	9975.650391
972.844727	9971.404297
971.704102	10119.978516
970.563477	10289.709961
969.422852	10525.135742
968.282227	10584.408203
967.141602	10482.484375
966.000000	10690.154297
964.858398	10418.667969
963.715820	10776.733398
962.574219	10712.992188
961.431641	10513.698242
960.289063	10543.228516
959.146484	10428.754883
958.002930	10373.606445
956.860352	10100.470703
955.716797	10007.324219
954.572266	10013.655273
953.428711	9950.178711
952.284180	9789.448242
951.139648	9943.824219
949.995117	9717.630859
948.849609	9747.260742
947.704102	9884.641602
946.558594	9882.534180
945.413086	9939.566406
944.267578	9935.335938
943.121094	10228.786133
941.974609	10304.702148
940.827148	10671.807617
939.680664	10709.619141
938.533203	11006.869141
937.385742	11432.639648
936.238281	12047.992188
935.089844	12677.836914
933.942383	13330.596680
932.792969	14223.292969
931.644531	14854.375977
930.496094	15588.394531
929.346680	16652.710938
928.197266	16855.480469
927.047852	17445.464844
925.897461	17626.933594
924.747070	17385.416016
923.596680	16773.775391
922.446289	16313.818359
921.294922	15589.121094
920.144531	14850.017578
918.992188	13903.154297
917.840820	13265.587891
916.689453	12594.678711
915.537109	11884.147461
914.384766	11281.017578
913.231445	10787.319336
912.079102	10413.478516
910.925781	10140.531250
909.772461	9936.938477
908.619141	9800.560547
907.464844	9769.103516
906.310547	9563.622070
905.156250	9404.348633
904.001953	9486.174805
902.846680	9285.075195
901.691406	9188.812500
900.536133	9285.291992
899.380859	9356.600586
898.224609	9118.011719
897.069336	9097.221680
895.913086	9239.677734
894.755859	8936.403320
893.599609	9183.425781
892.442383	9150.088867
891.285156	9051.944336
890.126953	8849.312500
888.969727	8928.932617
887.811523	8887.317383
886.653320	8881.235352
885.494141	9092.387695
884.335938	8912.933594
883.176758	9065.526367
882.016602	9011.398438
880.857422	8692.248047
879.697266	8755.068359
878.538086	9095.309570
877.376953	8676.234375
876.216797	8743.185547
875.055664	8947.701172
873.894531	8633.139648
872.733398	8622.953125
871.572266	8702.357422
870.410156	8679.662109
869.248047	8825.659180
868.085938	8771.714844
866.922852	8878.078125
865.760742	8847.037109
864.597656	8747.345703
863.433594	8697.623047
862.270508	8745.672852
861.106445	8718.844727
859.942383	8864.578125
858.778320	8906.324219
857.613281	8810.900391
856.449219	8738.371094
855.284180	8960.828125
854.118164	9025.359375
852.953125	8967.362305
851.787109	8977.892578
850.621094	9141.994141
849.455078	8861.991211
848.288086	8999.078125
847.121094	8860.259766
845.954102	8947.520508
844.787109	8972.549805
843.619141	8866.987305
842.452148	8869.226563
841.283203	8856.961914
840.115234	9029.052734
838.947266	9109.949219
837.778320	9081.075195
836.609375	9079.123047
835.439453	9091.659180
834.269531	9131.086914
833.100586	9046.375977
831.929688	8996.861328
830.759766	8992.859375
829.588867	9166.650391
828.417969	9121.274414
827.247070	9111.045898
826.076172	9243.377930
824.904297	9237.257813
823.732422	9156.795898
822.560547	9121.791016
821.387695	9156.984375
820.215820	9177.715820
819.042969	9165.423828
817.869141	9142.821289
816.696289	9114.041992
815.522461	9118.265625
814.348633	9237.935547
813.174805	9104.034180
812.000000	9110.316406
810.825195	9225.789063
809.650391	9194.964844
808.475586	9211.518555
807.300781	9238.359375
806.125000	9028.462891
804.949219	9232.321289
803.772461	9353.787109
802.596680	9236.571289
801.419922	9318.905273
800.243164	9349.796875
799.065430	9146.312500
797.887695	9337.545898
796.710938	9432.114258
795.532227	9282.158203
794.354492	9271.940430
793.175781	9317.173828
791.997070	9282.314453
790.818359	9430.160156
789.639648	9354.245117
788.459961	9288.620117
787.280273	9360.465820
786.100586	9255.899414
784.919922	9155.478516
783.739258	9245.755859
782.558594	8928.120117
781.377930	9112.667969
780.196289	9381.132813
779.014648	9305.370117
777.833008	9258.308594
776.651367	9366.869141
775.468750	9239.982422
774.287109	9495.848633
773.103516	9379.217773
771.920898	9446.743164
770.737305	9504.013672
769.553711	9495.826172
768.370117	9636.876953
767.186523	9755.382813
766.001953	10012.791016
764.817383	10116.862305
763.632813	10102.420898
762.447266	10281.984375
761.262695	10251.178711
760.077148	10640.876953
758.890625	10748.778320
757.705078	10989.254883
756.518555	11215.347656
755.332031	11539.235352
754.145508	11911.917969
752.958008	12239.590820
751.770508	12913.603516
750.583008	13507.853516
749.395508	14501.146484
748.207031	15335.137695
747.018555	16865.205078
745.830078	18129.939453
744.640625	19677.056641
743.452148	20977.263672
742.262695	21798.773438
741.073242	22353.451172
739.882813	23076.685547
738.692383	22797.195313
737.501953	22682.486328
736.311523	22116.630859
735.120117	22575.128906
733.929688	23019.207031
732.738281	23280.292969
731.545898	23516.896484
730.354492	24206.132813
729.162109	24631.197266
727.969727	25687.197266
726.776367	25835.826172
725.583984	25706.492188
724.390625	25173.640625
723.196289	24152.373047
722.002930	22486.919922
720.808594	20992.429688
719.614258	19188.570313
718.419922	17752.162109
717.224609	16196.879883
716.030273	15336.822266
714.834961	14578.360352
713.638672	14105.619141
712.443359	13610.821289
711.247070	13272.021484
710.050781	13034.504883
708.853516	12896.182617
707.657227	12541.581055
706.459961	12298.310547
705.262695	12075.354492
704.064453	11905.028320
702.867188	11864.062500
701.668945	11804.935547
700.469727	11618.623047
699.271484	11505.067383
698.072266	11722.569336
696.873047	11931.904297
695.673828	12078.605469
694.473633	12316.008789
693.273438	12577.507813
692.073242	12959.861328
690.873047	13436.787109
689.671875	13915.519531
688.470703	14418.221680
687.269531	15085.884766
686.068359	15785.480469
684.866211	16098.173828
683.664063	16658.339844
682.461914	16680.882813
681.258789	17027.382813
680.055664	16983.445313
678.852539	16740.402344
677.649414	16183.761719
676.445313	15832.431641
675.242188	15161.657227
674.037109	15305.059570
672.833008	15000.356445
671.627930	14687.750000
670.422852	14708.653320
669.217773	14703.445313
668.012695	14806.637695
666.806641	14733.170898
665.600586	14802.199219
664.394531	15055.756836
663.187500	15387.424805
661.980469	15353.996094
660.773438	15470.939453
659.566406	15551.753906
658.358398	15860.977539
657.150391	15947.678711
655.942383	16002.292969
654.734375	15962.760742
653.525391	15837.150391
652.316406	15567.469727
651.107422	15293.902344
649.897461	14840.375977
648.688477	14219.010742
647.478516	13923.913086
646.267578	13726.921875
645.057617	13122.195313
643.846680	12861.504883
642.635742	12700.838867
641.423828	12334.468750
640.212891	12511.541992
639.000977	12237.230469
637.788086	12170.672852
636.576172	12239.875977
635.363281	12440.760742
634.150391	12463.983398
632.937500	12776.436523
631.723633	12861.398438
630.510742	13410.899414
629.295898	13505.651367
628.082031	13705.991211
626.867188	13908.235352
625.652344	13644.227539
624.437500	13360.416992
623.222656	13249.970703
622.006836	12751.357422
620.791016	12358.452148
619.575195	12045.317383
618.358398	11849.700195
617.141602	11514.931641
615.924805	11226.046875
614.708008	11072.488281
613.490234	10817.618164
612.272461	10729.797852
611.054688	10725.465820
609.836914	10435.079102
608.618164	10420.881836
607.399414	10347.121094
606.180664	10215.821289
604.960938	10209.618164
603.741211	10161.746094
602.521484	10080.167969
601.301758	10079.947266
600.081055	10071.792969
598.860352	9956.582031
597.639648	9797.813477
596.418945	9918.537109
595.197266	10068.925781
593.975586	9914.197266
592.753906	9969.459961
591.531250	9808.877930
590.308594	9842.363281
589.085938	9909.478516
587.863281	10018.115234
586.639648	9766.662109
585.416016	10160.087891
584.192383	9964.079102
582.967773	10116.099609
581.744141	10115.860352
580.519531	10218.377930
579.293945	10261.580078
578.069336	10334.390625
576.843750	10586.875000
575.618164	10620.093750
574.391602	10734.228516
573.166016	10802.921875
571.939453	10822.257813
570.711914	10973.750977
569.485352	11022.622070
568.257813	10907.815430
567.030273	10737.860352
565.802734	10755.214844
564.574219	10689.800781
563.345703	10622.445313
562.117188	10627.994141
560.888672	10594.156250
559.659180	10570.175781
558.429688	10508.807617
557.200195	10290.035156
555.969727	10197.274414
554.739258	10279.618164
553.508789	10413.056641
552.278320	10145.340820
551.046875	10530.360352
549.815430	10357.068359
548.583984	10339.076172
547.352539	10185.544922
546.120117	10138.136719
544.887695	10491.315430
543.655273	10367.296875
542.421875	10504.371094
541.188477	10482.441406
539.955078	10676.322266
538.721680	10654.362305
537.487305	10389.250000
536.252930	10459.507813
535.018555	10388.604492
533.783203	10400.039063
532.547852	10478.083008
531.312500	10303.403320
530.077148	10185.592773
528.840820	10457.467773
527.604492	10588.280273
526.368164	10537.024414
525.131836	10978.871094
523.894531	11395.091797
522.657227	12227.715820
521.419922	12428.384766
520.181641	12075.714844
518.943359	11328.386719
517.705078	10876.453125
516.465820	10538.031250
515.227539	10479.068359
513.988281	10539.250977
512.748047	10300.694336
511.508789	10446.774414
510.268555	10382.026367
509.028320	10584.603516
507.788086	10363.799805
506.546875	10507.784180
505.305664	10503.519531
504.064453	10310.168945
502.822266	10315.693359
501.580078	10467.352539
