1802.318359	12376.255859
1801.348633	12725.867188
1800.379883	12748.292969
1799.410156	12600.964844
1798.440430	12773.148438
1797.470703	12416.274414
1796.500977	12640.814453
1795.530273	12728.081055
1794.559570	12802.842773
1793.588867	12845.163086
1792.618164	12904.914063
1791.647461	13036.916016
1790.675781	12820.019531
1789.705078	12864.791016
1788.733398	13158.617188
1787.761719	12996.610352
1786.789063	12946.707031
1785.817383	13083.515625
1784.844727	13227.736328
1783.872070	13210.161133
1782.899414	13351.808594
1781.926758	13244.672852
1780.953125	13326.574219
1779.980469	13105.116211
1779.006836	13154.695313
1778.033203	13467.693359
1777.058594	13482.391602
1776.084961	13355.479492
1775.110352	13536.606445
1774.135742	13454.431641
1773.161133	13479.049805
1772.186523	13863.588867
1771.210938	13751.614258
1770.236328	13902.701172
1769.260742	13897.437500
1768.285156	14088.118164
1767.308594	14000.983398
1766.333008	14206.441406
1765.356445	14592.769531
1764.379883	14540.280273
1763.403320	14658.781250
1762.426758	14844.121094
1761.449219	15125.982422
1760.472656	15063.519531
1759.495117	15293.229492
1758.517578	15507.994141
1757.539063	15247.502930
1756.561523	15444.869141
1755.583008	15441.773438
1754.604492	15413.944336
1753.625977	15482.567383
1752.647461	15511.604492
1751.667969	15577.707031
1750.688477	15468.314453
1749.709961	15302.134766
1748.729492	15331.180664
1747.750000	15320.696289
1746.770508	15221.317383
1745.790039	15121.977539
1744.809570	15059.702148
1743.829102	14908.606445
1742.847656	14967.300781
1741.867188	14895.223633
1740.885742	14786.178711
1739.904297	14837.461914
1738.922852	15061.303711
1737.941406	14760.023438
1736.958984	14695.450195
1735.977539	14589.014648
1734.995117	14652.598633
1734.011719	14886.100586
1733.029297	14858.487305
1732.046875	14629.001953
1731.063477	14827.905273
1730.080078	14652.659180
1729.096680	14785.042969
1728.112305	14595.113281
1727.128906	14638.912109
1726.144531	14795.806641
1725.160156	14854.296875
1724.175781	14644.838867
1723.191406	15071.961914
1722.206055	14904.312500
1721.220703	14982.382813
1720.235352	15173.398438
1719.250000	15005.827148
1718.264648	15098.557617
1717.278320	14921.249023
1716.291992	15151.384766
1715.305664	15310.274414
1714.319336	15191.900391
1713.333008	15242.802734
1712.345703	15629.619141
1711.358398	15881.442383
1710.371094	15613.528320
1709.383789	15865.250977
1708.396484	16163.423828
1707.408203	15917.659180
1706.419922	16051.608398
1705.431641	16352.009766
1704.443359	16341.374023
1703.455078	16369.905273
1702.465820	16628.457031
1701.476563	16581.070313
1700.487305	16929.980469
1699.498047	17188.261719
1698.507813	17003.857422
1697.518555	17511.375000
1696.528320	17248.763672
1695.538086	17809.787109
1694.547852	18101.832031
1693.556641	18230.093750
1692.565430	18238.632813
1691.575195	18308.210938
1690.583008	18201.990234
1689.591797	18732.849609
1688.600586	18804.724609
1687.608398	18686.265625
1686.616211	18672.742188
1685.624023	18988.460938
1684.631836	18999.263672
1683.638672	19348.917969
1682.645508	19298.708984
1681.652344	19314.312500
1680.659180	19057.039063
1679.666016	18911.917969
1678.671875	19005.519531
1677.678711	19174.562500
1676.684570	19141.482422
1675.690430	18928.308594
1674.695313	18978.025391
1673.701172	18937.703125
1672.706055	19006.855469
1671.710938	18784.148438
1670.715820	19188.839844
1669.719727	19150.933594
1668.724609	18682.853516
1667.728516	18841.890625
1666.732422	18978.998047
1665.736328	18554.953125
1664.739258	18874.197266
1663.743164	18717.423828
1662.746094	18793.751953
1661.749023	18772.968750
1660.751953	18659.984375
1659.753906	18765.388672
1658.755859	18594.236328
1657.758789	18401.326172
1656.759766	18814.634766
1655.761719	18549.035156
1654.763672	18785.222656
1653.764648	18720.849609
1652.765625	18438.468750
1651.766602	18834.392578
1650.767578	18767.623047
1649.767578	18754.146484
1648.767578	18852.023438
1647.768555	19230.599609
1646.767578	18861.341797
1645.767578	18709.958984
1644.766602	18889.996094
1643.766602	18888.595703
1642.765625	19380.408203
1641.764648	19045.330078
1640.762695	19019.726563
1639.761719	19233.343750
1638.759766	18939.562500
1637.757813	19481.582031
1636.755859	19344.828125
1635.752930	19529.230469
1634.750977	19320.105469
1633.748047	19434.449219
1632.745117	19507.726563
1631.741211	19552.025391
1630.738281	19690.367188
1629.734375	19700.851563
1628.730469	19554.621094
1627.726563	19425.322266
1626.722656	19551.525391
1625.718750	19653.580078
1624.713867	19461.705078
1623.708984	19766.044922
1622.704102	19345.466797
1621.698242	19695.445313
1620.693359	19698.677734
1619.687500	19774.101563
1618.681641	19827.839844
1617.675781	19804.578125
1616.669922	20029.042969
1615.663086	20070.671875
1614.656250	20177.189453
1613.649414	20264.437500
1612.642578	20601.566406
1611.635742	20222.587891
1610.627930	20422.666016
1609.620117	20454.550781
1608.612305	20455.207031
1607.604492	20664.716797
1606.595703	20744.531250
1605.587891	21148.269531
1604.579102	20995.230469
1603.570313	21218.849609
1602.560547	21480.746094
1601.551758	21569.900391
1600.541992	21486.416016
1599.532227	22054.880859
1598.522461	21820.365234
1597.512695	22383.736328
1596.501953	22688.185547
1595.491211	23069.146484
1594.480469	23124.322266
1593.469727	23409.281250
1592.458984	23658.224609
1591.447266	23725.208984
1590.435547	24179.728516
1589.423828	23940.414063
1588.412109	24287.087891
1587.400391	24361.056641
1586.387695	24344.158203
1585.375000	24317.705078
1584.362305	24446.574219
1583.349609	24556.281250
1582.335938	24360.212891
1581.323242	24457.947266
1580.309570	24381.353516
1579.294922	24564.974609
1578.281250	24354.740234
1577.267578	24304.455078
1576.252930	24356.769531
1575.238281	24432.912109
1574.223633	24461.330078
1573.208008	24554.107422
1572.193359	24058.085938
1571.177734	24327.257813
1570.162109	24227.003906
1569.145508	24024.355469
1568.129883	24626.804688
1567.113281	24381.292969
1566.096680	24333.480469
1565.080078	24142.871094
1564.063477	24197.455078
1563.045898	24240.117188
1562.029297	24130.519531
1561.011719	23737.943359
1559.994141	23528.619141
1558.975586	23763.943359
1557.958008	23442.984375
1556.939453	23526.138672
1555.920898	23518.974609
1554.902344	23568.822266
1553.882813	23352.654297
1552.864258	23217.304688
1551.844727	23616.150391
1550.825195	23373.994141
1549.804688	23347.876953
1548.785156	23680.019531
1547.764648	23815.144531
1546.744141	24049.820313
1545.723633	23869.462891
1544.703125	23964.164063
1543.681641	24054.085938
1542.660156	24359.603516
1541.638672	24288.302734
1540.617188	24169.658203
1539.595703	24392.076172
1538.573242	24337.382813
1537.550781	24344.257813
1536.528320	24261.193359
1535.505859	24431.349609
1534.482422	24244.205078
1533.459961	24189.591797
1532.436523	23777.916016
1531.413086	24219.919922
1530.388672	24049.511719
1529.365234	23902.806641
1528.340820	24034.976563
1527.316406	23619.019531
1526.291992	23864.562500
1525.267578	23703.839844
1524.242188	23696.642578
1523.216797	23569.062500
1522.191406	23585.492188
1521.166016	23717.529297
1520.139648	23844.792969
1519.114258	24002.662109
1518.087891	24066.146484
1517.061523	23790.113281
1516.034180	24127.031250
1515.007813	24119.748047
1513.980469	24341.009766
1512.953125	24418.486328
1511.925781	24663.144531
1510.897461	24792.324219
1509.870117	25185.117188
1508.841797	24998.736328
1507.813477	25231.304688
1506.785156	25513.185547
1505.755859	25658.517578
1504.726563	25561.552734
1503.697266	25735.029297
1502.667969	25504.089844
1501.638672	25719.808594
1500.608398	25531.261719
1499.579102	25509.597656
1498.548828	25657.060547
1497.517578	24905.015625
1496.487305	25104.193359
1495.456055	24824.406250
1494.424805	24659.734375
1493.393555	24469.318359
1492.362305	24668.416016
1491.331055	24377.214844
1490.298828	24280.769531
1489.266602	24285.179688
1488.234375	24348.189453
1487.201172	24211.964844
1486.168945	24696.726563
1485.135742	24586.251953
1484.102539	24946.601563
1483.069336	25028.138672
1482.035156	25203.289063
1481.001953	25340.914063
1479.967773	25562.732422
1478.933594	25524.740234
1477.898438	26525.416016
1476.864258	26828.708984
1475.829102	27014.958984
1474.793945	27479.337891
1473.758789	28170.251953
1472.722656	28440.236328
1471.687500	29340.947266
1470.651367	29795.119141
1469.615234	30129.994141
1468.579102	30763.609375
1467.541992	32207.041016
1466.504883	32578.554688
1465.468750	33253.277344
1464.430664	34004.714844
1463.393555	35290.007813
1462.355469	36050.042969
1461.318359	36539.292969
1460.280273	37604.136719
1459.241211	38740.796875
1458.203125	38765.476563
1457.164063	40108.773438
1456.125000	40214.679688
1455.085938	40746.707031
1454.046875	40980.492188
1453.006836	41256.078125
1451.967773	42108.734375
1450.927734	42728.347656
1449.886719	42898.710938
1448.846680	43252.750000
1447.805664	43325.265625
1446.764648	42937.402344
1445.723633	42140.585938
1444.682617	41378.957031
1443.641602	40406.195313
1442.599609	38901.855469
1441.557617	37837.093750
1440.515625	36703.105469
1439.472656	34993.816406
1438.430664	34190.476563
1437.387695	33399.066406
1436.344727	32580.138672
1435.301758	31620.042969
1434.257813	31112.589844
1433.213867	30619.257813
1432.169922	30209.583984
1431.125977	29730.541016
1430.082031	29529.775391
1429.037109	29558.458984
1427.993164	29024.248047
1426.948242	28754.267578
1425.902344	28627.953125
1424.857422	28605.863281
1423.811523	28972.611328
1422.765625	28682.031250
1421.719727	29092.566406
1420.673828	29329.453125
1419.626953	29575.492188
1418.580078	29469.986328
1417.533203	29639.607422
1416.486328	29795.289063
1415.439453	30417.662109
1414.391602	30219.656250
1413.343750	30206.507813
1412.295898	29955.511719
1411.248047	29942.419922
1410.199219	29991.656250
1409.150391	30001.636719
1408.101563	29319.408203
1407.052734	29634.025391
1406.003906	29009.810547
1404.954102	29165.251953
1403.904297	28605.939453
1402.854492	28443.308594
1401.804688	28280.746094
1400.753906	27784.164063
1399.703125	27681.691406
1398.652344	27406.529297
1397.601563	27055.492188
1396.550781	27091.355469
1395.499023	26669.175781
1394.447266	26965.132813
1393.395508	26545.449219
1392.343750	26378.962891
1391.291016	26148.150391
1390.239258	26154.255859
1389.186523	25829.330078
1388.132813	25867.671875
1387.080078	26000.208984
1386.026367	25719.162109
1384.972656	25987.189453
1383.918945	26087.464844
1382.865234	26594.083984
1381.810547	26255.751953
1380.756836	26567.046875
1379.702148	27162.734375
1378.646484	27248.892578
1377.591797	27481.802734
1376.536133	27641.236328
1375.480469	27947.330078
1374.424805	27590.859375
1373.369141	27993.085938
1372.312500	28461.591797
1371.256836	28375.539063
1370.200195	28300.972656
1369.142578	28627.150391
1368.085938	28364.833984
1367.028320	28551.240234
1365.970703	28792.488281
1364.913086	28660.707031
1363.855469	29251.808594
1362.796875	29410.427734
1361.739258	29331.183594
1360.680664	29505.718750
1359.621094	29634.468750
1358.562500	29859.138672
1357.502930	30773.664063
1356.443359	31219.562500
1355.383789	31836.548828
1354.324219	32277.472656
1353.263672	32747.888672
1352.203125	33355.042969
1351.142578	33993.886719
1350.082031	34552.621094
1349.021484	35241.128906
1347.959961	35473.277344
1346.898438	36564.847656
1345.836914	36461.546875
1344.774414	37005.511719
1343.712891	37453.550781
1342.650391	38243.101563
1341.587891	39034.601563
1340.525391	39743.796875
1339.461914	40345.699219
1338.398438	41409.398438
1337.335938	42584.164063
1336.271484	43574.148438
1335.208008	44238.441406
1334.143555	44634.093750
1333.079102	45259.234375
1332.014648	45213.488281
1330.950195	45247.308594
1329.885742	45112.957031
1328.820313	45005.925781
1327.754883	44537.777344
1326.689453	43797.308594
1325.623047	43281.921875
1324.556641	43002.824219
1323.491211	41593.617188
1322.423828	41126.648438
1321.357422	40630.378906
1320.291016	39782.753906
1319.223633	38940.015625
1318.156250	38684.820313
1317.087891	38298.261719
1316.020508	37773.617188
1314.952148	37351.152344
1313.883789	37232.406250
1312.815430	36735.484375
1311.747070	36304.429688
1310.677734	35878.082031
1309.608398	36006.445313
1308.539063	35691.214844
1307.469727	35842.183594
1306.399414	35436.632813
1305.330078	34947.574219
1304.259766	34933.539063
1303.189453	34390.523438
1302.118164	33960.742188
1301.046875	33458.828125
1299.976563	32952.601563
1298.904297	32746.992188
1297.833008	32243.376953
1296.761719	31606.759766
1295.689453	31013.294922
1294.617188	30521.630859
1293.543945	30018.888672
1292.471680	29963.023438
1291.398438	29156.119141
1290.325195	29168.101563
1289.251953	29139.496094
1288.178711	29106.394531
1287.104492	29059.781250
1286.030273	28961.367188
1284.956055	29061.220703
1283.881836	29449.310547
1282.806641	29801.208984
1281.732422	29925.585938
1280.657227	30365.015625
1279.581055	31000.037109
1278.505859	31101.582031
1277.429688	31378.535156
1276.353516	31439.476563
1275.277344	31720.736328
1274.201172	32046.835938
1273.124023	31676.076172
1272.046875	31714.427734
1270.969727	31546.078125
1269.892578	30917.349609
1268.814453	30612.250000
1267.737305	30298.294922
1266.659180	29953.042969
1265.581055	29554.070313
1264.501953	28605.544922
1263.422852	28124.015625
1262.344727	27757.068359
1261.264648	27352.150391
1260.185547	27063.978516
1259.105469	26444.197266
1258.026367	26098.066406
1256.946289	25906.671875
1255.865234	25872.156250
1254.785156	25447.970703
1253.704102	25171.742188
1252.623047	24774.740234
1251.541992	24758.386719
1250.459961	24813.646484
1249.378906	24443.810547
1248.296875	24340.298828
1247.214844	24332.990234
1246.131836	24111.044922
1245.049805	23824.363281
1243.966797	23732.236328
1242.883789	23738.460938
1241.800781	23650.855469
1240.716797	23929.576172
1239.632813	24009.441406
1238.548828	23459.691406
1237.464844	23285.160156
1236.380859	23409.736328
1235.295898	23806.462891
1234.210938	23810.417969
1233.125977	23571.277344
1232.041016	23635.482422
1230.955078	23701.886719
1229.869141	23795.009766
1228.783203	23593.947266
1227.697266	23773.937500
1226.610352	23846.935547
1225.524414	23982.257813
1224.437500	23975.023438
1223.349609	24003.408203
1222.262695	24220.955078
1221.174805	24069.039063
1220.086914	24342.093750
1218.999023	24434.873047
1217.911133	24472.019531
1216.822266	24580.294922
1215.733398	24599.609375
1214.644531	24092.224609
1213.555664	24382.699219
1212.465820	24437.582031
1211.376953	24352.521484
1210.287109	24178.675781
1209.196289	24384.523438
1208.106445	24135.275391
1207.015625	24216.775391
1205.924805	23790.175781
1204.833984	24062.470703
1203.743164	23571.765625
1202.651367	23835.119141
1201.559570	23765.849609
1200.467773	24206.353516
1199.375977	23700.513672
1198.283203	23968.044922
1197.190430	23954.171875
1196.097656	23645.781250
1195.004883	23647.476563
1193.911133	23773.125000
1192.818359	23549.058594
1191.724609	23690.160156
1190.629883	23488.322266
1189.536133	23485.617188
1188.441406	23314.861328
1187.346680	23522.210938
1186.251953	23342.673828
1185.157227	22765.445313
1184.061523	23235.687500
1182.965820	23096.080078
1181.870117	23139.828125
1180.774414	22881.066406
1179.677734	22940.291016
1178.581055	22999.488281
1177.484375	22979.222656
1176.387695	22546.423828
1175.291016	22790.937500
1174.193359	22817.033203
1173.095703	22666.740234
1171.998047	22657.580078
1170.899414	22785.058594
1169.800781	23084.341797
1168.702148	22685.187500
1167.603516	23068.056641
1166.504883	23061.017578
1165.405273	22961.517578
1164.305664	23038.140625
1163.206055	22938.683594
1162.106445	23085.679688
1161.005859	22834.476563
1159.906250	22935.246094
1158.804688	23110.728516
1157.704102	22839.890625
1156.603516	22775.757813
1155.501953	22672.097656
1154.400391	22638.779297
1153.298828	22636.224609
1152.196289	22796.169922
1151.093750	22547.683594
1149.992188	22628.556641
1148.888672	22729.144531
1147.786133	22395.255859
1146.682617	22438.812500
1145.579102	22686.316406
1144.475586	22341.679688
1143.372070	22928.898438
1142.267578	22790.380859
1141.163086	22875.437500
1140.058594	22445.599609
1138.954102	22773.828125
1137.848633	23023.078125
1136.744141	22759.878906
1135.638672	22481.464844
1134.532227	22513.945313
1133.426758	22767.410156
1132.320313	22808.564453
1131.213867	22836.578125
1130.107422	22702.757813
1129.000000	22676.121094
1127.893555	22972.996094
1126.786133	23073.062500
1125.677734	22576.605469
1124.570313	23061.171875
1123.461914	23054.136719
1122.354492	22874.603516
1121.245117	23011.691406
1120.136719	22904.265625
1119.027344	22912.539063
1117.918945	23032.072266
1116.808594	22963.968750
1115.699219	23404.011719
1114.589844	23861.310547
1113.479492	23769.093750
1112.369141	24369.960938
1111.257813	24711.279297
1110.147461	25433.685547
1109.036133	26112.226563
1107.924805	26439.892578
1106.813477	27636.082031
1105.701172	28429.085938
1104.589844	29221.755859
1103.477539	29959.697266
1102.364258	30732.128906
1101.251953	30893.113281
1100.138672	31580.218750
1099.025391	31354.000000
1097.912109	30858.369141
1096.798828	30601.972656
1095.684570	30045.875000
1094.570313	29314.074219
1093.456055	28645.556641
1092.341797	27566.972656
1091.226563	27022.830078
1090.111328	26103.464844
1088.996094	25418.822266
1087.880859	24647.695313
1086.764648	24278.128906
1085.648438	24162.417969
1084.532227	23600.160156
1083.416016	23120.501953
1082.299805	23386.501953
1081.182617	23063.080078
1080.065430	23079.875000
1078.947266	23053.345703
1077.830078	22920.732422
1076.711914	22822.810547
1075.593750	23004.121094
1074.475586	22910.546875
1073.357422	23000.896484
1072.238281	23374.546875
1071.119141	23382.585938
1070.000000	22750.667969
1068.879883	23124.132813
1067.760742	23430.443359
1066.640625	23339.066406
1065.519531	23664.642578
1064.399414	23810.820313
1063.278320	23885.681641
1062.157227	23889.269531
1061.036133	23955.445313
1059.915039	24338.800781
1058.792969	24527.824219
1057.670898	24727.550781
1056.548828	24847.400391
1055.426758	24809.806641
1054.303711	24767.914063
1053.181641	25163.535156
1052.057617	25084.953125
1050.934570	25279.990234
1049.811523	25309.103516
1048.687500	25099.183594
1047.563477	25238.115234
1046.438477	25376.986328
1045.314453	25251.107422
1044.189453	25136.037109
1043.064453	25264.082031
1041.939453	24908.187500
1040.813477	25354.443359
1039.687500	25473.757813
1038.561523	24630.164063
1037.435547	25125.615234
1036.309570	25025.767578
1035.182617	25196.593750
1034.055664	25483.304688
1032.928711	25003.429688
1031.800781	25056.087891
1030.673828	25018.589844
1029.545898	25131.296875
1028.416992	24761.298828
1027.289063	24910.468750
1026.160156	24542.816406
1025.031250	24432.570313
1023.902344	24616.003906
1022.773438	24632.214844
1021.643555	24457.742188
1020.513672	24497.537109
1019.383789	24419.533203
1018.252930	24088.916016
1017.123047	24344.958984
1015.992188	23764.099609
1014.861328	23917.396484
1013.729492	23779.691406
1012.598633	23796.033203
1011.466797	23686.207031
1010.334961	23460.982422
1009.202148	23629.134766
1008.070313	23923.294922
1006.937500	24010.087891
1005.804688	24398.025391
1004.670898	24228.406250
1003.538086	24547.804688
1002.404297	24433.724609
1001.270508	24225.785156
1000.135742	23926.177734
999.001953	23848.562500
997.867188	23815.771484
996.732422	23744.607422
995.596680	23869.615234
994.461914	23419.056641
993.326172	23695.382813
992.190430	23328.142578
991.054688	23237.980469
989.917969	23548.240234
988.781250	23149.322266
987.644531	23248.712891
986.507813	22941.544922
985.370117	23130.308594
984.232422	23323.244141
983.094727	23165.142578
981.957031	23164.468750
980.819336	23012.843750
979.680664	23184.378906
978.541992	23453.597656
977.402344	23735.447266
976.263672	23218.447266
975.124023	23704.113281
973.984375	23637.492188
972.844727	23776.822266
971.704102	23468.248047
970.563477	23777.314453
969.422852	23706.484375
968.282227	23987.791016
967.141602	23885.134766
966.000000	23763.437500
964.858398	24093.302734
963.715820	24147.513672
962.574219	23871.156250
961.431641	23961.402344
960.289063	23985.951172
959.146484	23874.966797
958.002930	23905.871094
956.860352	23792.832031
955.716797	23489.384766
954.572266	23537.273438
953.428711	23523.796875
952.284180	23402.468750
951.139648	23602.574219
949.995117	23229.724609
948.849609	23603.082031
947.704102	23357.167969
946.558594	23605.695313
945.413086	23349.322266
944.267578	23616.746094
943.121094	24004.394531
941.974609	24349.660156
940.827148	24471.085938
939.680664	25022.867188
938.533203	25464.724609
937.385742	26226.951172
936.238281	26803.302734
935.089844	27866.367188
933.942383	29114.445313
932.792969	30182.880859
931.644531	31328.806641
930.496094	32598.511719
929.346680	33617.078125
928.197266	34287.828125
927.047852	35076.164063
925.897461	35142.328125
924.747070	34674.046875
923.596680	34487.839844
922.446289	32871.597656
921.294922	31914.173828
920.144531	30721.708984
918.992188	29336.390625
917.840820	28117.666016
916.689453	27042.318359
915.537109	26158.566406
914.384766	25149.193359
913.231445	24587.447266
912.079102	24261.033203
910.925781	23647.248047
909.772461	23507.910156
908.619141	23211.300781
907.464844	23049.042969
906.310547	22888.949219
905.156250	22982.583984
904.001953	22738.734375
902.846680	22635.382813
901.691406	22819.093750
900.536133	22763.943359
899.380859	22844.931641
898.224609	22819.107422
897.069336	22724.214844
895.913086	22298.701172
894.755859	22532.457031
893.599609	22766.111328
892.442383	22704.767578
891.285156	22363.257813
890.126953	22247.669922
888.969727	22345.322266
887.811523	22328.000000
886.653320	22667.937500
885.494141	22358.125000
884.335938	22152.857422
883.176758	22196.132813
882.016602	22458.568359
880.857422	22472.541016
879.697266	22336.273438
878.538086	22550.527344
877.376953	22414.298828
876.216797	22455.371094
875.055664	22237.914063
873.894531	22145.607422
872.733398	22407.591797
871.572266	21998.609375
870.410156	22081.376953
869.248047	22122.457031
868.085938	22090.646484
866.922852	21933.951172
865.760742	22283.044922
864.597656	22101.404297
863.433594	21776.302734
862.270508	22081.525391
861.106445	22047.675781
859.942383	22042.945313
858.778320	22000.802734
857.613281	21829.837891
856.449219	21978.894531
855.284180	22019.875000
854.118164	22492.791016
852.953125	22591.773438
851.787109	22410.480469
850.621094	22237.562500
849.455078	22239.013672
848.288086	22219.716797
847.121094	22183.833984
845.954102	22046.359375
844.787109	22054.062500
843.619141	22041.033203
842.452148	22104.683594
841.283203	22356.835938
840.115234	22509.457031
838.947266	22301.669922
837.778320	22234.761719
836.609375	22323.134766
835.439453	22543.919922
834.269531	22394.234375
833.100586	22803.158203
831.929688	22653.476563
830.759766	22849.183594
829.588867	22786.382813
828.417969	22783.548828
827.247070	23210.541016
826.076172	22790.277344
824.904297	22886.587891
823.732422	22720.583984
822.560547	23031.591797
821.387695	22818.148438
820.215820	23112.488281
819.042969	23200.365234
817.869141	23020.023438
816.696289	22965.570313
815.522461	22995.679688
814.348633	23176.271484
813.174805	22744.626953
812.000000	23019.982422
810.825195	23089.195313
809.650391	23166.615234
808.475586	23204.871094
807.300781	22891.035156
806.125000	23242.220703
804.949219	23358.636719
803.772461	23131.384766
802.596680	23305.371094
801.419922	23273.611328
800.243164	23521.515625
799.065430	24028.343750
797.887695	24156.763672
796.710938	24038.535156
795.532227	24066.222656
794.354492	24256.167969
793.175781	24092.810547
791.997070	23999.330078
790.818359	23591.822266
789.639648	23580.578125
788.459961	23399.033203
787.280273	23791.955078
786.100586	23393.041016
784.919922	23525.376953
783.739258	23186.140625
782.558594	23437.339844
781.377930	23467.117188
780.196289	23363.712891
779.014648	23229.626953
777.833008	23349.531250
776.651367	23371.107422
775.468750	23214.585938
774.287109	23391.712891
773.103516	23482.828125
771.920898	23416.386719
770.737305	23630.164063
769.553711	23999.250000
768.370117	23838.697266
767.186523	24062.460938
766.001953	24177.824219
764.817383	24325.824219
763.632813	24545.246094
762.447266	24809.500000
761.262695	24781.677734
760.077148	25043.720703
758.890625	25399.525391
757.705078	25704.166016
756.518555	26037.230469
755.332031	26623.042969
754.145508	26937.410156
752.958008	27624.699219
751.770508	28458.433594
750.583008	29658.591797
749.395508	31169.925781
748.207031	32684.679688
747.018555	35090.703125
745.830078	38043.351563
744.640625	40809.488281
743.452148	44243.953125
742.262695	48004.503906
741.073242	52050.238281
739.882813	54330.980469
738.692383	55827.914063
737.501953	56202.070313
736.311523	55204.183594
735.120117	53129.781250
733.929688	50808.433594
732.738281	47980.312500
731.545898	46083.449219
730.354492	44613.750000
729.162109	44155.507813
727.969727	43928.800781
726.776367	44379.839844
725.583984	44733.312500
724.390625	44749.984375
723.196289	44069.160156
722.002930	42567.640625
720.808594	40452.683594
719.614258	38247.460938
718.419922	36626.625000
717.224609	34834.332031
716.030273	33650.292969
714.834961	32942.519531
713.638672	32532.587891
712.443359	31924.517578
711.247070	30725.943359
710.050781	30705.117188
708.853516	30443.646484
707.657227	29891.138672
706.459961	29834.115234
705.262695	29296.123047
704.064453	29449.386719
702.867188	28885.445313
701.668945	28497.458984
700.469727	28808.291016
699.271484	28644.570313
698.072266	28789.724609
696.873047	28831.902344
695.673828	29283.607422
694.473633	29741.164063
693.273438	30468.744141
692.073242	30573.013672
690.873047	31338.392578
689.671875	32512.537109
688.470703	33188.503906
687.269531	34113.960938
686.068359	34765.113281
684.866211	35327.386719
683.664063	35911.558594
682.461914	36111.054688
681.258789	36171.617188
680.055664	35992.750000
678.852539	35914.527344
677.649414	35601.058594
676.445313	34799.179688
675.242188	34242.875000
674.037109	34000.300781
672.833008	33018.464844
671.627930	32776.261719
670.422852	32602.441406
669.217773	32302.201172
668.012695	32473.830078
666.806641	32141.632813
665.600586	32696.466797
664.394531	32302.171875
663.187500	33017.175781
661.980469	33399.000000
660.773438	33766.625000
659.566406	33953.691406
658.358398	33775.964844
657.150391	33594.304688
655.942383	34241.984375
654.734375	33459.515625
653.525391	33580.363281
652.316406	33092.632813
651.107422	32513.050781
649.897461	31869.693359
648.688477	31866.748047
647.478516	31347.804688
646.267578	31095.027344
645.057617	30378.562500
643.846680	30052.150391
642.635742	29410.156250
641.423828	29002.183594
640.212891	28893.992188
639.000977	28568.181641
637.788086	28400.232422
636.576172	28364.097656
635.363281	28747.056641
634.150391	28658.982422
632.937500	29261.130859
631.723633	29400.332031
630.510742	29820.607422
629.295898	29836.027344
628.082031	30275.951172
626.867188	30181.667969
625.652344	29639.191406
624.437500	29720.355469
623.222656	29381.322266
622.006836	28516.853516
620.791016	28476.787109
619.575195	28176.052734
618.358398	27706.333984
617.141602	27710.228516
615.924805	27407.861328
614.708008	26894.873047
613.490234	26936.705078
612.272461	26503.533203
611.054688	26342.761719
609.836914	26609.154297
608.618164	26321.316406
607.399414	26134.869141
606.180664	25746.013672
604.960938	26442.990234
603.741211	25919.298828
602.521484	25721.191406
601.301758	25959.533203
600.081055	25836.855469
598.860352	25537.781250
597.639648	25555.980469
596.418945	25259.074219
595.197266	25711.226563
593.975586	25594.671875
592.753906	25789.093750
591.531250	25739.890625
590.308594	25461.078125
589.085938	25374.359375
587.863281	25758.607422
586.639648	25646.142578
585.416016	25705.794922
584.192383	25674.458984
582.967773	25854.671875
581.744141	25698.792969
580.519531	25861.130859
579.293945	26051.056641
578.069336	26179.666016
576.843750	26217.375000
575.618164	26711.144531
574.391602	26944.136719
573.166016	26734.960938
571.939453	26989.546875
570.711914	27569.501953
569.485352	27451.042969
568.257813	27445.025391
567.030273	27310.871094
565.802734	27411.310547
564.574219	27659.490234
563.345703	27438.689453
562.117188	27149.048828
560.888672	27314.412109
559.659180	26839.859375
558.429688	27062.294922
557.200195	26566.355469
555.969727	26706.117188
554.739258	26456.345703
553.508789	26312.878906
552.278320	26592.195313
551.046875	26252.185547
549.815430	26055.791016
548.583984	26107.050781
547.352539	25845.943359
546.120117	25883.476563
544.887695	26229.269531
543.655273	26040.937500
542.421875	26025.404297
541.188477	26290.480469
539.955078	26227.810547
538.721680	26033.753906
537.487305	26182.951172
536.252930	26210.525391
535.018555	26291.011719
533.783203	26630.136719
532.547852	26608.609375
531.312500	26961.224609
530.077148	27121.759766
528.840820	27270.476563
527.604492	27162.687500
526.368164	28049.152344
525.131836	28653.464844
523.894531	29773.957031
522.657227	31392.683594
521.419922	32146.419922
520.181641	31314.359375
518.943359	29585.539063
517.705078	28289.332031
516.465820	27355.119141
515.227539	27450.666016
513.988281	27298.164063
512.748047	27081.298828
511.508789	26950.414063
510.268555	26782.503906
509.028320	27209.748047
507.788086	26889.701172
506.546875	26801.869141
505.305664	27322.410156
504.064453	26869.988281
502.822266	26694.511719
501.580078	26904.916016
