1802.219727	14798.269531
1801.250000	14983.060547
1800.281250	14970.081055
1799.311523	15264.135742
1798.341797	15081.397461
1797.372070	14771.477539
1796.402344	14032.593750
1795.431641	13353.866211
1794.460938	13450.945313
1793.491211	14123.911133
1792.519531	14462.586914
1791.548828	14494.586914
1790.578125	14454.313477
1789.606445	14060.306641
1788.634766	13900.582031
1787.663086	13905.273438
1786.690430	14034.447266
1785.718750	14559.351563
1784.746094	15263.232422
1783.773438	15732.939453
1782.800781	15918.858398
1781.828125	15734.107422
1780.854492	15706.092773
1779.880859	16498.541016
1778.908203	16743.812500
1777.933594	16745.431641
1776.959961	16381.795898
1775.986328	15963.651367
1775.011719	14969.448242
1774.037109	14735.510742
1773.062500	14638.217773
1772.086914	15253.365234
1771.112305	15900.528320
1770.136719	16750.892578
1769.161133	16983.210938
1768.185547	17349.367188
1767.209961	17455.001953
1766.233398	17310.189453
1765.257813	17750.419922
1764.281250	17533.734375
1763.304688	17522.789063
1762.327148	16942.074219
1761.350586	16406.171875
1760.373047	16400.408203
1759.395508	16731.353516
1758.417969	17275.039063
1757.440430	17974.417969
1756.461914	18950.636719
1755.483398	19377.279297
1754.504883	18891.101563
1753.526367	18476.828125
1752.547852	17832.794922
1751.568359	16988.800781
1750.589844	17484.601563
1749.610352	17893.724609
1748.630859	18436.078125
1747.650391	18486.716797
1746.670898	18275.583984
1745.690430	17360.916016
1744.709961	17369.773438
1743.729492	17667.367188
1742.749023	17456.564453
1741.767578	17798.423828
1740.786133	17799.785156
1739.804688	17650.726563
1738.823242	17358.734375
1737.841797	17458.775391
1736.859375	17105.328125
1735.876953	16882.607422
1734.895508	16871.828125
1733.912109	17858.527344
1732.929688	18047.009766
1731.946289	18582.546875
1730.963867	18219.447266
1729.980469	17228.955078
1728.997070	16231.479492
1728.012695	16373.356445
1727.029297	16136.419922
1726.044922	16767.587891
1725.060547	17705.806641
1724.076172	18923.857422
1723.090820	18421.189453
1722.106445	18660.726563
1721.121094	17576.125000
1720.135742	17309.802734
1719.150391	17063.228516
1718.164063	17000.878906
1717.178711	17132.458984
1716.192383	17362.146484
1715.206055	17388.097656
1714.219727	17514.611328
1713.232422	18425.884766
1712.246094	19091.585938
1711.258789	19627.085938
1710.271484	19657.453125
1709.284180	19254.056641
1708.295898	18939.025391
1707.307617	18599.623047
1706.320313	18360.769531
1705.332031	18690.082031
1704.342773	19112.291016
1703.354492	19837.830078
1702.365234	20773.527344
1701.375977	21403.021484
1700.386719	21364.466797
1699.397461	21800.380859
1698.408203	22157.871094
1697.417969	22256.085938
1696.427734	21919.199219
1695.437500	21416.277344
1694.447266	21343.556641
1693.456055	21766.726563
1692.464844	22436.386719
1691.474609	23357.269531
1690.482422	23279.328125
1689.491211	23159.923828
1688.500000	23313.873047
1687.507813	23921.546875
1686.515625	24172.847656
1685.523438	24687.427734
1684.530273	24428.875000
1683.538086	24189.925781
1682.544922	23202.828125
1681.551758	23034.886719
1680.558594	23412.740234
1679.565430	23785.568359
1678.571289	24392.035156
1677.577148	24949.558594
1676.583008	25453.300781
1675.588867	25584.462891
1674.594727	25464.935547
1673.599609	25352.751953
1672.604492	25104.402344
1671.609375	24897.492188
1670.614258	24583.683594
1669.619141	24218.951172
1668.623047	23769.300781
1667.626953	23538.523438
1666.630859	23980.785156
1665.634766	24155.685547
1664.638672	24444.650391
1663.641602	24570.826172
1662.644531	24046.388672
1661.647461	23344.994141
1660.650391	23231.089844
1659.652344	23682.484375
1658.655273	23881.443359
1657.657227	23612.294922
1656.659180	24131.220703
1655.660156	24443.894531
1654.662109	25468.960938
1653.663086	25572.851563
1652.664063	24843.339844
1651.665039	23884.025391
1650.666016	23900.992188
1649.666016	24099.535156
1648.666992	25242.029297
1647.666992	25837.115234
1646.666016	25856.087891
1645.666016	25582.337891
1644.666016	25311.115234
1643.665039	25260.052734
1642.664063	25813.425781
1641.663086	25747.777344
1640.661133	25674.902344
1639.660156	25500.576172
1638.658203	25111.320313
1637.656250	25519.244141
1636.653320	26006.687500
1635.651367	25791.386719
1634.648438	25653.412109
1633.646484	25520.318359
1632.642578	25867.419922
1631.639648	25534.113281
1630.636719	25249.177734
1629.632813	25203.074219
1628.628906	25957.382813
1627.625000	26995.806641
1626.621094	27633.771484
1625.616211	27941.394531
1624.611328	28169.396484
1623.607422	27694.056641
1622.601563	27076.841797
1621.596680	26676.542969
1620.590820	25686.707031
1619.585938	25094.333984
1618.580078	25380.371094
1617.574219	25760.101563
1616.567383	25569.701172
1615.561523	25785.732422
1614.554688	25766.083984
1613.547852	26433.845703
1612.540039	27235.906250
1611.533203	28616.650391
1610.525391	29427.548828
1609.518555	29700.164063
1608.509766	29951.058594
1607.501953	29424.056641
1606.494141	28772.462891
1605.485352	28927.402344
1604.476563	29617.285156
1603.467773	30808.203125
1602.458984	31423.078125
1601.449219	31265.650391
1600.439453	31271.292969
1599.429688	30682.550781
1598.419922	30810.513672
1597.410156	30545.523438
1596.399414	31111.789063
1595.388672	31316.212891
1594.377930	31271.548828
1593.367188	32450.125000
1592.356445	33530.093750
1591.344727	34418.199219
1590.333008	34810.730469
1589.321289	34442.496094
1588.309570	33794.621094
1587.297852	33574.968750
1586.285156	33984.078125
1585.272461	34354.781250
1584.259766	33826.910156
1583.247070	34257.214844
1582.233398	35420.589844
1581.219727	36437.828125
1580.206055	37328.113281
1579.192383	37043.640625
1578.178711	37028.953125
1577.164063	37307.750000
1576.149414	37214.289063
1575.134766	36786.957031
1574.120117	36531.484375
1573.105469	36292.800781
1572.089844	36864.636719
1571.074219	36890.503906
1570.058594	37099.824219
1569.042969	37080.367188
1568.026367	37449.128906
1567.010742	37829.644531
1565.994141	37707.675781
1564.977539	37266.808594
1563.959961	37164.039063
1562.943359	36859.074219
1561.925781	37146.539063
1560.908203	37881.000000
1559.890625	37616.492188
1558.872070	36978.851563
1557.854492	36503.093750
1556.835938	36395.859375
1555.817383	36210.261719
1554.798828	37141.160156
1553.779297	37254.714844
1552.760742	37679.269531
1551.741211	37322.632813
1550.721680	37025.476563
1549.701172	36524.363281
1548.681641	35840.773438
1547.661133	36160.804688
1546.640625	35916.289063
1545.620117	36570.484375
1544.599609	36065.222656
1543.578125	36287.769531
1542.556641	35526.855469
1541.535156	35661.761719
1540.513672	35967.148438
1539.492188	36551.847656
1538.469727	37193.125000
1537.447266	37197.378906
1536.424805	37596.863281
1535.402344	37612.863281
1534.378906	37411.203125
1533.356445	37845.871094
1532.333008	37693.906250
1531.308594	37508.898438
1530.285156	37165.593750
1529.261719	37266.726563
1528.237305	37561.562500
1527.212891	37374.363281
1526.188477	37633.625000
1525.163086	37673.175781
1524.137695	38302.925781
1523.113281	38639.726563
1522.087891	38487.886719
1521.061523	38413.968750
1520.036133	38833.097656
1519.009766	38905.359375
1517.983398	39427.964844
1516.957031	39306.753906
1515.930664	39541.500000
1514.903320	39460.375000
1513.875977	39739.757813
1512.848633	40183.914063
1511.821289	39956.679688
1510.793945	40532.464844
1509.765625	40225.210938
1508.737305	40708.906250
1507.708984	40592.343750
1506.680664	40315.843750
1505.651367	40883.898438
1504.622070	40946.093750
1503.593750	40864.835938
1502.563477	40981.074219
1501.534180	40606.054688
1500.503906	40839.785156
1499.474609	40864.324219
1498.444336	40696.246094
1497.413086	40497.707031
1496.382813	41076.402344
1495.351563	40185.371094
1494.320313	40109.093750
1493.289063	40333.187500
1492.257813	39874.511719
1491.225586	39873.390625
1490.194336	40062.214844
1489.162109	39535.875000
1488.129883	39703.589844
1487.096680	39625.160156
1486.064453	39427.257813
1485.031250	39866.628906
1483.998047	40326.894531
1482.963867	40246.050781
1481.930664	40528.117188
1480.896484	41004.343750
1479.862305	41260.394531
1478.828125	40973.515625
1477.793945	41292.621094
1476.758789	42977.441406
1475.724609	43543.863281
1474.689453	43773.402344
1473.653320	44575.496094
1472.618164	44984.660156
1471.582031	45667.015625
1470.545898	46377.117188
1469.509766	46811.347656
1468.473633	47602.644531
1467.437500	47947.726563
1466.400391	48451.378906
1465.363281	48793.808594
1464.326172	49808.007813
1463.288086	50336.617188
1462.250977	51077.230469
1461.212891	51679.968750
1460.174805	53133.316406
1459.136719	53823.945313
1458.097656	53936.406250
1457.058594	53771.582031
1456.019531	54261.335938
1454.980469	55384.296875
1453.941406	55321.714844
1452.901367	55149.746094
1451.862305	55920.402344
1450.822266	56430.136719
1449.781250	57139.722656
1448.741211	58504.910156
1447.700195	59374.226563
1446.659180	59785.175781
1445.618164	59210.386719
1444.577148	59402.738281
1443.535156	59509.042969
1442.494141	58574.589844
1441.452148	57296.781250
1440.410156	56435.144531
1439.367188	55002.750000
1438.324219	53540.765625
1437.282227	52490.128906
1436.239258	51110.460938
1435.195313	50547.878906
1434.152344	49813.906250
1433.108398	49189.210938
1432.064453	48279.628906
1431.020508	47738.937500
1429.976563	47495.082031
1428.931641	47265.222656
1427.886719	46396.144531
1426.841797	46108.707031
1425.796875	45960.300781
1424.750977	46154.562500
1423.706055	45501.664063
1422.660156	45867.164063
1421.613281	45767.507813
1420.567383	45570.742188
1419.521484	46056.246094
1418.474609	45896.488281
1417.427734	45759.910156
1416.379883	45715.832031
1415.333008	46217.070313
1414.285156	46443.195313
1413.237305	46671.535156
1412.189453	46590.343750
1411.141602	46966.312500
1410.092773	47025.890625
1409.043945	46522.347656
1407.995117	46295.882813
1406.946289	46263.285156
1405.897461	47180.910156
1404.847656	46276.515625
1403.797852	45951.144531
1402.748047	45589.027344
1401.698242	45213.230469
1400.647461	44805.332031
1399.596680	45192.300781
1398.545898	44328.570313
1397.495117	43923.398438
1396.444336	43529.902344
1395.392578	43447.281250
1394.340820	42646.738281
1393.289063	42950.839844
1392.237305	42525.652344
1391.184570	42192.628906
1390.131836	42149.441406
1389.079102	41855.707031
1388.026367	41677.003906
1386.973633	41689.089844
1385.919922	41142.917969
1384.866211	41070.121094
1383.812500	42143.246094
1382.758789	42318.226563
1381.704102	42456.406250
1380.649414	42938.765625
1379.594727	43368.156250
1378.540039	43437.203125
1377.484375	43886.949219
1376.429688	44270.007813
1375.374023	44311.308594
1374.318359	45035.640625
1373.261719	44939.261719
1372.206055	45642.539063
1371.149414	46217.246094
1370.092773	46045.097656
1369.036133	45914.234375
1367.978516	46401.527344
1366.921875	46483.496094
1365.864258	46558.562500
1364.806641	47143.792969
1363.748047	47465.726563
1362.690430	47764.656250
1361.631836	47823.378906
1360.573242	47968.945313
1359.513672	48582.976563
1358.455078	49653.757813
1357.395508	49458.445313
1356.335938	50243.085938
1355.276367	51063.937500
1354.216797	51868.460938
1353.156250	52398.730469
1352.095703	53444.558594
1351.035156	53956.023438
1349.974609	55236.054688
1348.914063	56312.566406
1347.852539	57450.199219
1346.791016	58867.773438
1345.729492	59874.476563
1344.666992	60910.382813
1343.605469	61945.855469
1342.542969	62746.269531
1341.480469	64883.230469
1340.416992	65789.718750
1339.354492	67260.406250
1338.291016	68539.296875
1337.227539	69348.875000
1336.164063	70317.375000
1335.099609	70982.937500
1334.036133	71377.593750
1332.971680	72306.406250
1331.907227	72191.414063
1330.842773	71724.179688
1329.777344	70657.250000
1328.711914	70638.070313
1327.646484	70046.515625
1326.581055	68088.117188
1325.514648	67233.960938
1324.449219	66003.335938
1323.382813	64344.285156
1322.316406	63280.398438
1321.249023	62632.093750
1320.182617	61235.593750
1319.115234	60898.632813
1318.047852	60160.527344
1316.980469	59257.257813
1315.912109	58882.382813
1314.843750	57651.218750
1313.775391	57675.507813
1312.707031	57031.671875
1311.638672	57099.097656
1310.569336	56025.511719
1309.500000	55930.144531
1308.430664	55843.867188
1307.361328	55214.640625
1306.291016	53807.550781
1305.221680	53861.972656
1304.151367	53484.507813
1303.080078	52128.378906
1302.009766	51342.351563
1300.938477	50827.800781
1299.867188	50277.312500
1298.795898	49476.339844
1297.724609	48705.050781
1296.652344	48123.730469
1295.580078	47204.054688
1294.507813	46481.105469
1293.435547	46063.054688
1292.363281	45153.398438
1291.290039	45146.273438
1290.216797	45118.855469
1289.143555	44899.816406
1288.069336	44358.546875
1286.996094	44209.613281
1285.921875	43628.148438
1284.847656	43085.218750
1283.772461	43220.402344
1282.698242	43276.714844
1281.623047	43609.898438
1280.547852	43711.117188
1279.472656	43753.785156
1278.396484	43976.417969
1277.321289	44059.492188
1276.245117	44212.250000
1275.167969	43778.109375
1274.091797	44432.136719
1273.014648	44517.289063
1271.938477	43768.773438
1270.860352	44186.503906
1269.783203	44285.121094
1268.706055	43983.984375
1267.627930	44513.656250
1266.549805	44044.242188
1265.471680	44156.257813
1264.392578	43862.117188
1263.313477	43653.339844
1262.235352	42758.359375
1261.155273	42451.230469
1260.076172	42245.113281
1258.996094	41602.007813
1257.916992	41463.375000
1256.835938	41109.710938
1255.755859	40355.242188
1254.675781	40181.113281
1253.594727	39691.347656
1252.513672	39114.484375
1251.432617	39068.289063
1250.350586	38317.253906
1249.269531	38244.390625
1248.187500	38167.082031
1247.104492	37401.042969
1246.022461	37518.453125
1244.939453	37148.511719
1243.857422	37290.503906
1242.774414	37101.742188
1241.690430	37205.703125
1240.607422	36657.453125
1239.523438	36589.519531
1238.439453	36148.781250
1237.355469	36371.140625
1236.270508	36222.964844
1235.186523	35998.992188
1234.101563	35491.816406
1233.015625	35250.242188
1231.930664	34870.527344
1230.844727	35095.089844
1229.759766	35156.859375
1228.673828	35684.320313
1227.586914	35447.402344
1226.500977	35355.363281
1225.414063	35566.218750
1224.327148	35367.320313
1223.240234	35631.507813
1222.152344	35247.953125
1221.064453	35178.289063
1219.977539	35311.093750
1218.888672	35061.285156
1217.800781	35220.738281
1216.711914	34955.488281
1215.623047	34857.054688
1214.534180	34611.988281
1213.445313	34104.847656
1212.355469	34610.851563
1211.266602	34528.109375
1210.176758	34722.953125
1209.085938	34191.785156
1207.996094	34375.511719
1206.905273	34070.976563
1205.814453	34283.492188
1204.723633	34169.855469
1203.631836	34182.667969
1202.541016	34310.769531
1201.449219	34472.062500
1200.357422	34185.605469
1199.264648	33473.835938
1198.172852	33294.039063
1197.080078	32323.611328
1195.987305	32564.861328
1194.893555	32972.050781
1193.800781	33565.000000
1192.707031	34097.949219
1191.613281	34331.980469
1190.519531	34470.792969
1189.424805	34209.238281
1188.331055	34434.250000
1187.236328	34318.714844
1186.141602	34048.515625
1185.045898	33913.218750
1183.950195	34027.628906
1182.855469	33896.808594
1181.758789	34302.671875
1180.663086	33915.726563
1179.566406	33921.867188
1178.470703	33570.472656
1177.374023	33903.242188
1176.276367	33560.816406
1175.179688	33697.148438
1174.082031	34206.089844
1172.984375	33921.128906
1171.886719	33865.527344
1170.788086	33827.578125
1169.689453	33549.480469
1168.590820	33485.171875
1167.492188	33757.851563
1166.393555	33656.089844
1165.293945	33226.355469
1164.194336	33362.453125
1163.094727	33280.636719
1161.995117	33146.054688
1160.894531	33381.054688
1159.793945	33321.273438
1158.693359	33237.328125
1157.592773	33138.027344
1156.491211	33216.789063
1155.390625	32596.773438
1154.289063	33121.562500
1153.186523	32811.511719
1152.084961	32940.769531
1150.982422	32784.566406
1149.879883	32670.128906
1148.777344	32911.250000
1147.673828	33095.222656
1146.571289	32662.712891
1145.467773	33044.039063
1144.364258	32894.574219
1143.259766	32764.900391
1142.156250	32797.468750
1141.051758	32667.867188
1139.947266	32827.507813
1138.841797	32684.804688
1137.737305	32631.947266
1136.631836	32579.111328
1135.526367	32303.017578
1134.420898	32561.041016
1133.314453	32381.337891
1132.208008	32291.400391
1131.101563	32542.695313
1129.995117	32494.306641
1128.887695	31986.824219
1127.781250	32377.908203
1126.673828	32438.843750
1125.566406	32652.691406
1124.458008	32499.468750
1123.349609	32608.380859
1122.242188	32741.261719
1121.132813	33081.472656
1120.024414	33310.230469
1118.915039	33194.113281
1117.805664	33448.925781
1116.696289	33566.210938
1115.586914	33676.906250
1114.476563	34077.523438
1113.367188	34469.253906
1112.255859	35085.289063
1111.145508	35603.015625
1110.035156	36551.847656
1108.923828	36962.320313
1107.812500	37701.421875
1106.700195	38183.316406
1105.588867	39013.261719
1104.476563	39686.171875
1103.364258	39993.285156
1102.251953	40298.089844
1101.139648	40678.878906
1100.026367	40698.570313
1098.913086	40611.734375
1097.799805	40666.203125
1096.685547	40031.828125
1095.572266	39278.234375
1094.458008	38744.324219
1093.342773	37815.417969
1092.228516	37299.406250
1091.113281	36551.355469
1089.999023	35666.894531
1088.882813	35173.351563
1087.767578	34697.371094
1086.651367	34648.847656
1085.536133	34077.765625
1084.419922	33678.187500
1083.302734	33441.332031
1082.186523	32935.871094
1081.069336	33277.730469
1079.952148	32967.457031
1078.834961	32646.486328
1077.716797	32756.513672
1076.598633	32953.078125
1075.480469	32801.117188
1074.362305	32651.382813
1073.243164	32990.617188
1072.125000	33379.453125
1071.005859	33419.976563
1069.886719	33575.066406
1068.766602	34086.730469
1067.646484	33997.410156
1066.526367	34201.964844
1065.406250	34819.011719
1064.286133	35077.292969
1063.165039	35229.664063
1062.043945	35736.000000
1060.922852	35827.730469
1059.801758	35889.207031
1058.679688	36047.738281
1057.557617	36609.546875
1056.435547	36429.289063
1055.313477	36585.441406
1054.190430	36200.484375
1053.067383	36302.738281
1051.944336	36066.667969
1050.821289	36255.070313
1049.697266	36490.773438
1048.573242	36129.914063
1047.449219	36107.199219
1046.325195	36409.500000
1045.200195	36251.160156
1044.075195	35871.289063
1042.950195	35612.027344
1041.825195	35806.640625
1040.699219	35472.246094
1039.574219	35613.062500
1038.448242	34960.769531
1037.321289	34628.906250
1036.195313	34570.015625
1035.068359	33978.488281
1033.941406	33868.218750
1032.814453	34183.082031
1031.686523	34751.089844
1030.559570	35617.148438
1029.431641	35837.031250
1028.302734	36635.992188
1027.174805	36295.812500
1026.045898	35970.781250
1024.916992	36209.683594
1023.788086	36079.843750
1022.658203	36468.617188
1021.529297	35841.742188
1020.399414	35622.093750
1019.269531	35800.847656
1018.138672	35315.816406
1017.008789	35404.652344
1015.877930	35474.183594
1014.746094	35455.964844
1013.615234	34543.566406
1012.483398	34546.933594
1011.351563	34278.734375
1010.219727	34513.035156
1009.087891	34518.535156
1007.955078	34934.320313
1006.822266	34634.210938
1005.689453	35169.406250
1004.556641	35110.687500
1003.422852	35128.855469
1002.289063	35588.886719
1001.155273	35148.089844
1000.021484	34707.476563
998.886719	34094.250000
997.751953	33630.582031
996.617188	33619.175781
995.482422	33183.515625
994.346680	32679.833984
993.210938	32626.007813
992.075195	33040.929688
990.939453	32867.761719
989.802734	33293.097656
988.666016	33268.992188
987.529297	33242.761719
986.392578	33263.363281
985.254883	32843.488281
984.118164	33023.718750
982.979492	33291.074219
981.841797	33417.964844
980.704102	33249.277344
979.565430	33237.957031
978.426758	33471.031250
977.287109	33359.800781
976.148438	33133.906250
975.008789	33031.289063
973.869141	32380.890625
972.729492	32836.789063
971.588867	33184.250000
970.448242	33733.148438
969.307617	34224.527344
968.166992	34314.812500
967.025391	34108.167969
965.883789	34635.191406
964.742188	34513.355469
963.600586	34792.109375
962.458008	34594.007813
961.316406	34679.847656
960.173828	34231.933594
959.030273	34080.656250
957.887695	33988.714844
956.744141	34320.125000
955.600586	33938.261719
954.457031	33755.429688
953.312500	33354.808594
952.167969	33157.371094
951.023438	32926.191406
949.878906	32452.007813
948.733398	32821.277344
947.588867	32581.857422
946.442383	32503.085938
945.296875	32905.894531
944.151367	33264.187500
943.004883	33795.441406
941.858398	33845.222656
940.710938	34143.992188
939.564453	34470.058594
938.416992	34755.906250
937.269531	35986.421875
936.122070	36149.527344
934.973633	37318.085938
933.825195	38243.769531
932.676758	39489.339844
931.528320	40713.308594
930.378906	42225.300781
929.230469	43787.183594
928.081055	45257.871094
926.930664	45595.511719
925.781250	46326.527344
924.630859	45754.878906
923.480469	45105.640625
922.330078	44130.699219
921.178711	42935.398438
920.027344	41536.695313
918.875977	40386.589844
917.724609	38944.898438
916.572266	37663.480469
915.419922	36712.367188
914.267578	35828.855469
913.115234	35336.218750
911.961914	34841.691406
910.809570	34294.910156
909.655273	34197.359375
908.501953	33850.226563
907.347656	34155.476563
906.194336	34022.367188
905.040039	34040.246094
903.884766	33247.011719
902.730469	33202.179688
901.575195	32905.972656
900.419922	32668.533203
899.263672	32443.757813
898.108398	32430.535156
896.952148	32448.714844
895.795898	32117.394531
894.638672	32158.644531
893.482422	31796.146484
892.325195	32075.863281
891.167969	31972.812500
890.009766	31873.986328
888.851563	31478.410156
887.694336	31122.705078
886.535156	31038.740234
885.376953	31307.804688
884.217773	31420.130859
883.058594	31574.164063
881.899414	31440.070313
880.740234	31587.767578
879.580078	31466.242188
878.419922	31643.072266
877.259766	31657.146484
876.099609	31961.048828
874.938477	31731.136719
873.777344	31953.601563
872.616211	31671.691406
871.454102	32229.490234
870.292969	32272.570313
869.130859	32313.546875
867.967773	32231.664063
866.805664	32332.994141
865.642578	32018.054688
864.479492	31788.554688
863.316406	31900.308594
862.152344	31433.832031
860.989258	31412.533203
859.825195	31634.470703
858.660156	31696.271484
857.496094	31701.937500
856.331055	32089.869141
855.166016	32232.533203
854.000977	32449.892578
852.834961	32511.441406
851.668945	32471.250000
850.502930	31924.693359
849.336914	31643.953125
848.169922	31303.175781
847.002930	32273.298828
845.835938	32419.808594
844.668945	31782.625000
843.500977	31792.378906
842.333008	32280.804688
841.165039	32924.402344
839.997070	32948.394531
838.828125	32783.929688
837.659180	32505.658203
836.490234	32912.667969
835.321289	33013.207031
834.151367	32954.382813
832.981445	32715.611328
831.811523	32706.507813
830.641602	32728.423828
829.470703	32502.250000
828.299805	33330.273438
827.128906	33352.035156
825.957031	33745.660156
824.786133	33734.269531
823.614258	33613.433594
822.441406	33558.714844
821.269531	33968.460938
820.096680	33121.203125
818.923828	32462.068359
817.750977	32684.058594
816.577148	32390.345703
815.403320	32183.361328
814.229492	32081.601563
813.055664	32752.792969
811.881836	32935.320313
810.707031	33204.296875
809.532227	33135.351563
808.356445	33632.746094
807.181641	33662.562500
806.005859	33346.546875
804.830078	32917.472656
803.653320	32998.855469
802.477539	33004.089844
801.300781	33167.679688
800.124023	33405.218750
798.946289	33420.632813
797.768555	34303.382813
796.590820	34538.464844
795.413086	34962.453125
794.235352	34922.050781
793.056641	34645.503906
791.877930	34757.113281
790.699219	34306.238281
789.519531	33886.343750
788.340820	34391.980469
787.161133	34078.910156
785.980469	34254.089844
784.800781	33727.933594
783.620117	33370.101563
782.439453	32819.765625
781.257813	33214.312500
780.077148	33297.285156
778.895508	33503.113281
777.713867	33211.238281
776.532227	32651.279297
775.349609	32867.343750
774.166992	32643.320313
772.984375	33524.250000
771.800781	33494.507813
770.618164	33262.308594
769.434570	34185.464844
768.250977	34470.410156
767.066406	35178.300781
765.881836	34980.664063
764.697266	34139.585938
763.512695	34446.753906
762.328125	35053.968750
761.142578	35228.093750
759.957031	35934.890625
758.770508	36325.066406
757.584961	36782.398438
756.398438	37266.050781
755.211914	37147.863281
754.025391	37778.027344
752.837891	38815.625000
751.650391	40653.734375
750.462891	41164.539063
749.274414	42962.636719
748.086914	45065.468750
746.898438	48191.656250
745.709961	51298.167969
744.520508	54429.789063
743.331055	57252.769531
742.141602	61390.882813
740.952148	63674.121094
739.762695	66051.945313
738.572266	67021.734375
737.381836	67297.914063
736.191406	66744.765625
735.000000	64993.015625
733.808594	63723.484375
732.617188	61304.929688
731.425781	59289.480469
730.233398	58265.613281
729.041016	57049.367188
727.848633	55504.898438
726.656250	54052.394531
725.462891	52655.281250
724.269531	51007.304688
723.076172	50231.871094
721.881836	49791.242188
720.687500	48850.218750
719.493164	47273.371094
718.298828	45383.210938
717.104492	44842.734375
715.909180	44363.234375
714.713867	43839.406250
713.517578	43554.628906
712.322266	42492.925781
711.125977	41447.867188
709.929688	41279.082031
708.732422	41393.480469
707.536133	41247.015625
706.338867	41577.656250
705.141602	41126.046875
703.943359	40749.390625
702.745117	40566.816406
701.546875	39259.394531
700.348633	39194.335938
699.150391	39234.273438
697.951172	40067.386719
696.751953	41128.156250
695.551758	41742.609375
694.352539	41009.441406
693.152344	41303.015625
691.952148	42283.953125
690.750977	43935.683594
689.550781	44972.046875
688.349609	45945.496094
687.147461	45850.906250
685.946289	46439.078125
684.744141	47049.136719
683.541992	48737.921875
682.339844	50599.054688
681.136719	52481.507813
679.934570	51049.812500
678.731445	50606.281250
677.527344	49457.128906
676.324219	48320.535156
675.120117	48647.699219
673.916016	49344.480469
672.710938	49572.828125
671.505859	49925.613281
670.300781	48866.449219
669.095703	48671.097656
667.890625	47022.496094
666.684570	46532.605469
665.478516	47120.410156
664.272461	47850.386719
663.065430	48561.992188
661.858398	48731.882813
660.651367	49625.410156
659.444336	49217.753906
658.236328	48952.542969
657.028320	48120.472656
655.820313	48029.871094
654.612305	46996.097656
653.403320	46667.519531
652.194336	46383.121094
650.985352	46369.011719
649.775391	46106.804688
648.565430	45652.671875
647.355469	44948.738281
646.145508	44419.070313
644.934570	43615.753906
643.723633	43314.445313
642.512695	42287.917969
641.301758	41307.781250
640.089844	40391.984375
638.877930	39850.003906
637.666016	40564.031250
636.453125	39980.328125
635.241211	39526.589844
634.028320	39294.511719
632.814453	39784.613281
631.601563	39937.468750
630.387695	39585.812500
629.173828	39922.031250
627.958984	40907.812500
626.744141	41843.347656
625.530273	42152.949219
624.314453	41325.171875
623.099609	41369.910156
621.883789	41711.257813
620.667969	41747.925781
619.452148	41372.660156
618.235352	40975.671875
617.018555	40206.898438
615.801758	40162.320313
614.584961	40000.453125
613.367188	39737.281250
612.149414	38854.171875
610.931641	37673.417969
609.712891	37395.023438
608.495117	37940.949219
607.276367	38377.429688
606.056641	37547.183594
604.837891	37582.640625
603.618164	37451.394531
602.398438	37437.253906
601.177734	36935.195313
599.958008	36778.394531
598.737305	36819.910156
597.516602	36040.812500
596.294922	35690.097656
595.073242	35492.089844
593.851563	34761.324219
592.629883	34078.406250
591.407227	33775.937500
590.184570	33531.003906
588.961914	33662.199219
587.739258	33383.753906
586.515625	33615.808594
585.291992	34625.027344
584.068359	34898.230469
582.844727	35303.761719
581.620117	35549.019531
580.395508	36410.695313
579.169922	36722.769531
577.945313	37034.703125
576.719727	37204.316406
575.494141	37873.355469
574.267578	37764.390625
573.041992	37598.238281
571.815430	38633.722656
570.587891	38994.128906
569.361328	39376.070313
568.133789	39353.632813
566.906250	38883.722656
565.678711	38522.414063
564.450195	38443.031250
563.221680	38300.640625
561.993164	38042.105469
560.763672	38224.765625
559.535156	38287.253906
558.305664	38753.207031
557.075195	39075.300781
555.845703	39172.964844
554.615234	38637.218750
553.384766	38495.015625
552.153320	38223.109375
550.922852	38289.414063
549.691406	38023.558594
548.459961	37003.332031
547.227539	36119.093750
545.995117	35539.652344
544.762695	35461.160156
543.530273	35520.117188
542.296875	36022.605469
541.063477	36642.605469
539.830078	37729.238281
538.596680	36899.136719
537.362305	36645.914063
536.127930	36394.757813
534.893555	37437.355469
533.658203	38171.832031
532.422852	38277.078125
531.187500	37508.656250
529.952148	37733.453125
528.715820	38249.878906
527.479492	38323.683594
526.243164	37943.414063
525.005859	38304.871094
523.769531	38726.808594
522.532227	39346.089844
521.293945	38574.855469
520.056641	38239.898438
518.818359	37942.222656
517.580078	38008.128906
516.340820	37161.664063
515.101563	36413.226563
513.862305	35421.023438
512.623047	35614.316406
511.382813	36680.019531
510.143555	37922.832031
508.902344	39067.542969
507.662109	39704.593750
506.420898	40148.289063
505.179688	40449.457031
503.938477	40294.347656
502.697266	39605.308594
