1802.297852	9576.835938
1801.329102	9971.396484
1800.359375	9719.732422
1799.390625	9855.083008
1798.420898	9925.490234
1797.451172	9973.412109
1796.480469	9876.619141
1795.510742	9310.950195
1794.540039	9336.521484
1793.569336	9471.783203
1792.598633	9649.366211
1791.627930	9804.448242
1790.656250	10131.397461
1789.684570	9822.950195
1788.712891	9783.625000
1787.741211	9843.925781
1786.769531	9894.242188
1785.797852	9857.414063
1784.825195	10169.024414
1783.852539	10393.421875
1782.879883	10570.460938
1781.907227	10496.216797
1780.933594	10556.285156
1779.959961	10787.881836
1778.986328	10992.041992
1778.012695	11099.194336
1777.039063	11017.460938
1776.064453	10848.809570
1775.090820	10829.251953
1774.116211	10668.155273
1773.141602	10792.641602
1772.166016	10825.233398
1771.191406	10788.321289
1770.215820	11140.985352
1769.240234	11334.737305
1768.264648	11788.841797
1767.289063	12027.021484
1766.312500	12188.247070
1765.336914	12215.551758
1764.360352	12436.152344
1763.383789	12797.899414
1762.406250	12683.856445
1761.429688	12676.361328
1760.452148	12542.577148
1759.474609	12718.323242
1758.497070	13109.352539
1757.519531	13094.350586
1756.541016	13670.721680
1755.563477	13685.298828
1754.584961	14135.177734
1753.606445	13741.633789
1752.626953	13605.371094
1751.648438	13350.513672
1750.668945	12974.661133
1749.689453	13229.029297
1748.709961	13253.550781
1747.730469	13317.579102
1746.750000	13295.153320
1745.769531	13233.232422
1744.789063	12926.965820
1743.808594	12544.316406
1742.828125	12485.049805
1741.846680	12477.610352
1740.866211	12566.364258
1739.884766	12687.137695
1738.903320	12447.911133
1737.920898	12556.334961
1736.939453	12371.446289
1735.957031	12056.042969
1734.974609	12376.333984
1733.992188	12307.349609
1733.009766	12627.458984
1732.026367	12765.254883
1731.042969	12843.919922
1730.059570	12646.923828
1729.076172	12457.387695
1728.092773	11928.449219
1727.108398	11844.890625
1726.125000	12152.343750
1725.140625	12238.408203
1724.155273	12835.702148
1723.170898	12906.848633
1722.185547	12955.852539
1721.201172	12933.596680
1720.215820	12653.465820
1719.230469	12299.780273
1718.244141	12427.425781
1717.258789	12363.563477
1716.272461	12530.407227
1715.286133	12503.352539
1714.299805	12701.990234
1713.312500	12841.684570
1712.326172	13005.843750
1711.338867	13545.029297
1710.351563	13476.125000
1709.364258	13882.665039
1708.375977	13639.761719
1707.388672	13864.832031
1706.400391	13663.663086
1705.412109	13697.643555
1704.422852	13829.534180
1703.434570	14140.049805
1702.445313	14455.333984
1701.457031	14843.890625
1700.466797	15078.180664
1699.477539	15256.125000
1698.488281	15835.007813
1697.498047	16066.509766
1696.507813	16043.720703
1695.517578	16275.085938
1694.527344	15917.541992
1693.536133	16185.478516
1692.545898	16460.632813
1691.554688	16857.761719
1690.563477	16829.953125
1689.572266	17204.880859
1688.580078	17484.484375
1687.587891	17000.326172
1686.595703	17560.375000
1685.603516	17581.222656
1684.611328	17719.101563
1683.618164	17739.908203
1682.625977	17395.107422
1681.632813	17206.402344
1680.639648	17237.042969
1679.645508	17236.003906
1678.652344	17551.558594
1677.658203	17854.810547
1676.664063	17780.613281
1675.669922	18061.791016
1674.675781	18024.082031
1673.680664	18069.103516
1672.685547	17664.111328
1671.690430	17782.144531
1670.695313	17569.453125
1669.700195	17599.941406
1668.704102	17358.207031
1667.708008	17106.849609
1666.711914	16998.929688
1665.715820	17165.527344
1664.719727	17259.201172
1663.722656	17333.412109
1662.725586	17206.111328
1661.728516	16595.884766
1660.731445	16684.742188
1659.733398	16768.708984
1658.736328	16838.089844
1657.738281	16766.787109
1656.740234	16777.949219
1655.741211	16890.914063
1654.743164	17372.218750
1653.744141	17157.900391
1652.745117	17183.503906
1651.746094	17211.519531
1650.747070	17060.324219
1649.747070	16640.441406
1648.748047	17152.675781
1647.748047	17212.132813
1646.748047	17189.294922
1645.747070	17497.894531
1644.747070	16954.990234
1643.746094	17302.201172
1642.745117	17180.234375
1641.744141	17403.978516
1640.742188	17323.125000
1639.741211	17172.230469
1638.739258	17253.308594
1637.737305	16938.250000
1636.735352	17345.333984
1635.732422	17443.226563
1634.730469	17316.593750
1633.727539	17281.716797
1632.724609	17316.824219
1631.721680	17834.384766
1630.717773	17362.876953
1629.713867	17443.759766
1628.710938	17416.121094
1627.707031	17897.082031
1626.702148	18266.992188
1625.698242	18480.140625
1624.693359	18213.826172
1623.688477	18585.853516
1622.683594	18502.626953
1621.678711	18185.910156
1620.672852	17729.718750
1619.666992	17945.117188
1618.661133	17705.693359
1617.655273	17988.361328
1616.649414	17777.886719
1615.642578	18084.468750
1614.635742	18011.085938
1613.628906	17868.031250
1612.622070	18633.390625
1611.615234	18644.029297
1610.607422	19199.939453
1609.599609	19573.099609
1608.591797	19585.939453
1607.583984	19846.037109
1606.576172	19395.585938
1605.567383	19197.281250
1604.558594	19289.355469
1603.549805	19508.521484
1602.541016	20008.185547
1601.531250	20200.740234
1600.521484	20282.943359
1599.511719	20245.273438
1598.501953	20008.728516
1597.492188	20409.554688
1596.481445	20199.417969
1595.471680	20576.091797
1594.460938	20442.623047
1593.449219	20603.648438
1592.438477	21085.314453
1591.426758	21128.890625
1590.415039	21758.578125
1589.403320	22060.322266
1588.391602	21953.011719
1587.379883	21463.199219
1586.367188	21138.525391
1585.354492	21738.886719
1584.341797	21810.933594
1583.329102	21882.949219
1582.315430	21792.519531
1581.302734	22141.515625
1580.289063	22282.656250
1579.274414	22946.496094
1578.260742	22287.919922
1577.247070	22619.824219
1576.232422	22364.742188
1575.217773	22264.792969
1574.203125	22000.345703
1573.187500	21957.728516
1572.172852	21774.492188
1571.157227	22301.505859
1570.141602	22385.130859
1569.125000	22452.044922
1568.109375	22792.824219
1567.092773	23050.121094
1566.076172	22593.095703
1565.059570	22636.105469
1564.042969	22407.802734
1563.025391	22279.521484
1562.008789	22429.611328
1560.991211	22329.914063
1559.973633	22693.933594
1558.955078	22368.373047
1557.937500	22340.052734
1556.918945	22183.417969
1555.900391	21874.789063
1554.881836	22122.128906
1553.862305	22172.248047
1552.842773	22117.871094
1551.824219	22165.593750
1550.804688	22365.199219
1549.784180	22372.509766
1548.764648	22208.996094
1547.744141	21824.949219
1546.723633	21808.644531
1545.703125	21820.800781
1544.682617	21792.648438
1543.661133	22001.515625
1542.639648	21516.003906
1541.618164	21324.458984
1540.596680	21376.960938
1539.575195	21777.558594
1538.552734	21972.003906
1537.530273	21955.689453
1536.507813	22336.986328
1535.485352	22050.851563
1534.461914	22391.753906
1533.439453	22481.798828
1532.416016	22581.265625
1531.392578	22401.701172
1530.368164	22330.945313
1529.344727	22550.908203
1528.320313	22371.457031
1527.295898	22725.972656
1526.271484	22289.111328
1525.246094	22100.375000
1524.221680	22471.251953
1523.196289	22568.164063
1522.170898	22438.480469
1521.145508	22448.058594
1520.119141	22483.580078
1519.092773	22596.916016
1518.067383	22189.078125
1517.040039	22611.265625
1516.013672	22764.572266
1514.987305	22684.513672
1513.959961	22529.089844
1512.932617	22708.228516
1511.905273	22929.683594
1510.876953	22901.453125
1509.849609	22706.085938
1508.821289	22950.939453
1507.792969	22899.187500
1506.763672	22903.917969
1505.735352	23014.500000
1504.706055	23054.480469
1503.676758	23164.982422
1502.647461	23226.070313
1501.618164	23322.386719
1500.587891	23202.476563
1499.557617	23514.898438
1498.527344	23669.816406
1497.497070	23559.296875
1496.466797	23131.851563
1495.435547	23181.113281
1494.404297	23166.984375
1493.373047	23239.679688
1492.341797	23288.884766
1491.309570	23542.128906
1490.278320	23384.884766
1489.246094	23291.005859
1488.213867	22965.099609
1487.180664	22946.337891
1486.148438	23302.486328
1485.115234	23621.003906
1484.082031	23264.841797
1483.047852	23515.324219
1482.014648	23372.378906
1480.980469	23559.535156
1479.946289	23968.937500
1478.912109	23924.251953
1477.877930	24031.640625
1476.842773	24770.464844
1475.808594	24950.119141
1474.773438	25302.703125
1473.738281	25692.537109
1472.702148	26042.484375
1471.666992	26446.023438
1470.630859	26655.511719
1469.594727	27100.796875
1468.557617	27436.152344
1467.521484	28345.658203
1466.484375	28367.857422
1465.447266	28978.101563
1464.410156	29119.144531
1463.373047	29397.751953
1462.334961	29827.832031
1461.296875	30332.345703
1460.258789	30813.339844
1459.220703	30753.416016
1458.182617	31217.810547
1457.143555	31318.574219
1456.104492	31768.685547
1455.065430	31918.195313
1454.026367	31902.333984
1452.986328	32026.146484
1451.946289	31812.443359
1450.906250	31901.316406
1449.866211	32334.457031
1448.826172	32946.511719
1447.785156	32925.796875
1446.744141	33363.105469
1445.703125	33509.671875
1444.662109	33460.960938
1443.620117	32908.062500
1442.578125	33354.300781
1441.537109	32862.035156
1440.494141	32411.765625
1439.452148	31806.132813
1438.409180	31337.693359
1437.367188	30616.492188
1436.323242	30074.238281
1435.280273	29580.921875
1434.237305	29502.947266
1433.193359	28768.796875
1432.149414	28793.021484
1431.105469	28323.544922
1430.061523	28359.435547
1429.016602	27781.343750
1427.971680	27775.632813
1426.926758	27316.007813
1425.881836	27349.753906
1424.835938	27119.580078
1423.791016	26840.896484
1422.745117	27025.125000
1421.699219	26755.826172
1420.652344	26648.548828
1419.606445	27050.080078
1418.559570	26942.783203
1417.512695	27163.777344
1416.465820	27421.660156
1415.417969	27381.357422
1414.371094	27627.533203
1413.323242	27478.644531
1412.275391	27373.693359
1411.226563	27423.468750
1410.178711	27408.591797
1409.129883	27342.945313
1408.081055	27288.863281
1407.032227	27631.580078
1405.982422	27480.587891
1404.933594	27308.904297
1403.883789	27128.066406
1402.833984	26555.458984
1401.783203	26568.425781
1400.733398	26659.720703
1399.682617	26467.642578
1398.631836	26349.339844
1397.581055	26373.843750
1396.529297	26248.699219
1395.478516	25957.886719
1394.426758	26300.013672
1393.375000	25981.699219
1392.322266	26121.257813
1391.270508	25761.712891
1390.217773	25770.197266
1389.165039	25884.421875
1388.112305	25490.667969
1387.058594	25970.257813
1386.005859	25385.964844
1384.952148	25500.167969
1383.898438	25536.244141
1382.843750	26196.802734
1381.790039	26026.123047
1380.735352	26592.210938
1379.680664	26575.251953
1378.625977	26815.232422
1377.570313	27059.699219
1376.515625	27450.822266
1375.459961	27417.646484
1374.404297	27746.642578
1373.347656	27731.748047
1372.291992	28161.355469
1371.235352	28423.558594
1370.178711	28090.179688
1369.122070	28420.980469
1368.064453	28156.417969
1367.007813	28468.753906
1365.950195	28417.105469
1364.892578	28598.843750
1363.833984	28990.951172
1362.776367	28847.744141
1361.717773	28775.474609
1360.659180	29448.476563
1359.600586	29053.849609
1358.541016	29251.216797
1357.482422	29471.347656
1356.422852	29723.361328
1355.363281	29906.761719
1354.302734	30322.968750
1353.243164	30576.927734
1352.182617	30839.910156
1351.122070	31216.871094
1350.060547	31856.023438
1349.000000	32177.873047
1347.938477	32846.203125
1346.876953	33247.507813
1345.815430	33616.734375
1344.753906	34195.464844
1343.691406	34468.644531
1342.628906	35144.910156
1341.566406	35470.156250
1340.503906	36382.746094
1339.441406	36557.343750
1338.377930	37653.687500
1337.314453	38203.425781
1336.250977	38593.671875
1335.186523	38829.074219
1334.123047	39619.289063
1333.058594	39579.253906
1331.994141	39539.230469
1330.928711	39653.777344
1329.864258	39302.441406
1328.798828	38769.496094
1327.733398	38479.812500
1326.667969	38072.156250
1325.601563	36958.554688
1324.536133	36662.609375
1323.469727	36005.929688
1322.403320	34925.207031
1321.335938	34566.339844
1320.269531	34051.121094
1319.202148	33819.566406
1318.134766	32955.566406
1317.067383	32796.863281
1315.999023	32783.265625
1314.930664	31967.593750
1313.863281	31691.394531
1312.793945	31279.419922
1311.725586	30786.097656
1310.656250	30963.087891
1309.587891	30239.164063
1308.517578	30547.439453
1307.448242	30360.105469
1306.378906	29962.478516
1305.308594	29990.185547
1304.238281	29647.064453
1303.167969	29527.880859
1302.096680	29203.076172
1301.026367	29025.279297
1299.955078	28592.269531
1298.883789	28669.906250
1297.811523	27975.187500
1296.740234	27908.419922
1295.667969	27559.513672
1294.595703	27237.832031
1293.523438	26965.923828
1292.450195	26373.787109
1291.376953	26435.972656
1290.303711	26274.886719
1289.230469	26134.158203
1288.157227	26349.625000
1287.083008	26161.611328
1286.008789	26070.556641
1284.934570	26121.455078
1283.860352	26161.068359
1282.785156	26052.054688
1281.710938	26510.390625
1280.635742	26770.468750
1279.559570	26688.392578
1278.484375	26867.328125
1277.408203	27268.875000
1276.332031	27105.783203
1275.255859	27570.064453
1274.179688	27512.626953
1273.102539	27504.656250
1272.025391	27361.867188
1270.948242	27486.474609
1269.871094	27599.798828
1268.793945	27737.775391
1267.715820	27610.765625
1266.637695	27391.775391
1265.559570	27525.214844
1264.480469	27301.843750
1263.401367	26939.480469
1262.323242	27063.955078
1261.243164	26450.646484
1260.164063	26223.193359
1259.083984	26529.289063
1258.004883	26248.128906
1256.924805	25774.404297
1255.843750	25661.515625
1254.763672	25568.828125
1253.682617	25095.535156
1252.601563	25376.849609
1251.520508	24935.125000
1250.438477	24540.574219
1249.357422	24779.316406
1248.275391	24499.033203
1247.193359	24507.343750
1246.110352	24021.537109
1245.028320	24490.423828
1243.945313	23852.847656
1242.862305	23859.046875
1241.779297	23900.984375
1240.695313	23835.697266
1239.611328	23759.269531
1238.527344	23575.710938
1237.443359	23430.173828
1236.359375	23253.451172
1235.274414	23371.314453
1234.189453	23393.207031
1233.104492	22975.734375
1232.019531	23033.375000
1230.933594	23157.867188
1229.847656	22932.380859
1228.761719	22989.988281
1227.675781	22869.339844
1226.588867	22942.525391
1225.502930	22882.062500
1224.416016	23091.029297
1223.328125	22845.796875
1222.241211	23085.839844
1221.153320	22954.187500
1220.065430	23080.646484
1218.977539	22795.580078
1217.889648	22779.701172
1216.800781	22548.169922
1215.711914	22841.312500
1214.623047	22545.417969
1213.534180	22660.687500
1212.444336	22795.898438
1211.355469	22466.880859
1210.265625	22884.072266
1209.174805	22801.589844
1208.084961	22499.406250
1206.994141	22505.796875
1205.903320	22541.027344
1204.812500	22298.972656
1203.720703	22726.757813
1202.629883	22347.296875
1201.538086	22214.050781
1200.446289	21992.208984
1199.353516	22240.212891
1198.261719	21996.300781
1197.168945	21679.400391
1196.076172	21681.507813
1194.983398	21716.822266
1193.889648	21966.830078
1192.795898	22298.617188
1191.702148	22260.759766
1190.608398	22362.283203
1189.514648	22587.613281
1188.419922	22551.929688
1187.325195	22664.375000
1186.230469	22664.050781
1185.135742	22738.857422
1184.040039	22740.724609
1182.944336	22548.207031
1181.848633	22881.373047
1180.752930	22452.652344
1179.656250	22370.687500
1178.559570	22469.730469
1177.462891	22665.820313
1176.366211	22204.408203
1175.268555	22098.296875
1174.171875	22228.181641
1173.074219	22055.962891
1171.975586	22057.953125
1170.877930	22075.367188
1169.779297	22044.300781
1168.680664	22057.300781
1167.582031	21768.566406
1166.483398	21819.050781
1165.383789	21988.392578
1164.284180	21790.089844
1163.184570	22071.593750
1162.084961	21626.943359
1160.984375	21640.003906
1159.883789	21679.447266
1158.783203	21589.148438
1157.682617	21474.707031
1156.581055	21775.693359
1155.480469	21854.621094
1154.378906	21856.625000
1153.276367	21643.378906
1152.174805	22012.146484
1151.072266	22207.314453
1149.969727	22237.773438
1148.867188	22382.333984
1147.764648	22011.218750
1146.661133	22451.904297
1145.557617	22346.302734
1144.454102	22545.533203
1143.349609	22534.220703
1142.246094	22733.324219
1141.141602	22750.460938
1140.037109	22802.644531
1138.932617	22725.568359
1137.827148	22341.929688
1136.721680	22291.255859
1135.616211	22652.138672
1134.510742	22343.166016
1133.404297	22014.628906
1132.298828	22213.453125
1131.192383	21869.765625
1130.084961	22121.015625
1128.978516	22413.697266
1127.871094	21967.449219
1126.763672	21798.927734
1125.656250	22093.673828
1124.548828	21820.339844
1123.440430	21962.076172
1122.332031	21658.314453
1121.223633	22033.609375
1120.115234	21867.460938
1119.005859	21982.876953
1117.896484	21760.082031
1116.787109	22043.423828
1115.677734	22535.996094
1114.567383	22415.697266
1113.457031	22676.917969
1112.346680	22613.300781
1111.236328	22811.179688
1110.125000	22910.941406
1109.014648	23585.656250
1107.903320	23678.677734
1106.791016	23906.638672
1105.679688	24700.427734
1104.567383	24595.119141
1103.455078	25099.054688
1102.342773	25102.466797
1101.230469	25421.222656
1100.117188	25752.888672
1099.003906	25745.287109
1097.890625	25292.134766
1096.776367	25304.187500
1095.663086	25075.083984
1094.548828	24865.625000
1093.434570	24732.257813
1092.319336	24201.628906
1091.205078	23985.970703
1090.089844	23681.421875
1088.974609	23257.662109
1087.858398	22801.541016
1086.743164	22946.382813
1085.626953	22581.587891
1084.510742	22277.650391
1083.394531	22366.150391
1082.277344	22224.908203
1081.160156	21897.400391
1080.042969	22066.068359
1078.925781	21862.169922
1077.807617	21976.640625
1076.690430	21790.164063
1075.572266	21954.376953
1074.453125	22025.474609
1073.334961	21891.021484
1072.215820	22107.015625
1071.096680	22037.472656
1069.977539	21851.210938
1068.858398	22276.740234
1067.738281	22112.115234
1066.618164	22440.177734
1065.498047	22720.578125
1064.376953	22376.703125
1063.256836	22857.804688
1062.135742	22816.275391
1061.014648	22971.169922
1059.892578	23093.628906
1058.771484	23123.265625
1057.649414	23310.347656
1056.527344	23708.685547
1055.404297	23841.660156
1054.282227	23759.017578
1053.159180	23919.937500
1052.036133	24035.541016
1050.912109	23737.482422
1049.789063	24182.599609
1048.665039	23923.392578
1047.541016	24226.189453
1046.416992	24438.457031
1045.291992	24345.056641
1044.166992	24331.296875
1043.041992	24250.861328
1041.916992	23888.730469
1040.791992	24148.140625
1039.666016	23768.984375
1038.540039	23985.322266
1037.413086	23967.351563
1036.287109	23642.177734
1035.160156	23645.761719
1034.033203	23539.826172
1032.906250	23169.859375
1031.779297	23152.072266
1030.651367	23677.238281
1029.523438	23573.525391
1028.395508	24121.974609
1027.266602	23848.777344
1026.137695	23447.042969
1025.009766	23632.869141
1023.879883	23692.160156
1022.750977	23654.994141
1021.621094	23530.005859
1020.491211	23606.412109
1019.361328	23470.775391
1018.231445	23247.412109
1017.100586	23233.919922
1015.969727	22974.316406
1014.838867	23198.390625
1013.708008	23058.697266
1012.576172	23017.447266
1011.444336	22773.072266
1010.312500	22680.587891
1009.180664	22660.814453
1008.047852	22758.580078
1006.915039	22956.716797
1005.782227	23220.986328
1004.649414	23320.703125
1003.515625	23826.050781
1002.381836	23961.882813
1001.248047	23886.365234
1000.114258	23550.556641
998.979492	23270.357422
997.844727	22580.761719
996.709961	22366.988281
995.575195	22208.736328
994.439453	22069.732422
993.303711	21918.000000
992.167969	21617.189453
991.032227	21587.033203
989.895508	21967.923828
988.758789	21780.138672
987.622070	21839.375000
986.485352	22151.857422
985.347656	21968.404297
984.210938	21880.763672
983.073242	21774.017578
981.934570	22069.230469
980.796875	21919.962891
979.658203	22121.488281
978.519531	22112.533203
977.380859	22050.462891
976.241211	22028.777344
975.101563	21790.470703
973.961914	22006.666016
972.822266	21713.265625
971.681641	22192.568359
970.541992	22327.900391
969.400391	22435.591797
968.259766	22872.007813
967.119141	22909.552734
965.977539	23120.939453
964.835938	23400.064453
963.694336	23524.361328
962.551758	23527.826172
961.409180	23452.910156
960.266602	23469.093750
959.124023	23252.345703
957.980469	23133.072266
956.837891	22950.349609
955.694336	22966.621094
954.549805	23228.306641
953.406250	22497.826172
952.261719	22624.148438
951.117188	22845.562500
949.972656	22538.406250
948.827148	22744.947266
947.681641	22450.619141
946.536133	22650.750000
945.390625	22362.898438
944.245117	22419.369141
943.098633	22925.498047
941.952148	23078.914063
940.804688	22900.949219
939.658203	23018.435547
938.510742	23772.908203
937.363281	24048.326172
936.215820	24435.376953
935.067383	25024.632813
933.919922	25832.824219
932.770508	26503.707031
931.622070	27115.312500
930.473633	28084.718750
929.324219	29169.527344
928.174805	30060.179688
927.025391	30377.916016
925.875000	30459.816406
924.724609	31109.761719
923.574219	30514.123047
922.423828	29973.417969
921.272461	29531.767578
920.122070	28619.410156
918.969727	27490.958984
917.818359	27117.357422
916.666992	25815.333984
915.514648	25141.888672
914.362305	24430.929688
913.208984	23680.380859
912.056641	23528.384766
910.903320	22893.773438
909.750000	22676.964844
908.596680	22441.367188
907.442383	22260.398438
906.288086	22278.703125
905.133789	22229.916016
903.979492	22114.078125
902.824219	22029.720703
901.668945	22169.564453
900.513672	21940.703125
899.358398	22191.492188
898.202148	21891.535156
897.045898	22129.666016
895.889648	21794.271484
894.733398	21862.837891
893.576172	21830.964844
892.419922	21391.271484
891.261719	21430.603516
890.104492	21614.164063
888.946289	21636.708984
887.789063	21598.640625
886.629883	21554.322266
885.471680	21284.433594
884.312500	21695.449219
883.153320	21713.767578
881.994141	21725.816406
880.834961	21589.681641
879.674805	21299.203125
878.514648	21657.617188
877.354492	21748.914063
876.194336	21612.886719
875.033203	21383.103516
873.872070	21745.355469
872.710938	21709.435547
871.548828	21879.787109
870.387695	21450.175781
869.225586	22049.500000
868.063477	21674.167969
866.900391	21840.210938
865.737305	21702.332031
864.574219	21936.958984
863.411133	21426.750000
862.248047	21794.441406
861.083984	21683.716797
859.919922	21695.695313
858.755859	21753.394531
857.590820	21328.962891
856.425781	21677.576172
855.260742	21951.259766
854.095703	22330.736328
852.930664	21939.759766
851.764648	21999.400391
850.598633	21988.451172
849.431641	21904.882813
848.265625	21663.689453
847.098633	21816.662109
845.931641	21969.568359
844.764648	22526.667969
843.596680	22312.486328
842.428711	22001.001953
841.260742	22510.080078
840.092773	22766.232422
838.923828	22481.767578
837.754883	22828.916016
836.585938	22525.925781
835.416992	22516.945313
834.247070	22865.925781
833.077148	22612.767578
831.907227	22175.644531
830.737305	22658.875000
829.566406	22784.244141
828.395508	22729.738281
827.224609	22303.292969
826.052734	23126.966797
824.881836	23055.892578
823.709961	22920.830078
822.538086	22922.091797
821.365234	23100.876953
820.192383	22943.185547
819.019531	22624.619141
817.846680	22495.974609
816.673828	22416.882813
815.500000	22412.058594
814.326172	22081.503906
813.151367	22218.966797
811.977539	22337.824219
810.802734	22413.363281
809.627930	22620.695313
808.453125	22622.001953
807.277344	22664.484375
806.101563	22630.783203
804.925781	23103.369141
803.750000	22596.341797
802.573242	22328.158203
801.396484	22407.671875
800.219727	22641.367188
799.042969	22634.431641
797.865234	23050.902344
796.687500	22813.726563
795.509766	22973.166016
794.331055	23261.939453
793.153320	23353.443359
791.974609	23352.513672
790.795898	23031.359375
789.616211	23182.363281
788.436523	22929.093750
787.256836	23092.359375
786.077148	23085.326172
784.897461	23152.113281
783.716797	23132.767578
782.536133	22611.273438
781.354492	22952.703125
780.173828	22808.435547
778.992188	23039.064453
777.810547	23085.287109
776.628906	22893.990234
775.446289	23083.507813
774.263672	23039.638672
773.081055	22805.503906
771.898438	22947.863281
770.714844	23106.523438
769.531250	22856.162109
768.347656	23204.888672
767.163086	23661.789063
765.979492	23852.843750
764.794922	23643.392578
763.609375	23928.324219
762.424805	24137.572266
761.239258	24518.226563
760.053711	24606.824219
758.868164	24646.400391
757.681641	25202.164063
756.495117	25319.107422
755.308594	25568.564453
754.122070	25766.935547
752.934570	26069.185547
751.748047	26891.027344
750.559570	27011.546875
749.372070	27910.238281
748.183594	28386.921875
746.995117	29787.906250
745.806641	31129.242188
744.618164	32429.283203
743.428711	33785.742188
742.239258	35214.855469
741.049805	36865.074219
739.859375	37947.167969
738.669922	38764.464844
737.479492	38833.316406
736.288086	39922.402344
735.097656	39657.730469
733.906250	39951.839844
732.714844	39904.593750
731.523438	40080.738281
730.331055	39911.671875
729.138672	39740.644531
727.946289	39608.242188
726.753906	38769.851563
725.560547	38325.332031
724.367188	37878.980469
723.173828	37165.179688
721.979492	36409.113281
720.786133	35505.429688
719.591797	34596.054688
718.396484	33537.160156
717.202148	32731.894531
716.006836	31528.066406
714.811523	30699.287109
713.616211	30423.429688
712.419922	30376.359375
711.223633	29878.138672
710.027344	29198.087891
708.831055	29151.306641
707.633789	28926.621094
706.436523	28877.894531
705.239258	28623.046875
704.041016	28715.839844
702.843750	28162.160156
701.645508	27883.392578
700.447266	27404.841797
699.248047	27415.042969
698.048828	27732.023438
696.849609	28349.533203
695.650391	29154.396484
694.450195	29771.326172
693.250000	29803.173828
692.049805	30687.837891
690.849609	32023.636719
689.648438	33131.125000
688.447266	34342.902344
687.246094	34998.175781
686.044922	35912.964844
684.842773	37157.570313
683.640625	38264.742188
682.438477	39476.089844
681.235352	40389.097656
680.033203	40804.800781
678.829102	40389.636719
677.625977	39288.933594
676.422852	38327.429688
675.218750	37752.265625
674.014648	37255.726563
672.809570	36675.011719
671.604492	36522.406250
670.400391	36898.039063
669.194336	36890.011719
667.989258	35966.605469
666.783203	35868.464844
665.577148	36111.472656
664.371094	35997.289063
663.164063	36270.242188
661.957031	36709.511719
660.750000	37094.453125
659.542969	36944.066406
658.334961	37016.175781
657.127930	36511.253906
655.918945	36138.750000
654.710938	35522.085938
653.501953	34825.605469
652.292969	34551.785156
651.083984	33857.816406
649.875000	33282.195313
648.665039	32950.875000
647.455078	32007.699219
646.244141	31650.802734
645.034180	30766.292969
643.823242	30437.798828
642.612305	29825.697266
641.400391	29321.740234
640.189453	28364.599609
638.977539	28330.457031
637.765625	28358.216797
636.552734	28499.740234
635.339844	28230.099609
634.126953	28267.835938
632.914063	28353.425781
631.700195	28217.607422
630.487305	28438.751953
629.272461	28470.421875
628.058594	28892.705078
626.843750	29352.660156
625.628906	29390.080078
624.414063	29393.621094
623.199219	28787.830078
621.983398	28699.919922
620.767578	28351.302734
619.551758	28707.285156
618.334961	27944.992188
617.118164	27383.927734
615.901367	27316.296875
614.684570	27061.800781
613.466797	26777.595703
612.249023	26555.121094
611.031250	25871.775391
609.813477	25301.957031
608.594727	25216.984375
607.375977	25386.207031
606.157227	25350.878906
604.937500	25371.138672
603.717773	25399.324219
602.498047	25310.445313
601.278320	25191.853516
600.057617	24829.400391
598.836914	24720.875000
597.616211	24424.089844
596.395508	24387.039063
595.173828	24141.966797
593.952148	23829.652344
592.729492	23770.966797
591.507813	23833.083984
590.285156	23509.158203
589.062500	23589.115234
587.839844	23587.908203
586.616211	23515.484375
585.392578	23510.333984
584.168945	23898.685547
582.944336	24101.033203
581.720703	23906.007813
580.495117	24347.367188
579.270508	25013.755859
578.045898	25205.798828
576.820313	25125.234375
575.594727	25362.574219
574.368164	25364.912109
573.142578	25371.195313
571.916016	25596.482422
570.688477	25987.369141
569.461914	26098.031250
568.234375	26277.656250
567.006836	26013.650391
565.779297	25730.048828
564.550781	25590.416016
563.322266	25242.017578
562.093750	25573.283203
560.865234	25193.531250
559.635742	25298.253906
558.406250	25509.216797
557.176758	25641.371094
555.946289	25155.689453
554.715820	25614.382813
553.485352	25278.376953
552.254883	25131.265625
551.023438	25255.486328
549.791992	25468.087891
548.560547	24969.320313
547.328125	24763.466797
546.096680	24135.445313
544.864258	24261.703125
543.630859	24060.062500
542.398438	24039.076172
541.165039	24284.964844
539.931641	24495.431641
538.697266	24670.498047
537.463867	24690.570313
536.229492	24210.693359
534.994141	24348.460938
533.759766	24654.697266
532.524414	24819.732422
531.289063	24769.224609
530.053711	24943.951172
528.817383	24580.160156
527.581055	25142.437500
526.344727	24815.945313
525.107422	25403.357422
523.871094	26227.212891
522.632813	27434.041016
521.395508	28698.998047
520.158203	29476.615234
518.919922	28829.048828
517.681641	27511.517578
516.442383	26473.935547
515.203125	25874.328125
513.963867	24935.199219
512.724609	24429.906250
511.485352	24892.992188
510.245117	24971.425781
509.004883	25317.121094
507.763672	25762.144531
506.523438	25963.193359
505.282227	25996.470703
504.040039	25741.226563
502.798828	25850.542969
501.556641	25587.646484
