1802.182617	11259.695313
1801.212891	11584.326172
1800.244141	11312.373047
1799.274414	11315.105469
1798.304688	11447.610352
1797.334961	11502.712891
1796.364258	11440.541992
1795.394531	11081.589844
1794.423828	11096.831055
1793.453125	10972.448242
1792.482422	11142.250000
1791.511719	11242.202148
1790.540039	11651.081055
1789.568359	11536.649414
1788.596680	11432.224609
1787.625000	11317.880859
1786.653320	11303.168945
1785.680664	11539.871094
1784.708984	11704.305664
1783.736328	12077.681641
1782.763672	12426.030273
1781.790039	12577.750977
1780.817383	12570.261719
1779.843750	12761.670898
1778.870117	12796.403320
1777.896484	12952.895508
1776.922852	13156.535156
1775.948242	13183.711914
1774.973633	12917.799805
1773.999023	12758.771484
1773.024414	12535.255859
1772.049805	12545.158203
1771.074219	13088.625977
1770.099609	13408.565430
1769.124023	13564.647461
1768.148438	13998.453125
1767.171875	14079.960938
1766.196289	14682.076172
1765.219727	14874.957031
1764.243164	15042.976563
1763.266602	15743.645508
1762.290039	15685.991211
1761.312500	15529.290039
1760.334961	15501.416016
1759.357422	15441.367188
1758.379883	16079.368164
1757.402344	16140.489258
1756.423828	16886.960938
1755.446289	17556.445313
1754.467773	17849.720703
1753.489258	17742.285156
1752.509766	17491.500000
1751.531250	17102.390625
1750.551758	16767.806641
1749.572266	16571.720703
1748.592773	16896.949219
1747.613281	16952.835938
1746.632813	16722.257813
1745.652344	16820.126953
1744.671875	16209.541992
1743.691406	16164.336914
1742.710938	15724.374023
1741.729492	15679.282227
1740.749023	15607.078125
1739.767578	15865.327148
1738.785156	15307.436523
1737.803711	15343.801758
1736.822266	15281.577148
1735.839844	14795.589844
1734.857422	14809.862305
1733.875000	14671.430664
1732.891602	15178.200195
1731.909180	15332.713867
1730.925781	15437.936523
1729.942383	15215.815430
1728.958984	14895.365234
1727.974609	14552.904297
1726.991211	14375.361328
1726.006836	14367.555664
1725.022461	14662.139648
1724.038086	15165.531250
1723.052734	15437.718750
1722.068359	15184.005859
1721.083008	15357.820313
1720.097656	15062.472656
1719.112305	14642.013672
1718.125977	14450.037109
1717.140625	14714.671875
1716.154297	14883.493164
1715.167969	14909.942383
1714.181641	14889.773438
1713.194336	15181.081055
1712.208008	15310.437500
1711.220703	15640.765625
1710.233398	16255.281250
1709.246094	16337.780273
1708.257813	16096.838867
1707.270508	16054.407227
1706.282227	16083.015625
1705.293945	16300.150391
1704.304688	16093.679688
1703.316406	16577.511719
1702.327148	16630.457031
1701.337891	17170.255859
1700.348633	17724.513672
1699.359375	17833.443359
1698.370117	18032.798828
1697.379883	18459.421875
1696.389648	18536.363281
1695.399414	18500.861328
1694.409180	18418.955078
1693.417969	18127.011719
1692.426758	18736.345703
1691.436523	19006.039063
1690.444336	19492.890625
1689.453125	19747.675781
1688.461914	19519.199219
1687.469727	19649.449219
1686.477539	19947.953125
1685.485352	20256.091797
1684.492188	20476.326172
1683.500000	20494.138672
1682.506836	20597.248047
1681.513672	20254.384766
1680.520508	20189.394531
1679.527344	20273.011719
1678.533203	20410.171875
1677.539063	20457.185547
1676.544922	20713.531250
1675.550781	21089.029297
1674.556641	21133.443359
1673.561523	21260.552734
1672.566406	21258.697266
1671.571289	21130.382813
1670.576172	21055.611328
1669.581055	21160.751953
1668.584961	20940.177734
1667.588867	20748.849609
1666.592773	20579.462891
1665.596680	20582.595703
1664.600586	20796.998047
1663.603516	21130.283203
1662.606445	20827.441406
1661.609375	20794.113281
1660.612305	20425.945313
1659.614258	20288.392578
1658.617188	20313.402344
1657.619141	20282.623047
1656.621094	20363.384766
1655.622070	21071.931641
1654.624023	21079.791016
1653.625000	21560.138672
1652.625977	21507.332031
1651.626953	21500.564453
1650.627930	21096.662109
1649.627930	20792.185547
1648.627930	21405.232422
1647.627930	21592.093750
1646.627930	22069.230469
1645.627930	22229.269531
1644.626953	22248.962891
1643.625977	22389.552734
1642.625000	22264.142578
1641.624023	22832.507813
1640.623047	22934.224609
1639.621094	22871.597656
1638.619141	22487.707031
1637.617188	22256.128906
1636.615234	22669.373047
1635.613281	22879.654297
1634.610352	23053.640625
1633.607422	22648.376953
1632.604492	22708.939453
1631.601563	22723.640625
1630.597656	22936.103516
1629.594727	22562.531250
1628.590820	22360.279297
1627.586914	22907.716797
1626.582031	23117.554688
1625.578125	23659.794922
1624.573242	23826.033203
1623.568359	23811.576172
1622.563477	23183.111328
1621.558594	23529.896484
1620.552734	22993.203125
1619.546875	22824.910156
1618.541016	22541.197266
1617.535156	22038.703125
1616.529297	22344.478516
1615.522461	22351.972656
1614.515625	22364.271484
1613.508789	22013.636719
1612.501953	22602.718750
1611.494141	22963.320313
1610.487305	23146.025391
1609.479492	23746.523438
1608.471680	23688.886719
1607.463867	23972.152344
1606.455078	23316.867188
1605.446289	23508.906250
1604.437500	23233.039063
1603.428711	23612.107422
1602.419922	24525.806641
1601.410156	24777.382813
1600.401367	24729.207031
1599.391602	24625.925781
1598.381836	24757.513672
1597.371094	24594.373047
1596.361328	24941.480469
1595.350586	24819.076172
1594.339844	25034.310547
1593.329102	24935.873047
1592.317383	25050.474609
1591.305664	25959.437500
1590.294922	26688.607422
1589.283203	26752.550781
1588.270508	26617.986328
1587.258789	26691.480469
1586.246094	26442.242188
1585.233398	26353.226563
1584.220703	26214.066406
1583.208008	26605.300781
1582.194336	26418.376953
1581.180664	26558.673828
1580.167969	27238.476563
1579.153320	27872.650391
1578.139648	27537.652344
1577.125000	27524.898438
1576.111328	27586.097656
1575.096680	27718.822266
1574.081055	27140.898438
1573.066406	27140.148438
1572.050781	26982.082031
1571.035156	27055.238281
1570.019531	27226.050781
1569.003906	27027.562500
1567.988281	26907.746094
1566.971680	27430.890625
1565.955078	27215.812500
1564.938477	27241.218750
1563.920898	27499.824219
1562.904297	26987.457031
1561.886719	27119.931641
1560.869141	27102.521484
1559.851563	27796.070313
1558.833984	27443.330078
1557.815430	27437.744141
1556.796875	27501.074219
1555.778320	27120.093750
1554.759766	27487.501953
1553.740234	27591.150391
1552.721680	28034.291016
1551.702148	27919.382813
1550.682617	28407.367188
1549.662109	28420.566406
1548.642578	28082.634766
1547.622070	28048.451172
1546.601563	28279.886719
1545.581055	28473.289063
1544.560547	28519.638672
1543.539063	29016.275391
1542.517578	28929.796875
1541.496094	28540.113281
1540.474609	29334.878906
1539.453125	29262.591797
1538.430664	29853.267578
1537.408203	30019.982422
1536.385742	30435.126953
1535.363281	30644.242188
1534.339844	30488.957031
1533.316406	30693.242188
1532.292969	30736.642578
1531.269531	31080.281250
1530.246094	31248.861328
1529.221680	30750.925781
1528.198242	30846.253906
1527.173828	30837.597656
1526.148438	30895.076172
1525.124023	30562.906250
1524.098633	30599.166016
1523.073242	31005.988281
1522.047852	30815.587891
1521.022461	30915.472656
1519.997070	31416.333984
1518.970703	31016.058594
1517.944336	31290.326172
1516.917969	31199.068359
1515.890625	31838.519531
1514.864258	32032.324219
1513.836914	31877.351563
1512.809570	32372.576172
1511.782227	32822.851563
1510.753906	33527.238281
1509.726563	34264.292969
1508.698242	34775.093750
1507.669922	35793.968750
1506.640625	36083.093750
1505.612305	37202.425781
1504.583008	38234.285156
1503.553711	38849.546875
1502.524414	40386.058594
1501.495117	40760.898438
1500.464844	42073.152344
1499.434570	42360.566406
1498.404297	42974.347656
1497.374023	43827.406250
1496.343750	43557.832031
1495.312500	44128.730469
1494.281250	44584.394531
1493.250000	43948.777344
1492.218750	43855.332031
1491.186523	43086.425781
1490.154297	42676.617188
1489.122070	42182.570313
1488.089844	41151.937500
1487.057617	40784.953125
1486.024414	40422.800781
1484.991211	38779.394531
1483.958008	37993.871094
1482.924805	37285.945313
1481.891602	36426.128906
1480.857422	35952.875000
1479.823242	35086.660156
1478.789063	34847.843750
1477.753906	34471.105469
1476.719727	34022.019531
1475.684570	34110.921875
1474.649414	34075.882813
1473.614258	34167.070313
1472.578125	34533.964844
1471.542969	34664.734375
1470.506836	35134.156250
1469.470703	35262.410156
1468.433594	35540.046875
1467.397461	36415.187500
1466.360352	37100.914063
1465.323242	37368.664063
1464.286133	38121.570313
1463.249023	38797.187500
1462.210938	39544.824219
1461.172852	40322.460938
1460.134766	41908.667969
1459.096680	42256.660156
1458.057617	43368.800781
1457.019531	44184.609375
1455.980469	45295.890625
1454.941406	45989.871094
1453.901367	47514.746094
1452.862305	48270.832031
1451.822266	49070.824219
1450.782227	49665.722656
1449.742188	51500.312500
1448.701172	52499.164063
1447.661133	53604.566406
1446.620117	54867.609375
1445.579102	54781.964844
1444.537109	55186.703125
1443.496094	55983.937500
1442.454102	55668.132813
1441.412109	56044.558594
1440.370117	55870.507813
1439.327148	55120.777344
1438.285156	54071.933594
1437.242188	52884.277344
1436.199219	51715.667969
1435.155273	51180.804688
1434.112305	50043.167969
1433.068359	48435.300781
1432.024414	47335.785156
1430.980469	46498.621094
1429.936523	45453.246094
1428.891602	44387.445313
1427.846680	43653.312500
1426.801758	42674.000000
1425.756836	41688.144531
1424.710938	41230.484375
1423.666016	40254.582031
1422.620117	39894.585938
1421.574219	39092.863281
1420.527344	38448.750000
1419.481445	37606.027344
1418.434570	37374.023438
1417.387695	36668.242188
1416.340820	36126.839844
1415.292969	35886.035156
1414.245117	35077.035156
1413.197266	35462.457031
1412.149414	35009.488281
1411.101563	34577.480469
1410.052734	34452.640625
1409.004883	34138.617188
1407.955078	34090.058594
1406.906250	34435.980469
1405.857422	34237.464844
1404.807617	34131.261719
1403.757813	34135.761719
1402.708008	33803.738281
1401.658203	33863.605469
1400.607422	34305.902344
1399.556641	34116.859375
1398.505859	34524.371094
1397.455078	34105.105469
1396.404297	33966.859375
1395.352539	33485.734375
1394.300781	33656.019531
1393.249023	33363.800781
1392.197266	33103.906250
1391.144531	32966.000000
1390.091797	32791.363281
1389.039063	32501.857422
1387.986328	32368.751953
1386.932617	32339.099609
1385.879883	32500.134766
1384.826172	32190.248047
1383.772461	32174.423828
1382.717773	33145.835938
1381.664063	33194.089844
1380.609375	33451.160156
1379.554688	33903.152344
1378.500000	34446.718750
1377.444336	34900.609375
1376.389648	34615.949219
1375.333984	34711.968750
1374.278320	34995.902344
1373.221680	34798.472656
1372.166016	34621.742188
1371.109375	34593.980469
1370.052734	34087.570313
1368.995117	34277.449219
1367.938477	33917.824219
1366.880859	33755.179688
1365.823242	33535.394531
1364.765625	33828.175781
1363.708008	33919.542969
1362.649414	34589.460938
1361.590820	34548.019531
1360.532227	35055.222656
1359.473633	35829.617188
1358.415039	36235.800781
1357.355469	36701.210938
1356.295898	37337.734375
1355.236328	37878.078125
1354.175781	39119.121094
1353.116211	39115.597656
1352.055664	39903.992188
1350.995117	40605.355469
1349.934570	40879.832031
1348.873047	41183.843750
1347.811523	41594.902344
1346.750000	42619.058594
1345.688477	42484.878906
1344.626953	42886.289063
1343.564453	43150.824219
1342.501953	43264.906250
1341.439453	43706.890625
1340.376953	44499.347656
1339.313477	44676.816406
1338.250977	45682.687500
1337.187500	45721.019531
1336.123047	46573.824219
1335.059570	46771.171875
1333.995117	47043.488281
1332.930664	46638.121094
1331.866211	47426.367188
1330.801758	46673.355469
1329.736328	47279.476563
1328.671875	46874.390625
1327.606445	46144.664063
1326.540039	46039.726563
1325.474609	45878.070313
1324.408203	44719.980469
1323.341797	44363.484375
1322.275391	43714.433594
1321.208984	43156.394531
1320.141602	42144.968750
1319.074219	41673.644531
1318.006836	41003.011719
1316.939453	40801.843750
1315.872070	40086.339844
1314.803711	39658.875000
1313.735352	39240.640625
1312.666992	39502.011719
1311.597656	39410.039063
1310.529297	39467.515625
1309.459961	39402.746094
1308.390625	39905.984375
1307.320313	39895.445313
1306.250977	40061.335938
1305.180664	40179.667969
1304.110352	39490.765625
1303.040039	40063.527344
1301.968750	40021.312500
1300.898438	39558.824219
1299.827148	39428.621094
1298.754883	38839.960938
1297.683594	38847.703125
1296.612305	38101.359375
1295.540039	37696.171875
1294.467773	37814.722656
1293.394531	37125.460938
1292.322266	36713.953125
1291.249023	36442.449219
1290.175781	36053.796875
1289.102539	36677.554688
1288.028320	36320.566406
1286.955078	35986.261719
1285.880859	36609.632813
1284.806641	37158.410156
1283.732422	37441.210938
1282.657227	38262.027344
1281.582031	38621.015625
1280.506836	40006.167969
1279.431641	41404.246094
1278.355469	43251.691406
1277.280273	44599.023438
1276.204102	46516.996094
1275.127930	48584.804688
1274.050781	50755.156250
1272.974609	53135.855469
1271.897461	55448.156250
1270.820313	57170.910156
1269.742188	58387.589844
1268.665039	59473.519531
1267.586914	59409.507813
1266.508789	59116.566406
1265.430664	58287.390625
1264.351563	56702.433594
1263.272461	55192.160156
1262.194336	52621.691406
1261.114258	50500.746094
1260.035156	48557.785156
1258.955078	46308.562500
1257.875977	44559.992188
1256.794922	42859.195313
1255.714844	41660.855469
1254.634766	40274.894531
1253.553711	39272.382813
1252.472656	38232.226563
1251.391602	37196.980469
1250.309570	36298.656250
1249.227539	36116.597656
1248.146484	35715.414063
1247.063477	34681.542969
1245.981445	33681.640625
1244.898438	32648.623047
1243.816406	32780.375000
1242.732422	32031.734375
1241.649414	31276.703125
1240.566406	30727.458984
1239.482422	30227.566406
1238.398438	29879.691406
1237.314453	29828.818359
1236.229492	29541.419922
1235.144531	29298.761719
1234.059570	28908.980469
1232.974609	29059.060547
1231.889648	28694.015625
1230.803711	28447.271484
1229.717773	28385.615234
1228.631836	28047.673828
1227.545898	28387.134766
1226.458984	27946.871094
1225.373047	27961.080078
1224.286133	27930.750000
1223.198242	28223.201172
1222.111328	28128.287109
1221.023438	27659.601563
1219.935547	27738.359375
1218.847656	27576.878906
1217.759766	27411.015625
1216.670898	27607.599609
1215.582031	27439.572266
1214.493164	27642.732422
1213.404297	27259.250000
1212.314453	27058.078125
1211.224609	27116.828125
1210.134766	26997.919922
1209.044922	27072.195313
1207.954102	27184.167969
1206.864258	27089.724609
1205.773438	27330.320313
1204.681641	27315.734375
1203.590820	27137.046875
1202.499023	27317.613281
1201.407227	27192.199219
1200.315430	27064.619141
1199.223633	27484.384766
1198.130859	26896.011719
1197.038086	26657.826172
1195.945313	26534.886719
1194.852539	26243.740234
1193.758789	26683.152344
1192.666016	26697.484375
1191.572266	26753.847656
1190.477539	26909.728516
1189.383789	27131.890625
1188.289063	26849.818359
1187.194336	26976.837891
1186.099609	26608.714844
1185.004883	26636.289063
1183.909180	26560.013672
1182.813477	26505.857422
1181.717773	26001.216797
1180.621094	25953.820313
1179.525391	25868.916016
1178.428711	25470.656250
1177.332031	25474.144531
1176.235352	25579.109375
1175.137695	25331.134766
1174.040039	25028.134766
1172.942383	25278.630859
1171.844727	25277.740234
1170.747070	24776.601563
1169.648438	24670.056641
1168.549805	24933.626953
1167.451172	24901.970703
1166.351563	24775.644531
1165.252930	24790.261719
1164.153320	24758.652344
1163.053711	24760.060547
1161.953125	24836.267578
1160.853516	24771.669922
1159.752930	25195.300781
1158.652344	25576.978516
1157.550781	25582.601563
1156.450195	25997.001953
1155.348633	25864.103516
1154.247070	26451.814453
1153.145508	27124.933594
1152.042969	27716.523438
1150.940430	28507.644531
1149.837891	29434.521484
1148.735352	30716.515625
1147.632813	32412.646484
1146.529297	33689.085938
1145.425781	35454.054688
1144.322266	36887.191406
1143.217773	37605.062500
1142.114258	37472.230469
1141.009766	38128.316406
1139.905273	37561.648438
1138.799805	36892.265625
1137.695313	35866.207031
1136.589844	34737.675781
1135.484375	33957.664063
1134.378906	32328.832031
1133.272461	31715.943359
1132.166016	30880.175781
1131.059570	30392.511719
1129.953125	29959.718750
1128.846680	29603.623047
1127.739258	28817.080078
1126.631836	28660.234375
1125.524414	28492.527344
1124.416016	28951.806641
1123.307617	28703.300781
1122.200195	28454.898438
1121.090820	28221.878906
1119.982422	28294.511719
1118.873047	28399.843750
1117.763672	28099.345703
1116.654297	28095.613281
1115.544922	27906.519531
1114.434570	27950.791016
1113.325195	27785.781250
1112.213867	28013.119141
1111.103516	28074.765625
1109.993164	28650.490234
1108.881836	28796.914063
1107.770508	28934.562500
1106.658203	29350.814453
1105.546875	29951.896484
1104.434570	30058.744141
1103.322266	30650.718750
1102.209961	30916.160156
1101.096680	31177.138672
1099.984375	31064.029297
1098.871094	31433.554688
1097.757813	30944.439453
1096.643555	30672.822266
1095.529297	30486.042969
1094.415039	30019.152344
1093.300781	29415.648438
1092.186523	29094.640625
1091.071289	28762.910156
1089.956055	28381.406250
1088.840820	28234.388672
1087.725586	27610.197266
1086.609375	27476.414063
1085.493164	27373.042969
1084.376953	26797.115234
1083.260742	27081.896484
1082.143555	27004.671875
1081.027344	27152.792969
1079.910156	27129.734375
1078.791992	27204.134766
1077.674805	26979.712891
1076.556641	27190.484375
1075.438477	27176.087891
1074.320313	27501.404297
1073.201172	27002.363281
1072.082031	26914.472656
1070.962891	26679.576172
1069.843750	26302.087891
1068.724609	26177.650391
1067.604492	26552.458984
1066.484375	26123.378906
1065.364258	26653.566406
1064.243164	26866.058594
1063.123047	26683.328125
1062.001953	27137.500000
1060.880859	27101.546875
1059.758789	27359.074219
1058.637695	27392.123047
1057.515625	27530.843750
1056.392578	27686.757813
1055.270508	27417.871094
1054.147461	27222.384766
1053.025391	26960.171875
1051.901367	26715.304688
1050.778320	26330.519531
1049.654297	26322.794922
1048.531250	26207.410156
1047.407227	25560.328125
1046.282227	25836.876953
1045.158203	25446.220703
1044.033203	25311.748047
1042.908203	25153.669922
1041.782227	25049.421875
1040.657227	24710.857422
1039.531250	24817.406250
1038.405273	24319.992188
1037.279297	24160.134766
1036.152344	24520.222656
1035.025391	24353.945313
1033.898438	24069.630859
1032.771484	23693.121094
1031.644531	23673.076172
1030.516602	23944.894531
1029.388672	23926.947266
1028.260742	24464.582031
1027.131836	24182.742188
1026.002930	24331.998047
1024.874023	24108.181641
1023.745117	23841.593750
1022.616211	24074.392578
1021.486328	23846.484375
1020.356445	24623.220703
1019.226563	24423.128906
1018.095703	24717.687500
1016.965820	24669.634766
1015.834961	24666.542969
1014.704102	24973.697266
1013.572266	25227.238281
1012.441406	25671.017578
1011.309570	25911.472656
1010.176758	26147.546875
1009.044922	26244.591797
1007.912109	26696.320313
1006.779297	27365.771484
1005.646484	27787.162109
1004.513672	28757.207031
1003.379883	29297.685547
1002.246094	29865.683594
1001.112305	29816.658203
999.978516	29938.351563
998.843750	29070.150391
997.708984	27588.062500
996.574219	27228.230469
995.439453	26344.097656
994.303711	26266.031250
993.167969	25405.916016
992.032227	25387.734375
990.896484	25184.240234
989.759766	25398.244141
988.623047	25192.701172
987.486328	25025.562500
986.349609	24979.804688
985.211914	24995.773438
984.075195	24592.638672
982.936523	24827.753906
981.798828	24494.996094
980.661133	24343.091797
979.522461	24552.597656
978.383789	24702.511719
977.244141	24680.259766
976.105469	24545.431641
974.965820	24461.630859
973.826172	24309.917969
972.685547	24625.298828
971.545898	24989.359375
970.405273	25230.189453
969.264648	25963.107422
968.124023	26260.894531
966.982422	26486.451172
965.840820	26756.433594
964.699219	26824.927734
963.557617	27202.800781
962.415039	27328.375000
961.273438	27456.011719
960.129883	26910.099609
958.987305	27152.109375
957.844727	26187.324219
956.701172	26323.554688
955.557617	26633.246094
954.413086	25933.638672
953.269531	25665.828125
952.125000	25713.226563
950.980469	25614.718750
949.835938	25207.628906
948.690430	25035.296875
947.544922	24966.572266
946.399414	25079.548828
945.253906	25234.716797
944.107422	25448.943359
942.961914	25521.628906
941.815430	25459.197266
940.667969	25915.910156
939.521484	25693.074219
938.374023	26381.568359
937.226563	26801.935547
936.078125	26950.134766
934.930664	27285.878906
933.782227	27832.234375
932.633789	28374.138672
931.485352	28953.730469
930.335938	30011.179688
929.186523	30354.326172
928.037109	30985.751953
926.887695	31686.365234
925.737305	32205.699219
924.587891	32823.695313
923.436523	32694.681641
922.286133	32797.058594
921.135742	32699.640625
919.984375	32209.162109
918.833008	31481.396484
917.680664	30657.283203
916.529297	30087.718750
915.376953	28957.599609
914.224609	28665.824219
913.071289	27824.113281
911.918945	27186.365234
910.765625	27163.765625
909.612305	26182.335938
908.458984	26315.183594
907.304688	25680.392578
906.150391	25442.162109
904.996094	25390.601563
903.841797	25301.335938
902.686523	25140.863281
901.531250	25192.050781
900.375977	25002.343750
899.220703	25166.615234
898.064453	25278.472656
896.908203	24931.876953
895.751953	25054.197266
894.595703	25172.281250
893.438477	24999.546875
892.281250	24874.986328
891.124023	25398.669922
889.966797	25278.253906
888.808594	25086.828125
887.650391	24625.923828
886.492188	24873.437500
885.333008	24882.732422
884.174805	24443.044922
883.015625	24949.322266
881.856445	24808.300781
880.696289	24550.468750
879.536133	24428.367188
878.376953	24214.529297
877.215820	23773.457031
876.055664	23799.638672
874.894531	23811.214844
873.733398	23701.900391
872.572266	23573.875000
871.410156	23381.320313
870.249023	23907.445313
869.086914	23883.578125
867.924805	23441.236328
866.761719	23983.658203
865.598633	23920.242188
864.435547	24042.033203
863.272461	24151.287109
862.109375	24158.583984
860.945313	23878.931641
859.781250	23871.728516
858.616211	23939.351563
857.452148	23934.212891
856.287109	23833.509766
855.122070	24034.025391
853.957031	23933.341797
852.791016	24387.042969
851.625000	24145.171875
850.458984	24102.632813
849.292969	23755.103516
848.125977	23486.550781
846.958984	23332.181641
845.791992	23828.962891
844.625000	24039.445313
843.457031	23957.593750
842.290039	24043.623047
841.121094	24046.744141
839.953125	24399.910156
838.784180	24376.029297
837.615234	24327.312500
836.446289	24079.898438
835.277344	24182.335938
834.107422	24206.105469
832.937500	24227.792969
831.767578	23949.583984
830.597656	24188.425781
829.426758	24416.830078
828.255859	24312.369141
827.084961	24375.332031
825.913086	24646.927734
824.742188	24307.011719
823.570313	24475.248047
822.397461	24408.042969
821.225586	24031.236328
820.052734	24067.339844
818.879883	23917.730469
817.707031	23708.359375
816.533203	23342.333984
815.359375	23349.681641
814.185547	23340.531250
813.011719	23630.240234
811.836914	23808.548828
810.662109	24427.658203
809.487305	24484.189453
808.312500	25096.707031
807.136719	25151.007813
805.961914	26248.898438
804.785156	25897.503906
803.609375	25795.220703
802.432617	25446.128906
801.255859	25568.158203
800.079102	25869.021484
798.902344	25620.865234
797.724609	25857.869141
796.546875	26203.677734
795.369141	26633.566406
794.190430	26946.191406
793.012695	26706.277344
791.833984	26764.164063
790.654297	26824.076172
789.475586	26455.050781
788.295898	26365.220703
787.116211	25657.980469
785.936523	25697.564453
784.755859	25519.781250
783.575195	25036.625000
782.394531	24945.140625
781.213867	24204.126953
780.032227	24168.171875
778.851563	24658.626953
777.668945	24428.046875
776.487305	24527.187500
775.304688	24370.419922
774.123047	24479.759766
772.939453	24251.457031
771.756836	24499.871094
770.573242	24306.427734
769.389648	24229.613281
768.206055	24623.007813
767.022461	24807.761719
765.837891	24963.828125
764.653320	25109.609375
763.468750	25379.919922
762.283203	25411.191406
761.097656	25468.988281
759.912109	26165.642578
758.726563	26613.025391
757.540039	26752.130859
756.353516	27362.378906
755.166992	27376.855469
753.980469	28500.515625
752.792969	28820.513672
751.605469	29819.050781
750.417969	31265.431641
749.230469	32279.302734
748.041992	33822.285156
746.853516	36248.359375
745.665039	38593.980469
744.476563	41667.265625
743.287109	44120.585938
742.097656	46192.378906
740.908203	48275.476563
739.717773	49106.964844
738.527344	50056.015625
737.336914	50067.535156
736.146484	49075.070313
734.955078	48115.542969
733.763672	46930.937500
732.572266	45972.281250
731.380859	44429.230469
730.188477	43051.285156
728.996094	41828.195313
727.803711	40585.335938
726.611328	39054.921875
725.417969	37715.835938
724.224609	36306.351563
723.031250	34990.738281
721.836914	34314.218750
720.643555	34781.011719
719.449219	34655.953125
718.253906	33765.210938
717.059570	33879.406250
715.864258	33928.757813
714.668945	34000.351563
713.473633	33930.234375
712.277344	33512.089844
711.081055	32984.878906
709.884766	32631.845703
708.687500	31904.847656
707.491211	31748.312500
706.293945	31937.494141
705.096680	31803.244141
703.898438	31707.439453
702.700195	31720.757813
701.501953	31318.027344
700.303711	31210.269531
699.105469	30747.259766
697.906250	31235.064453
696.707031	31652.031250
695.506836	32333.093750
694.307617	33062.265625
693.107422	33242.621094
691.907227	34033.777344
690.706055	35334.546875
689.505859	37180.875000
688.304688	38772.535156
687.102539	40194.292969
685.901367	41730.226563
684.699219	43478.917969
683.497070	44993.332031
682.294922	46647.968750
681.091797	48674.132813
679.889648	49590.953125
678.685547	50495.300781
677.482422	49891.121094
676.278320	49045.949219
675.075195	47855.425781
673.870117	47031.156250
672.666016	46725.585938
671.460938	45753.269531
670.255859	44775.351563
669.050781	44418.261719
667.845703	43272.433594
666.639648	42725.164063
665.433594	41542.074219
664.226563	40788.789063
663.020508	41114.847656
661.813477	40676.789063
660.606445	40319.109375
659.398438	39727.078125
658.191406	38492.066406
656.983398	37556.101563
655.775391	36840.867188
654.566406	35601.273438
653.358398	35030.925781
652.149414	34450.812500
650.939453	33678.832031
649.730469	33619.472656
648.520508	33034.039063
647.310547	32766.849609
646.099609	31785.953125
644.889648	30887.443359
643.678711	30379.056641
642.467773	29804.947266
641.255859	29460.828125
640.044922	28437.769531
638.833008	27826.513672
637.620117	27518.980469
636.408203	27497.009766
635.195313	27369.281250
633.982422	27858.103516
632.769531	27596.703125
631.555664	27467.037109
630.341797	27624.537109
629.127930	27526.810547
627.914063	27664.294922
626.699219	28056.761719
625.484375	28196.060547
624.269531	28446.826172
623.053711	28444.597656
621.838867	28601.630859
620.622070	28852.140625
619.406250	28981.152344
618.190430	29233.455078
616.973633	28888.931641
615.756836	29035.742188
614.539063	29204.359375
613.321289	29184.062500
612.104492	29028.636719
610.885742	28986.529297
609.667969	28565.027344
608.449219	28358.197266
607.230469	28731.242188
606.011719	28482.773438
604.791992	28127.238281
603.572266	27833.369141
602.352539	27662.623047
601.132813	27563.353516
599.912109	26766.119141
598.691406	26571.923828
597.470703	26175.636719
596.249023	25632.878906
595.028320	25334.046875
593.805664	24938.285156
592.583984	24788.261719
591.362305	24404.667969
590.139648	23948.000000
588.916992	23841.826172
587.693359	23937.517578
586.469727	23890.734375
585.246094	23966.591797
584.022461	24176.873047
582.798828	24875.355469
581.574219	24933.154297
580.349609	25239.906250
579.125000	25617.644531
577.899414	26007.066406
576.673828	25768.347656
575.448242	26242.458984
574.221680	26489.363281
572.996094	26132.285156
571.769531	27006.519531
570.541992	26830.958984
569.315430	27341.777344
568.087891	27818.851563
566.860352	27836.408203
565.632813	27936.730469
564.404297	27461.644531
563.175781	27506.841797
561.947266	27339.306641
560.717773	27616.861328
559.489258	27904.136719
558.259766	28295.603516
557.029297	28381.882813
555.799805	28552.718750
554.569336	28296.650391
553.338867	28512.656250
552.107422	28805.244141
550.876953	28136.494141
549.645508	28055.638672
548.413086	28361.880859
547.181641	27271.322266
545.949219	26574.029297
544.716797	25981.103516
543.484375	25710.382813
542.250977	25082.578125
541.017578	24692.474609
539.784180	24843.992188
538.550781	25152.349609
537.316406	24746.794922
536.082031	24351.220703
534.847656	24059.701172
533.612305	24189.626953
532.376953	24609.455078
531.141602	24637.343750
529.906250	24479.177734
528.669922	24043.056641
527.433594	24366.625000
526.197266	24488.474609
524.959961	24283.515625
523.722656	24859.160156
522.485352	25278.089844
521.248047	26080.076172
520.009766	25960.955078
518.771484	25810.613281
517.533203	25359.414063
516.294922	25082.283203
515.055664	24949.806641
513.816406	24450.271484
512.577148	23915.812500
511.336914	24298.972656
510.096680	24689.767578
508.856445	25562.291016
507.616211	25726.363281
506.375000	26050.275391
505.133789	26259.007813
503.892578	26387.726563
502.650391	26607.982422
