1802.182617	9833.816406
1801.212891	10008.618164
1800.244141	10156.418945
1799.274414	10386.533203
1798.304688	10104.943359
1797.334961	10217.702148
1796.364258	10213.166016
1795.394531	9926.790039
1794.423828	10032.034180
1793.453125	9853.014648
1792.482422	9923.333008
1791.511719	10130.691406
1790.540039	10315.542969
1789.568359	10216.324219
1788.596680	10147.033203
1787.625000	10202.279297
1786.653320	10150.445313
1785.680664	10086.185547
1784.708984	10318.105469
1783.736328	10846.026367
1782.763672	10761.763672
1781.790039	10995.894531
1780.817383	11043.428711
1779.843750	11113.319336
1778.870117	11123.524414
1777.896484	11561.180664
1776.922852	11573.775391
1775.948242	11469.606445
1774.973633	11362.995117
1773.999023	11127.297852
1773.024414	11040.658203
1772.049805	11132.772461
1771.074219	11259.593750
1770.099609	11746.141602
1769.124023	12048.919922
1768.148438	12324.293945
1767.171875	12443.333008
1766.196289	12805.289063
1765.219727	13097.695313
1764.243164	13018.246094
1763.266602	13161.826172
1762.290039	13397.005859
1761.312500	13723.731445
1760.334961	13361.922852
1759.357422	13364.197266
1758.379883	13861.524414
1757.402344	14093.849609
1756.423828	14528.972656
1755.446289	15020.817383
1754.467773	15074.692383
1753.489258	15175.527344
1752.509766	15014.257813
1751.531250	14549.020508
1750.551758	14331.099609
1749.572266	14303.518555
1748.592773	14463.690430
1747.613281	14695.421875
1746.632813	14247.996094
1745.652344	14032.819336
1744.671875	13696.779297
1743.691406	13316.452148
1742.710938	13543.243164
1741.729492	13572.594727
1740.749023	13527.943359
1739.767578	13562.216797
1738.785156	13480.602539
1737.803711	13125.420898
1736.822266	12977.388672
1735.839844	12989.566406
1734.857422	12622.377930
1733.875000	12742.988281
1732.891602	13245.220703
1731.909180	13373.041992
1730.925781	13161.136719
1729.942383	13527.629883
1728.958984	13042.670898
1727.974609	12855.557617
1726.991211	12331.576172
1726.006836	12243.036133
1725.022461	12692.928711
1724.038086	13100.855469
1723.052734	13108.052734
1722.068359	13478.876953
1721.083008	13274.737305
1720.097656	13203.302734
1719.112305	12844.604492
1718.125977	12753.642578
1717.140625	12895.893555
1716.154297	12723.975586
1715.167969	12770.487305
1714.181641	12986.237305
1713.194336	13057.201172
1712.208008	13319.393555
1711.220703	13588.834961
1710.233398	14093.466797
1709.246094	14274.421875
1708.257813	14082.896484
1707.270508	13874.300781
1706.282227	13866.610352
1705.293945	14282.526367
1704.304688	14208.658203
1703.316406	14176.427734
1702.327148	14609.157227
1701.337891	15176.275391
1700.348633	15280.848633
1699.359375	15529.670898
1698.370117	15680.587891
1697.379883	15738.545898
1696.389648	15877.137695
1695.399414	15803.074219
1694.409180	15809.664063
1693.417969	16016.549805
1692.426758	15698.283203
1691.436523	16449.599609
1690.444336	16683.082031
1689.453125	16931.113281
1688.461914	16947.222656
1687.469727	17017.000000
1686.477539	17120.896484
1685.485352	17285.718750
1684.492188	17508.990234
1683.500000	17500.585938
1682.506836	17360.572266
1681.513672	17106.085938
1680.520508	17161.107422
1679.527344	16877.533203
1678.533203	17426.939453
1677.539063	17881.167969
1676.544922	17865.390625
1675.550781	18204.955078
1674.556641	18464.083984
1673.561523	18241.404297
1672.566406	18035.839844
1671.571289	18156.224609
1670.576172	18167.150391
1669.581055	18302.044922
1668.584961	18232.730469
1667.588867	17789.240234
1666.592773	17746.779297
1665.596680	17723.767578
1664.600586	17853.751953
1663.603516	18238.617188
1662.606445	18171.822266
1661.609375	17777.414063
1660.612305	17555.443359
1659.614258	17777.513672
1658.617188	17904.898438
1657.619141	17889.158203
1656.621094	18111.023438
1655.622070	18250.380859
1654.624023	18678.082031
1653.625000	18829.382813
1652.625977	19179.269531
1651.626953	19030.070313
1650.627930	18917.255859
1649.627930	19005.433594
1648.627930	19338.052734
1647.627930	19847.205078
1646.627930	20658.601563
1645.627930	20862.468750
1644.626953	21235.556641
1643.625977	21545.621094
1642.625000	21628.300781
1641.624023	21928.490234
1640.623047	22044.888672
1639.621094	21595.851563
1638.619141	21200.142578
1637.617188	20932.595703
1636.615234	20817.285156
1635.613281	20651.320313
1634.610352	20434.732422
1633.607422	20194.099609
1632.604492	20455.416016
1631.601563	20313.777344
1630.597656	20268.666016
1629.594727	19992.085938
1628.590820	19966.341797
1627.586914	20203.333984
1626.582031	20237.800781
1625.578125	20428.859375
1624.573242	20865.544922
1623.568359	20861.320313
1622.563477	20941.371094
1621.558594	20850.464844
1620.552734	20299.873047
1619.546875	20108.060547
1618.541016	19969.253906
1617.535156	19614.013672
1616.529297	19703.832031
1615.522461	19735.908203
1614.515625	19695.847656
1613.508789	19790.400391
1612.501953	19675.851563
1611.494141	19753.548828
1610.487305	20256.375000
1609.479492	20602.894531
1608.471680	20428.242188
1607.463867	20440.904297
1606.455078	20448.759766
1605.446289	20473.410156
1604.437500	19850.285156
1603.428711	20266.019531
1602.419922	20827.871094
1601.410156	21073.001953
1600.401367	21128.656250
1599.391602	21052.470703
1598.381836	21096.123047
1597.371094	20744.464844
1596.361328	20917.501953
1595.350586	21114.414063
1594.339844	20976.050781
1593.329102	21189.626953
1592.317383	21297.810547
1591.305664	21882.113281
1590.294922	22133.648438
1589.283203	22416.173828
1588.270508	22409.230469
1587.258789	22098.652344
1586.246094	22206.511719
1585.233398	22452.939453
1584.220703	22422.095703
1583.208008	22400.818359
1582.194336	22807.076172
1581.180664	22826.322266
1580.167969	23344.537109
1579.153320	23518.816406
1578.139648	23681.091797
1577.125000	23468.697266
1576.111328	23514.023438
1575.096680	23339.908203
1574.081055	23540.234375
1573.066406	22767.781250
1572.050781	22553.398438
1571.035156	22849.082031
1570.019531	22761.044922
1569.003906	22575.375000
1567.988281	22911.357422
1566.971680	22628.103516
1565.955078	22990.125000
1564.938477	22785.511719
1563.920898	22909.380859
1562.904297	22940.408203
1561.886719	23175.992188
1560.869141	22783.623047
1559.851563	23014.384766
1558.833984	23290.220703
1557.815430	22886.177734
1556.796875	22845.875000
1555.778320	22893.494141
1554.759766	23045.605469
1553.740234	22974.417969
1552.721680	23382.882813
1551.702148	23292.660156
1550.682617	23655.796875
1549.662109	23748.269531
1548.642578	23662.769531
1547.622070	23567.814453
1546.601563	23857.078125
1545.581055	23714.699219
1544.560547	23916.103516
1543.539063	24430.267578
1542.517578	24266.529297
1541.496094	24211.833984
1540.474609	24474.548828
1539.453125	24687.425781
1538.430664	25205.636719
1537.408203	25444.314453
1536.385742	25571.660156
1535.363281	25855.119141
1534.339844	25972.863281
1533.316406	25809.097656
1532.292969	26056.859375
1531.269531	25933.333984
1530.246094	25842.949219
1529.221680	25499.730469
1528.198242	25768.613281
1527.173828	25508.226563
1526.148438	25545.535156
1525.124023	25195.566406
1524.098633	25681.484375
1523.073242	25629.037109
1522.047852	25522.330078
1521.022461	26135.289063
1519.997070	25566.167969
1518.970703	25678.873047
1517.944336	26090.992188
1516.917969	26220.042969
1515.890625	26351.394531
1514.864258	26411.998047
1513.836914	26307.650391
1512.809570	26719.212891
1511.782227	27198.902344
1510.753906	27367.587891
1509.726563	28534.351563
1508.698242	28540.291016
1507.669922	29412.189453
1506.640625	29991.998047
1505.612305	30465.718750
1504.583008	31059.181641
1503.553711	32096.785156
1502.524414	32729.630859
1501.495117	33296.410156
1500.464844	34184.875000
1499.434570	34607.812500
1498.404297	35404.039063
1497.374023	35716.179688
1496.343750	35751.136719
1495.312500	36102.976563
1494.281250	35905.492188
1493.250000	36156.257813
1492.218750	35937.726563
1491.186523	35447.207031
1490.154297	34954.539063
1489.122070	34860.640625
1488.089844	34269.839844
1487.057617	33698.031250
1486.024414	33077.250000
1484.991211	32180.291016
1483.958008	31705.279297
1482.924805	30874.533203
1481.891602	30603.660156
1480.857422	30243.953125
1479.823242	29547.400391
1478.789063	29152.955078
1477.753906	28718.904297
1476.719727	28614.794922
1475.684570	28639.332031
1474.649414	28584.371094
1473.614258	28854.320313
1472.578125	28979.273438
1471.542969	29389.210938
1470.506836	29537.357422
1469.470703	29830.238281
1468.433594	30578.308594
1467.397461	31146.318359
1466.360352	31711.759766
1465.323242	31663.257813
1464.286133	32631.968750
1463.249023	32760.566406
1462.210938	33481.453125
1461.172852	33880.285156
1460.134766	34866.390625
1459.096680	35283.414063
1458.057617	36275.816406
1457.019531	37107.058594
1455.980469	37737.644531
1454.941406	38451.808594
1453.901367	39254.148438
1452.862305	39672.074219
1451.822266	40359.792969
1450.782227	40984.402344
1449.742188	41690.175781
1448.701172	42525.902344
1447.661133	43568.246094
1446.620117	44996.089844
1445.579102	44965.933594
1444.537109	45737.546875
1443.496094	45900.093750
1442.454102	46092.765625
1441.412109	46157.621094
1440.370117	45867.175781
1439.327148	45212.363281
1438.285156	44072.710938
1437.242188	43569.367188
1436.199219	42521.000000
1435.155273	41489.296875
1434.112305	40539.187500
1433.068359	39359.914063
1432.024414	38554.359375
1430.980469	37830.250000
1429.936523	37219.984375
1428.891602	36378.289063
1427.846680	35472.082031
1426.801758	34123.917969
1425.756836	33679.296875
1424.710938	33227.914063
1423.666016	32781.343750
1422.620117	31892.990234
1421.574219	31437.621094
1420.527344	31142.031250
1419.481445	30515.873047
1418.434570	30155.853516
1417.387695	29546.333984
1416.340820	29232.880859
1415.292969	29090.541016
1414.245117	28865.091797
1413.197266	28018.435547
1412.149414	28245.896484
1411.101563	27637.511719
1410.052734	28033.455078
1409.004883	27506.130859
1407.955078	27502.775391
1406.906250	27448.669922
1405.857422	27678.263672
1404.807617	27400.472656
1403.757813	27823.630859
1402.708008	27960.804688
1401.658203	27763.777344
1400.607422	27834.089844
1399.556641	27890.548828
1398.505859	27781.167969
1397.455078	27641.896484
1396.404297	27599.367188
1395.352539	27437.173828
1394.300781	27558.080078
1393.249023	27354.544922
1392.197266	26865.873047
1391.144531	26945.423828
1390.091797	27066.324219
1389.039063	27288.320313
1387.986328	26967.830078
1386.932617	27081.755859
1385.879883	27344.957031
1384.826172	27387.550781
1383.772461	27400.271484
1382.717773	27947.931641
1381.664063	28346.160156
1380.609375	28826.841797
1379.554688	28853.015625
1378.500000	29133.812500
1377.444336	29347.978516
1376.389648	29185.994141
1375.333984	29560.539063
1374.278320	29863.873047
1373.221680	29882.916016
1372.166016	30101.281250
1371.109375	30046.962891
1370.052734	29644.550781
1368.995117	29821.609375
1367.938477	30138.238281
1366.880859	29861.935547
1365.823242	29999.931641
1364.765625	30160.750000
1363.708008	30445.015625
1362.649414	30319.806641
1361.590820	30768.542969
1360.532227	31239.951172
1359.473633	31651.740234
1358.415039	32077.068359
1357.355469	31752.886719
1356.295898	31869.664063
1355.236328	32787.933594
1354.175781	33160.156250
1353.116211	33411.242188
1352.055664	33582.343750
1350.995117	33459.031250
1349.934570	33960.828125
1348.873047	34191.007813
1347.811523	34715.242188
1346.750000	34534.796875
1345.688477	34985.804688
1344.626953	35448.015625
1343.564453	35486.250000
1342.501953	35437.906250
1341.439453	35562.664063
1340.376953	35769.343750
1339.313477	36383.433594
1338.250977	36603.507813
1337.187500	36837.140625
1336.123047	37323.214844
1335.059570	37426.945313
1333.995117	37746.679688
1332.930664	37581.976563
1331.866211	37460.535156
1330.801758	37761.871094
1329.736328	37772.230469
1328.671875	37621.281250
1327.606445	37231.902344
1326.540039	36536.113281
1325.474609	36614.820313
1324.408203	35665.210938
1323.341797	35008.753906
1322.275391	34999.230469
1321.208984	34719.753906
1320.141602	33968.636719
1319.074219	33823.273438
1318.006836	33587.281250
1316.939453	33301.523438
1315.872070	33061.203125
1314.803711	32587.613281
1313.735352	32535.550781
1312.666992	32494.832031
1311.597656	32343.177734
1310.529297	32986.187500
1309.459961	32270.916016
1308.390625	33185.214844
1307.320313	32823.132813
1306.250977	32970.132813
1305.180664	32994.953125
1304.110352	32956.453125
1303.040039	32845.628906
1301.968750	32682.867188
1300.898438	32529.208984
1299.827148	32592.488281
1298.754883	32258.216797
1297.683594	31930.855469
1296.612305	31201.753906
1295.540039	31301.367188
1294.467773	30669.736328
1293.394531	30652.085938
1292.322266	30589.322266
1291.249023	30134.148438
1290.175781	30143.671875
1289.102539	30209.552734
1288.028320	30313.720703
1286.955078	30607.138672
1285.880859	30445.318359
1284.806641	31015.650391
1283.732422	30754.716797
1282.657227	31462.091797
1281.582031	32252.464844
1280.506836	32567.609375
1279.431641	34136.000000
1278.355469	35080.554688
1277.280273	36355.355469
1276.204102	38371.742188
1275.127930	39670.058594
1274.050781	41599.492188
1272.974609	43316.859375
1271.897461	45604.238281
1270.820313	46897.714844
1269.742188	47595.453125
1268.665039	48335.566406
1267.586914	48929.437500
1266.508789	48519.710938
1265.430664	47937.355469
1264.351563	46567.703125
1263.272461	44810.542969
1262.194336	42948.703125
1261.114258	41040.542969
1260.035156	39673.457031
1258.955078	38094.007813
1257.875977	36981.320313
1256.794922	35501.664063
1255.714844	34990.281250
1254.634766	33928.195313
1253.553711	32853.117188
1252.472656	32461.240234
1251.391602	31704.718750
1250.309570	30655.382813
1249.227539	30022.591797
1248.146484	29340.855469
1247.063477	28755.560547
1245.981445	28347.130859
1244.898438	27317.458984
1243.816406	27063.699219
1242.732422	26470.421875
1241.649414	25872.921875
1240.566406	25557.080078
1239.482422	25486.994141
1238.398438	25046.343750
1237.314453	24987.550781
1236.229492	24580.658203
1235.144531	24100.306641
1234.059570	23979.285156
1232.974609	23563.931641
1231.889648	23494.355469
1230.803711	23119.398438
1229.717773	22885.011719
1228.631836	23223.394531
1227.545898	22498.955078
1226.458984	22721.449219
1225.373047	22859.228516
1224.286133	22778.757813
1223.198242	22689.414063
1222.111328	22622.361328
1221.023438	22628.763672
1219.935547	22664.080078
1218.847656	22481.416016
1217.759766	22470.050781
1216.670898	22198.572266
1215.582031	22316.185547
1214.493164	22311.523438
1213.404297	22195.771484
1212.314453	22104.501953
1211.224609	21962.187500
1210.134766	22339.507813
1209.044922	21926.369141
1207.954102	22212.537109
1206.864258	21926.078125
1205.773438	22209.906250
1204.681641	22420.417969
1203.590820	22726.195313
1202.499023	22648.277344
1201.407227	22772.109375
1200.315430	22851.562500
1199.223633	22950.923828
1198.130859	22977.136719
1197.038086	22485.066406
1195.945313	22207.992188
1194.852539	22229.914063
1193.758789	22477.595703
1192.666016	22428.630859
1191.572266	22554.476563
1190.477539	22547.542969
1189.383789	22337.144531
1188.289063	22058.287109
1187.194336	21991.771484
1186.099609	21816.980469
1185.004883	21520.724609
1183.909180	21452.148438
1182.813477	21405.689453
1181.717773	21083.201172
1180.621094	20986.054688
1179.525391	21056.710938
1178.428711	20699.183594
1177.332031	20321.947266
1176.235352	20423.578125
1175.137695	20540.605469
1174.040039	20567.173828
1172.942383	20556.248047
1171.844727	20798.810547
1170.747070	20565.261719
1169.648438	20664.503906
1168.549805	20433.283203
1167.451172	20514.890625
1166.351563	20321.226563
1165.252930	20385.208984
1164.153320	20407.343750
1163.053711	20513.089844
1161.953125	20396.583984
1160.853516	20381.308594
1159.752930	20475.992188
1158.652344	20970.791016
1157.550781	21173.021484
1156.450195	21412.527344
1155.348633	21814.529297
1154.247070	21878.050781
1153.145508	21930.564453
1152.042969	22982.183594
1150.940430	23280.328125
1149.837891	24223.666016
1148.735352	25454.087891
1147.632813	26822.216797
1146.529297	28084.476563
1145.425781	29398.837891
1144.322266	30350.857422
1143.217773	30668.927734
1142.114258	31094.259766
1141.009766	31142.507813
1139.905273	30448.046875
1138.799805	29997.005859
1137.695313	29257.083984
1136.589844	27735.843750
1135.484375	27057.996094
1134.378906	26185.654297
1133.272461	25180.205078
1132.166016	24533.945313
1131.059570	23778.597656
1129.953125	23565.863281
1128.846680	23239.533203
1127.739258	23177.816406
1126.631836	23212.275391
1125.524414	22945.212891
1124.416016	23053.974609
1123.307617	23293.722656
1122.200195	23105.412109
1121.090820	23329.765625
1119.982422	23287.753906
1118.873047	23158.474609
1117.763672	22939.800781
1116.654297	23096.378906
1115.544922	22738.242188
1114.434570	22864.269531
1113.325195	22290.531250
1112.213867	22771.828125
1111.103516	22852.009766
1109.993164	22895.123047
1108.881836	23114.630859
1107.770508	23412.433594
1106.658203	23758.005859
1105.546875	24419.033203
1104.434570	24098.351563
1103.322266	24861.283203
1102.209961	25003.958984
1101.096680	24826.884766
1099.984375	25141.273438
1098.871094	25372.921875
1097.757813	25215.437500
1096.643555	25058.017578
1095.529297	24781.179688
1094.415039	24328.523438
1093.300781	24323.392578
1092.186523	23890.562500
1091.071289	23763.968750
1089.956055	23463.814453
1088.840820	22975.021484
1087.725586	23223.976563
1086.609375	22512.050781
1085.493164	22038.941406
1084.376953	22266.255859
1083.260742	22107.669922
1082.143555	22081.335938
1081.027344	22228.330078
1079.910156	22210.642578
1078.791992	22706.205078
1077.674805	22318.183594
1076.556641	22549.421875
1075.438477	22265.476563
1074.320313	22044.398438
1073.201172	21890.476563
1072.082031	21842.595703
1070.962891	21498.488281
1069.843750	21245.324219
1068.724609	21230.029297
1067.604492	21376.814453
1066.484375	20901.296875
1065.364258	21344.021484
1064.243164	21196.974609
1063.123047	21337.162109
1062.001953	21686.685547
1060.880859	21479.222656
1059.758789	22003.349609
1058.637695	21761.386719
1057.515625	21804.238281
1056.392578	21847.070313
1055.270508	21799.332031
1054.147461	21406.722656
1053.025391	21257.804688
1051.901367	20936.578125
1050.778320	21158.337891
1049.654297	20813.574219
1048.531250	20755.337891
1047.407227	20623.931641
1046.282227	20516.253906
1045.158203	20199.886719
1044.033203	19967.558594
1042.908203	20021.410156
1041.782227	19729.000000
1040.657227	19838.777344
1039.531250	19750.742188
1038.405273	19477.916016
1037.279297	19031.156250
1036.152344	19175.355469
1035.025391	19162.703125
1033.898438	18853.722656
1032.771484	18755.265625
1031.644531	18929.447266
1030.516602	18938.312500
1029.388672	19309.767578
1028.260742	19419.365234
1027.131836	19471.009766
1026.002930	19327.513672
1024.874023	19248.386719
1023.745117	19405.052734
1022.616211	19820.927734
1021.486328	19386.113281
1020.356445	19553.355469
1019.226563	19649.857422
1018.095703	19515.089844
1016.965820	19545.201172
1015.834961	19838.527344
1014.704102	20048.281250
1013.572266	20292.171875
1012.441406	20458.964844
1011.309570	20555.123047
1010.176758	20912.052734
1009.044922	21352.183594
1007.912109	21512.195313
1006.779297	21727.683594
1005.646484	22276.294922
1004.513672	23051.039063
1003.379883	23494.515625
1002.246094	23515.142578
1001.112305	23776.923828
999.978516	23562.769531
998.843750	22936.982422
997.708984	22324.255859
996.574219	21748.039063
995.439453	21116.636719
994.303711	20549.445313
993.167969	20566.388672
992.032227	20042.164063
990.896484	20125.240234
989.759766	20199.759766
988.623047	19935.705078
987.486328	20020.875000
986.349609	20069.828125
985.211914	19816.603516
984.075195	19757.078125
982.936523	19765.640625
981.798828	19808.220703
980.661133	20001.728516
979.522461	19674.386719
978.383789	19829.587891
977.244141	19897.609375
976.105469	20029.328125
974.965820	19698.005859
973.826172	19793.611328
972.685547	19916.771484
971.545898	19965.593750
970.405273	20506.691406
969.264648	21043.312500
968.124023	21051.560547
966.982422	21592.076172
965.840820	21581.121094
964.699219	21841.490234
963.557617	22050.884766
962.415039	21891.515625
961.273438	21787.291016
960.129883	22091.865234
958.987305	21534.505859
957.844727	21557.439453
956.701172	21483.000000
955.557617	21599.041016
954.413086	20997.826172
953.269531	20912.974609
952.125000	20422.126953
950.980469	20436.802734
949.835938	20800.255859
948.690430	20480.927734
947.544922	20527.271484
946.399414	20206.021484
945.253906	20197.490234
944.107422	20184.736328
942.961914	20311.322266
941.815430	20315.433594
940.667969	20277.337891
939.521484	20473.443359
938.374023	20682.119141
937.226563	20880.162109
936.078125	20903.117188
934.930664	21246.474609
933.782227	21619.191406
932.633789	22097.103516
931.485352	22492.650391
930.335938	23020.716797
929.186523	23742.285156
928.037109	24461.437500
926.887695	24809.830078
925.737305	25330.632813
924.587891	25674.478516
923.436523	25687.927734
922.286133	25751.841797
921.135742	26032.294922
919.984375	26157.068359
918.833008	25850.937500
917.680664	25776.072266
916.529297	25079.400391
915.376953	24593.060547
914.224609	23777.240234
913.071289	22810.607422
911.918945	21955.634766
910.765625	21650.847656
909.612305	21073.433594
908.458984	21022.779297
907.304688	20800.175781
906.150391	20361.697266
904.996094	20525.048828
903.841797	20466.166016
902.686523	20595.894531
901.531250	20474.171875
900.375977	20138.857422
899.220703	20140.830078
898.064453	20331.228516
896.908203	20580.152344
895.751953	20613.417969
894.595703	20389.316406
893.438477	20334.750000
892.281250	20332.488281
891.124023	20250.771484
889.966797	20526.560547
888.808594	19941.132813
887.650391	20145.824219
886.492188	20037.052734
885.333008	20022.318359
884.174805	19790.410156
883.015625	19481.349609
881.856445	19925.958984
880.696289	19859.083984
879.536133	19779.716797
878.376953	19447.972656
877.215820	19181.023438
876.055664	19258.232422
874.894531	19078.992188
873.733398	19304.167969
872.572266	19047.890625
871.410156	19466.726563
870.249023	19123.041016
869.086914	19627.056641
867.924805	19183.546875
866.761719	19266.857422
865.598633	19373.023438
864.435547	19219.060547
863.272461	19158.773438
862.109375	19171.300781
860.945313	19140.156250
859.781250	19412.541016
858.616211	19173.511719
857.452148	18967.832031
856.287109	19140.353516
855.122070	19115.472656
853.957031	19229.738281
852.791016	19213.154297
851.625000	19364.710938
850.458984	19005.673828
849.292969	18958.021484
848.125977	18661.457031
846.958984	18694.781250
845.791992	18655.515625
844.625000	18767.601563
843.457031	18643.355469
842.290039	18550.246094
841.121094	18761.722656
839.953125	18915.109375
838.784180	19022.871094
837.615234	19053.978516
836.446289	19064.373047
835.277344	18944.382813
834.107422	18989.966797
832.937500	19217.572266
831.767578	19174.144531
830.597656	19068.701172
829.426758	19205.177734
828.255859	19120.439453
827.084961	19103.927734
825.913086	19306.416016
824.742188	19221.707031
823.570313	19386.906250
822.397461	19139.109375
821.225586	19374.437500
820.052734	19205.167969
818.879883	19225.794922
817.707031	19050.439453
816.533203	19149.458984
815.359375	19128.841797
814.185547	19572.072266
813.011719	19658.544922
811.836914	19893.345703
810.662109	20264.015625
809.487305	20307.025391
808.312500	20648.615234
807.136719	20543.283203
805.961914	21127.564453
804.785156	20843.128906
803.609375	20890.076172
802.432617	20387.759766
801.255859	20153.023438
800.079102	19955.396484
798.902344	20707.613281
797.724609	20742.201172
796.546875	21037.740234
795.369141	21528.320313
794.190430	22000.203125
793.012695	22050.904297
791.833984	22542.998047
790.654297	22022.919922
789.475586	21786.269531
788.295898	21498.427734
787.116211	21772.769531
785.936523	21378.404297
784.755859	21394.294922
783.575195	20932.529297
782.394531	20329.542969
781.213867	19968.609375
780.032227	19870.060547
778.851563	19878.060547
777.668945	19972.062500
776.487305	19758.921875
775.304688	19654.357422
774.123047	19846.574219
772.939453	19744.078125
771.756836	19987.330078
770.573242	19962.560547
769.389648	19757.869141
768.206055	19933.494141
767.022461	20178.533203
765.837891	20588.976563
764.653320	21070.744141
763.468750	20716.925781
762.283203	21047.343750
761.097656	21008.087891
759.912109	21250.527344
758.726563	21666.320313
757.540039	21777.931641
756.353516	22105.716797
755.166992	22716.833984
753.980469	22565.117188
752.792969	23104.519531
751.605469	24283.644531
750.417969	24767.421875
749.230469	26041.421875
748.041992	27027.685547
746.853516	29233.269531
745.665039	31246.527344
744.476563	33039.082031
743.287109	35337.574219
742.097656	36654.417969
740.908203	38574.816406
739.717773	39304.687500
738.527344	40286.359375
737.336914	40143.472656
736.146484	39403.136719
734.955078	38947.582031
733.763672	37387.105469
732.572266	36308.656250
731.380859	35301.746094
730.188477	34425.195313
728.996094	33126.843750
727.803711	32638.728516
726.611328	31787.664063
725.417969	30188.490234
724.224609	29342.376953
723.031250	28932.542969
721.836914	28312.070313
720.643555	28085.029297
719.449219	28070.835938
718.253906	27205.830078
717.059570	26995.375000
715.864258	26876.126953
714.668945	26746.808594
713.473633	26627.662109
712.277344	26508.568359
711.081055	26417.845703
709.884766	25892.287109
708.687500	25486.265625
707.491211	25678.871094
706.293945	25879.476563
705.096680	25958.738281
703.898438	26484.490234
702.700195	26440.361328
701.501953	26678.994141
700.303711	26774.160156
699.105469	26659.333984
697.906250	26718.130859
696.707031	27049.308594
695.506836	27237.105469
694.307617	27408.683594
693.107422	27806.037109
691.907227	28735.466797
690.706055	29430.673828
689.505859	30671.701172
688.304688	31944.425781
687.102539	33212.566406
685.901367	34574.804688
684.699219	35857.925781
683.497070	37571.277344
682.294922	38726.386719
681.091797	40553.058594
679.889648	42173.734375
678.685547	42576.875000
677.482422	42589.734375
676.278320	41360.156250
675.075195	41220.507813
673.870117	40544.375000
672.666016	39701.781250
671.460938	39094.562500
670.255859	38415.308594
669.050781	37607.847656
667.845703	36939.246094
666.639648	35877.578125
665.433594	35667.113281
664.226563	34818.820313
663.020508	34718.980469
661.813477	34021.644531
660.606445	33719.539063
659.398438	32846.343750
658.191406	31745.083984
656.983398	31065.021484
655.775391	29962.623047
654.566406	29070.970703
653.358398	28586.132813
652.149414	28309.677734
650.939453	28123.396484
649.730469	27835.156250
648.520508	27276.988281
647.310547	26301.076172
646.099609	25803.468750
644.889648	25120.162109
643.678711	24848.869141
642.467773	24110.115234
641.255859	23725.285156
640.044922	23130.904297
638.833008	22768.417969
637.620117	22683.593750
636.408203	22892.218750
635.195313	22436.224609
633.982422	22393.421875
632.769531	22384.546875
631.555664	22347.753906
630.341797	22336.894531
629.127930	22435.675781
627.914063	22695.843750
626.699219	22778.560547
625.484375	23542.535156
624.269531	23752.494141
623.053711	23502.386719
621.838867	23837.679688
620.622070	24099.179688
619.406250	24515.779297
618.190430	24198.074219
616.973633	24083.390625
615.756836	24259.093750
614.539063	24045.035156
613.321289	23837.031250
612.104492	23694.697266
610.885742	23808.730469
609.667969	22893.738281
608.449219	22920.509766
607.230469	22750.695313
606.011719	23222.156250
604.791992	22901.509766
603.572266	22684.185547
602.352539	22363.794922
601.132813	22023.708984
599.912109	21895.947266
598.691406	21514.476563
597.470703	21248.130859
596.249023	21025.500000
595.028320	20642.482422
593.805664	20546.849609
592.583984	20383.923828
591.362305	19896.357422
590.139648	19816.783203
588.916992	19788.695313
587.693359	19360.935547
586.469727	19651.449219
585.246094	19827.123047
584.022461	20115.425781
582.798828	20789.099609
581.574219	21397.250000
580.349609	22293.636719
579.125000	23169.871094
577.899414	24097.076172
576.673828	24520.314453
575.448242	24139.824219
574.221680	23672.648438
572.996094	23152.392578
571.769531	22788.230469
570.541992	22881.863281
569.315430	22932.068359
568.087891	23439.685547
566.860352	23744.037109
565.632813	23971.388672
564.404297	23869.582031
563.175781	23815.097656
561.947266	23717.306641
560.717773	23491.562500
559.489258	23539.564453
558.259766	23924.113281
557.029297	24465.917969
555.799805	24735.984375
554.569336	24760.060547
553.338867	24182.367188
552.107422	24409.058594
550.876953	24696.583984
549.645508	24903.406250
548.413086	25465.767578
547.181641	25974.839844
545.949219	25707.931641
544.716797	25645.345703
543.484375	24878.039063
542.250977	23775.457031
541.017578	22751.847656
539.784180	22034.722656
538.550781	21631.726563
537.316406	21613.248047
536.082031	20722.357422
534.847656	20114.105469
533.612305	20092.048828
532.376953	20561.757813
531.141602	20565.072266
529.906250	20227.634766
528.669922	20297.587891
527.433594	20400.785156
526.197266	20584.173828
524.959961	20491.599609
523.722656	21173.712891
522.485352	21724.488281
521.248047	22695.416016
520.009766	23462.603516
518.771484	23387.082031
517.533203	22739.058594
516.294922	22056.154297
515.055664	21371.597656
513.816406	20802.550781
512.577148	20499.267578
511.336914	20529.888672
510.096680	20427.796875
508.856445	21043.724609
507.616211	21226.347656
506.375000	21999.787109
505.133789	21838.962891
503.892578	22342.921875
502.650391	21835.189453
