1802.297852	14376.491211
1801.329102	14583.759766
1800.359375	14565.866211
1799.390625	14580.430664
1798.420898	14824.594727
1797.451172	14592.072266
1796.480469	14499.346680
1795.510742	14481.484375
1794.540039	14570.858398
1793.569336	14592.878906
1792.598633	14425.441406
1791.627930	14686.735352
1790.656250	14758.551758
1789.684570	14875.180664
1788.712891	14976.817383
1787.741211	14650.091797
1786.769531	14833.893555
1785.797852	14952.900391
1784.825195	15054.437500
1783.852539	15347.528320
1782.879883	15730.060547
1781.907227	15647.321289
1780.933594	15731.227539
1779.959961	16163.176758
1778.986328	16065.483398
1778.012695	16372.926758
1777.039063	16600.734375
1776.064453	16058.325195
1775.090820	16114.722656
1774.116211	15880.552734
1773.141602	15723.441406
1772.166016	16117.458984
1771.191406	16476.572266
1770.215820	16850.429688
1769.240234	16946.287109
1768.264648	17486.080078
1767.289063	17529.693359
1766.312500	17984.853516
1765.336914	17998.603516
1764.360352	18203.175781
1763.383789	18472.089844
1762.406250	18612.072266
1761.429688	18573.667969
1760.452148	18505.562500
1759.474609	18605.839844
1758.497070	19030.343750
1757.519531	19283.912109
1756.541016	19772.441406
1755.563477	19931.751953
1754.584961	20167.669922
1753.606445	20287.269531
1752.626953	19791.205078
1751.648438	19537.578125
1750.668945	19538.603516
1749.689453	19379.021484
1748.709961	19585.117188
1747.730469	19687.392578
1746.750000	19666.158203
1745.769531	18919.078125
1744.789063	18596.861328
1743.808594	18889.277344
1742.828125	18594.333984
1741.846680	18521.531250
1740.866211	18665.798828
1739.884766	18664.519531
1738.903320	18608.998047
1737.920898	18383.419922
1736.939453	18399.445313
1735.957031	18275.019531
1734.974609	18194.984375
1733.992188	17977.054688
1733.009766	18436.386719
1732.026367	18829.058594
1731.042969	18943.427734
1730.059570	18499.111328
1729.076172	17939.328125
1728.092773	17849.625000
1727.108398	18047.716797
1726.125000	18287.531250
1725.140625	18237.146484
1724.155273	19044.623047
1723.170898	18797.503906
1722.185547	18899.376953
1721.201172	18475.513672
1720.215820	18624.074219
1719.230469	18536.841797
1718.244141	18344.078125
1717.258789	18698.753906
1716.272461	18400.507813
1715.286133	18693.689453
1714.299805	19028.455078
1713.312500	19036.890625
1712.326172	19565.164063
1711.338867	19588.197266
1710.351563	20223.992188
1709.364258	19969.962891
1708.375977	20014.947266
1707.388672	20133.402344
1706.400391	20016.691406
1705.412109	20235.488281
1704.422852	20194.695313
1703.434570	20724.216797
1702.445313	21351.412109
1701.457031	21298.181641
1700.466797	21707.296875
1699.477539	22304.562500
1698.488281	22400.324219
1697.498047	22549.830078
1696.507813	22838.593750
1695.517578	22777.789063
1694.527344	22607.064453
1693.536133	23222.962891
1692.545898	23457.623047
1691.554688	23592.076172
1690.563477	23919.333984
1689.572266	23919.396484
1688.580078	24285.498047
1687.587891	24417.230469
1686.595703	24709.902344
1685.603516	24668.341797
1684.611328	24885.253906
1683.618164	24863.173828
1682.625977	24575.433594
1681.632813	24490.064453
1680.639648	24543.599609
1679.645508	24811.464844
1678.652344	24662.777344
1677.658203	25091.208984
1676.664063	24988.773438
1675.669922	25339.080078
1674.675781	25472.671875
1673.680664	25409.144531
1672.685547	25250.777344
1671.690430	25204.339844
1670.695313	24946.386719
1669.700195	25395.937500
1668.704102	24831.812500
1667.708008	24719.882813
1666.711914	24248.437500
1665.715820	24651.611328
1664.719727	24440.214844
1663.722656	25034.994141
1662.725586	24835.740234
1661.728516	24299.210938
1660.731445	24192.390625
1659.733398	24308.806641
1658.736328	24187.472656
1657.738281	24400.841797
1656.740234	24218.919922
1655.741211	24427.345703
1654.743164	24681.734375
1653.744141	25190.443359
1652.745117	25023.039063
1651.746094	24768.505859
1650.747070	24400.257813
1649.747070	24625.333984
1648.748047	24448.492188
1647.748047	24811.414063
1646.748047	25358.082031
1645.747070	25253.769531
1644.747070	25352.667969
1643.746094	25376.560547
1642.745117	25431.873047
1641.744141	25146.332031
1640.742188	25363.585938
1639.741211	25433.361328
1638.739258	25189.056641
1637.737305	25101.843750
1636.735352	25304.435547
1635.732422	25388.644531
1634.730469	25393.164063
1633.727539	25458.011719
1632.724609	25667.601563
1631.721680	25855.394531
1630.717773	25768.158203
1629.713867	25246.912109
1628.710938	25388.865234
1627.707031	25482.552734
1626.702148	26238.919922
1625.698242	26539.601563
1624.693359	26710.078125
1623.688477	26406.025391
1622.683594	26699.261719
1621.678711	26602.371094
1620.672852	26628.275391
1619.666992	26449.615234
1618.661133	26314.332031
1617.655273	26722.748047
1616.649414	26479.238281
1615.642578	26848.978516
1614.635742	26615.154297
1613.628906	26667.447266
1612.622070	26832.660156
1611.615234	27511.957031
1610.607422	27660.115234
1609.599609	28384.595703
1608.591797	28683.783203
1607.583984	28512.324219
1606.576172	28489.742188
1605.567383	28124.017578
1604.558594	27981.560547
1603.549805	28172.578125
1602.541016	28665.689453
1601.531250	29331.234375
1600.521484	29270.148438
1599.511719	29086.851563
1598.501953	29260.669922
1597.492188	29420.041016
1596.481445	29576.951172
1595.471680	29645.187500
1594.460938	29641.564453
1593.449219	30234.003906
1592.438477	30663.455078
1591.426758	30843.873047
1590.415039	31265.845703
1589.403320	31324.078125
1588.391602	31556.857422
1587.379883	31528.931641
1586.367188	31601.412109
1585.354492	31320.152344
1584.341797	31543.177734
1583.329102	31548.716797
1582.315430	31427.660156
1581.302734	31631.419922
1580.289063	32081.007813
1579.274414	32368.093750
1578.260742	32115.703125
1577.247070	32068.613281
1576.232422	32267.253906
1575.217773	31953.019531
1574.203125	31648.449219
1573.187500	31675.394531
1572.172852	31840.576172
1571.157227	31888.914063
1570.141602	32034.921875
1569.125000	31873.564453
1568.109375	32014.748047
1567.092773	31991.568359
1566.076172	32051.722656
1565.059570	31892.867188
1564.042969	31822.126953
1563.025391	31753.791016
1562.008789	31906.708984
1560.991211	31897.839844
1559.973633	32238.509766
1558.955078	31853.953125
1557.937500	31923.529297
1556.918945	31551.070313
1555.900391	31791.740234
1554.881836	31958.673828
1553.862305	31909.417969
1552.842773	32242.466797
1551.824219	32019.871094
1550.804688	31963.507813
1549.784180	31994.966797
1548.764648	32009.802734
1547.744141	32344.853516
1546.723633	31816.527344
1545.703125	31864.580078
1544.682617	31860.458984
1543.661133	31993.802734
1542.639648	31520.470703
1541.618164	31717.792969
1540.596680	31602.371094
1539.575195	31733.283203
1538.552734	32740.179688
1537.530273	32269.537109
1536.507813	32558.796875
1535.485352	32722.527344
1534.461914	32914.578125
1533.439453	32661.878906
1532.416016	32565.357422
1531.392578	32669.837891
1530.368164	32197.503906
1529.344727	32717.958984
1528.320313	32248.167969
1527.295898	32773.121094
1526.271484	32506.626953
1525.246094	32443.322266
1524.221680	32245.466797
1523.196289	32604.753906
1522.170898	32366.824219
1521.145508	32164.382813
1520.119141	32459.767578
1519.092773	32007.382813
1518.067383	32073.947266
1517.040039	32239.501953
1516.013672	32126.849609
1514.987305	32641.095703
1513.959961	32243.316406
1512.932617	32436.960938
1511.905273	32338.484375
1510.876953	32159.988281
1509.849609	33036.238281
1508.821289	32751.751953
1507.792969	33152.167969
1506.763672	32797.187500
1505.735352	32849.292969
1504.706055	32971.929688
1503.676758	32845.273438
1502.647461	33031.328125
1501.618164	33156.195313
1500.587891	33241.062500
1499.557617	33351.734375
1498.527344	33650.273438
1497.497070	33633.996094
1496.466797	33420.500000
1495.435547	33160.140625
1494.404297	33190.910156
1493.373047	33038.640625
1492.341797	32919.273438
1491.309570	33297.207031
1490.278320	33130.933594
1489.246094	32927.207031
1488.213867	33070.492188
1487.180664	33204.343750
1486.148438	33338.136719
1485.115234	33282.117188
1484.082031	33717.976563
1483.047852	33427.730469
1482.014648	33563.699219
1480.980469	34296.503906
1479.946289	34535.207031
1478.912109	34764.453125
1477.877930	34631.011719
1476.842773	35341.941406
1475.808594	35860.828125
1474.773438	36454.312500
1473.738281	36605.789063
1472.702148	37112.410156
1471.666992	37593.121094
1470.630859	37676.519531
1469.594727	38479.207031
1468.557617	39213.847656
1467.521484	39331.875000
1466.484375	39645.910156
1465.447266	40186.171875
1464.410156	40618.886719
1463.373047	40892.804688
1462.334961	41448.792969
1461.296875	42130.460938
1460.258789	42096.179688
1459.220703	42388.203125
1458.182617	43262.660156
1457.143555	43328.339844
1456.104492	43165.722656
1455.065430	43289.605469
1454.026367	43632.296875
1452.986328	43681.542969
1451.946289	43886.695313
1450.906250	44282.562500
1449.866211	44771.324219
1448.826172	45057.523438
1447.785156	45392.441406
1446.744141	45564.468750
1445.703125	45648.093750
1444.662109	45299.421875
1443.620117	45617.734375
1442.578125	45206.484375
1441.537109	44783.781250
1440.494141	44082.601563
1439.452148	43892.460938
1438.409180	43646.691406
1437.367188	43038.996094
1436.323242	42264.492188
1435.280273	41550.617188
1434.237305	41486.417969
1433.193359	41051.242188
1432.149414	39883.667969
1431.105469	40169.832031
1430.061523	39837.152344
1429.016602	39618.128906
1427.971680	39100.382813
1426.926758	38647.691406
1425.881836	38438.304688
1424.835938	38101.679688
1423.791016	38174.851563
1422.745117	38236.421875
1421.699219	38177.660156
1420.652344	37975.511719
1419.606445	37905.261719
1418.559570	37770.300781
1417.512695	38465.261719
1416.465820	37840.273438
1415.417969	38035.824219
1414.371094	38298.289063
1413.323242	38408.203125
1412.275391	38088.550781
1411.226563	38632.507813
1410.178711	38428.351563
1409.129883	38459.671875
1408.081055	38490.980469
1407.032227	38427.687500
1405.982422	38244.492188
1404.933594	38038.308594
1403.883789	38141.136719
1402.833984	38290.015625
1401.783203	37998.679688
1400.733398	37645.250000
1399.682617	37722.726563
1398.631836	38405.871094
1397.581055	37965.074219
1396.529297	37899.695313
1395.478516	37981.652344
1394.426758	37559.613281
1393.375000	37188.363281
1392.322266	37074.886719
1391.270508	37375.410156
1390.217773	37273.437500
1389.165039	36923.230469
1388.112305	37352.296875
1387.058594	37006.812500
1386.005859	36939.449219
1384.952148	37186.785156
1383.898438	37404.167969
1382.843750	37534.207031
1381.790039	38075.085938
1380.735352	37821.664063
1379.680664	38355.371094
1378.625977	38510.335938
1377.570313	39064.316406
1376.515625	39358.945313
1375.459961	39192.628906
1374.404297	39819.468750
1373.347656	39710.414063
1372.291992	40568.296875
1371.235352	40317.101563
1370.178711	40606.515625
1369.122070	40627.898438
1368.064453	40418.046875
1367.007813	40679.785156
1365.950195	40984.890625
1364.892578	40823.136719
1363.833984	40956.523438
1362.776367	41005.234375
1361.717773	41204.835938
1360.659180	41738.105469
1359.600586	41411.792969
1358.541016	41741.425781
1357.482422	41787.628906
1356.422852	42466.515625
1355.363281	42560.500000
1354.302734	43028.886719
1353.243164	43296.199219
1352.182617	43816.726563
1351.122070	44414.617188
1350.060547	44738.503906
1349.000000	45630.175781
1347.938477	46316.246094
1346.876953	47043.070313
1345.815430	47434.515625
1344.753906	48128.894531
1343.691406	48412.859375
1342.628906	49111.296875
1341.566406	49529.312500
1340.503906	49683.007813
1339.441406	50908.910156
1338.377930	51510.648438
1337.314453	52048.414063
1336.250977	52690.613281
1335.186523	53095.976563
1334.123047	53855.945313
1333.058594	54078.988281
1331.994141	53733.617188
1330.928711	54342.968750
1329.864258	53297.796875
1328.798828	53495.773438
1327.733398	53025.867188
1326.667969	52469.859375
1325.601563	52236.484375
1324.536133	51413.003906
1323.469727	50864.476563
1322.403320	49431.242188
1321.335938	48869.734375
1320.269531	48247.214844
1319.202148	47711.121094
1318.134766	47333.949219
1317.067383	46741.597656
1315.999023	45882.070313
1314.930664	45315.179688
1313.863281	44895.765625
1312.793945	44331.574219
1311.725586	43554.765625
1310.656250	43624.968750
1309.587891	43543.492188
1308.517578	43301.375000
1307.448242	43229.042969
1306.378906	42611.593750
1305.308594	42634.414063
1304.238281	42718.269531
1303.167969	42243.722656
1302.096680	41891.417969
1301.026367	41812.671875
1299.955078	40954.539063
1298.883789	40835.359375
1297.811523	40212.640625
1296.740234	40100.429688
1295.667969	39834.769531
1294.595703	39065.941406
1293.523438	38825.421875
1292.450195	38706.820313
1291.376953	38574.730469
1290.303711	38537.402344
1289.230469	38085.261719
1288.157227	38020.996094
1287.083008	37925.207031
1286.008789	37863.253906
1284.934570	37850.878906
1283.860352	37847.519531
1282.785156	38100.847656
1281.710938	38363.074219
1280.635742	38503.648438
1279.559570	38353.875000
1278.484375	38381.898438
1277.408203	38898.015625
1276.332031	38934.906250
1275.255859	38845.863281
1274.179688	39341.324219
1273.102539	39564.632813
1272.025391	39266.539063
1270.948242	38941.605469
1269.871094	39180.574219
1268.793945	38887.230469
1267.715820	38823.007813
1266.637695	39452.417969
1265.559570	38952.722656
1264.480469	38251.300781
1263.401367	38272.500000
1262.323242	38253.320313
1261.243164	37971.789063
1260.164063	37490.847656
1259.083984	37420.285156
1258.004883	37101.000000
1256.924805	37382.292969
1255.843750	37098.988281
1254.763672	36361.171875
1253.682617	36304.335938
1252.601563	36095.300781
1251.520508	35926.632813
1250.438477	35865.441406
1249.357422	35493.304688
1248.275391	35767.738281
1247.193359	35462.859375
1246.110352	35314.609375
1245.028320	34864.652344
1243.945313	34674.125000
1242.862305	35263.484375
1241.779297	34733.386719
1240.695313	34073.968750
1239.611328	34442.011719
1238.527344	34794.265625
1237.443359	34425.414063
1236.359375	34145.976563
1235.274414	33806.410156
1234.189453	33906.429688
1233.104492	33495.687500
1232.019531	33689.375000
1230.933594	33720.246094
1229.847656	33151.542969
1228.761719	33550.187500
1227.675781	33425.105469
1226.588867	33683.191406
1225.502930	33473.507813
1224.416016	33796.039063
1223.328125	33428.367188
1222.241211	33599.433594
1221.153320	33547.914063
1220.065430	33643.242188
1218.977539	33442.710938
1217.889648	33473.527344
1216.800781	33248.660156
1215.711914	33748.507813
1214.623047	33679.230469
1213.534180	33165.613281
1212.444336	33287.523438
1211.355469	33200.613281
1210.265625	32969.406250
1209.174805	33040.214844
1208.084961	32820.234375
1206.994141	32589.248047
1205.903320	32624.587891
1204.812500	32211.845703
1203.720703	32808.320313
1202.629883	33065.308594
1201.538086	32468.736328
1200.446289	32435.349609
1199.353516	32887.242188
1198.261719	32368.613281
1197.168945	31704.017578
1196.076172	32000.761719
1194.983398	31865.656250
1193.889648	31914.326172
1192.795898	32542.789063
1191.702148	32578.017578
1190.608398	32365.472656
1189.514648	32838.625000
1188.419922	32721.193359
1187.325195	32561.802734
1186.230469	32592.558594
1185.135742	32864.167969
1184.040039	32841.820313
1182.944336	32890.164063
1181.848633	32737.521484
1180.752930	32655.593750
1179.656250	32955.593750
1178.559570	32447.695313
1177.462891	32630.662109
1176.366211	32359.091797
1175.268555	32535.378906
1174.171875	32596.921875
1173.074219	32418.121094
1171.975586	32254.824219
1170.877930	31805.101563
1169.779297	31899.787109
1168.680664	32164.052734
1167.582031	31793.912109
1166.483398	32168.181641
1165.383789	31956.697266
1164.284180	32104.066406
1163.184570	31976.302734
1162.084961	32462.416016
1160.984375	31903.498047
1159.883789	31819.833984
1158.783203	31606.480469
1157.682617	31898.810547
1156.581055	31577.832031
1155.480469	31804.121094
1154.378906	31916.078125
1153.276367	31918.164063
1152.174805	32172.781250
1151.072266	32277.996094
1149.969727	32064.888672
1148.867188	32374.171875
1147.764648	32314.714844
1146.661133	32737.882813
1145.557617	32967.871094
1144.454102	32934.632813
1143.349609	33094.328125
1142.246094	33076.417969
1141.141602	33262.304688
1140.037109	33213.687500
1138.932617	32632.820313
1137.827148	33011.394531
1136.721680	33092.039063
1135.616211	32483.097656
1134.510742	32644.791016
1133.404297	32657.621094
1132.298828	31992.271484
1131.192383	32261.130859
1130.084961	32138.451172
1128.978516	31967.722656
1127.871094	31891.052734
1126.763672	31912.755859
1125.656250	31875.455078
1124.548828	31665.597656
1123.440430	31914.460938
1122.332031	31772.369141
1121.223633	31702.375000
1120.115234	31704.433594
1119.005859	31713.037109
1117.896484	31773.996094
1116.787109	32216.638672
1115.677734	31972.154297
1114.567383	32316.453125
1113.457031	32484.037109
1112.346680	32551.296875
1111.236328	32786.304688
1110.125000	32999.425781
1109.014648	33216.808594
1107.903320	33819.527344
1106.791016	33847.238281
1105.679688	34793.472656
1104.567383	34927.593750
1103.455078	35211.781250
1102.342773	35358.804688
1101.230469	35784.140625
1100.117188	35839.652344
1099.003906	36090.792969
1097.890625	36207.070313
1096.776367	36210.304688
1095.663086	35222.867188
1094.548828	35267.570313
1093.434570	35064.691406
1092.319336	34644.781250
1091.205078	34288.000000
1090.089844	33825.019531
1088.974609	33579.214844
1087.858398	33650.226563
1086.743164	32910.054688
1085.626953	32664.591797
1084.510742	32341.181641
1083.394531	32525.093750
1082.277344	32201.847656
1081.160156	32177.718750
1080.042969	31778.863281
1078.925781	31852.283203
1077.807617	32075.070313
1076.690430	32583.503906
1075.572266	32000.927734
1074.453125	32273.302734
1073.334961	31840.306641
1072.215820	32302.931641
1071.096680	32341.521484
1069.977539	32339.013672
1068.858398	32461.875000
1067.738281	32299.419922
1066.618164	32579.957031
1065.498047	33080.710938
1064.376953	32924.703125
1063.256836	33187.648438
1062.135742	33385.722656
1061.014648	33551.332031
1059.892578	33887.343750
1058.771484	34251.257813
1057.649414	34554.617188
1056.527344	34366.164063
1055.404297	34742.675781
1054.282227	34856.042969
1053.159180	34863.757813
1052.036133	35007.210938
1050.912109	35051.507813
1049.789063	35162.550781
1048.665039	35383.363281
1047.541016	35696.656250
1046.416992	35658.968750
1045.291992	35522.304688
1044.166992	35609.453125
1043.041992	35481.457031
1041.916992	35379.320313
1040.791992	35365.382813
1039.666016	34945.156250
1038.540039	35307.425781
1037.413086	34941.105469
1036.287109	34983.117188
1035.160156	34879.054688
1034.033203	34465.808594
1032.906250	34460.656250
1031.779297	34476.968750
1030.651367	34450.351563
1029.523438	34554.621094
1028.395508	34545.156250
1027.266602	34576.437500
1026.137695	34451.179688
1025.009766	34068.718750
1023.879883	34320.839844
1022.750977	34127.136719
1021.621094	34409.125000
1020.491211	34266.886719
1019.361328	33872.011719
1018.231445	33695.687500
1017.100586	33532.277344
1015.969727	33717.781250
1014.838867	33522.335938
1013.708008	33729.148438
1012.576172	33052.558594
1011.444336	33242.269531
1010.312500	32891.023438
1009.180664	32941.753906
1008.047852	33148.457031
1006.915039	32914.953125
1005.782227	33918.320313
1004.649414	33902.578125
1003.515625	34318.140625
1002.381836	34675.886719
1001.248047	34318.507813
1000.114258	33986.886719
998.979492	33736.472656
997.844727	33456.296875
996.709961	32455.482422
995.575195	32007.271484
994.439453	32190.177734
993.303711	31714.505859
992.167969	31524.535156
991.032227	31948.128906
989.895508	31732.628906
988.758789	32179.416016
987.622070	32198.123047
986.485352	31835.845703
985.347656	31211.988281
984.210938	31786.144531
983.073242	31868.720703
981.934570	31564.228516
980.796875	31249.234375
979.658203	31380.755859
978.519531	31497.343750
977.380859	31484.269531
976.241211	31560.419922
975.101563	31392.294922
973.961914	31532.128906
972.822266	31476.593750
971.681641	31425.324219
970.541992	31944.896484
969.400391	32786.726563
968.259766	32637.632813
967.119141	32876.683594
965.977539	33355.214844
964.835938	33015.308594
963.694336	33252.000000
962.551758	33463.164063
961.409180	33462.394531
960.266602	33061.328125
959.124023	33251.214844
957.980469	33294.941406
956.837891	33014.804688
955.694336	33007.773438
954.549805	32858.988281
953.406250	32741.994141
952.261719	32783.656250
951.117188	32288.255859
949.972656	32414.548828
948.827148	32025.105469
947.681641	32014.052734
946.536133	31975.541016
945.390625	31926.480469
944.245117	32208.968750
943.098633	32326.662109
941.952148	32551.951172
940.804688	32732.824219
939.658203	32924.167969
938.510742	33130.195313
937.363281	33688.324219
936.215820	34204.042969
935.067383	35189.636719
933.919922	36151.625000
932.770508	36967.804688
931.622070	37878.433594
930.473633	39353.148438
929.324219	39888.042969
928.174805	41229.058594
927.025391	41757.003906
925.875000	42255.261719
924.724609	41995.863281
923.574219	42190.941406
922.423828	41607.781250
921.272461	40766.246094
920.122070	39729.558594
918.969727	38768.976563
917.818359	37741.562500
916.666992	36628.445313
915.514648	35671.234375
914.362305	34745.929688
913.208984	33875.605469
912.056641	33244.945313
910.903320	32717.380859
909.750000	32494.277344
908.596680	32002.757813
907.442383	31477.890625
906.288086	31645.195313
905.133789	31355.417969
903.979492	31359.191406
902.824219	31329.433594
901.668945	31276.642578
900.513672	31240.628906
899.358398	31236.039063
898.202148	30927.865234
897.045898	31105.453125
895.889648	30841.382813
894.733398	30857.798828
893.576172	30809.357422
892.419922	30733.744141
891.261719	31055.451172
890.104492	30975.634766
888.946289	30268.818359
887.789063	30410.703125
886.629883	30412.548828
885.471680	30353.816406
884.312500	30464.259766
883.153320	30518.283203
881.994141	30317.615234
880.834961	30684.687500
879.674805	30402.693359
878.514648	30702.832031
877.354492	30229.072266
876.194336	30504.093750
875.033203	30493.386719
873.872070	30793.240234
872.710938	30465.728516
871.548828	30702.955078
870.387695	30344.353516
869.225586	31072.968750
868.063477	30458.347656
866.900391	30712.015625
865.737305	30740.808594
864.574219	30648.906250
863.411133	30157.628906
862.248047	30404.898438
861.083984	30437.882813
859.919922	30325.326172
858.755859	30690.867188
857.590820	30599.082031
856.425781	30760.798828
855.260742	30893.365234
854.095703	30888.810547
852.930664	31237.218750
851.764648	31230.513672
850.598633	30804.583984
849.431641	31173.529297
848.265625	31110.824219
847.098633	31073.031250
845.931641	31230.169922
844.764648	31152.976563
843.596680	31222.972656
842.428711	30915.789063
841.260742	31367.013672
840.092773	31571.552734
838.923828	31813.275391
837.754883	31524.855469
836.585938	31623.650391
835.416992	31505.097656
834.247070	31734.205078
833.077148	31832.884766
831.907227	31077.337891
830.737305	31693.060547
829.566406	31510.521484
828.395508	31631.892578
827.224609	32085.910156
826.052734	32093.468750
824.881836	32266.269531
823.709961	31966.080078
822.538086	32318.457031
821.365234	32230.998047
820.192383	31883.535156
819.019531	31812.710938
817.846680	31541.810547
816.673828	31403.023438
815.500000	31150.884766
814.326172	31288.488281
813.151367	31522.902344
811.977539	31470.779297
810.802734	31773.039063
809.627930	31891.843750
808.453125	31775.828125
807.277344	31913.107422
806.101563	32268.523438
804.925781	31814.980469
803.750000	31756.685547
802.573242	31340.472656
801.396484	31473.574219
800.219727	31586.052734
799.042969	31770.435547
797.865234	31765.642578
796.687500	32042.375000
795.509766	32397.054688
794.331055	32369.529297
793.153320	32290.673828
791.974609	32671.753906
790.795898	32305.484375
789.616211	32243.105469
788.436523	32476.214844
787.256836	32200.476563
786.077148	32396.572266
784.897461	32141.472656
783.716797	32286.242188
782.536133	31930.841797
781.354492	31733.376953
780.173828	31923.205078
778.992188	31881.494141
777.810547	32126.496094
776.628906	32174.839844
775.446289	31557.900391
774.263672	31958.341797
773.081055	31685.451172
771.898438	31922.037109
770.714844	32133.978516
769.531250	32210.871094
768.347656	32257.064453
767.163086	32947.054688
765.979492	33107.496094
764.794922	33071.738281
763.609375	33093.187500
762.424805	33253.488281
761.239258	33587.257813
760.053711	34396.480469
758.868164	34187.007813
757.681641	34616.250000
756.495117	35006.542969
755.308594	35264.101563
754.122070	35825.359375
752.934570	35919.539063
751.748047	36598.617188
750.559570	36943.218750
749.372070	37744.015625
748.183594	38585.195313
746.995117	39935.101563
745.806641	42076.390625
744.618164	43213.261719
743.428711	44634.542969
742.239258	46209.835938
741.049805	48494.367188
739.859375	49830.187500
738.669922	50594.082031
737.479492	51422.687500
736.288086	52204.187500
735.097656	52038.453125
733.906250	51998.742188
732.714844	52879.125000
731.523438	52892.035156
730.331055	53036.902344
729.138672	52365.742188
727.946289	51838.949219
726.753906	50995.875000
725.560547	50319.496094
724.367188	49631.238281
723.173828	48614.808594
721.979492	48198.847656
720.786133	47367.593750
719.591797	46139.550781
718.396484	44523.085938
717.202148	43804.554688
716.006836	42671.222656
714.811523	41995.914063
713.616211	41511.152344
712.419922	40965.890625
711.223633	40770.875000
710.027344	39748.640625
708.831055	39683.390625
707.633789	39583.796875
706.436523	39379.128906
705.239258	39402.917969
704.041016	39279.195313
702.843750	38975.734375
701.645508	38779.445313
700.447266	38589.296875
699.248047	37981.339844
698.048828	38493.824219
696.849609	39137.250000
695.650391	39861.089844
694.450195	40469.640625
693.250000	41065.824219
692.049805	41816.992188
690.849609	43362.023438
689.648438	44823.753906
688.447266	46456.105469
687.246094	47819.828125
686.044922	49362.199219
684.842773	51320.695313
683.640625	52169.128906
682.438477	54152.320313
681.235352	55031.957031
680.033203	55003.894531
678.829102	54543.406250
677.625977	53564.304688
676.422852	52513.246094
675.218750	51042.542969
674.014648	50207.511719
672.809570	49869.097656
671.604492	49297.816406
670.400391	49138.476563
669.194336	48509.367188
667.989258	48585.128906
666.783203	47840.007813
665.577148	47927.914063
664.371094	48005.746094
663.164063	48438.546875
661.957031	49003.496094
660.750000	49020.894531
659.542969	49098.410156
658.334961	48388.351563
657.127930	48363.789063
655.918945	47528.003906
654.710938	46906.855469
653.501953	46306.000000
652.292969	45369.113281
651.083984	44556.707031
649.875000	44086.800781
648.665039	43247.019531
647.455078	42675.601563
646.244141	41926.464844
645.034180	41309.597656
643.823242	40740.960938
642.612305	40082.652344
641.400391	39296.765625
640.189453	38788.855469
638.977539	38271.175781
637.765625	38083.144531
636.552734	38224.542969
635.339844	38142.367188
634.126953	37752.960938
632.914063	37916.273438
631.700195	37987.773438
630.487305	38123.042969
629.272461	38172.531250
628.058594	38367.488281
626.843750	38841.316406
625.628906	39388.644531
624.414063	39330.250000
623.199219	38320.054688
621.983398	38532.667969
620.767578	38329.195313
619.551758	38129.785156
618.334961	37212.238281
617.118164	37080.785156
615.901367	36466.144531
614.684570	36281.222656
613.466797	35728.640625
612.249023	35142.507813
611.031250	34763.273438
609.813477	34265.011719
608.594727	33923.863281
607.375977	34184.507813
606.157227	34407.316406
604.937500	33973.070313
603.717773	33578.699219
602.498047	33589.210938
601.278320	33464.843750
600.057617	33467.437500
598.836914	33198.414063
597.616211	33284.312500
596.395508	32791.511719
595.173828	32711.029297
593.952148	32394.857422
592.729492	32017.429688
591.507813	31865.884766
590.285156	31963.826172
589.062500	31687.667969
587.839844	31736.134766
586.616211	31800.404297
585.392578	31720.261719
584.168945	32009.923828
582.944336	32510.990234
581.720703	32683.732422
580.495117	32990.773438
579.270508	32894.640625
578.045898	33314.082031
576.820313	33543.757813
575.594727	34134.636719
574.368164	34032.410156
573.142578	34026.925781
571.916016	34011.574219
570.688477	34361.164063
569.461914	34351.660156
568.234375	34428.914063
567.006836	34385.882813
565.779297	34037.378906
564.550781	33702.816406
563.322266	34168.230469
562.093750	33971.656250
560.865234	33781.074219
559.635742	33411.414063
558.406250	33622.566406
557.176758	33449.886719
555.946289	33487.796875
554.715820	33159.828125
553.485352	33097.484375
552.254883	33243.582031
551.023438	33051.507813
549.791992	33309.562500
548.560547	32850.335938
547.328125	32591.675781
546.096680	31879.447266
544.864258	31709.472656
543.630859	31822.257813
542.398438	31569.931641
541.165039	31882.845703
539.931641	32026.902344
538.697266	32272.886719
537.463867	32104.996094
536.229492	32211.652344
534.994141	31977.201172
533.759766	32422.857422
532.524414	32407.894531
531.289063	32712.222656
530.053711	32593.402344
528.817383	32466.800781
527.581055	32817.890625
526.344727	32591.478516
525.107422	32973.687500
523.871094	33950.417969
522.632813	34512.089844
521.395508	35777.445313
520.158203	36041.308594
518.919922	35867.246094
517.681641	34835.414063
516.442383	34149.832031
515.203125	33378.605469
513.963867	32761.988281
512.724609	32561.494141
511.485352	32390.363281
510.245117	33011.617188
509.004883	33318.468750
507.763672	33607.628906
506.523438	33875.210938
505.282227	33551.882813
504.040039	33558.140625
502.798828	33788.515625
501.556641	32849.691406
