1802.182617	7081.946289
1801.212891	7044.488770
1800.244141	6868.315430
1799.274414	6974.278320
1798.304688	6825.641113
1797.334961	6951.530762
1796.364258	6895.259277
1795.394531	6756.702148
1794.423828	7052.098633
1793.453125	6945.976074
1792.482422	7044.294922
1791.511719	6995.535645
1790.540039	7016.562012
1789.568359	7117.297852
1788.596680	7083.496094
1787.625000	7248.922363
1786.653320	7212.617188
1785.680664	7238.555664
1784.708984	7152.492676
1783.736328	7215.755371
1782.763672	7276.504395
1781.790039	7548.640625
1780.817383	7231.319824
1779.843750	7200.038574
1778.870117	7417.339844
1777.896484	7482.956543
1776.922852	7317.468262
1775.948242	7547.035645
1774.973633	7538.074219
1773.999023	7529.115723
1773.024414	7674.089355
1772.049805	7694.893066
1771.074219	7738.023438
1770.099609	7766.249023
1769.124023	7744.848145
1768.148438	7708.574219
1767.171875	8019.477539
1766.196289	8141.833496
1765.219727	8135.245605
1764.243164	8287.267578
1763.266602	8196.408203
1762.290039	8618.376953
1761.312500	8762.779297
1760.334961	8706.545898
1759.357422	8821.162109
1758.379883	9074.347656
1757.402344	9364.552734
1756.423828	9449.275391
1755.446289	9435.012695
1754.467773	9566.678711
1753.489258	9653.782227
1752.509766	9713.653320
1751.531250	9605.418945
1750.551758	9608.435547
1749.572266	9858.531250
1748.592773	9495.888672
1747.613281	9666.871094
1746.632813	9351.328125
1745.652344	9440.798828
1744.671875	9229.096680
1743.691406	9170.485352
1742.710938	9131.634766
1741.729492	9048.396484
1740.749023	9145.235352
1739.767578	9108.877930
1738.785156	8914.750977
1737.803711	8885.848633
1736.822266	8970.318359
1735.839844	8988.228516
1734.857422	8602.135742
1733.875000	8799.902344
1732.891602	8615.918945
1731.909180	8737.283203
1730.925781	8947.209961
1729.942383	8810.062500
1728.958984	8818.134766
1727.974609	8762.245117
1726.991211	8728.512695
1726.006836	8820.198242
1725.022461	8754.506836
1724.038086	8745.374023
1723.052734	8930.383789
1722.068359	8872.079102
1721.083008	8843.274414
1720.097656	8996.223633
1719.112305	9031.247070
1718.125977	8960.692383
1717.140625	9174.885742
1716.154297	8957.089844
1715.167969	9075.510742
1714.181641	9117.839844
1713.194336	9400.498047
1712.208008	9415.771484
1711.220703	9484.972656
1710.233398	9772.287109
1709.246094	9809.530273
1708.257813	9939.859375
1707.270508	9950.107422
1706.282227	10286.076172
1705.293945	10357.463867
1704.304688	10543.881836
1703.316406	10989.667969
1702.327148	11063.316406
1701.337891	11344.895508
1700.348633	11528.516602
1699.359375	11636.248047
1698.370117	12179.167969
1697.379883	12648.530273
1696.389648	12748.637695
1695.399414	12865.808594
1694.409180	13491.109375
1693.417969	13312.520508
1692.426758	13822.695313
1691.436523	14335.105469
1690.444336	14197.952148
1689.453125	14336.652344
1688.461914	14446.012695
1687.469727	14584.605469
1686.477539	14515.807617
1685.485352	14861.620117
1684.492188	14853.749023
1683.500000	14914.136719
1682.506836	14694.213867
1681.513672	14808.216797
1680.520508	14532.369141
1679.527344	14363.805664
1678.533203	14390.132813
1677.539063	14360.448242
1676.544922	13989.971680
1675.550781	14043.127930
1674.556641	14003.795898
1673.561523	13925.552734
1672.566406	13934.905273
1671.571289	13647.567383
1670.576172	13727.479492
1669.581055	13576.426758
1668.584961	13585.838867
1667.588867	13327.958984
1666.592773	13543.915039
1665.596680	13555.754883
1664.600586	13519.020508
1663.603516	13229.795898
1662.606445	13091.188477
1661.609375	13049.713867
1660.612305	13090.754883
1659.614258	12847.940430
1658.617188	13068.490234
1657.619141	12939.751953
1656.621094	12978.354492
1655.622070	13024.212891
1654.624023	12985.229492
1653.625000	12759.687500
1652.625977	12895.194336
1651.626953	12655.227539
1650.627930	12967.473633
1649.627930	12945.484375
1648.627930	13015.485352
1647.627930	13087.877930
1646.627930	13046.518555
1645.627930	12891.476563
1644.626953	12886.452148
1643.625977	12997.499023
1642.625000	12745.853516
1641.624023	12989.826172
1640.623047	12752.782227
1639.621094	12699.462891
1638.619141	12752.455078
1637.617188	12650.852539
1636.615234	12723.149414
1635.613281	12735.060547
1634.610352	12597.314453
1633.607422	12688.882813
1632.604492	12473.992188
1631.601563	12690.984375
1630.597656	12770.416992
1629.594727	12526.702148
1628.590820	12594.080078
1627.586914	12516.810547
1626.582031	12564.883789
1625.578125	12429.825195
1624.573242	12629.653320
1623.568359	12670.446289
1622.563477	12689.550781
1621.558594	12643.648438
1620.552734	12484.637695
1619.546875	12806.976563
1618.541016	12720.173828
1617.535156	12801.788086
1616.529297	12991.590820
1615.522461	13005.790039
1614.515625	12926.226563
1613.508789	13236.062500
1612.501953	12973.854492
1611.494141	12944.796875
1610.487305	12958.987305
1609.479492	13261.357422
1608.471680	13203.444336
1607.463867	13217.571289
1606.455078	13085.287109
1605.446289	13308.196289
1604.437500	13341.484375
1603.428711	13389.149414
1602.419922	13537.516602
1601.410156	13647.460938
1600.401367	13663.869141
1599.391602	13826.468750
1598.381836	13996.189453
1597.371094	14110.739258
1596.361328	14407.279297
1595.350586	14931.198242
1594.339844	14988.024414
1593.329102	15186.058594
1592.317383	15479.743164
1591.305664	15890.554688
1590.294922	16083.498047
1589.283203	16570.556641
1588.270508	16679.583984
1587.258789	16568.609375
1586.246094	16775.597656
1585.233398	16695.712891
1584.220703	17029.226563
1583.208008	16593.375000
1582.194336	16515.962891
1581.180664	16455.296875
1580.167969	16451.955078
1579.153320	16169.335938
1578.139648	16175.596680
1577.125000	16193.783203
1576.111328	15959.096680
1575.096680	15872.376953
1574.081055	15704.617188
1573.066406	15753.874023
1572.050781	15824.562500
1571.035156	15740.319336
1570.019531	15846.718750
1569.003906	15841.114258
1567.988281	15594.965820
1566.971680	15691.802734
1565.955078	15983.814453
1564.938477	15766.346680
1563.920898	15667.951172
1562.904297	15919.339844
1561.886719	15818.572266
1560.869141	15853.406250
1559.851563	15895.357422
1558.833984	16322.410156
1557.815430	15836.598633
1556.796875	15935.556641
1555.778320	15801.642578
1554.759766	15724.790039
1553.740234	15595.720703
1552.721680	15535.560547
1551.702148	15425.572266
1550.682617	15344.108398
1549.662109	15556.919922
1548.642578	15416.149414
1547.622070	15469.936523
1546.601563	15715.791016
1545.581055	16035.044922
1544.560547	15761.539063
1543.539063	16192.043945
1542.517578	16060.789063
1541.496094	16256.517578
1540.474609	16475.851563
1539.453125	16545.904297
1538.430664	16890.570313
1537.408203	16666.984375
1536.385742	16481.355469
1535.363281	16726.441406
1534.339844	16647.330078
1533.316406	16712.527344
1532.292969	16676.011719
1531.269531	16497.658203
1530.246094	16168.094727
1529.221680	16313.682617
1528.198242	16206.392578
1527.173828	15803.855469
1526.148438	15888.019531
1525.124023	15856.441406
1524.098633	15968.887695
1523.073242	15790.960938
1522.047852	15634.344727
1521.022461	15383.415039
1519.997070	15727.039063
1518.970703	15556.377930
1517.944336	15536.696289
1516.917969	15521.737305
1515.890625	15733.055664
1514.864258	15722.773438
1513.836914	15540.502930
1512.809570	15751.685547
1511.782227	15729.627930
1510.753906	16140.826172
1509.726563	16476.523438
1508.698242	16548.472656
1507.669922	16907.478516
1506.640625	17183.994141
1505.612305	17340.431641
1504.583008	17896.597656
1503.553711	18316.164063
1502.524414	18556.900391
1501.495117	18955.003906
1500.464844	19308.298828
1499.434570	19522.837891
1498.404297	19575.218750
1497.374023	19575.912109
1496.343750	19346.513672
1495.312500	19239.271484
1494.281250	19289.316406
1493.250000	18818.429688
1492.218750	18798.158203
1491.186523	18191.525391
1490.154297	17807.914063
1489.122070	17187.662109
1488.089844	17465.429688
1487.057617	17274.371094
1486.024414	16717.869141
1484.991211	16566.865234
1483.958008	16298.813477
1482.924805	16658.431641
1481.891602	16535.623047
1480.857422	16494.785156
1479.823242	16746.490234
1478.789063	16860.048828
1477.753906	16917.416016
1476.719727	17400.414063
1475.684570	17595.605469
1474.649414	18073.589844
1473.614258	18083.910156
1472.578125	18706.482422
1471.542969	18994.695313
1470.506836	19369.218750
1469.470703	20369.478516
1468.433594	20811.275391
1467.397461	21556.371094
1466.360352	22392.185547
1465.323242	22707.285156
1464.286133	24025.453125
1463.249023	25242.781250
1462.210938	26144.779297
1461.172852	27211.947266
1460.134766	27847.421875
1459.096680	28345.128906
1458.057617	28886.900391
1457.019531	29505.328125
1455.980469	30114.185547
1454.941406	30645.941406
1453.901367	30898.089844
1452.862305	31657.583984
1451.822266	33082.367188
1450.782227	34085.414063
1449.742188	35658.000000
1448.701172	37050.843750
1447.661133	38568.687500
1446.620117	40574.132813
1445.579102	41472.328125
1444.537109	42356.207031
1443.496094	43239.722656
1442.454102	43128.632813
1441.412109	42920.039063
1440.370117	41471.562500
1439.327148	39768.308594
1438.285156	38244.472656
1437.242188	36168.957031
1436.199219	34361.105469
1435.155273	32635.185547
1434.112305	30685.011719
1433.068359	29424.289063
1432.024414	27786.214844
1430.980469	26980.880859
1429.936523	25786.576172
1428.891602	24854.558594
1427.846680	23670.445313
1426.801758	23345.992188
1425.756836	22248.339844
1424.710938	21801.623047
1423.666016	21274.082031
1422.620117	20899.476563
1421.574219	20717.042969
1420.527344	20259.435547
1419.481445	20095.705078
1418.434570	20359.767578
1417.387695	19805.427734
1416.340820	20085.617188
1415.292969	20192.392578
1414.245117	20257.542969
1413.197266	20350.378906
1412.149414	20602.509766
1411.101563	21048.466797
1410.052734	21171.085938
1409.004883	21646.742188
1407.955078	21446.166016
1406.906250	22110.724609
1405.857422	22186.892578
1404.807617	22147.736328
1403.757813	21942.607422
1402.708008	21696.072266
1401.658203	21286.023438
1400.607422	21502.818359
1399.556641	20977.802734
1398.505859	20363.183594
1397.455078	20071.171875
1396.404297	19896.683594
1395.352539	19324.091797
1394.300781	19290.195313
1393.249023	19030.849609
1392.197266	18668.101563
1391.144531	18277.906250
1390.091797	18133.886719
1389.039063	17796.830078
1387.986328	17696.632813
1386.932617	17470.099609
1385.879883	17422.847656
1384.826172	17274.552734
1383.772461	17314.621094
1382.717773	17375.333984
1381.664063	17865.265625
1380.609375	17540.287109
1379.554688	18135.525391
1378.500000	18106.550781
1377.444336	18339.046875
1376.389648	18814.509766
1375.333984	18858.771484
1374.278320	18971.777344
1373.221680	19284.105469
1372.166016	19112.871094
1371.109375	19060.820313
1370.052734	19313.388672
1368.995117	19382.671875
1367.938477	19245.892578
1366.880859	19489.107422
1365.823242	19739.085938
1364.765625	19513.087891
1363.708008	19669.173828
1362.649414	19301.492188
1361.590820	19512.427734
1360.532227	19846.718750
1359.473633	20162.585938
1358.415039	20348.076172
1357.355469	20595.169922
1356.295898	21298.976563
1355.236328	21810.667969
1354.175781	21913.464844
1353.116211	22895.042969
1352.055664	23543.013672
1350.995117	24409.759766
1349.934570	25305.802734
1348.873047	26434.111328
1347.811523	27771.738281
1346.750000	28607.250000
1345.688477	29791.156250
1344.626953	31115.859375
1343.564453	31954.712891
1342.501953	32868.390625
1341.439453	33779.406250
1340.376953	34630.843750
1339.313477	35832.511719
1338.250977	36735.519531
1337.187500	37788.335938
1336.123047	38852.089844
1335.059570	39672.015625
1333.995117	39966.269531
1332.930664	40362.710938
1331.866211	40872.648438
1330.801758	40293.722656
1329.736328	40014.976563
1328.671875	39107.046875
1327.606445	37804.281250
1326.540039	36760.929688
1325.474609	35322.960938
1324.408203	33851.531250
1323.341797	32977.582031
1322.275391	31341.611328
1321.208984	29803.863281
1320.141602	28777.062500
1319.074219	27950.232422
1318.006836	26942.375000
1316.939453	26290.794922
1315.872070	25845.707031
1314.803711	25457.443359
1313.735352	25019.505859
1312.666992	24679.132813
1311.597656	25070.265625
1310.529297	24886.222656
1309.459961	25132.292969
1308.390625	25414.466797
1307.320313	25223.675781
1306.250977	25774.880859
1305.180664	25638.367188
1304.110352	26003.853516
1303.040039	25826.654297
1301.968750	25486.804688
1300.898438	25228.439453
1299.827148	24719.416016
1298.754883	24018.617188
1297.683594	23645.544922
1296.612305	23450.986328
1295.540039	22563.529297
1294.467773	22450.517578
1293.394531	21870.494141
1292.322266	21516.294922
1291.249023	21101.345703
1290.175781	20722.648438
1289.102539	20071.316406
1288.028320	20297.052734
1286.955078	19898.470703
1285.880859	20182.724609
1284.806641	20327.201172
1283.732422	20235.144531
1282.657227	20595.703125
1281.582031	20294.267578
1280.506836	20656.912109
1279.431641	20648.117188
1278.355469	20729.316406
1277.280273	20821.724609
1276.204102	21013.042969
1275.127930	21332.437500
1274.050781	21330.248047
1272.974609	21629.212891
1271.897461	21662.912109
1270.820313	22186.330078
1269.742188	22561.292969
1268.665039	22572.316406
1267.586914	22655.177734
1266.508789	23177.949219
1265.430664	23218.007813
1264.351563	23457.738281
1263.272461	23632.312500
1262.194336	23818.027344
1261.114258	23371.337891
1260.035156	22891.207031
1258.955078	22433.687500
1257.875977	21519.216797
1256.794922	21227.960938
1255.714844	20262.599609
1254.634766	19519.349609
1253.553711	18682.369141
1252.472656	18056.160156
1251.391602	17609.255859
1250.309570	17124.500000
1249.227539	16845.761719
1248.146484	16343.469727
1247.063477	16201.417969
1245.981445	16034.831055
1244.898438	15982.311523
1243.816406	15762.202148
1242.732422	15852.759766
1241.649414	15445.120117
1240.566406	15663.008789
1239.482422	15661.974609
1238.398438	15482.341797
1237.314453	15476.880859
1236.229492	15446.874023
1235.144531	15608.752930
1234.059570	15563.114258
1232.974609	15265.485352
1231.889648	15449.594727
1230.803711	15281.408203
1229.717773	15632.592773
1228.631836	15295.084961
1227.545898	15585.967773
1226.458984	15462.435547
1225.373047	15563.872070
1224.286133	15257.827148
1223.198242	15506.176758
1222.111328	15571.929688
1221.023438	15613.178711
1219.935547	15394.133789
1218.847656	15880.225586
1217.759766	15636.752930
1216.670898	15391.159180
1215.582031	15523.530273
1214.493164	15606.955078
1213.404297	15472.607422
1212.314453	15440.497070
1211.224609	15874.782227
1210.134766	15740.459961
1209.044922	15808.208008
1207.954102	15776.050781
1206.864258	15916.988281
1205.773438	15889.256836
1204.681641	15755.067383
1203.590820	16144.291992
1202.499023	15901.462891
1201.407227	16388.027344
1200.315430	16333.625977
1199.223633	16407.761719
1198.130859	16698.964844
1197.038086	16702.115234
1195.945313	16871.343750
1194.852539	16648.634766
1193.758789	16932.900391
1192.666016	16553.148438
1191.572266	16775.361328
1190.477539	16774.062500
1189.383789	16443.234375
1188.289063	16479.593750
1187.194336	16268.339844
1186.099609	16311.347656
1185.004883	16131.152344
1183.909180	15758.824219
1182.813477	15868.173828
1181.717773	15666.097656
1180.621094	15329.423828
1179.525391	15412.302734
1178.428711	15130.995117
1177.332031	15074.869141
1176.235352	15047.443359
1175.137695	14761.975586
1174.040039	14904.419922
1172.942383	14861.612305
1171.844727	14884.947266
1170.747070	14582.119141
1169.648438	14385.174805
1168.549805	14426.214844
1167.451172	14625.805664
1166.351563	14790.083008
1165.252930	14591.053711
1164.153320	14554.979492
1163.053711	14835.791992
1161.953125	15175.885742
1160.853516	14765.780273
1159.752930	15074.957031
1158.652344	15364.215820
1157.550781	15451.118164
1156.450195	15592.925781
1155.348633	15416.069336
1154.247070	15439.195313
1153.145508	15262.443359
1152.042969	15349.270508
1150.940430	15032.101563
1149.837891	14998.215820
1148.735352	15043.346680
1147.632813	14893.186523
1146.529297	15225.676758
1145.425781	15139.140625
1144.322266	15162.272461
1143.217773	15498.879883
1142.114258	15574.526367
1141.009766	15623.844727
1139.905273	15399.289063
1138.799805	15553.759766
1137.695313	15633.707031
1136.589844	15573.496094
1135.484375	15355.703125
1134.378906	15407.188477
1133.272461	15176.390625
1132.166016	15488.214844
1131.059570	15454.338867
1129.953125	15486.076172
1128.846680	15395.370117
1127.739258	15322.188477
1126.631836	15290.556641
1125.524414	15416.246094
1124.416016	15430.478516
1123.307617	15335.507813
1122.200195	15448.004883
1121.090820	15412.009766
1119.982422	15618.291016
1118.873047	15615.003906
1117.763672	15971.685547
1116.654297	16299.861328
1115.544922	16335.683594
1114.434570	17217.425781
1113.325195	17680.275391
1112.213867	18665.968750
1111.103516	19853.882813
1109.993164	21307.060547
1108.881836	22868.521484
1107.770508	24329.160156
1106.658203	25726.046875
1105.546875	27553.306641
1104.434570	29009.853516
1103.322266	30161.193359
1102.209961	31248.966797
1101.096680	31542.496094
1099.984375	31516.279297
1098.871094	31313.994141
1097.757813	30572.792969
1096.643555	29686.320313
1095.529297	28491.730469
1094.415039	26965.326172
1093.300781	25682.775391
1092.186523	24578.794922
1091.071289	23262.554688
1089.956055	21847.042969
1088.840820	20666.453125
1087.725586	19646.884766
1086.609375	18367.492188
1085.493164	17880.078125
1084.376953	17139.228516
1083.260742	16539.572266
1082.143555	16237.041016
1081.027344	16051.627930
1079.910156	15599.868164
1078.791992	15310.717773
1077.674805	15205.723633
1076.556641	15020.681641
1075.438477	15359.456055
1074.320313	15059.778320
1073.201172	14939.779297
1072.082031	14880.390625
1070.962891	15329.187500
1069.843750	15217.852539
1068.724609	15357.295898
1067.604492	15626.339844
1066.484375	15973.049805
1065.364258	15894.071289
1064.243164	16361.516602
1063.123047	16591.251953
1062.001953	16766.919922
1060.880859	17037.478516
1059.758789	17029.560547
1058.637695	17131.671875
1057.515625	16933.927734
1056.392578	16822.525391
1055.270508	16987.136719
1054.147461	16789.544922
1053.025391	16977.796875
1051.901367	16672.556641
1050.778320	16660.414063
1049.654297	16419.980469
1048.531250	16190.413086
1047.407227	16087.958008
1046.282227	15811.205078
1045.158203	15945.580078
1044.033203	15722.758789
1042.908203	15936.680664
1041.782227	15806.425781
1040.657227	15901.983398
1039.531250	15879.270508
1038.405273	15583.622070
1037.279297	15855.357422
1036.152344	15667.250000
1035.025391	15891.598633
1033.898438	15673.498047
1032.771484	15859.105469
1031.644531	15958.774414
1030.516602	15996.167969
1029.388672	15984.196289
1028.260742	15826.364258
1027.131836	16224.054688
1026.002930	16121.985352
1024.874023	16088.556641
1023.745117	15795.806641
1022.616211	16013.166992
1021.486328	16080.469727
1020.356445	15905.708984
1019.226563	15953.731445
1018.095703	15967.476563
1016.965820	16223.094727
1015.834961	15866.541016
1014.704102	15948.760742
1013.572266	15605.250000
1012.441406	15760.204102
1011.309570	15579.384766
1010.176758	15680.832031
1009.044922	15252.170898
1007.912109	15486.130859
1006.779297	15482.843750
1005.646484	15377.030273
1004.513672	15734.672852
1003.379883	15835.952148
1002.246094	15766.416016
1001.112305	16006.366211
999.978516	15909.083008
998.843750	15997.435547
997.708984	15627.192383
996.574219	15090.781250
995.439453	15079.048828
994.303711	15097.160156
993.167969	14897.899414
992.032227	15120.573242
990.896484	14932.041992
989.759766	15173.778320
988.623047	15117.324219
987.486328	14990.643555
986.349609	15230.083008
985.211914	15220.461914
984.075195	15093.837891
982.936523	15409.669922
981.798828	15061.902344
980.661133	15398.865234
979.522461	15440.227539
978.383789	15708.960938
977.244141	15854.346680
976.105469	16078.266602
974.965820	16238.376953
973.826172	16559.791016
972.685547	16838.609375
971.545898	17448.404297
970.405273	17364.056641
969.264648	17994.695313
968.124023	18065.101563
966.982422	18073.980469
965.840820	18422.080078
964.699219	18276.136719
963.557617	18359.136719
962.415039	18433.623047
961.273438	18364.027344
960.129883	18046.667969
958.987305	18267.273438
957.844727	17859.035156
956.701172	17616.060547
955.557617	17371.072266
954.413086	17320.826172
953.269531	17274.832031
952.125000	16803.791016
950.980469	16924.955078
949.835938	16386.542969
948.690430	16507.742188
947.544922	16183.054688
946.399414	16270.442383
945.253906	16279.645508
944.107422	16512.671875
942.961914	16515.484375
941.815430	16630.162109
940.667969	16936.820313
939.521484	16931.099609
938.374023	17480.134766
937.226563	17767.433594
936.078125	18328.705078
934.930664	18917.142578
933.782227	19385.195313
932.633789	20234.431641
931.485352	21426.687500
930.335938	22723.742188
929.186523	23615.939453
928.037109	24667.757813
926.887695	25746.486328
925.737305	25999.830078
924.587891	26509.746094
923.436523	26173.835938
922.286133	25850.685547
921.135742	25353.156250
919.984375	24307.175781
918.833008	23261.640625
917.680664	22111.486328
916.529297	21262.240234
915.376953	19976.480469
914.224609	19151.146484
913.071289	18426.939453
911.918945	17824.785156
910.765625	17302.628906
909.612305	17387.050781
908.458984	16791.792969
907.304688	16679.148438
906.150391	16363.163086
904.996094	16386.916016
903.841797	16326.823242
902.686523	16331.712891
901.531250	16085.203125
900.375977	16004.264648
899.220703	16250.036133
898.064453	16001.604492
896.908203	16006.553711
895.751953	15873.378906
894.595703	15830.228516
893.438477	15672.043945
892.281250	15988.671875
891.124023	15834.701172
889.966797	15812.497070
888.808594	15723.419922
887.650391	15628.110352
886.492188	15624.763672
885.333008	15642.304688
884.174805	15597.189453
883.015625	15683.625000
881.856445	15607.207031
880.696289	15555.864258
879.536133	15537.926758
878.376953	15651.414063
877.215820	15575.065430
876.055664	15488.322266
874.894531	15501.680664
873.733398	15477.515625
872.572266	15532.543945
871.410156	15364.629883
870.249023	15582.122070
869.086914	15335.134766
867.924805	15685.787109
866.761719	15607.487305
865.598633	15654.085938
864.435547	15586.227539
863.272461	15661.932617
862.109375	15641.934570
860.945313	15680.165039
859.781250	15518.806641
858.616211	15592.377930
857.452148	15807.219727
856.287109	15787.207031
855.122070	15455.638672
853.957031	15730.590820
852.791016	15814.414063
851.625000	15559.852539
850.458984	15730.837891
849.292969	15519.973633
848.125977	15612.063477
846.958984	15438.645508
845.791992	15648.902344
844.625000	15525.301758
843.457031	15727.158203
842.290039	15742.428711
841.121094	15600.239258
839.953125	15640.384766
838.784180	15744.708008
837.615234	15538.423828
836.446289	15719.310547
835.277344	15490.354492
834.107422	15696.000977
832.937500	15781.577148
831.767578	15834.025391
830.597656	15962.955078
829.426758	16015.339844
828.255859	15945.755859
827.084961	15936.126953
825.913086	15955.424805
824.742188	15978.843750
823.570313	15733.792969
822.397461	16062.812500
821.225586	16067.613281
820.052734	16220.999023
818.879883	16130.849609
817.707031	15879.835938
816.533203	16280.649414
815.359375	16394.675781
814.185547	16067.488281
813.011719	15948.608398
811.836914	16167.722656
810.662109	16440.306641
809.487305	16121.624023
808.312500	16383.801758
807.136719	16610.865234
805.961914	16782.251953
804.785156	16739.535156
803.609375	17085.707031
802.432617	16717.921875
801.255859	16782.187500
800.079102	16961.572266
798.902344	16803.736328
797.724609	16865.882813
796.546875	17053.349609
795.369141	16940.789063
794.190430	17253.449219
793.012695	17214.818359
791.833984	17141.300781
790.654297	16790.707031
789.475586	16979.992188
788.295898	16974.277344
787.116211	17056.771484
785.936523	16839.800781
784.755859	16823.863281
783.575195	16756.683594
782.394531	16806.355469
781.213867	16890.841797
780.032227	16854.416016
778.851563	16652.099609
777.668945	16853.283203
776.487305	17250.925781
775.304688	17167.371094
774.123047	17202.546875
772.939453	17149.726563
771.756836	17082.611328
770.573242	17187.312500
769.389648	17504.617188
768.206055	17631.667969
767.022461	17683.041016
765.837891	17742.564453
764.653320	18278.064453
763.468750	18355.812500
762.283203	18413.107422
761.097656	19052.232422
759.912109	19403.275391
758.726563	19603.152344
757.540039	19894.755859
756.353516	20612.556641
755.166992	21285.177734
753.980469	21841.289063
752.792969	22688.664063
751.605469	24348.861328
750.417969	25456.142578
749.230469	27434.859375
748.041992	30594.035156
746.853516	33696.863281
745.665039	38064.652344
744.476563	43083.925781
743.287109	49138.867188
742.097656	54879.898438
740.908203	59420.351563
739.717773	63216.546875
738.527344	64089.347656
737.336914	64343.796875
736.146484	61791.464844
734.955078	58413.246094
733.763672	55391.992188
732.572266	52103.949219
731.380859	49948.363281
730.188477	48471.777344
728.996094	47651.421875
727.803711	46565.585938
726.611328	46135.527344
725.417969	46200.582031
724.224609	46135.812500
723.031250	45282.371094
721.836914	43367.109375
720.643555	41148.683594
719.449219	38600.945313
718.253906	35902.378906
717.059570	33761.941406
715.864258	31656.849609
714.668945	29876.582031
713.473633	28653.679688
712.277344	27350.367188
711.081055	26334.898438
709.884766	25400.775391
708.687500	24762.304688
707.491211	23588.330078
706.293945	23463.951172
705.096680	23058.716797
703.898438	22869.847656
702.700195	22343.710938
701.501953	22029.861328
700.303711	21584.898438
699.105469	21327.871094
697.906250	21430.208984
696.707031	21421.519531
695.506836	21299.857422
694.307617	21420.283203
693.107422	21782.638672
691.907227	21892.824219
690.706055	22172.277344
689.505859	22467.726563
688.304688	23355.394531
687.102539	23870.021484
685.901367	25053.039063
684.699219	25720.093750
683.497070	26543.873047
682.294922	27323.015625
681.091797	27721.517578
679.889648	27934.767578
678.685547	27928.693359
677.482422	27568.710938
676.278320	27160.632813
675.075195	26515.552734
673.870117	26218.402344
672.666016	25585.859375
671.460938	25505.972656
670.255859	25371.896484
669.050781	25717.738281
667.845703	25910.867188
666.639648	25997.546875
665.433594	26599.849609
664.226563	27380.425781
663.020508	28092.470703
661.813477	29076.906250
660.606445	29856.427734
659.398438	30393.089844
658.191406	30614.910156
656.983398	30876.699219
655.775391	30599.572266
654.566406	29783.876953
653.358398	29298.882813
652.149414	28617.935547
650.939453	28277.492188
649.730469	27158.884766
648.520508	26294.808594
647.310547	25939.089844
646.099609	24757.732422
644.889648	23902.736328
643.678711	23853.554688
642.467773	23238.906250
641.255859	22804.322266
640.044922	22433.841797
638.833008	21791.943359
637.620117	21497.707031
636.408203	21668.666016
635.195313	21699.859375
633.982422	21619.308594
632.769531	21768.183594
631.555664	22323.822266
630.341797	22424.623047
629.127930	23278.882813
627.914063	23566.767578
626.699219	24027.875000
625.484375	24341.363281
624.269531	24174.724609
623.053711	24008.156250
621.838867	23612.720703
620.622070	23237.357422
619.406250	22702.964844
618.190430	22003.675781
616.973633	21507.574219
615.756836	21097.199219
614.539063	20663.142578
613.321289	20463.828125
612.104492	20210.943359
610.885742	20198.578125
609.667969	19747.214844
608.449219	19981.218750
607.230469	19665.115234
606.011719	19700.519531
604.791992	19501.710938
603.572266	19287.113281
602.352539	19231.316406
601.132813	19280.662109
599.912109	19074.181641
598.691406	19093.800781
597.470703	19042.052734
596.249023	19253.888672
595.028320	19221.937500
593.805664	19116.710938
592.583984	18876.863281
591.362305	18852.933594
590.139648	18926.007813
588.916992	19088.105469
587.693359	18765.367188
586.469727	19222.179688
585.246094	19289.169922
584.022461	19267.150391
582.798828	19094.894531
581.574219	19357.535156
580.349609	19738.621094
579.125000	19916.052734
577.899414	19633.191406
576.673828	20142.322266
575.448242	20203.060547
574.221680	20848.037109
572.996094	20652.044922
571.769531	21105.255859
570.541992	21179.533203
569.315430	21630.455078
568.087891	21874.148438
566.860352	21952.144531
565.632813	21748.275391
564.404297	22141.531250
563.175781	21691.458984
561.947266	21598.072266
560.717773	21213.294922
559.489258	20808.998047
558.259766	20810.337891
557.029297	20650.312500
555.799805	20277.880859
554.569336	20340.306641
553.338867	20182.453125
552.107422	19981.414063
550.876953	20381.955078
549.645508	20208.470703
548.413086	20115.617188
547.181641	19918.693359
545.949219	19949.669922
544.716797	19945.289063
543.484375	19815.271484
542.250977	19475.306641
541.017578	19841.886719
539.784180	19808.101563
538.550781	19972.425781
537.316406	19656.250000
536.082031	19516.658203
534.847656	19659.373047
533.612305	19753.033203
532.376953	19764.365234
531.141602	19803.113281
529.906250	19888.841797
528.669922	19929.501953
527.433594	20056.269531
526.197266	20040.117188
524.959961	20292.025391
523.722656	20406.890625
522.485352	20885.470703
521.248047	21727.531250
520.009766	22641.550781
518.771484	22794.878906
517.533203	22330.666016
516.294922	21413.419922
515.055664	20678.220703
513.816406	20714.677734
512.577148	20214.230469
511.336914	20524.033203
510.096680	20244.359375
508.856445	20023.339844
507.616211	20022.832031
506.375000	20262.191406
505.133789	20092.001953
503.892578	20056.386719
502.650391	20178.646484
