1802.219727	13002.798828
1801.250000	13110.177734
1800.281250	13257.360352
1799.311523	13139.887695
1798.341797	13574.006836
1797.372070	12777.827148
1796.402344	12253.884766
1795.431641	11672.785156
1794.460938	11545.768555
1793.491211	11777.821289
1792.519531	12044.677734
1791.548828	12508.309570
1790.578125	12500.826172
1789.606445	12171.980469
1788.634766	12157.093750
1787.663086	11574.446289
1786.690430	12065.092773
1785.718750	12470.910156
1784.746094	12889.006836
1783.773438	13826.971680
1782.800781	13936.153320
1781.828125	13933.366211
1780.854492	13637.146484
1779.880859	14183.872070
1778.908203	14712.978516
1777.933594	14975.953125
1776.959961	14230.023438
1775.986328	13486.875977
1775.011719	12766.377930
1774.037109	12463.351563
1773.062500	12391.340820
1772.086914	12984.597656
1771.112305	13346.814453
1770.136719	14373.859375
1769.161133	14753.016602
1768.185547	15206.428711
1767.209961	14871.096680
1766.233398	15368.928711
1765.257813	15269.178711
1764.281250	15732.034180
1763.304688	15067.318359
1762.327148	14598.572266
1761.350586	14112.676758
1760.373047	13532.875000
1759.395508	14025.320313
1758.417969	14388.852539
1757.440430	15413.007813
1756.461914	16256.127930
1755.483398	16722.892578
1754.504883	16714.593750
1753.526367	16013.910156
1752.547852	15214.615234
1751.568359	14744.391602
1750.589844	14706.835938
1749.610352	15331.476563
1748.630859	15926.222656
1747.650391	16086.037109
1746.670898	15727.225586
1745.690430	15166.112305
1744.709961	14881.677734
1743.729492	14676.328125
1742.749023	14848.566406
1741.767578	15030.601563
1740.786133	15311.217773
1739.804688	14923.468750
1738.823242	14821.858398
1737.841797	14759.726563
1736.859375	14332.888672
1735.876953	14396.537109
1734.895508	14457.695313
1733.912109	15053.278320
1732.929688	15877.625977
1731.946289	15960.604492
1730.963867	15711.257813
1729.980469	14612.989258
1728.997070	13938.355469
1728.012695	13657.583008
1727.029297	13728.623047
1726.044922	14480.762695
1725.060547	15495.654297
1724.076172	16156.191406
1723.090820	16553.511719
1722.106445	15989.995117
1721.121094	15178.599609
1720.135742	14495.240234
1719.150391	13984.039063
1718.164063	14342.113281
1717.178711	14535.590820
1716.192383	14638.190430
1715.206055	14792.272461
1714.219727	14678.912109
1713.232422	15242.495117
1712.246094	16002.014648
1711.258789	16805.355469
1710.271484	16735.796875
1709.284180	16193.306641
1708.295898	15856.839844
1707.307617	15596.444336
1706.320313	15402.277344
1705.332031	15734.634766
1704.342773	15932.212891
1703.354492	16553.144531
1702.365234	17491.951172
1701.375977	18212.630859
1700.386719	18497.607422
1699.397461	18987.900391
1698.408203	18656.429688
1697.417969	18872.691406
1696.427734	18365.394531
1695.437500	17909.619141
1694.447266	17681.240234
1693.456055	18261.480469
1692.464844	18611.917969
1691.474609	19345.562500
1690.482422	19810.376953
1689.491211	19401.226563
1688.500000	19519.328125
1687.507813	19861.837891
1686.515625	20418.859375
1685.523438	20912.250000
1684.530273	20817.818359
1683.538086	20221.246094
1682.544922	19286.132813
1681.551758	19111.669922
1680.558594	19273.484375
1679.565430	19954.058594
1678.571289	20424.919922
1677.577148	21007.591797
1676.583008	21383.109375
1675.588867	21624.615234
1674.594727	21410.984375
1673.599609	21421.263672
1672.604492	21091.005859
1671.609375	21230.230469
1670.614258	20919.593750
1669.619141	20601.787109
1668.623047	19973.017578
1667.626953	19716.277344
1666.630859	19680.714844
1665.634766	19841.910156
1664.638672	20440.158203
1663.641602	20482.162109
1662.644531	19594.433594
1661.647461	19182.746094
1660.650391	19059.976563
1659.652344	19388.486328
1658.655273	19403.976563
1657.657227	19387.931641
1656.659180	19784.060547
1655.660156	20679.378906
1654.662109	20529.789063
1653.663086	20918.175781
1652.664063	20349.494141
1651.665039	19686.578125
1650.666016	19532.462891
1649.666016	19734.308594
1648.666992	20374.199219
1647.666992	21168.718750
1646.666016	21425.759766
1645.666016	21007.755859
1644.666016	20664.898438
1643.665039	20559.158203
1642.664063	21289.972656
1641.663086	21309.837891
1640.661133	20829.441406
1639.660156	20199.433594
1638.658203	19895.798828
1637.656250	20995.531250
1636.653320	21211.025391
1635.651367	21030.494141
1634.648438	20777.623047
1633.646484	20616.556641
1632.642578	20918.806641
1631.639648	20810.845703
1630.636719	20314.625000
1629.632813	20127.253906
1628.628906	21032.062500
1627.625000	22076.302734
1626.621094	22512.835938
1625.616211	22628.746094
1624.611328	22853.007813
1623.607422	22792.986328
1622.601563	22369.396484
1621.596680	21515.048828
1620.590820	20887.298828
1619.585938	19891.615234
1618.580078	20113.744141
1617.574219	20042.316406
1616.567383	20103.191406
1615.561523	20296.285156
1614.554688	20414.777344
1613.547852	20449.095703
1612.540039	21978.082031
1611.533203	22631.923828
1610.525391	23403.199219
1609.518555	23991.642578
1608.509766	24358.945313
1607.501953	23710.648438
1606.494141	22755.398438
1605.485352	22347.648438
1604.476563	23302.769531
1603.467773	24607.705078
1602.458984	24852.121094
1601.449219	24851.876953
1600.439453	24288.291016
1599.429688	24225.841797
1598.419922	23792.003906
1597.410156	24434.023438
1596.399414	24474.574219
1595.388672	24644.425781
1594.377930	24754.349609
1593.367188	25785.832031
1592.356445	26697.232422
1591.344727	27459.904297
1590.333008	27614.615234
1589.321289	27262.191406
1588.309570	26881.214844
1587.297852	26428.664063
1586.285156	27035.234375
1585.272461	26953.267578
1584.259766	26615.664063
1583.247070	26763.148438
1582.233398	28140.621094
1581.219727	29321.716797
1580.206055	30053.488281
1579.192383	29768.105469
1578.178711	29719.099609
1577.164063	29739.306641
1576.149414	30029.068359
1575.134766	30113.595703
1574.120117	29349.183594
1573.105469	29529.175781
1572.089844	29589.914063
1571.074219	30215.419922
1570.058594	30256.929688
1569.042969	30338.916016
1568.026367	30699.521484
1567.010742	30945.681641
1565.994141	30503.720703
1564.977539	30454.673828
1563.959961	30141.494141
1562.943359	30166.292969
1561.925781	30519.345703
1560.908203	30872.253906
1559.890625	31072.837891
1558.872070	30379.476563
1557.854492	29895.554688
1556.835938	29768.277344
1555.817383	29726.580078
1554.798828	29566.128906
1553.779297	30419.816406
1552.760742	30230.794922
1551.741211	30378.943359
1550.721680	30325.289063
1549.701172	29524.175781
1548.681641	28989.103516
1547.661133	28902.552734
1546.640625	29434.994141
1545.620117	29172.927734
1544.599609	29294.994141
1543.578125	29070.980469
1542.556641	28403.949219
1541.535156	28616.117188
1540.513672	28816.353516
1539.492188	29414.349609
1538.469727	29884.248047
1537.447266	30282.937500
1536.424805	30830.564453
1535.402344	30601.857422
1534.378906	30789.605469
1533.356445	30480.580078
1532.333008	30952.041016
1531.308594	30279.009766
1530.285156	30542.302734
1529.261719	30604.609375
1528.237305	30208.503906
1527.212891	30722.052734
1526.188477	30373.316406
1525.163086	30966.906250
1524.137695	31397.349609
1523.113281	31497.160156
1522.087891	31431.734375
1521.061523	31366.333984
1520.036133	31227.830078
1519.009766	31497.396484
1517.983398	31670.173828
1516.957031	31750.935547
1515.930664	32241.785156
1514.903320	32237.558594
1513.875977	32216.839844
1512.848633	32507.062500
1511.821289	32827.781250
1510.793945	33454.472656
1509.765625	33268.722656
1508.737305	33574.960938
1507.708984	33961.085938
1506.680664	33735.343750
1505.651367	33867.230469
1504.622070	33980.250000
1503.593750	33970.953125
1502.563477	34145.019531
1501.534180	34272.007813
1500.503906	34175.707031
1499.474609	34351.968750
1498.444336	34309.714844
1497.413086	34009.152344
1496.382813	34020.980469
1495.351563	33450.644531
1494.320313	33347.578125
1493.289063	33558.976563
1492.257813	33348.011719
1491.225586	33242.679688
1490.194336	32816.121094
1489.162109	33102.476563
1488.129883	32692.523438
1487.096680	32971.750000
1486.064453	32819.730469
1485.031250	32887.976563
1483.998047	32494.792969
1482.963867	32750.408203
1481.930664	33026.984375
1480.896484	33305.789063
1479.862305	33226.421875
1478.828125	33448.914063
1477.793945	33610.492188
1476.758789	34459.601563
1475.724609	35343.437500
1474.689453	35450.750000
1473.653320	35990.429688
1472.618164	36688.789063
1471.582031	36868.183594
1470.545898	37059.179688
1469.509766	37649.457031
1468.473633	37905.593750
1467.437500	39027.707031
1466.400391	39509.847656
1465.363281	39604.425781
1464.326172	40314.882813
1463.288086	40127.007813
1462.250977	40960.664063
1461.212891	41644.750000
1460.174805	42487.070313
1459.136719	43028.390625
1458.097656	43341.128906
1457.058594	43972.906250
1456.019531	43775.218750
1454.980469	44981.839844
1453.941406	44576.808594
1452.901367	44772.507813
1451.862305	45128.707031
1450.822266	45712.785156
1449.781250	46640.921875
1448.741211	48038.500000
1447.700195	48484.417969
1446.659180	48602.335938
1445.618164	49329.207031
1444.577148	48891.468750
1443.535156	48595.644531
1442.494141	47842.300781
1441.452148	47200.750000
1440.410156	46036.996094
1439.367188	44667.097656
1438.324219	43587.898438
1437.282227	42279.398438
1436.239258	41168.644531
1435.195313	40406.292969
1434.152344	40240.285156
1433.108398	39752.042969
1432.064453	38763.261719
1431.020508	38451.667969
1429.976563	38112.390625
1428.931641	38014.203125
1427.886719	37309.171875
1426.841797	37081.496094
1425.796875	36925.687500
1424.750977	36996.800781
1423.706055	36977.621094
1422.660156	37081.089844
1421.613281	37316.378906
1420.567383	37338.769531
1419.521484	37499.906250
1418.474609	37751.140625
1417.427734	37528.398438
1416.379883	37791.074219
1415.333008	38293.945313
1414.285156	38272.207031
1413.237305	38592.304688
1412.189453	38515.085938
1411.141602	38368.632813
1410.092773	38314.570313
1409.043945	37685.894531
1407.995117	37756.582031
1406.946289	37375.105469
1405.897461	37468.886719
1404.847656	37172.937500
1403.797852	36900.164063
1402.748047	36726.609375
1401.698242	36119.886719
1400.647461	35782.980469
1399.596680	35761.785156
1398.545898	35222.421875
1397.495117	34961.882813
1396.444336	34632.390625
1395.392578	34086.679688
1394.340820	33810.421875
1393.289063	33426.148438
1392.237305	33168.539063
1391.184570	33285.882813
1390.131836	33329.605469
1389.079102	33161.820313
1388.026367	32922.855469
1386.973633	32493.271484
1385.919922	32321.162109
1384.866211	32468.386719
1383.812500	32574.212891
1382.758789	33426.164063
1381.704102	33063.476563
1380.649414	33752.027344
1379.594727	34059.410156
1378.540039	34398.777344
1377.484375	34660.023438
1376.429688	35216.968750
1375.374023	35255.550781
1374.318359	34993.847656
1373.261719	35307.457031
1372.206055	35762.984375
1371.149414	35883.878906
1370.092773	35892.503906
1369.036133	35969.812500
1367.978516	36225.652344
1366.921875	36051.089844
1365.864258	36787.351563
1364.806641	36415.984375
1363.748047	37094.679688
1362.690430	37727.355469
1361.631836	37504.632813
1360.573242	38397.558594
1359.513672	38053.656250
1358.455078	38644.468750
1357.395508	39237.324219
1356.335938	39434.781250
1355.276367	40321.804688
1354.216797	40827.179688
1353.156250	41624.519531
1352.095703	41965.089844
1351.035156	42659.187500
1349.974609	43891.367188
1348.914063	44689.687500
1347.852539	45859.367188
1346.791016	47327.218750
1345.729492	47661.613281
1344.666992	48633.960938
1343.605469	49767.667969
1342.542969	50684.500000
1341.480469	51739.871094
1340.416992	53197.839844
1339.354492	53733.199219
1338.291016	54753.136719
1337.227539	55909.187500
1336.164063	56234.332031
1335.099609	57021.093750
1334.036133	56800.062500
1332.971680	57586.375000
1331.907227	57617.644531
1330.842773	57553.437500
1329.777344	56955.265625
1328.711914	56475.468750
1327.646484	55484.816406
1326.581055	54442.335938
1325.514648	53452.507813
1324.449219	52444.921875
1323.382813	50890.808594
1322.316406	50229.058594
1321.249023	49086.648438
1320.182617	48899.566406
1319.115234	47594.628906
1318.047852	46691.515625
1316.980469	46185.437500
1315.912109	45665.968750
1314.843750	45178.433594
1313.775391	44736.406250
1312.707031	44401.000000
1311.638672	44301.218750
1310.569336	44402.957031
1309.500000	43597.039063
1308.430664	43533.687500
1307.361328	43280.312500
1306.291016	42669.652344
1305.221680	42552.246094
1304.151367	42070.863281
1303.080078	41494.730469
1302.009766	41122.246094
1300.938477	40822.222656
1299.867188	40289.625000
1298.795898	39904.062500
1297.724609	39446.394531
1296.652344	38433.507813
1295.580078	37599.367188
1294.507813	36614.363281
1293.435547	36396.921875
1292.363281	36129.937500
1291.290039	36230.691406
1290.216797	35625.609375
1289.143555	35007.250000
1288.069336	35279.468750
1286.996094	34931.859375
1285.921875	34557.351563
1284.847656	34453.308594
1283.772461	34392.097656
1282.698242	34071.968750
1281.623047	34357.539063
1280.547852	34856.808594
1279.472656	34894.566406
1278.396484	35384.511719
1277.321289	35444.632813
1276.245117	35077.449219
1275.167969	35510.835938
1274.091797	35186.496094
1273.014648	35657.878906
1271.938477	35490.929688
1270.860352	35308.316406
1269.783203	35682.796875
1268.706055	35520.429688
1267.627930	35429.968750
1266.549805	35445.042969
1265.471680	35597.000000
1264.392578	35127.390625
1263.313477	34357.378906
1262.235352	34644.027344
1261.155273	34105.390625
1260.076172	33961.535156
1258.996094	33985.843750
1257.916992	33284.089844
1256.835938	33395.898438
1255.755859	32336.160156
1254.675781	32085.318359
1253.594727	31798.755859
1252.513672	31442.914063
1251.432617	30966.363281
1250.350586	30613.078125
1249.269531	30499.314453
1248.187500	30376.650391
1247.104492	30016.994141
1246.022461	29666.427734
1244.939453	29926.246094
1243.857422	29578.076172
1242.774414	29773.003906
1241.690430	29373.628906
1240.607422	29287.099609
1239.523438	29082.257813
1238.439453	28917.685547
1237.355469	28945.134766
1236.270508	28874.380859
1235.186523	28993.300781
1234.101563	28779.800781
1233.015625	28303.228516
1231.930664	27949.488281
1230.844727	28213.394531
1229.759766	28483.876953
1228.673828	28297.437500
1227.586914	28634.621094
1226.500977	28577.414063
1225.414063	28471.236328
1224.327148	28672.353516
1223.240234	28408.152344
1222.152344	28482.339844
1221.064453	28336.212891
1219.977539	28174.572266
1218.888672	28128.652344
1217.800781	28040.501953
1216.711914	28372.572266
1215.623047	28419.990234
1214.534180	27925.152344
1213.445313	28203.708984
1212.355469	27993.451172
1211.266602	27592.283203
1210.176758	27677.554688
1209.085938	28078.021484
1207.996094	27537.253906
1206.905273	28436.861328
1205.814453	28064.853516
1204.723633	28269.705078
1203.631836	27895.666016
1202.541016	27543.953125
1201.449219	27646.812500
1200.357422	27346.267578
1199.264648	27181.011719
1198.172852	26393.318359
1197.080078	26020.130859
1195.987305	25892.894531
1194.893555	26179.716797
1193.800781	26696.615234
1192.707031	27445.662109
1191.613281	27605.859375
1190.519531	27730.593750
1189.424805	27713.730469
1188.331055	27968.845703
1187.236328	27821.505859
1186.141602	27424.470703
1185.045898	28006.525391
1183.950195	27742.171875
1182.855469	27820.296875
1181.758789	27443.462891
1180.663086	27579.021484
1179.566406	27374.574219
1178.470703	27368.839844
1177.374023	27477.843750
1176.276367	27458.849609
1175.179688	27550.142578
1174.082031	27213.597656
1172.984375	27498.912109
1171.886719	27669.484375
1170.788086	27441.105469
1169.689453	27164.349609
1168.590820	27282.011719
1167.492188	27161.769531
1166.393555	27574.435547
1165.293945	26958.853516
1164.194336	27118.273438
1163.094727	26951.947266
1161.995117	27128.898438
1160.894531	27186.996094
1159.793945	27231.871094
1158.693359	27199.773438
1157.592773	27002.822266
1156.491211	27074.078125
1155.390625	26980.503906
1154.289063	27249.445313
1153.186523	26949.412109
1152.084961	26816.392578
1150.982422	26696.599609
1149.879883	26671.240234
1148.777344	26705.140625
1147.673828	26651.263672
1146.571289	27038.322266
1145.467773	26874.736328
1144.364258	26956.798828
1143.259766	26718.761719
1142.156250	26778.902344
1141.051758	26937.623047
1139.947266	26796.130859
1138.841797	26849.640625
1137.737305	26984.152344
1136.631836	27028.839844
1135.526367	26929.031250
1134.420898	26816.132813
1133.314453	26906.771484
1132.208008	26677.978516
1131.101563	26698.615234
1129.995117	26898.550781
1128.887695	26717.994141
1127.781250	26581.230469
1126.673828	26757.019531
1125.566406	27159.960938
1124.458008	27034.105469
1123.349609	26941.060547
1122.242188	27092.603516
1121.132813	27091.269531
1120.024414	27015.726563
1118.915039	27304.625000
1117.805664	27613.035156
1116.696289	27493.800781
1115.586914	28068.085938
1114.476563	28134.125000
1113.367188	28540.185547
1112.255859	29201.056641
1111.145508	29258.095703
1110.035156	29713.761719
1108.923828	30426.232422
1107.812500	31327.847656
1106.700195	32004.841797
1105.588867	32581.427734
1104.476563	33105.539063
1103.364258	33287.847656
1102.251953	33430.925781
1101.139648	33841.433594
1100.026367	33960.414063
1098.913086	33798.910156
1097.799805	33639.652344
1096.685547	33319.660156
1095.572266	32658.720703
1094.458008	32137.068359
1093.342773	30788.273438
1092.228516	30414.867188
1091.113281	29887.500000
1089.999023	29525.287109
1088.882813	28753.148438
1087.767578	28200.427734
1086.651367	28142.427734
1085.536133	27967.359375
1084.419922	27638.443359
1083.302734	27175.283203
1082.186523	27065.533203
1081.069336	27029.490234
1079.952148	27030.283203
1078.834961	27037.570313
1077.716797	26728.742188
1076.598633	26933.074219
1075.480469	26914.402344
1074.362305	27122.933594
1073.243164	27296.761719
1072.125000	27541.888672
1071.005859	27914.494141
1069.886719	27856.710938
1068.766602	28071.298828
1067.646484	28804.441406
1066.526367	28882.619141
1065.406250	28913.238281
1064.286133	29572.306641
1063.165039	29946.078125
1062.043945	30311.054688
1060.922852	30578.751953
1059.801758	30365.134766
1058.679688	30328.511719
1057.557617	31133.105469
1056.435547	30602.500000
1055.313477	30531.347656
1054.190430	30345.980469
1053.067383	30218.876953
1051.944336	30089.669922
1050.821289	29805.414063
1049.697266	29730.189453
1048.573242	30109.337891
1047.449219	29971.644531
1046.325195	29874.904297
1045.200195	29455.414063
1044.075195	29092.037109
1042.950195	29034.255859
1041.825195	29333.488281
1040.699219	28546.794922
1039.574219	28229.054688
1038.448242	28197.287109
1037.321289	27965.701172
1036.195313	27691.244141
1035.068359	26925.052734
1033.941406	26547.855469
1032.814453	27257.154297
1031.686523	27693.548828
1030.559570	28273.541016
1029.431641	28520.724609
1028.302734	28810.703125
1027.174805	29387.939453
1026.045898	29186.591797
1024.916992	29405.498047
1023.788086	29448.560547
1022.658203	29198.037109
1021.529297	29399.656250
1020.399414	29408.416016
1019.269531	29582.062500
1018.138672	29154.013672
1017.008789	29107.160156
1015.877930	29312.857422
1014.746094	28915.085938
1013.615234	28695.033203
1012.483398	28299.697266
1011.351563	28543.873047
1010.219727	28304.792969
1009.087891	28104.287109
1007.955078	28192.347656
1006.822266	28814.484375
1005.689453	28357.669922
1004.556641	28838.558594
1003.422852	28883.679688
1002.289063	29041.916016
1001.155273	28897.027344
1000.021484	28799.140625
998.886719	28492.230469
997.751953	27754.615234
996.617188	27456.583984
995.482422	27516.841797
994.346680	27722.013672
993.210938	27413.519531
992.075195	27275.599609
990.939453	27849.197266
989.802734	27898.650391
988.666016	27992.794922
987.529297	27916.595703
986.392578	28155.417969
985.254883	27951.542969
984.118164	27749.878906
982.979492	28075.783203
981.841797	28163.380859
980.704102	28027.703125
979.565430	28032.371094
978.426758	28428.060547
977.287109	28220.169922
976.148438	27742.583984
975.008789	27556.162109
973.869141	26900.556641
972.729492	27147.457031
971.588867	27553.433594
970.448242	28137.480469
969.307617	28494.273438
968.166992	28795.765625
967.025391	28681.484375
965.883789	28518.486328
964.742188	28480.619141
963.600586	28764.894531
962.458008	28657.066406
961.316406	28886.103516
960.173828	28966.787109
959.030273	28359.255859
957.887695	28302.406250
956.744141	28156.685547
955.600586	28203.589844
954.457031	28472.617188
953.312500	27927.169922
952.167969	27724.546875
951.023438	27640.408203
949.878906	27539.392578
948.733398	27366.564453
947.588867	27373.408203
946.442383	27242.933594
945.296875	27718.675781
944.151367	27497.380859
943.004883	28285.314453
941.858398	28534.677734
940.710938	28950.644531
939.564453	29020.421875
938.416992	29866.412109
937.269531	30277.605469
936.122070	31367.542969
934.973633	32001.685547
933.825195	33120.292969
932.676758	34352.207031
931.528320	36569.507813
930.378906	38290.902344
929.230469	39560.921875
928.081055	41377.781250
926.930664	42625.550781
925.781250	43308.800781
924.630859	44042.253906
923.480469	43313.445313
922.330078	42195.882813
921.178711	41379.464844
920.027344	39426.121094
918.875977	38249.144531
917.724609	36633.503906
916.572266	34495.445313
915.419922	33124.933594
914.267578	31776.005859
913.115234	30811.855469
911.961914	29848.115234
910.809570	29403.132813
909.655273	28654.111328
908.501953	28593.445313
907.347656	28184.664063
906.194336	28111.541016
905.040039	27751.250000
903.884766	28017.779297
902.730469	27435.541016
901.575195	27339.589844
900.419922	27013.275391
899.263672	27235.751953
898.108398	27100.119141
896.952148	27314.107422
895.795898	27075.966797
894.638672	26927.896484
893.482422	26966.060547
892.325195	27056.494141
891.167969	26870.878906
890.009766	26534.826172
888.851563	26585.578125
887.694336	26464.955078
886.535156	26396.613281
885.376953	26764.841797
884.217773	26949.142578
883.058594	26674.041016
881.899414	27125.460938
880.740234	26510.267578
879.580078	26487.894531
878.419922	26613.640625
877.259766	26968.744141
876.099609	26987.986328
874.938477	27036.404297
873.777344	27088.968750
872.616211	27216.523438
871.454102	27094.021484
870.292969	27163.197266
869.130859	27271.908203
867.967773	27197.353516
866.805664	27220.664063
865.642578	27218.988281
864.479492	26890.644531
863.316406	26479.232422
862.152344	26436.115234
860.989258	26363.904297
859.825195	26740.763672
858.660156	26743.339844
857.496094	26498.630859
856.331055	27095.433594
855.166016	27295.251953
854.000977	27015.273438
852.834961	27347.896484
851.668945	27072.175781
850.502930	26906.562500
849.336914	26450.535156
848.169922	26807.880859
847.002930	26748.201172
845.835938	26821.250000
844.668945	26798.904297
843.500977	26523.701172
842.333008	27110.654297
841.165039	27185.626953
839.997070	27246.068359
838.828125	27461.794922
837.659180	27383.427734
836.490234	27176.755859
835.321289	27557.916016
834.151367	27233.351563
832.981445	27124.064453
831.811523	27401.576172
830.641602	27412.226563
829.470703	27114.839844
828.299805	27431.439453
827.128906	27623.916016
825.957031	28033.234375
824.786133	28279.199219
823.614258	28000.523438
822.441406	28124.572266
821.269531	27315.546875
820.096680	27342.687500
818.923828	27056.193359
817.750977	26555.281250
816.577148	26522.753906
815.403320	26533.541016
814.229492	26599.982422
813.055664	26736.468750
811.881836	27233.509766
810.707031	27740.636719
809.532227	27856.187500
808.356445	27946.974609
807.181641	28093.312500
806.005859	27922.585938
804.830078	27459.697266
803.653320	27136.919922
802.477539	26622.968750
801.300781	27363.796875
800.124023	27207.796875
798.946289	27512.353516
797.768555	28104.521484
796.590820	28388.201172
795.413086	28544.382813
794.235352	28854.542969
793.056641	28591.626953
791.877930	28595.726563
790.699219	28127.708984
789.519531	27686.570313
788.340820	28365.894531
787.161133	28242.847656
785.980469	28456.201172
784.800781	28113.787109
783.620117	27384.066406
782.439453	27007.183594
781.257813	27245.201172
780.077148	27724.859375
778.895508	27538.628906
777.713867	27344.287109
776.532227	26961.669922
775.349609	26685.654297
774.166992	27078.955078
772.984375	27410.703125
771.800781	27149.083984
770.618164	27032.783203
769.434570	27190.519531
768.250977	27679.357422
767.066406	28165.939453
765.881836	27992.296875
764.697266	27551.101563
763.512695	27581.912109
762.328125	28429.531250
761.142578	28786.794922
759.957031	29117.365234
758.770508	29337.591797
757.584961	30000.466797
756.398438	29953.181641
755.211914	30511.623047
754.025391	30482.595703
752.837891	31393.339844
751.650391	32372.984375
750.462891	32669.591797
749.274414	33872.625000
748.086914	36234.054688
746.898438	38718.675781
745.709961	41163.539063
744.520508	43255.207031
743.331055	46434.695313
742.141602	49177.406250
740.952148	52053.179688
739.762695	53969.843750
738.572266	54793.820313
737.381836	55928.457031
736.191406	54005.925781
735.000000	52799.460938
733.808594	51337.546875
732.617188	49577.703125
731.425781	47798.308594
730.233398	46106.980469
729.041016	44935.992188
727.848633	43584.902344
726.656250	42173.527344
725.462891	40584.261719
724.269531	39172.117188
723.076172	38555.371094
721.881836	38334.167969
720.687500	37567.894531
719.493164	36690.507813
718.298828	35339.468750
717.104492	34849.777344
715.909180	34892.843750
714.713867	34860.980469
713.517578	34766.386719
712.322266	33880.617188
711.125977	33525.289063
709.929688	32646.234375
708.732422	32327.724609
707.536133	33135.500000
706.338867	32912.023438
705.141602	32638.115234
703.943359	32453.226563
702.745117	32088.632813
701.546875	31425.289063
700.348633	30322.050781
699.150391	30699.027344
697.951172	31733.806641
696.751953	32707.597656
695.551758	32575.414063
694.352539	32515.896484
693.152344	32462.453125
691.952148	33523.941406
690.750977	34588.996094
689.550781	35526.625000
688.349609	35885.601563
687.147461	35942.261719
685.946289	36023.062500
684.744141	37148.824219
683.541992	38787.421875
682.339844	40111.339844
681.136719	41088.582031
679.934570	41174.199219
678.731445	40107.304688
677.527344	39093.148438
676.324219	38399.093750
675.120117	38233.960938
673.916016	38490.906250
672.710938	39049.101563
671.505859	39315.792969
670.300781	38682.675781
669.095703	38138.175781
667.890625	37009.765625
666.684570	36489.945313
665.478516	37264.531250
664.272461	36995.632813
663.065430	37860.023438
661.858398	38152.554688
660.651367	38888.007813
659.444336	38641.027344
658.236328	38125.632813
657.028320	38221.507813
655.820313	37932.761719
654.612305	37385.808594
653.403320	37553.851563
652.194336	37363.515625
650.985352	37997.773438
649.775391	37617.343750
648.565430	37789.175781
647.355469	36708.972656
646.145508	36455.031250
644.934570	35935.320313
643.723633	35493.781250
642.512695	34434.988281
641.301758	33272.773438
640.089844	32544.480469
638.877930	32086.083984
637.666016	32456.416016
636.453125	32345.542969
635.241211	31330.714844
634.028320	31635.123047
632.814453	31610.267578
631.601563	31421.890625
630.387695	31371.167969
629.173828	31661.339844
627.958984	32784.445313
626.744141	33281.402344
625.530273	33286.089844
624.314453	33117.496094
623.099609	33199.871094
621.883789	33556.937500
620.667969	33495.867188
619.452148	33006.988281
618.235352	32866.484375
617.018555	32521.164063
615.801758	32315.195313
614.584961	32097.386719
613.367188	31861.781250
612.149414	31234.773438
610.931641	29872.888672
609.712891	29260.490234
608.495117	29740.669922
607.276367	30385.439453
606.056641	30537.609375
604.837891	29798.570313
603.618164	30103.587891
602.398438	29718.089844
601.177734	29703.656250
599.958008	29060.621094
598.737305	29145.462891
597.516602	28447.328125
596.294922	27983.335938
595.073242	28137.693359
593.851563	27351.095703
592.629883	27004.484375
591.407227	26606.544922
590.184570	26359.220703
588.961914	26074.398438
587.739258	26116.177734
586.515625	26573.363281
585.291992	27000.679688
584.068359	28007.167969
582.844727	28050.458984
581.620117	28439.611328
580.395508	28852.304688
579.169922	29454.474609
577.945313	29540.855469
576.719727	29558.080078
575.494141	30185.359375
574.267578	30022.808594
573.041992	29850.458984
571.815430	30427.929688
570.587891	31460.814453
569.361328	31895.681641
568.133789	31456.880859
566.906250	31528.835938
565.678711	30954.314453
564.450195	30683.488281
563.221680	30184.261719
561.993164	30486.861328
560.763672	30661.333984
559.535156	30881.009766
558.305664	31234.425781
557.075195	31642.787109
555.845703	31505.994141
554.615234	31015.205078
553.384766	31199.152344
552.153320	31160.847656
550.922852	31275.878906
549.691406	30840.589844
548.459961	29790.501953
547.227539	28821.414063
545.995117	28163.054688
544.762695	28227.556641
543.530273	28405.886719
542.296875	28633.203125
541.063477	29670.818359
539.830078	30415.666016
538.596680	29975.523438
537.362305	29804.218750
536.127930	29442.818359
534.893555	29634.314453
533.658203	30123.589844
532.422852	30583.259766
531.187500	29718.591797
529.952148	29696.392578
528.715820	29952.224609
527.479492	30274.496094
526.243164	30473.328125
525.005859	30971.435547
523.769531	31844.912109
522.532227	32021.750000
521.293945	31885.652344
520.056641	31475.927734
518.818359	30730.210938
517.580078	30586.666016
516.340820	29720.343750
515.101563	28764.554688
513.862305	28342.287109
512.623047	28021.724609
511.382813	28329.810547
510.143555	29845.716797
508.902344	30763.935547
507.662109	30626.470703
506.420898	31066.316406
505.179688	30989.283203
503.938477	30863.548828
502.697266	30057.705078
