1802.297852	7004.699707
1801.329102	7404.254883
1800.359375	7165.587402
1799.390625	7286.471191
1798.420898	7299.989746
1797.451172	7385.864258
1796.480469	7162.357910
1795.510742	6891.550293
1794.540039	6770.474121
1793.569336	6853.890625
1792.598633	6840.057129
1791.627930	7080.437012
1790.656250	7380.521484
1789.684570	7222.098145
1788.712891	6984.034180
1787.741211	7069.796387
1786.769531	6946.385254
1785.797852	7151.603516
1784.825195	7162.617188
1783.852539	7541.886719
1782.879883	7786.666016
1781.907227	7760.235840
1780.933594	7808.418457
1779.959961	7836.691406
1778.986328	7976.812012
1778.012695	8136.758301
1777.039063	8276.761719
1776.064453	7887.559570
1775.090820	7828.854004
1774.116211	7454.795410
1773.141602	7470.683105
1772.166016	7476.634277
1771.191406	7733.243164
1770.215820	8188.251953
1769.240234	8595.943359
1768.264648	8733.118164
1767.289063	8808.243164
1766.312500	9049.451172
1765.336914	9064.990234
1764.360352	9271.352539
1763.383789	9217.460938
1762.406250	9319.662109
1761.429688	9206.337891
1760.452148	9006.387695
1759.474609	9007.058594
1758.497070	9198.329102
1757.519531	9320.227539
1756.541016	9931.996094
1755.563477	10226.866211
1754.584961	10299.016602
1753.606445	10586.275391
1752.626953	9822.667969
1751.648438	9724.295898
1750.668945	9339.284180
1749.689453	9480.721680
1748.709961	9550.461914
1747.730469	9676.979492
1746.750000	9754.059570
1745.769531	9576.811523
1744.789063	9007.160156
1743.808594	8896.765625
1742.828125	8917.187500
1741.846680	9100.416016
1740.866211	8972.803711
1739.884766	9133.752930
1738.903320	9062.887695
1737.920898	8952.612305
1736.939453	8706.836914
1735.957031	8461.159180
1734.974609	8496.412109
1733.992188	8699.130859
1733.009766	8936.242188
1732.026367	9055.083984
1731.042969	9124.647461
1730.059570	8921.015625
1729.076172	8801.121094
1728.092773	8408.215820
1727.108398	8236.822266
1726.125000	8562.213867
1725.140625	8749.797852
1724.155273	8888.146484
1723.170898	9328.712891
1722.185547	9221.185547
1721.201172	8988.419922
1720.215820	8876.091797
1719.230469	8537.899414
1718.244141	8366.785156
1717.258789	8475.557617
1716.272461	8549.929688
1715.286133	8675.795898
1714.299805	8541.584961
1713.312500	8986.236328
1712.326172	9065.347656
1711.338867	9281.715820
1710.351563	9784.775391
1709.364258	9873.478516
1708.375977	9528.477539
1707.388672	9323.242188
1706.400391	9353.205078
1705.412109	9532.521484
1704.422852	9736.247070
1703.434570	9952.127930
1702.445313	10202.181641
1701.457031	10662.546875
1700.466797	11054.234375
1699.477539	11391.958008
1698.488281	11211.166016
1697.498047	11790.745117
1696.507813	11646.607422
1695.517578	11390.116211
1694.527344	11439.129883
1693.536133	11732.395508
1692.545898	12045.080078
1691.554688	12220.901367
1690.563477	12518.712891
1689.572266	12521.072266
1688.580078	12633.241211
1687.587891	12752.684570
1686.595703	12437.886719
1685.603516	12967.036133
1684.611328	13252.141602
1683.618164	13156.833984
1682.625977	12922.637695
1681.632813	12388.804688
1680.639648	12549.541992
1679.645508	12383.810547
1678.652344	12549.352539
1677.658203	12588.213867
1676.664063	12982.477539
1675.669922	12906.842773
1674.675781	13115.944336
1673.680664	12986.788086
1672.685547	12920.925781
1671.690430	12767.540039
1670.695313	12675.001953
1669.700195	12470.676758
1668.704102	12001.515625
1667.708008	11918.905273
1666.711914	11763.444336
1665.715820	11819.365234
1664.719727	11782.980469
1663.722656	11899.573242
1662.725586	11933.583984
1661.728516	11749.148438
1660.731445	11462.874023
1659.733398	11310.145508
1658.736328	11450.967773
1657.738281	11518.981445
1656.740234	11235.406250
1655.741211	11441.607422
1654.743164	11933.706055
1653.744141	11899.794922
1652.745117	11936.152344
1651.746094	11815.057617
1650.747070	11439.740234
1649.747070	11142.049805
1648.748047	11168.845703
1647.748047	11512.670898
1646.748047	11849.096680
1645.747070	11844.282227
1644.747070	11621.787109
1643.746094	11484.018555
1642.745117	11696.872070
1641.744141	11723.513672
1640.742188	11484.303711
1639.741211	11513.391602
1638.739258	11356.455078
1637.737305	11315.513672
1636.735352	11532.969727
1635.732422	11617.550781
1634.730469	11718.993164
1633.727539	11422.198242
1632.724609	11504.335938
1631.721680	11444.112305
1630.717773	11282.614258
1629.713867	11147.706055
1628.710938	11335.908203
1627.707031	11661.424805
1626.702148	12090.435547
1625.698242	12138.584961
1624.693359	12410.744141
1623.688477	12220.373047
1622.683594	12285.320313
1621.678711	12010.790039
1620.672852	11832.649414
1619.666992	11459.654297
1618.661133	11041.096680
1617.655273	11303.464844
1616.649414	11447.880859
1615.642578	11455.179688
1614.635742	11325.444336
1613.628906	11654.839844
1612.622070	11722.166992
1611.615234	12087.385742
1610.607422	12582.168945
1609.599609	12826.984375
1608.591797	12898.818359
1607.583984	12980.225586
1606.576172	12715.977539
1605.567383	12427.839844
1604.558594	12789.994141
1603.549805	12844.968750
1602.541016	13197.296875
1601.531250	13563.868164
1600.521484	13491.596680
1599.511719	13539.191406
1598.501953	13210.553711
1597.492188	13112.042969
1596.481445	13171.659180
1595.471680	13257.593750
1594.460938	13384.196289
1593.449219	13426.961914
1592.438477	13656.390625
1591.426758	14278.153320
1590.415039	14658.033203
1589.403320	14602.435547
1588.391602	14601.862305
1587.379883	14168.533203
1586.367188	14038.963867
1585.354492	14303.785156
1584.341797	14279.375000
1583.329102	14157.026367
1582.315430	14240.135742
1581.302734	14559.623047
1580.289063	15029.391602
1579.274414	15358.134766
1578.260742	15247.620117
1577.247070	14946.263672
1576.232422	14885.972656
1575.217773	15002.201172
1574.203125	14627.154297
1573.187500	14447.755859
1572.172852	14564.000000
1571.157227	14477.628906
1570.141602	14889.268555
1569.125000	14826.686523
1568.109375	14809.381836
1567.092773	15142.120117
1566.076172	15093.806641
1565.059570	15147.862305
1564.042969	15078.147461
1563.025391	14982.288086
1562.008789	15105.316406
1560.991211	15014.245117
1559.973633	15477.243164
1558.955078	15269.642578
1557.937500	15154.822266
1556.918945	14885.584961
1555.900391	14887.306641
1554.881836	14881.900391
1553.862305	15059.364258
1552.842773	15388.719727
1551.824219	15219.409180
1550.804688	15251.912109
1549.784180	14850.144531
1548.764648	14678.672852
1547.744141	14224.999023
1546.723633	14646.606445
1545.703125	14636.509766
1544.682617	14503.146484
1543.661133	14388.797852
1542.639648	14193.927734
1541.618164	13996.767578
1540.596680	13887.326172
1539.575195	14249.191406
1538.552734	14367.039063
1537.530273	14823.344727
1536.507813	14673.586914
1535.485352	14800.738281
1534.461914	14667.604492
1533.439453	14525.063477
1532.416016	14824.792969
1531.392578	14717.741211
1530.368164	14925.118164
1529.344727	14508.491211
1528.320313	14682.745117
1527.295898	14443.513672
1526.271484	14553.937500
1525.246094	14378.584961
1524.221680	14394.539063
1523.196289	14514.343750
1522.170898	14924.375000
1521.145508	15010.989258
1520.119141	14578.587891
1519.092773	14884.577148
1518.067383	14876.822266
1517.040039	15076.534180
1516.013672	15179.524414
1514.987305	15306.037109
1513.959961	15112.066406
1512.932617	15158.448242
1511.905273	15289.595703
1510.876953	15519.584961
1509.849609	15768.311523
1508.821289	15880.421875
1507.792969	16041.902344
1506.763672	15678.656250
1505.735352	15922.439453
1504.706055	16086.162109
1503.676758	16000.579102
1502.647461	16126.603516
1501.618164	16400.646484
1500.587891	16517.136719
1499.557617	16502.013672
1498.527344	16550.314453
1497.497070	16511.705078
1496.466797	16628.072266
1495.435547	16267.859375
1494.404297	16346.676758
1493.373047	16378.530273
1492.341797	16035.008789
1491.309570	16209.989258
1490.278320	16293.439453
1489.246094	16320.584961
1488.213867	16101.588867
1487.180664	16145.166992
1486.148438	15813.823242
1485.115234	16021.425781
1484.082031	15973.645508
1483.047852	15895.441406
1482.014648	15955.400391
1480.980469	15825.734375
1479.946289	16267.143555
1478.912109	16184.259766
1477.877930	16442.947266
1476.842773	16809.113281
1475.808594	17023.136719
1474.773438	17608.792969
1473.738281	17817.886719
1472.702148	17669.349609
1471.666992	18161.050781
1470.630859	18302.160156
1469.594727	18541.298828
1468.557617	18752.318359
1467.521484	19126.666016
1466.484375	19330.474609
1465.447266	19762.886719
1464.410156	20190.455078
1463.373047	20713.484375
1462.334961	21024.074219
1461.296875	21099.039063
1460.258789	21477.023438
1459.220703	21838.537109
1458.182617	21901.634766
1457.143555	21946.066406
1456.104492	21722.615234
1455.065430	22412.134766
1454.026367	22347.000000
1452.986328	22172.484375
1451.946289	22186.554688
1450.906250	22002.833984
1449.866211	22303.074219
1448.826172	22726.464844
1447.785156	23058.988281
1446.744141	22889.183594
1445.703125	23507.443359
1444.662109	23309.726563
1443.620117	23288.675781
1442.578125	23458.123047
1441.537109	23037.564453
1440.494141	22984.070313
1439.452148	22566.101563
1438.409180	22262.041016
1437.367188	21918.650391
1436.323242	21141.527344
1435.280273	20847.218750
1434.237305	20659.716797
1433.193359	20729.671875
1432.149414	20266.392578
1431.105469	19988.726563
1430.061523	19966.080078
1429.016602	19679.320313
1427.971680	19735.501953
1426.926758	19372.480469
1425.881836	19405.544922
1424.835938	19406.183594
1423.791016	19439.224609
1422.745117	18921.521484
1421.699219	19475.187500
1420.652344	19177.425781
1419.606445	19656.806641
1418.559570	19551.031250
1417.512695	19607.111328
1416.465820	19901.214844
1415.417969	19580.558594
1414.371094	19611.181641
1413.323242	19995.177734
1412.275391	19924.095703
1411.226563	20063.136719
1410.178711	19747.388672
1409.129883	20144.882813
1408.081055	19711.570313
1407.032227	19520.656250
1405.982422	19719.599609
1404.933594	19339.675781
1403.883789	19365.664063
1402.833984	19363.980469
1401.783203	19025.839844
1400.733398	18809.953125
1399.682617	18978.843750
1398.631836	18868.992188
1397.581055	18690.107422
1396.529297	18357.054688
1395.478516	18553.513672
1394.426758	18250.539063
1393.375000	18196.162109
1392.322266	17826.677734
1391.270508	17896.593750
1390.217773	17591.701172
1389.165039	17806.458984
1388.112305	17913.107422
1387.058594	17525.673828
1386.005859	17409.488281
1384.952148	17585.054688
1383.898438	17530.906250
1382.843750	17846.427734
1381.790039	18042.453125
1380.735352	18194.791016
1379.680664	18275.935547
1378.625977	18648.388672
1377.570313	18653.714844
1376.515625	18652.158203
1375.459961	18925.718750
1374.404297	19137.275391
1373.347656	19296.035156
1372.291992	19509.716797
1371.235352	19636.261719
1370.178711	19561.208984
1369.122070	19236.597656
1368.064453	19637.835938
1367.007813	19274.431641
1365.950195	19545.054688
1364.892578	19808.703125
1363.833984	19699.390625
1362.776367	19571.824219
1361.717773	20025.078125
1360.659180	19934.072266
1359.600586	20286.498047
1358.541016	19948.685547
1357.482422	20316.953125
1356.422852	20264.787109
1355.363281	20559.755859
1354.302734	21053.240234
1353.243164	21030.626953
1352.182617	21199.728516
1351.122070	21485.128906
1350.060547	22009.947266
1349.000000	21984.869141
1347.938477	22853.697266
1346.876953	23161.314453
1345.815430	23448.287109
1344.753906	24031.402344
1343.691406	24694.021484
1342.628906	24777.753906
1341.566406	25389.835938
1340.503906	25582.685547
1339.441406	26371.917969
1338.377930	26505.302734
1337.314453	27152.923828
1336.250977	27795.726563
1335.186523	28047.011719
1334.123047	28348.226563
1333.058594	28549.267578
1331.994141	28750.224609
1330.928711	28526.082031
1329.864258	27949.816406
1328.798828	28068.980469
1327.733398	27729.269531
1326.667969	27389.697266
1325.601563	26970.800781
1324.536133	26170.714844
1323.469727	25679.615234
1322.403320	24930.044922
1321.335938	24525.609375
1320.269531	24112.267578
1319.202148	23758.052734
1318.134766	23050.304688
1317.067383	22632.988281
1315.999023	22372.210938
1314.930664	21875.902344
1313.863281	21660.695313
1312.793945	21556.550781
1311.725586	21244.128906
1310.656250	21334.804688
1309.587891	21067.824219
1308.517578	21038.562500
1307.448242	21330.582031
1306.378906	20961.972656
1305.308594	20670.408203
1304.238281	20686.468750
1303.167969	20311.439453
1302.096680	20386.328125
1301.026367	20013.771484
1299.955078	19837.919922
1298.883789	19711.830078
1297.811523	19709.996094
1296.740234	19306.277344
1295.667969	19455.765625
1294.595703	18715.994141
1293.523438	18606.058594
1292.450195	18633.777344
1291.376953	18472.025391
1290.303711	18553.876953
1289.230469	18054.033203
1288.157227	18485.310547
1287.083008	18177.238281
1286.008789	18232.041016
1284.934570	18394.947266
1283.860352	18400.132813
1282.785156	18105.839844
1281.710938	18318.193359
1280.635742	18413.417969
1279.559570	18675.125000
1278.484375	19170.701172
1277.408203	18820.314453
1276.332031	18773.671875
1275.255859	19071.054688
1274.179688	19010.890625
1273.102539	19101.330078
1272.025391	19418.679688
1270.948242	19293.326172
1269.871094	18952.400391
1268.793945	19509.859375
1267.715820	19326.189453
1266.637695	19360.326172
1265.559570	19271.017578
1264.480469	18995.513672
1263.401367	19002.775391
1262.323242	19014.519531
1261.243164	18779.599609
1260.164063	18621.000000
1259.083984	18480.398438
1258.004883	18391.392578
1256.924805	18161.275391
1255.843750	18184.373047
1254.763672	18200.742188
1253.682617	18102.908203
1252.601563	17857.367188
1251.520508	17683.548828
1250.438477	17693.291016
1249.357422	17472.593750
1248.275391	17059.628906
1247.193359	17073.964844
1246.110352	17193.375000
1245.028320	17294.851563
1243.945313	16987.302734
1242.862305	16816.181641
1241.779297	16977.986328
1240.695313	16822.570313
1239.611328	16740.906250
1238.527344	16688.298828
1237.443359	16783.031250
1236.359375	16540.746094
1235.274414	16557.376953
1234.189453	16373.237305
1233.104492	16340.828125
1232.019531	16138.970703
1230.933594	16039.743164
1229.847656	16317.227539
1228.761719	16137.782227
1227.675781	16196.794922
1226.588867	15979.581055
1225.502930	16223.438477
1224.416016	16251.221680
1223.328125	16254.506836
1222.241211	16015.203125
1221.153320	15982.931641
1220.065430	16210.957031
1218.977539	16247.606445
1217.889648	16262.001953
1216.800781	16183.014648
1215.711914	16086.277344
1214.623047	15776.236328
1213.534180	16121.771484
1212.444336	15616.368164
1211.355469	15957.348633
1210.265625	15747.510742
1209.174805	15868.539063
1208.084961	16060.541016
1206.994141	15790.894531
1205.903320	15778.718750
1204.812500	15915.163086
1203.720703	15534.830078
1202.629883	15795.429688
1201.538086	15858.628906
1200.446289	15558.330078
1199.353516	15493.032227
1198.261719	15159.703125
1197.168945	15025.852539
1196.076172	14989.492188
1194.983398	14886.727539
1193.889648	15144.806641
1192.795898	15385.071289
1191.702148	15510.181641
1190.608398	15506.934570
1189.514648	15727.065430
1188.419922	15787.898438
1187.325195	15747.010742
1186.230469	15591.205078
1185.135742	15815.549805
1184.040039	15889.564453
1182.944336	15771.375977
1181.848633	15677.527344
1180.752930	15709.570313
1179.656250	15686.412109
1178.559570	15753.750977
1177.462891	15695.286133
1176.366211	15632.432617
1175.268555	15662.242188
1174.171875	15423.005859
1173.074219	15576.307617
1171.975586	15641.375000
1170.877930	15787.954102
1169.779297	15440.924805
1168.680664	15618.323242
1167.582031	15187.781250
1166.483398	15272.674805
1165.383789	15287.083984
1164.284180	15147.414063
1163.184570	15487.524414
1162.084961	15229.064453
1160.984375	15223.669922
1159.883789	15297.447266
1158.783203	15300.833984
1157.682617	15031.635742
1156.581055	15197.710938
1155.480469	15440.622070
1154.378906	15105.654297
1153.276367	15434.140625
1152.174805	15329.887695
1151.072266	15423.270508
1149.969727	15356.376953
1148.867188	15508.966797
1147.764648	15560.562500
1146.661133	16061.832031
1145.557617	15942.219727
1144.454102	16112.096680
1143.349609	15959.638672
1142.246094	16427.521484
1141.141602	16421.878906
1140.037109	16532.355469
1138.932617	16384.314453
1137.827148	16234.143555
1136.721680	16272.332031
1135.616211	16347.717773
1134.510742	16237.041016
1133.404297	15839.766602
1132.298828	16013.636719
1131.192383	15802.486328
1130.084961	15672.333008
1128.978516	15951.067383
1127.871094	15473.390625
1126.763672	15581.589844
1125.656250	15593.606445
1124.548828	15695.178711
1123.440430	15742.108398
1122.332031	15786.833984
1121.223633	15573.939453
1120.115234	15778.008789
1119.005859	15949.259766
1117.896484	15732.098633
1116.787109	15888.016602
1115.677734	16022.059570
1114.567383	16217.094727
1113.457031	16272.536133
1112.346680	16417.308594
1111.236328	16568.554688
1110.125000	16839.552734
1109.014648	16903.525391
1107.903320	17154.738281
1106.791016	17519.052734
1105.679688	17867.976563
1104.567383	18245.042969
1103.455078	18278.187500
1102.342773	18472.283203
1101.230469	18999.042969
1100.117188	18884.146484
1099.003906	19136.685547
1097.890625	18976.164063
1096.776367	19267.687500
1095.663086	18946.439453
1094.548828	18616.638672
1093.434570	18371.666016
1092.319336	17955.277344
1091.205078	17489.136719
1090.089844	17563.576172
1088.974609	17073.845703
1087.858398	16584.320313
1086.743164	16522.261719
1085.626953	16015.710938
1084.510742	16263.811523
1083.394531	16000.283203
1082.277344	15936.230469
1081.160156	15692.378906
1080.042969	15641.413086
1078.925781	15568.810547
1077.807617	15520.055664
1076.690430	15553.579102
1075.572266	15288.418945
1074.453125	15287.354492
1073.334961	15288.453125
1072.215820	15363.088867
1071.096680	15232.259766
1069.977539	15471.184570
1068.858398	15521.955078
1067.738281	15574.864258
1066.618164	15591.018555
1065.498047	16019.756836
1064.376953	15841.435547
1063.256836	16131.746094
1062.135742	15944.838867
1061.014648	15870.244141
1059.892578	16160.361328
1058.771484	16210.880859
1057.649414	16621.591797
1056.527344	16549.068359
1055.404297	16547.724609
1054.282227	16824.453125
1053.159180	16611.845703
1052.036133	16595.404297
1050.912109	16568.197266
1049.789063	16581.923828
1048.665039	16447.062500
1047.541016	16589.978516
1046.416992	16709.154297
1045.291992	16529.158203
1044.166992	16441.751953
1043.041992	16707.152344
1041.916992	16540.171875
1040.791992	16334.557617
1039.666016	16180.623047
1038.540039	16226.628906
1037.413086	16128.647461
1036.287109	15934.032227
1035.160156	15771.716797
1034.033203	15725.427734
1032.906250	15754.301758
1031.779297	15896.925781
1030.651367	15964.377930
1029.523438	16312.871094
1028.395508	16365.187500
1027.266602	16413.193359
1026.137695	16682.029297
1025.009766	16592.744141
1023.879883	16651.382813
1022.750977	16774.281250
1021.621094	16980.681641
1020.491211	16769.312500
1019.361328	16767.898438
1018.231445	16858.548828
1017.100586	16636.634766
1015.969727	16859.958984
1014.838867	16625.298828
1013.708008	16780.074219
1012.576172	16560.500000
1011.444336	16482.144531
1010.312500	16348.238281
1009.180664	16629.044922
1008.047852	16507.984375
1006.915039	16613.441406
1005.782227	16928.187500
1004.649414	17311.136719
1003.515625	17625.597656
1002.381836	17598.375000
1001.248047	17440.974609
1000.114258	17245.230469
998.979492	17004.767578
997.844727	16327.167969
996.709961	16012.367188
995.575195	16072.924805
994.439453	15879.805664
993.303711	15876.432617
992.167969	15768.659180
991.032227	15720.575195
989.895508	16055.858398
988.758789	16175.943359
987.622070	16106.512695
986.485352	16286.126953
985.347656	16269.897461
984.210938	15945.195313
983.073242	15797.169922
981.934570	16085.146484
980.796875	15983.926758
979.658203	16239.854492
978.519531	16096.138672
977.380859	16088.465820
976.241211	15936.343750
975.101563	16079.498047
973.961914	15906.207031
972.822266	15928.297852
971.681641	16018.297852
970.541992	16545.394531
969.400391	16819.798828
968.259766	16937.123047
967.119141	16827.484375
965.977539	17021.082031
964.835938	17030.175781
963.694336	17085.890625
962.551758	17088.609375
961.409180	17351.890625
960.266602	17371.492188
959.124023	17088.281250
957.980469	17143.919922
956.837891	16907.441406
955.694336	17035.041016
954.549805	17132.964844
953.406250	16881.830078
952.261719	16852.855469
951.117188	16775.261719
949.972656	16634.283203
948.827148	16704.707031
947.681641	16565.914063
946.536133	16575.058594
945.390625	16706.699219
944.245117	16988.208984
943.098633	16984.587891
941.952148	17329.238281
940.804688	17642.087891
939.658203	17823.990234
938.510742	18145.035156
937.363281	18609.351563
936.215820	18780.386719
935.067383	19617.490234
933.919922	20317.242188
932.770508	20949.265625
931.622070	22105.583984
930.473633	23219.285156
929.324219	24336.718750
928.174805	25409.462891
927.025391	26054.451172
925.875000	27016.935547
924.724609	27246.814453
923.574219	26988.570313
922.423828	26646.310547
921.272461	26201.164063
920.122070	25051.968750
918.969727	23960.009766
917.818359	23211.029297
916.666992	21911.941406
915.514648	20728.929688
914.362305	19777.417969
913.208984	18916.591797
912.056641	18469.646484
910.903320	17787.845703
909.750000	17412.667969
908.596680	16834.171875
907.442383	16555.830078
906.288086	16501.966797
905.133789	16630.509766
903.979492	16337.715820
902.824219	16422.230469
901.668945	16056.279297
900.513672	16124.059570
899.358398	16030.562500
898.202148	16096.224609
897.045898	15904.389648
895.889648	15970.047852
894.733398	15849.458984
893.576172	15929.743164
892.419922	15566.605469
891.261719	15925.014648
890.104492	15773.176758
888.946289	15799.061523
887.789063	15434.167969
886.629883	15639.784180
885.471680	15596.748047
884.312500	15683.205078
883.153320	15830.171875
881.994141	15753.721680
880.834961	16080.086914
879.674805	15500.762695
878.514648	15697.704102
877.354492	15646.371094
876.194336	15715.999023
875.033203	15885.664063
873.872070	15790.549805
872.710938	16068.483398
871.548828	15708.779297
870.387695	15836.636719
869.225586	16051.903320
868.063477	15779.876953
866.900391	15832.696289
865.737305	15766.865234
864.574219	15634.479492
863.411133	15689.373047
862.248047	15629.852539
861.083984	15520.451172
859.919922	15479.700195
858.755859	15767.366211
857.590820	15514.618164
856.425781	15538.296875
855.260742	15692.824219
854.095703	15834.825195
852.930664	15864.645508
851.764648	15809.344727
850.598633	15465.590820
849.431641	15512.067383
848.265625	15405.012695
847.098633	15362.297852
845.931641	15518.664063
844.764648	15844.958984
843.596680	15789.737305
842.428711	15606.060547
841.260742	15681.435547
840.092773	15858.273438
838.923828	16014.325195
837.754883	15923.923828
836.585938	15949.481445
835.416992	15896.383789
834.247070	15733.643555
833.077148	16193.645508
831.907227	15904.747070
830.737305	15733.835938
829.566406	16026.083008
828.395508	16109.446289
827.224609	16147.310547
826.052734	16280.194336
824.881836	16603.052734
823.709961	16359.925781
822.538086	16517.451172
821.365234	16268.251953
820.192383	16235.858398
819.019531	16123.006836
817.846680	15913.246094
816.673828	15649.950195
815.500000	15434.193359
814.326172	15564.873047
813.151367	15608.927734
811.977539	15741.572266
810.802734	15921.543945
809.627930	16157.050781
808.453125	16252.419922
807.277344	16502.166016
806.101563	16420.388672
804.925781	16099.915039
803.750000	15878.342773
802.573242	15751.493164
801.396484	15511.579102
800.219727	15816.673828
799.042969	15893.441406
797.865234	16074.998047
796.687500	16258.530273
795.509766	16273.515625
794.331055	16419.951172
793.153320	16424.625000
791.974609	16355.381836
790.795898	16583.810547
789.616211	16061.010742
788.436523	16229.899414
787.256836	16205.884766
786.077148	16296.731445
784.897461	16449.052734
783.716797	16152.345703
782.536133	15898.808594
781.354492	15874.885742
780.173828	15975.944336
778.992188	15992.978516
777.810547	16071.439453
776.628906	16147.818359
775.446289	16058.359375
774.263672	15962.798828
773.081055	16211.018555
771.898438	16078.642578
770.714844	16009.723633
769.531250	16010.355469
768.347656	16215.415039
767.163086	16602.289063
765.979492	16841.869141
764.794922	16748.339844
763.609375	16879.527344
762.424805	16847.289063
761.239258	17166.230469
760.053711	17385.011719
758.868164	17730.224609
757.681641	18075.289063
756.495117	17938.787109
755.308594	18257.140625
754.122070	18222.607422
752.934570	18330.789063
751.748047	18881.193359
750.559570	19250.005859
749.372070	19634.955078
748.183594	20093.060547
746.995117	20848.277344
745.806641	22112.144531
744.618164	23371.392578
743.428711	24349.259766
742.239258	25194.453125
741.049805	26427.802734
739.859375	27386.064453
738.669922	27986.050781
737.479492	28455.675781
736.288086	29195.404297
735.097656	28607.941406
733.906250	29302.621094
732.714844	29353.142578
731.523438	29263.529297
730.331055	29431.787109
729.138672	29200.107422
727.946289	29000.994141
726.753906	28931.814453
725.560547	28436.691406
724.367188	27566.599609
723.173828	26727.298828
721.979492	26419.462891
720.786133	26150.267578
719.591797	24714.072266
718.396484	23493.230469
717.202148	22763.056641
716.006836	21873.228516
714.811523	21271.261719
713.616211	20910.416016
712.419922	20654.953125
711.223633	19918.085938
710.027344	19871.287109
708.831055	19656.656250
707.633789	19456.271484
706.436523	19735.046875
705.239258	19605.462891
704.041016	19657.783203
702.843750	19499.988281
701.645508	18805.033203
700.447266	18724.218750
699.248047	18106.443359
698.048828	18251.869141
696.849609	19016.726563
695.650391	19145.750000
694.450195	19185.966797
693.250000	19320.943359
692.049805	19899.412109
690.849609	20447.394531
689.648438	20962.892578
688.447266	21736.064453
687.246094	22275.228516
686.044922	22721.515625
684.842773	23060.888672
683.640625	23849.031250
682.438477	24733.437500
681.235352	25832.763672
680.033203	25855.312500
678.829102	25346.855469
677.625977	24599.320313
676.422852	23926.498047
675.218750	23089.144531
674.014648	22828.904297
672.809570	23012.796875
671.604492	22993.728516
670.400391	22974.667969
669.194336	22774.908203
667.989258	22681.625000
666.783203	22431.839844
665.577148	22892.470703
664.371094	23096.121094
663.164063	23929.455078
661.957031	24311.251953
660.750000	24819.183594
659.542969	25240.703125
658.334961	25529.781250
657.127930	25333.890625
655.918945	25256.261719
654.710938	25016.457031
653.501953	25329.349609
652.292969	24619.224609
651.083984	24894.039063
649.875000	24370.394531
648.665039	24303.070313
647.455078	23493.779297
646.244141	23078.751953
645.034180	22362.037109
643.823242	22163.291016
642.612305	21317.201172
641.400391	20633.298828
640.189453	20586.855469
638.977539	19478.062500
637.765625	19451.851563
636.552734	19569.369141
635.339844	19191.917969
634.126953	19413.187500
632.914063	19454.830078
631.700195	19598.164063
630.487305	19781.312500
629.272461	19543.761719
628.058594	19944.078125
626.843750	20206.730469
625.628906	20560.904297
624.414063	20536.498047
623.199219	20070.039063
621.983398	19940.232422
620.767578	20111.033203
619.551758	19853.916016
618.334961	19584.970703
617.118164	19180.882813
615.901367	18880.382813
614.684570	18880.232422
613.466797	18679.316406
612.249023	18218.140625
611.031250	17775.048828
609.813477	17278.513672
608.594727	17225.085938
607.375977	17336.486328
606.157227	17717.822266
604.937500	17569.062500
603.717773	17255.666016
602.498047	17180.472656
601.278320	16968.451172
600.057617	16960.775391
598.836914	16721.136719
597.616211	16715.496094
596.395508	16791.107422
595.173828	16383.251953
593.952148	16480.691406
592.729492	16156.255859
591.507813	15925.022461
590.285156	15507.809570
589.062500	15832.949219
587.839844	16017.458008
586.616211	15699.409180
585.392578	15695.971680
584.168945	15923.888672
582.944336	16373.124023
581.720703	16484.175781
580.495117	16591.226563
579.270508	17028.162109
578.045898	17004.679688
576.820313	17478.853516
575.594727	17411.843750
574.368164	17485.011719
573.142578	17696.289063
571.916016	17893.664063
570.688477	18051.496094
569.461914	18526.783203
568.234375	18292.025391
567.006836	18392.494141
565.779297	18092.826172
564.550781	17797.230469
563.322266	17917.439453
562.093750	17813.060547
560.865234	17635.865234
559.635742	17799.339844
558.406250	17732.449219
557.176758	18131.972656
555.946289	18061.101563
554.715820	18173.191406
553.485352	18202.634766
552.254883	18043.312500
551.023438	18080.632813
549.791992	18159.205078
548.560547	17650.251953
547.328125	17392.966797
546.096680	16919.753906
544.864258	16841.423828
543.630859	16617.853516
542.398438	16777.107422
541.165039	16924.517578
539.931641	17452.455078
538.697266	17603.570313
537.463867	17762.462891
536.229492	17211.570313
534.994141	17052.939453
533.759766	17176.570313
532.524414	17509.785156
531.289063	17550.988281
530.053711	17412.001953
528.817383	17136.017578
527.581055	17494.392578
526.344727	17774.322266
525.107422	18163.703125
523.871094	18562.691406
522.632813	19489.570313
521.395508	20324.138672
520.158203	20683.287109
518.919922	19857.839844
517.681641	18741.597656
516.442383	18364.326172
515.203125	17979.406250
513.963867	17256.822266
512.724609	16815.693359
511.485352	16835.416016
510.245117	17337.148438
509.004883	17407.470703
507.763672	17885.447266
506.523438	18162.339844
505.282227	18095.945313
504.040039	17902.873047
502.798828	17826.818359
501.556641	17581.277344
