1802.219727	13010.291016
1801.250000	12608.245117
1800.281250	12378.529297
1799.311523	12658.125000
1798.341797	12605.682617
1797.372070	12238.867188
1796.402344	11892.156250
1795.431641	11258.750977
1794.460938	11311.362305
1793.491211	11668.120117
1792.519531	11862.710938
1791.548828	12117.036133
1790.578125	12318.932617
1789.606445	12064.859375
1788.634766	11771.035156
1787.663086	11611.799805
1786.690430	11661.761719
1785.718750	11935.731445
1784.746094	12122.485352
1783.773438	12826.711914
1782.800781	12955.995117
1781.828125	13323.999023
1780.854492	13266.625977
1779.880859	13428.061523
1778.908203	13681.404297
1777.933594	13989.319336
1776.959961	13641.143555
1775.986328	12855.881836
1775.011719	12547.809570
1774.037109	12063.550781
1773.062500	12095.894531
1772.086914	12540.276367
1771.112305	13304.625000
1770.136719	13455.797852
1769.161133	14251.905273
1768.185547	14105.197266
1767.209961	14456.977539
1766.233398	14563.169922
1765.257813	14498.283203
1764.281250	14763.032227
1763.304688	14450.353516
1762.327148	14135.322266
1761.350586	13535.586914
1760.373047	13431.347656
1759.395508	13639.098633
1758.417969	13866.566406
1757.440430	14717.591797
1756.461914	15516.313477
1755.483398	15790.269531
1754.504883	15769.791016
1753.526367	15422.909180
1752.547852	14730.041992
1751.568359	14381.034180
1750.589844	14654.938477
1749.610352	15000.385742
1748.630859	15491.444336
1747.650391	15495.747070
1746.670898	15114.830078
1745.690430	14430.396484
1744.709961	14178.198242
1743.729492	14125.997070
1742.749023	14187.314453
1741.767578	14497.758789
1740.786133	14669.961914
1739.804688	14546.190430
1738.823242	14420.001953
1737.841797	14385.064453
1736.859375	13941.050781
1735.876953	13691.863281
1734.895508	14051.234375
1733.912109	14385.831055
1732.929688	15431.929688
1731.946289	15069.390625
1730.963867	15098.363281
1729.980469	14261.076172
1728.997070	13684.931641
1728.012695	13399.289063
1727.029297	13455.624023
1726.044922	13875.860352
1725.060547	14502.437500
1724.076172	15217.249023
1723.090820	15270.712891
1722.106445	15056.344727
1721.121094	14390.068359
1720.135742	13775.635742
1719.150391	13537.139648
1718.164063	13713.632813
1717.178711	13858.146484
1716.192383	13865.176758
1715.206055	14146.997070
1714.219727	13925.833008
1713.232422	14420.896484
1712.246094	15251.690430
1711.258789	15738.932617
1710.271484	15814.200195
1709.284180	15485.094727
1708.295898	15241.873047
1707.307617	14876.268555
1706.320313	14687.145508
1705.332031	14875.180664
1704.342773	15361.806641
1703.354492	15779.702148
1702.365234	16770.054688
1701.375977	17265.789063
1700.386719	17259.867188
1699.397461	17510.738281
1698.408203	17991.351563
1697.417969	18105.072266
1696.427734	17392.621094
1695.437500	17115.427734
1694.447266	17126.640625
1693.456055	17079.222656
1692.464844	17867.050781
1691.474609	18447.017578
1690.482422	18853.423828
1689.491211	18898.439453
1688.500000	18618.886719
1687.507813	18710.285156
1686.515625	19118.746094
1685.523438	19900.169922
1684.530273	19513.353516
1683.538086	19353.402344
1682.544922	18859.609375
1681.551758	18231.992188
1680.558594	18591.324219
1679.565430	18702.058594
1678.571289	19307.113281
1677.577148	19656.269531
1676.583008	20134.300781
1675.588867	20217.857422
1674.594727	20381.681641
1673.599609	19842.341797
1672.604492	19621.859375
1671.609375	19761.380859
1670.614258	19779.277344
1669.619141	19259.937500
1668.623047	18876.908203
1667.626953	18824.500000
1666.630859	18512.166016
1665.634766	18768.324219
1664.638672	19196.796875
1663.641602	19073.953125
1662.644531	18604.031250
1661.647461	17765.398438
1660.650391	18011.738281
1659.652344	18214.310547
1658.655273	18225.183594
1657.657227	18170.578125
1656.659180	18719.699219
1655.660156	19064.976563
1654.662109	19463.433594
1653.663086	19655.767578
1652.664063	19256.919922
1651.665039	18698.375000
1650.666016	18125.525391
1649.666016	18339.759766
1648.666992	19270.406250
1647.666992	19682.769531
1646.666016	19661.853516
1645.666016	19706.261719
1644.666016	19491.855469
1643.665039	19396.025391
1642.664063	19701.564453
1641.663086	19958.636719
1640.661133	19657.347656
1639.660156	19240.201172
1638.658203	19132.435547
1637.656250	19423.222656
1636.653320	20117.150391
1635.651367	19695.416016
1634.648438	19643.156250
1633.646484	19390.615234
1632.642578	19731.718750
1631.639648	19431.013672
1630.636719	19053.251953
1629.632813	19247.123047
1628.628906	19857.988281
1627.625000	20246.855469
1626.621094	20770.513672
1625.616211	21361.419922
1624.611328	21130.662109
1623.607422	21061.355469
1622.601563	20611.628906
1621.596680	20193.378906
1620.590820	19474.433594
1619.585938	19025.296875
1618.580078	18877.085938
1617.574219	19029.617188
1616.567383	19160.439453
1615.561523	18983.435547
1614.554688	19335.380859
1613.547852	19405.970703
1612.540039	19899.464844
1611.533203	21166.375000
1610.525391	22158.935547
1609.518555	21907.083984
1608.509766	21965.070313
1607.501953	21679.748047
1606.494141	21224.130859
1605.485352	21049.455078
1604.476563	21503.419922
1603.467773	22233.044922
1602.458984	23382.050781
1601.449219	23012.861328
1600.439453	22629.437500
1599.429688	22399.556641
1598.419922	22689.746094
1597.410156	22776.179688
1596.399414	23003.896484
1595.388672	22802.859375
1594.377930	23056.812500
1593.367188	23988.101563
1592.356445	24799.347656
1591.344727	25342.265625
1590.333008	25672.046875
1589.321289	26001.693359
1588.309570	25312.486328
1587.297852	24951.105469
1586.285156	25142.050781
1585.272461	25593.416016
1584.259766	25619.279297
1583.247070	25766.966797
1582.233398	26712.332031
1581.219727	27561.792969
1580.206055	28119.636719
1579.192383	28195.082031
1578.178711	28060.480469
1577.164063	28069.093750
1576.149414	28065.775391
1575.134766	28098.232422
1574.120117	27956.599609
1573.105469	27912.771484
1572.089844	28045.345703
1571.074219	28530.564453
1570.058594	28789.234375
1569.042969	29052.560547
1568.026367	29470.587891
1567.010742	29512.216797
1565.994141	29058.646484
1564.977539	29205.068359
1563.959961	29025.408203
1562.943359	28910.056641
1561.925781	29213.412109
1560.908203	28969.642578
1559.890625	29237.191406
1558.872070	29152.791016
1557.854492	28326.857422
1556.835938	28245.048828
1555.817383	27923.312500
1554.798828	28276.308594
1553.779297	28498.539063
1552.760742	28466.619141
1551.741211	28622.248047
1550.721680	28241.417969
1549.701172	27514.292969
1548.681641	27397.181641
1547.661133	26883.998047
1546.640625	26823.978516
1545.620117	27167.052734
1544.599609	27232.634766
1543.578125	26881.058594
1542.556641	26155.234375
1541.535156	26363.121094
1540.513672	26582.765625
1539.492188	27029.658203
1538.469727	27289.322266
1537.447266	27671.972656
1536.424805	27716.031250
1535.402344	28081.873047
1534.378906	27742.582031
1533.356445	27781.865234
1532.333008	28147.462891
1531.308594	27947.853516
1530.285156	27788.507813
1529.261719	27716.667969
1528.237305	27954.384766
1527.212891	27710.085938
1526.188477	27843.781250
1525.163086	28298.566406
1524.137695	28335.287109
1523.113281	28608.033203
1522.087891	28333.164063
1521.061523	28535.011719
1520.036133	28760.365234
1519.009766	28966.755859
1517.983398	29217.863281
1516.957031	29089.308594
1515.930664	29238.931641
1514.903320	29171.691406
1513.875977	29608.673828
1512.848633	30054.900391
1511.821289	30187.712891
1510.793945	31116.332031
1509.765625	31218.265625
1508.737305	31706.156250
1507.708984	31398.472656
1506.680664	31613.210938
1505.651367	31467.968750
1504.622070	32091.804688
1503.593750	32080.542969
1502.563477	32311.414063
1501.534180	32528.087891
1500.503906	32385.148438
1499.474609	32557.078125
1498.444336	32014.882813
1497.413086	32294.837891
1496.382813	31778.742188
1495.351563	31718.251953
1494.320313	31554.521484
1493.289063	31003.689453
1492.257813	31013.769531
1491.225586	30521.908203
1490.194336	30457.039063
1489.162109	30514.109375
1488.129883	30524.273438
1487.096680	29971.974609
1486.064453	29937.724609
1485.031250	30161.173828
1483.998047	30229.949219
1482.963867	30146.486328
1481.930664	29948.337891
1480.896484	30241.816406
1479.862305	30415.820313
1478.828125	30187.318359
1477.793945	30889.931641
1476.758789	31374.750000
1475.724609	32263.894531
1474.689453	32512.107422
1473.653320	32970.578125
1472.618164	33375.113281
1471.582031	33494.441406
1470.545898	34256.089844
1469.509766	34828.257813
1468.473633	34900.511719
1467.437500	35717.425781
1466.400391	36330.949219
1465.363281	36951.218750
1464.326172	37557.230469
1463.288086	37999.714844
1462.250977	38330.078125
1461.212891	38982.062500
1460.174805	40298.144531
1459.136719	40804.953125
1458.097656	40996.980469
1457.058594	41403.257813
1456.019531	41755.792969
1454.980469	42208.316406
1453.941406	42136.792969
1452.901367	42852.089844
1451.862305	42757.187500
1450.822266	43355.714844
1449.781250	44242.460938
1448.741211	44945.093750
1447.700195	45975.320313
1446.659180	45910.085938
1445.618164	46405.062500
1444.577148	46442.015625
1443.535156	46128.105469
1442.494141	45649.386719
1441.452148	45136.023438
1440.410156	43770.675781
1439.367188	42837.699219
1438.324219	41306.257813
1437.282227	39919.324219
1436.239258	39409.972656
1435.195313	38300.035156
1434.152344	37069.953125
1433.108398	36920.894531
1432.064453	36162.195313
1431.020508	35881.269531
1429.976563	35322.378906
1428.931641	35095.023438
1427.886719	34645.390625
1426.841797	34418.261719
1425.796875	34191.222656
1424.750977	34211.972656
1423.706055	33624.015625
1422.660156	34179.390625
1421.613281	34246.394531
1420.567383	34530.789063
1419.521484	34502.871094
1418.474609	34581.320313
1417.427734	34694.410156
1416.379883	35061.667969
1415.333008	34908.886719
1414.285156	35148.886719
1413.237305	35485.792969
1412.189453	35695.554688
1411.141602	35461.953125
1410.092773	35837.824219
1409.043945	35705.828125
1407.995117	34985.519531
1406.946289	35093.660156
1405.897461	34934.214844
1404.847656	34449.707031
1403.797852	34730.785156
1402.748047	34050.593750
1401.698242	33797.007813
1400.647461	33856.859375
1399.596680	33822.242188
1398.545898	33465.214844
1397.495117	32712.294922
1396.444336	32164.566406
1395.392578	32141.826172
1394.340820	31750.916016
1393.289063	31581.025391
1392.237305	31408.902344
1391.184570	31002.279297
1390.131836	30910.816406
1389.079102	31164.203125
1388.026367	30624.576172
1386.973633	30331.037109
1385.919922	30267.347656
1384.866211	30603.337891
1383.812500	30723.326172
1382.758789	31304.742188
1381.704102	31325.830078
1380.649414	31562.632813
1379.594727	31847.521484
1378.540039	32006.119141
1377.484375	32481.158203
1376.429688	32692.296875
1375.374023	32960.660156
1374.318359	33089.093750
1373.261719	33400.800781
1372.206055	33348.082031
1371.149414	33638.992188
1370.092773	33595.402344
1369.036133	33961.695313
1367.978516	33984.441406
1366.921875	34350.500000
1365.864258	34826.246094
1364.806641	34583.402344
1363.748047	35008.574219
1362.690430	35396.980469
1361.631836	35407.957031
1360.573242	35569.804688
1359.513672	35779.578125
1358.455078	35671.640625
1357.395508	36797.410156
1356.335938	37628.066406
1355.276367	37449.019531
1354.216797	38311.152344
1353.156250	38889.878906
1352.095703	39059.851563
1351.035156	40224.582031
1349.974609	41071.734375
1348.914063	42007.488281
1347.852539	42890.402344
1346.791016	44358.867188
1345.729492	45111.000000
1344.666992	45840.031250
1343.605469	46962.925781
1342.542969	48058.015625
1341.480469	49346.238281
1340.416992	50365.234375
1339.354492	52098.644531
1338.291016	53052.914063
1337.227539	53610.832031
1336.164063	55053.539063
1335.099609	55626.730469
1334.036133	56374.792969
1332.971680	56781.480469
1331.907227	56883.386719
1330.842773	56617.054688
1329.777344	55914.550781
1328.711914	55110.097656
1327.646484	55085.054688
1326.581055	53751.984375
1325.514648	53118.753906
1324.449219	51709.460938
1323.382813	50811.378906
1322.316406	49432.636719
1321.249023	48483.218750
1320.182617	47810.890625
1319.115234	46551.535156
1318.047852	46412.660156
1316.980469	45147.308594
1315.912109	44272.265625
1314.843750	44215.503906
1313.775391	43184.707031
1312.707031	43139.515625
1311.638672	42861.117188
1310.569336	42394.929688
1309.500000	42576.261719
1308.430664	41827.460938
1307.361328	41680.773438
1306.291016	41341.878906
1305.221680	40813.160156
1304.151367	40610.242188
1303.080078	39916.867188
1302.009766	39788.796875
1300.938477	39073.277344
1299.867188	38229.281250
1298.795898	38300.402344
1297.724609	37432.070313
1296.652344	36561.843750
1295.580078	36057.652344
1294.507813	35323.472656
1293.435547	34772.359375
1292.363281	34438.039063
1291.290039	34306.835938
1290.216797	33846.468750
1289.143555	33341.203125
1288.069336	33095.351563
1286.996094	32707.630859
1285.921875	32680.556641
1284.847656	32275.058594
1283.772461	32486.804688
1282.698242	32581.376953
1281.623047	32151.382813
1280.547852	32669.115234
1279.472656	32835.593750
1278.396484	32900.757813
1277.321289	32848.929688
1276.245117	33282.871094
1275.167969	33017.386719
1274.091797	33871.468750
1273.014648	33545.289063
1271.938477	33765.253906
1270.860352	33479.664063
1269.783203	33301.996094
1268.706055	33517.378906
1267.627930	33389.171875
1266.549805	33366.507813
1265.471680	33509.925781
1264.392578	33175.367188
1263.313477	32897.031250
1262.235352	32614.322266
1261.155273	32372.091797
1260.076172	32161.343750
1258.996094	31661.546875
1257.916992	31258.314453
1256.835938	31195.794922
1255.755859	30868.982422
1254.675781	30224.294922
1253.594727	29745.562500
1252.513672	29363.285156
1251.432617	29560.835938
1250.350586	28954.990234
1249.269531	28483.625000
1248.187500	28482.162109
1247.104492	28335.343750
1246.022461	27996.308594
1244.939453	28117.884766
1243.857422	27767.859375
1242.774414	27661.523438
1241.690430	27418.960938
1240.607422	27453.445313
1239.523438	27255.685547
1238.439453	27370.556641
1237.355469	27329.134766
1236.270508	27106.972656
1235.186523	27012.072266
1234.101563	26990.822266
1233.015625	26621.671875
1231.930664	26912.669922
1230.844727	26378.720703
1229.759766	26324.183594
1228.673828	26717.558594
1227.586914	26556.033203
1226.500977	26617.310547
1225.414063	26707.511719
1224.327148	26506.007813
1223.240234	26473.761719
1222.152344	26586.187500
1221.064453	26456.031250
1219.977539	26637.373047
1218.888672	26549.515625
1217.800781	26692.957031
1216.711914	26776.308594
1215.623047	26521.767578
1214.534180	26474.003906
1213.445313	26432.923828
1212.355469	26640.648438
1211.266602	26397.447266
1210.176758	26462.984375
1209.085938	26426.373047
1207.996094	26225.533203
1206.905273	26535.154297
1205.814453	26241.191406
1204.723633	26333.302734
1203.631836	26232.437500
1202.541016	26302.335938
1201.449219	25984.279297
1200.357422	25735.056641
1199.264648	25776.205078
1198.172852	25010.958984
1197.080078	24768.736328
1195.987305	24125.810547
1194.893555	24946.556641
1193.800781	25645.218750
1192.707031	25712.880859
1191.613281	26189.833984
1190.519531	26126.837891
1189.424805	25933.380859
1188.331055	26166.757813
1187.236328	26470.775391
1186.141602	26237.580078
1185.045898	26293.958984
1183.950195	25870.894531
1182.855469	26347.003906
1181.758789	25935.144531
1180.663086	25989.326172
1179.566406	25712.365234
1178.470703	25859.259766
1177.374023	25789.853516
1176.276367	25749.152344
1175.179688	25631.271484
1174.082031	25588.412109
1172.984375	25726.353516
1171.886719	25518.173828
1170.788086	25347.542969
1169.689453	25143.933594
1168.590820	25405.203125
1167.492188	25448.328125
1166.393555	25269.042969
1165.293945	25252.736328
1164.194336	25317.871094
1163.094727	25266.349609
1161.995117	25305.050781
1160.894531	25334.935547
1159.793945	25349.414063
1158.693359	25427.644531
1157.592773	25099.171875
1156.491211	25151.046875
1155.390625	25468.769531
1154.289063	25270.103516
1153.186523	25433.919922
1152.084961	25411.013672
1150.982422	25074.166016
1149.879883	25145.726563
1148.777344	25144.835938
1147.673828	25418.201172
1146.571289	25265.892578
1145.467773	25214.529297
1144.364258	25347.373047
1143.259766	25418.775391
1142.156250	25503.298828
1141.051758	25245.941406
1139.947266	25525.445313
1138.841797	25651.503906
1137.737305	25505.958984
1136.631836	25148.095703
1135.526367	25324.498047
1134.420898	25542.404297
1133.314453	25307.287109
1132.208008	25157.583984
1131.101563	25211.347656
1129.995117	25109.832031
1128.887695	25047.710938
1127.781250	25094.902344
1126.673828	25246.966797
1125.566406	25433.923828
1124.458008	25360.857422
1123.349609	25471.269531
1122.242188	25295.599609
1121.132813	25405.978516
1120.024414	26042.304688
1118.915039	25598.222656
1117.805664	25920.080078
1116.696289	25825.197266
1115.586914	26373.664063
1114.476563	26522.910156
1113.367188	27084.076172
1112.255859	27337.716797
1111.145508	27972.552734
1110.035156	28426.310547
1108.923828	29010.552734
1107.812500	29757.861328
1106.700195	30755.214844
1105.588867	31689.023438
1104.476563	31493.025391
1103.364258	32152.146484
1102.251953	32747.906250
1101.139648	32634.443359
1100.026367	32873.261719
1098.913086	32685.904297
1097.799805	32376.914063
1096.685547	32396.164063
1095.572266	31324.826172
1094.458008	31205.277344
1093.342773	30034.744141
1092.228516	29935.054688
1091.113281	28697.990234
1089.999023	28668.066406
1088.882813	27412.259766
1087.767578	27393.462891
1086.651367	26908.376953
1085.536133	27097.851563
1084.419922	26303.021484
1083.302734	25720.933594
1082.186523	26079.558594
1081.069336	26035.056641
1079.952148	25362.416016
1078.834961	25562.794922
1077.716797	25340.882813
1076.598633	25454.591797
1075.480469	25405.933594
1074.362305	25225.302734
1073.243164	25581.250000
1072.125000	26023.560547
1071.005859	26015.902344
1069.886719	26246.058594
1068.766602	26679.296875
1067.646484	26926.501953
1066.526367	26916.492188
1065.406250	27228.343750
1064.286133	27505.505859
1063.165039	27622.767578
1062.043945	27878.138672
1060.922852	28394.554688
1059.801758	28343.238281
1058.679688	28412.753906
1057.557617	28935.195313
1056.435547	28905.355469
1055.313477	28586.621094
1054.190430	28733.621094
1053.067383	28389.193359
1051.944336	28611.582031
1050.821289	28062.671875
1049.697266	28373.335938
1048.573242	28184.304688
1047.449219	27827.429688
1046.325195	27883.960938
1045.200195	27574.640625
1044.075195	27693.589844
1042.950195	27184.392578
1041.825195	27142.080078
1040.699219	27185.787109
1039.574219	26692.062500
1038.448242	26980.849609
1037.321289	26360.599609
1036.195313	26073.595703
1035.068359	25724.421875
1033.941406	25729.710938
1032.814453	26125.732422
1031.686523	26272.597656
1030.559570	27061.050781
1029.431641	27761.201172
1028.302734	27330.591797
1027.174805	27599.314453
1026.045898	27775.720703
1024.916992	27771.978516
1023.788086	28280.476563
1022.658203	27940.203125
1021.529297	27947.132813
1020.399414	27654.193359
1019.269531	27676.167969
1018.138672	27918.656250
1017.008789	27833.535156
1015.877930	27602.921875
1014.746094	27652.699219
1013.615234	27503.507813
1012.483398	27373.626953
1011.351563	27010.726563
1010.219727	27135.404297
1009.087891	27027.052734
1007.955078	26895.238281
1006.822266	27244.183594
1005.689453	27131.601563
1004.556641	27213.400391
1003.422852	27265.271484
1002.289063	27445.197266
1001.155273	27800.048828
1000.021484	27429.275391
998.886719	26907.195313
997.751953	26961.201172
996.617188	26667.601563
995.482422	26546.814453
994.346680	26138.324219
993.210938	25781.152344
992.075195	26378.626953
990.939453	26121.667969
989.802734	26410.011719
988.666016	26581.125000
987.529297	26788.351563
986.392578	26499.591797
985.254883	26513.111328
984.118164	26450.035156
982.979492	26603.931641
981.841797	27036.335938
980.704102	26564.980469
979.565430	26778.269531
978.426758	26934.083984
977.287109	27185.443359
976.148438	26854.652344
975.008789	26443.294922
973.869141	26301.777344
972.729492	26387.464844
971.588867	26910.335938
970.448242	27008.585938
969.307617	27325.310547
968.166992	27270.710938
967.025391	27674.185547
965.883789	27180.654297
964.742188	27439.833984
963.600586	27336.505859
962.458008	27504.427734
961.316406	27475.269531
960.173828	27083.955078
959.030273	27001.958984
957.887695	26752.750000
956.744141	26990.457031
955.600586	26773.095703
954.457031	27165.134766
953.312500	26687.654297
952.167969	26489.523438
951.023438	26367.591797
949.878906	26266.847656
948.733398	26153.464844
947.588867	25915.464844
946.442383	26319.767578
945.296875	26540.146484
944.151367	26464.804688
943.004883	27012.285156
941.858398	26985.417969
940.710938	27395.382813
939.564453	27773.525391
938.416992	28204.238281
937.269531	28776.062500
936.122070	29493.123047
934.973633	30585.103516
933.825195	31434.246094
932.676758	32961.515625
931.528320	34292.207031
930.378906	36005.664063
929.230469	37861.574219
928.081055	39390.371094
926.930664	40335.460938
925.781250	41206.496094
924.630859	41650.046875
923.480469	41197.312500
922.330078	40584.933594
921.178711	39247.414063
920.027344	38438.105469
918.875977	36128.511719
917.724609	35030.234375
916.572266	33018.570313
915.419922	31734.490234
914.267578	30715.546875
913.115234	29913.281250
911.961914	28911.951172
910.809570	28013.876953
909.655273	27552.595703
908.501953	27129.267578
907.347656	26875.994141
906.194336	27207.828125
905.040039	26535.376953
903.884766	26644.974609
902.730469	26651.849609
901.575195	26063.742188
900.419922	26110.529297
899.263672	26035.837891
898.108398	26095.169922
896.952148	25892.826172
895.795898	25922.863281
894.638672	26026.115234
893.482422	25926.410156
892.325195	25784.919922
891.167969	25800.310547
890.009766	25882.587891
888.851563	25599.068359
887.694336	25046.107422
886.535156	25644.513672
885.376953	25814.474609
884.217773	25631.443359
883.058594	26158.347656
881.899414	25925.220703
880.740234	25815.320313
879.580078	25548.978516
878.419922	25601.912109
877.259766	25804.986328
876.099609	25814.050781
874.938477	25960.701172
873.777344	25834.250000
872.616211	25843.298828
871.454102	26137.761719
870.292969	25934.281250
869.130859	25770.455078
867.967773	26114.707031
866.805664	26102.861328
865.642578	25945.341797
864.479492	25948.099609
863.316406	25611.777344
862.152344	25672.835938
860.989258	25557.123047
859.825195	25462.246094
858.660156	25537.841797
857.496094	25380.667969
856.331055	25811.505859
855.166016	25986.673828
854.000977	26215.757813
852.834961	26041.957031
851.668945	25915.972656
850.502930	25449.685547
849.336914	25242.957031
848.169922	25552.849609
847.002930	25584.693359
845.835938	25724.345703
844.668945	26029.785156
843.500977	25452.142578
842.333008	25631.099609
841.165039	25743.683594
839.997070	26104.773438
838.828125	26242.052734
837.659180	25869.949219
836.490234	26112.785156
835.321289	26011.974609
834.151367	26306.400391
832.981445	25738.072266
831.811523	25738.744141
830.641602	25729.074219
829.470703	25841.376953
828.299805	26048.707031
827.128906	26144.359375
825.957031	26477.554688
824.786133	26837.458984
823.614258	26773.861328
822.441406	26495.568359
821.269531	26277.253906
820.096680	25759.789063
818.923828	26043.107422
817.750977	25818.837891
816.577148	25425.544922
815.403320	25463.373047
814.229492	25435.214844
813.055664	25668.824219
811.881836	26009.486328
810.707031	26232.566406
809.532227	26624.451172
808.356445	26594.005859
807.181641	26816.810547
806.005859	26827.501953
804.830078	26156.992188
803.653320	26085.515625
802.477539	25999.667969
801.300781	26452.699219
800.124023	26222.871094
798.946289	26517.361328
797.768555	26854.884766
796.590820	27486.109375
795.413086	27728.769531
794.235352	27720.738281
793.056641	27702.439453
791.877930	27893.562500
790.699219	27396.958984
789.519531	27179.671875
788.340820	27218.947266
787.161133	27617.189453
785.980469	27553.806641
784.800781	27197.234375
783.620117	26377.509766
782.439453	26312.380859
781.257813	25970.644531
780.077148	26657.494141
778.895508	26537.039063
777.713867	26502.640625
776.532227	25983.031250
775.349609	26008.125000
774.166992	26125.298828
772.984375	26359.042969
771.800781	26543.589844
770.618164	26094.058594
769.434570	25994.365234
768.250977	26685.845703
767.066406	26880.375000
765.881836	27105.468750
764.697266	26801.341797
763.512695	26850.697266
762.328125	27028.679688
761.142578	27729.236328
759.957031	28006.966797
758.770508	28229.474609
757.584961	28645.710938
756.398438	28986.292969
755.211914	29402.183594
754.025391	29403.980469
752.837891	30345.537109
751.650391	31186.818359
750.462891	31938.076172
749.274414	33186.085938
748.086914	34810.355469
746.898438	37688.296875
745.709961	39805.601563
744.520508	42933.605469
743.331055	46062.289063
742.141602	48990.226563
740.952148	52421.355469
739.762695	55027.355469
738.572266	56263.851563
737.381836	56404.128906
736.191406	55717.171875
735.000000	54299.019531
733.808594	52588.941406
732.617188	50189.046875
731.425781	48161.789063
730.233398	46687.609375
729.041016	45335.847656
727.848633	43846.679688
726.656250	42479.882813
725.462891	40973.714844
724.269531	39926.519531
723.076172	38843.277344
721.881836	38285.519531
720.687500	37746.238281
719.493164	36603.378906
718.298828	35151.074219
717.104492	34708.003906
715.909180	34165.906250
714.713867	33913.539063
713.517578	33732.121094
712.322266	33382.820313
711.125977	32556.208984
709.929688	31657.138672
708.732422	31359.066406
707.536133	31752.580078
706.338867	31519.294922
705.141602	31585.207031
703.943359	31867.283203
702.745117	30977.599609
701.546875	30213.517578
700.348633	29651.681641
699.150391	29784.537109
697.951172	31017.308594
696.751953	31244.644531
695.551758	31685.728516
694.352539	31110.054688
693.152344	31526.771484
691.952148	31991.693359
690.750977	33020.800781
689.550781	34111.929688
688.349609	34449.046875
687.147461	34908.894531
685.946289	34957.695313
684.744141	35578.304688
683.541992	37344.066406
682.339844	38877.609375
681.136719	39788.718750
679.934570	39426.000000
678.731445	39045.335938
677.527344	38666.847656
676.324219	37500.433594
675.120117	36961.640625
673.916016	37544.406250
672.710938	37907.925781
671.505859	38309.445313
670.300781	37805.074219
669.095703	37051.953125
667.890625	36084.371094
666.684570	35851.742188
665.478516	35956.300781
664.272461	36502.144531
663.065430	36702.781250
661.858398	37657.277344
660.651367	38212.410156
659.444336	38306.308594
658.236328	37933.261719
657.028320	37850.871094
655.820313	37666.363281
654.612305	37057.386719
653.403320	36861.113281
652.194336	36859.089844
650.985352	36763.000000
649.775391	36811.011719
648.565430	36312.898438
647.355469	35739.000000
646.145508	35549.253906
644.934570	34611.933594
643.723633	34124.714844
642.512695	33485.843750
641.301758	32347.806641
640.089844	31384.031250
638.877930	30995.779297
637.666016	31024.955078
636.453125	31147.929688
635.241211	30552.435547
634.028320	30278.419922
632.814453	30616.898438
631.601563	30488.566406
630.387695	30467.957031
629.173828	30489.214844
627.958984	31387.371094
626.744141	32259.228516
625.530273	32041.023438
624.314453	32123.652344
623.099609	32023.050781
621.883789	32075.781250
620.667969	32114.554688
619.452148	32111.519531
618.235352	31453.941406
617.018555	31067.158203
615.801758	31193.609375
614.584961	30647.994141
613.367188	30855.974609
612.149414	29859.544922
610.931641	28905.273438
609.712891	28549.337891
608.495117	29168.695313
607.276367	29388.675781
606.056641	29122.195313
604.837891	29008.652344
603.618164	28903.095703
602.398438	28698.390625
601.177734	28741.699219
599.958008	28336.832031
598.737305	28019.373047
597.516602	27676.285156
596.294922	27481.968750
595.073242	26881.582031
593.851563	26741.003906
592.629883	26394.527344
591.407227	26042.259766
590.184570	25913.828125
588.961914	25799.306641
587.739258	25817.402344
586.515625	26011.550781
585.291992	26383.611328
584.068359	26804.941406
582.844727	27684.728516
581.620117	27852.595703
580.395508	28247.632813
579.169922	28429.128906
577.945313	28426.851563
576.719727	28584.527344
575.494141	29320.607422
574.267578	29270.757813
573.041992	29017.660156
571.815430	29465.095703
570.587891	30590.902344
569.361328	30444.173828
568.133789	30520.312500
566.906250	30267.208984
565.678711	30106.845703
564.450195	29694.333984
563.221680	29900.582031
561.993164	29606.466797
560.763672	29922.910156
559.535156	29908.470703
558.305664	30458.929688
557.075195	30312.529297
555.845703	30233.083984
554.615234	30261.855469
553.384766	30099.857422
552.153320	29894.673828
550.922852	30255.693359
549.691406	29716.468750
548.459961	29020.294922
547.227539	28090.664063
545.995117	27734.912109
544.762695	27722.931641
543.530273	27834.626953
542.296875	27965.900391
541.063477	28889.851563
539.830078	29440.654297
538.596680	29496.949219
537.362305	28384.501953
536.127930	28652.736328
534.893555	28756.203125
533.658203	29596.447266
532.422852	29668.310547
531.187500	29083.947266
529.952148	29101.054688
528.715820	29214.087891
527.479492	29464.095703
526.243164	29860.769531
525.005859	30132.042969
523.769531	30874.638672
522.532227	31337.232422
521.293945	31076.144531
520.056641	30518.023438
518.818359	30065.689453
517.580078	30264.248047
516.340820	29585.544922
515.101563	28577.048828
513.862305	27305.373047
512.623047	27676.162109
511.382813	27919.912109
510.143555	28819.244141
508.902344	29560.146484
507.662109	29803.314453
506.420898	29902.060547
505.179688	30135.292969
503.938477	29861.599609
502.697266	28788.978516
