1802.318359	4914.541992
1801.348633	4777.194824
1800.379883	4921.050781
1799.410156	4935.044922
1798.440430	4816.759766
1797.470703	4875.683105
1796.500977	4844.771973
1795.530273	4891.194824
1794.559570	5107.172363
1793.588867	4946.584473
1792.618164	4880.784668
1791.647461	5116.571777
1790.675781	4963.552734
1789.705078	5007.402832
1788.733398	5088.596680
1787.761719	5055.206055
1786.789063	5089.051758
1785.817383	5060.652344
1784.844727	5111.904297
1783.872070	5051.163574
1782.899414	5269.076172
1781.926758	5200.866211
1780.953125	5137.656738
1779.980469	5186.354004
1779.006836	5212.660156
1778.033203	5216.587402
1777.058594	5213.059082
1776.084961	5353.619629
1775.110352	5310.323730
1774.135742	5366.376465
1773.161133	5474.544922
1772.186523	5470.966797
1771.210938	5482.280273
1770.236328	5535.771484
1769.260742	5475.124023
1768.285156	5516.192871
1767.308594	5708.512695
1766.333008	5712.328125
1765.356445	5949.149902
1764.379883	5995.046387
1763.403320	6040.924316
1762.426758	6156.148438
1761.449219	6164.822266
1760.472656	6227.971680
1759.495117	6261.385254
1758.517578	6554.695801
1757.539063	6390.042480
1756.561523	6544.645996
1755.583008	6491.383301
1754.604492	6556.862793
1753.625977	6595.113770
1752.647461	6536.927246
1751.667969	6654.266113
1750.688477	6408.266113
1749.709961	6384.743164
1748.729492	6435.340820
1747.750000	6414.291016
1746.770508	6329.045410
1745.790039	6241.364746
1744.809570	6136.439941
1743.829102	6298.090332
1742.847656	6267.217773
1741.867188	6182.085449
1740.885742	6331.296387
1739.904297	6046.444336
1738.922852	6212.880371
1737.941406	6024.298340
1736.958984	6060.055664
1735.977539	6051.447266
1734.995117	6032.988281
1734.011719	5916.018066
1733.029297	6151.226563
1732.046875	6056.436523
1731.063477	6136.448730
1730.080078	6201.662598
1729.096680	5927.303711
1728.112305	6019.592773
1727.128906	6119.222656
1726.144531	5877.011230
1725.160156	5974.170898
1724.175781	6162.237305
1723.191406	6116.763672
1722.206055	6093.421387
1721.220703	6190.458008
1720.235352	6228.510254
1719.250000	6465.446289
1718.264648	6282.473145
1717.278320	6519.301758
1716.291992	6240.682129
1715.305664	6499.505859
1714.319336	6520.276367
1713.333008	6631.784180
1712.345703	6527.462891
1711.358398	6734.535645
1710.371094	6725.827637
1709.383789	6731.826660
1708.396484	6882.379395
1707.408203	6841.800781
1706.419922	6884.508789
1705.431641	7179.408691
1704.443359	7253.856445
1703.455078	7362.541016
1702.465820	7427.132813
1701.476563	7618.924316
1700.487305	7778.838379
1699.498047	7745.478516
1698.507813	7807.494141
1697.518555	8069.949707
1696.528320	8285.859375
1695.538086	8384.382813
1694.547852	8705.199219
1693.556641	8586.195313
1692.565430	8843.342773
1691.575195	8948.999023
1690.583008	9091.229492
1689.591797	8901.459961
1688.600586	8941.150391
1687.608398	9380.949219
1686.616211	9283.926758
1685.624023	9260.106445
1684.631836	9670.313477
1683.638672	9507.468750
1682.645508	9476.304688
1681.652344	9362.299805
1680.659180	9601.610352
1679.666016	9446.215820
1678.671875	9446.747070
1677.678711	9625.021484
1676.684570	9603.605469
1675.690430	9730.665039
1674.695313	9675.166992
1673.701172	9661.050781
1672.706055	9770.993164
1671.710938	9652.290039
1670.715820	9504.457031
1669.719727	9748.063477
1668.724609	9806.857422
1667.728516	9622.631836
1666.732422	9671.708984
1665.736328	9565.310547
1664.739258	9789.229492
1663.743164	9658.569336
1662.746094	9661.474609
1661.749023	9759.031250
1660.751953	9679.412109
1659.753906	10051.067383
1658.755859	9995.675781
1657.758789	10015.482422
1656.759766	9812.219727
1655.761719	9902.353516
1654.763672	9948.824219
1653.764648	9995.276367
1652.765625	10136.191406
1651.766602	9841.066406
1650.767578	9817.283203
1649.767578	9904.881836
1648.767578	9902.879883
1647.768555	9724.207031
1646.767578	9884.359375
1645.767578	9911.391602
1644.766602	9812.639648
1643.766602	9950.912109
1642.765625	9869.115234
1641.764648	10060.497070
1640.762695	9582.365234
1639.761719	9783.392578
1638.759766	9863.549805
1637.757813	9755.282227
1636.755859	9695.354492
1635.752930	9763.407227
1634.750977	9691.431641
1633.748047	9788.416992
1632.745117	9706.812500
1631.741211	9731.384766
1630.738281	9724.590820
1629.734375	9602.054688
1628.730469	9737.531250
1627.726563	9807.872070
1626.722656	9661.291992
1625.718750	9606.329102
1624.713867	9782.644531
1623.708984	9672.284180
1622.704102	9622.166016
1621.698242	9976.521484
1620.693359	9779.536133
1619.687500	9702.954102
1618.681641	10047.452148
1617.675781	9850.570313
1616.669922	9889.459961
1615.663086	10130.314453
1614.656250	9883.048828
1613.649414	10006.031250
1612.642578	10193.846680
1611.635742	10182.169922
1610.627930	10242.560547
1609.620117	10254.894531
1608.612305	10495.329102
1607.604492	10262.740234
1606.595703	10536.676758
1605.587891	10462.549805
1604.579102	10434.037109
1603.570313	10669.391602
1602.560547	11055.737305
1601.551758	11127.824219
1600.541992	11060.841797
1599.532227	11130.500000
1598.522461	11422.982422
1597.512695	11475.767578
1596.501953	11502.182617
1595.491211	11732.144531
1594.480469	11674.693359
1593.469727	11729.776367
1592.458984	12241.964844
1591.447266	11985.836914
1590.435547	12110.199219
1589.423828	12349.321289
1588.412109	12320.507813
1587.400391	12332.351563
1586.387695	12370.485352
1585.375000	12272.375000
1584.362305	12628.300781
1583.349609	12613.791016
1582.335938	12530.020508
1581.323242	12744.783203
1580.309570	12720.706055
1579.294922	12696.637695
1578.281250	12806.225586
1577.267578	13004.052734
1576.252930	12789.093750
1575.238281	12905.749023
1574.223633	13031.894531
1573.208008	13024.477539
1572.193359	13150.545898
1571.177734	13109.742188
1570.162109	12956.967773
1569.145508	12959.097656
1568.129883	13306.572266
1567.113281	13056.219727
1566.096680	13232.119141
1565.080078	13136.597656
1564.063477	13136.304688
1563.045898	13102.702148
1562.029297	13154.748047
1561.011719	12954.671875
1559.994141	13082.816406
1558.975586	12847.173828
1557.958008	12751.862305
1556.939453	12761.148438
1555.920898	12549.471680
1554.902344	12245.240234
1553.882813	12316.370117
1552.864258	12309.113281
1551.844727	11848.432617
1550.825195	11983.681641
1549.804688	11729.704102
1548.785156	11649.022461
1547.764648	11547.024414
1546.744141	11575.502930
1545.723633	11338.409180
1544.703125	11568.416016
1543.681641	11364.601563
1542.660156	11272.240234
1541.638672	11378.922852
1540.617188	11288.964844
1539.595703	11374.286133
1538.573242	11135.199219
1537.550781	11199.210938
1536.528320	11128.292969
1535.505859	10910.697266
1534.482422	10962.884766
1533.459961	11095.469727
1532.436523	11112.125977
1531.413086	11003.465820
1530.388672	11010.676758
1529.365234	10821.727539
1528.340820	10980.194336
1527.316406	11086.623047
1526.291992	11060.742188
1525.267578	10904.994141
1524.242188	11075.117188
1523.216797	10997.322266
1522.191406	11032.837891
1521.166016	10950.363281
1520.139648	11280.748047
1519.114258	11441.182617
1518.087891	11297.365234
1517.061523	11387.002930
1516.034180	11549.673828
1515.007813	11688.710938
1513.980469	11453.068359
1512.953125	11917.144531
1511.925781	11773.401367
1510.897461	12062.975586
1509.870117	12013.427734
1508.841797	12074.524414
1507.813477	12312.085938
1506.785156	12347.214844
1505.755859	12492.884766
1504.726563	12560.884766
1503.697266	12781.691406
1502.667969	12668.590820
1501.638672	13091.413086
1500.608398	12891.348633
1499.579102	12966.243164
1498.548828	12923.660156
1497.517578	12963.290039
1496.487305	12873.764648
1495.456055	12770.191406
1494.424805	12673.700195
1493.393555	12743.849609
1492.362305	12483.180664
1491.331055	12436.061523
1490.298828	12351.440430
1489.266602	12454.419922
1488.234375	12205.740234
1487.201172	12156.370117
1486.168945	12198.402344
1485.135742	12240.416016
1484.102539	12038.825195
1483.069336	12368.882813
1482.035156	12265.678711
1481.001953	12185.922852
1479.967773	12656.161133
1478.933594	12700.366211
1477.898438	12723.497070
1476.864258	12882.271484
1475.829102	13286.505859
1474.793945	13325.866211
1473.758789	13601.286133
1472.722656	13853.222656
1471.687500	13995.244141
1470.651367	14361.457031
1469.615234	14767.223633
1468.579102	15016.376953
1467.541992	15186.053711
1466.504883	15519.043945
1465.468750	15655.876953
1464.430664	15766.988281
1463.393555	16288.592773
1462.355469	16681.714844
1461.318359	16617.671875
1460.280273	16926.640625
1459.241211	17102.632813
1458.203125	17236.609375
1457.164063	17226.083984
1456.125000	17308.734375
1455.085938	17419.292969
1454.046875	17378.466797
1453.006836	17558.800781
1451.967773	17278.242188
1450.927734	17158.353516
1449.886719	17755.041016
1448.846680	17730.464844
1447.805664	17803.564453
1446.764648	17641.812500
1445.723633	17391.796875
1444.682617	17460.269531
1443.641602	17438.097656
1442.599609	17485.623047
1441.557617	16989.646484
1440.515625	16886.306641
1439.472656	16824.798828
1438.430664	16484.777344
1437.387695	16284.133789
1436.344727	16139.256836
1435.301758	15901.650391
1434.257813	15849.678711
1433.213867	15663.240234
1432.169922	15757.388672
1431.125977	15870.041016
1430.082031	15857.509766
1429.037109	15933.023438
1427.993164	15658.732422
1426.948242	15778.255859
1425.902344	15849.105469
1424.857422	15954.649414
1423.811523	15868.047852
1422.765625	16001.310547
1421.719727	15998.020508
1420.673828	16008.608398
1419.626953	15926.687500
1418.580078	16087.570313
1417.533203	16051.898438
1416.486328	16050.906250
1415.439453	15978.284180
1414.391602	16175.983398
1413.343750	16110.291992
1412.295898	15899.144531
1411.248047	16115.205078
1410.199219	15991.856445
1409.150391	16004.718750
1408.101563	15749.923828
1407.052734	15449.094727
1406.003906	15586.603516
1404.954102	15583.394531
1403.904297	15409.582031
1402.854492	15258.890625
1401.804688	15389.408203
1400.753906	15222.653320
1399.703125	15258.676758
1398.652344	14912.375977
1397.601563	15001.407227
1396.550781	14834.866211
1395.499023	14714.424805
1394.447266	14706.790039
1393.395508	14432.276367
1392.343750	14470.706055
1391.291016	14679.299805
1390.239258	14480.834961
1389.186523	14567.502930
1388.132813	14281.804688
1387.080078	14531.624023
1386.026367	14358.621094
1384.972656	14479.692383
1383.918945	14724.720703
1382.865234	14597.702148
1381.810547	14810.465820
1380.756836	15135.597656
1379.702148	15325.215820
1378.646484	15397.757813
1377.591797	15412.928711
1376.536133	15574.852539
1375.480469	15787.146484
1374.424805	15437.770508
1373.369141	15734.795898
1372.312500	15912.554688
1371.256836	15611.471680
1370.200195	15828.115234
1369.142578	15879.801758
1368.085938	15817.000000
1367.028320	15996.842773
1365.970703	16206.358398
1364.913086	15688.230469
1363.855469	16016.668945
1362.796875	16020.220703
1361.739258	16074.073242
1360.680664	15993.027344
1359.621094	16060.575195
1358.562500	16084.676758
1357.502930	16540.558594
1356.443359	16288.168945
1355.383789	16574.828125
1354.324219	16685.560547
1353.263672	17038.214844
1352.203125	17153.369141
1351.142578	17681.476563
1350.082031	17953.857422
1349.021484	18383.503906
1347.959961	19061.529297
1346.898438	19255.935547
1345.836914	19247.394531
1344.774414	19717.433594
1343.712891	20214.617188
1342.650391	20255.996094
1341.587891	21030.718750
1340.525391	21431.683594
1339.461914	21695.886719
1338.398438	21985.015625
1337.335938	22390.080078
1336.271484	22506.029297
1335.208008	22690.171875
1334.143555	23088.011719
1333.079102	23119.613281
1332.014648	23010.253906
1330.950195	22966.849609
1329.885742	22714.408203
1328.820313	22112.199219
1327.754883	22000.863281
1326.689453	21660.205078
1325.623047	21401.425781
1324.556641	20557.093750
1323.491211	20382.619141
1322.423828	20151.490234
1321.357422	19655.031250
1320.291016	19424.144531
1319.223633	19166.142578
1318.156250	18858.369141
1317.087891	18795.523438
1316.020508	18236.400391
1314.952148	17833.843750
1313.883789	17730.472656
1312.815430	17532.021484
1311.747070	17741.234375
1310.677734	17431.929688
1309.608398	17507.533203
1308.539063	17542.373047
1307.469727	17212.935547
1306.399414	17231.984375
1305.330078	16957.025391
1304.259766	16910.544922
1303.189453	16850.521484
1302.118164	16413.078125
1301.046875	16509.097656
1299.976563	16277.491211
1298.904297	15984.995117
1297.833008	16002.000977
1296.761719	15601.308594
1295.689453	15674.817383
1294.617188	15457.162109
1293.543945	14930.471680
1292.471680	14900.299805
1291.398438	14883.671875
1290.325195	14736.261719
1289.251953	14807.598633
1288.178711	14545.307617
1287.104492	14627.920898
1286.030273	14778.092773
1284.956055	14761.505859
1283.881836	14636.821289
1282.806641	14818.417969
1281.732422	14664.504883
1280.657227	14821.260742
1279.581055	14937.445313
1278.505859	15123.324219
1277.429688	15333.869141
1276.353516	15373.409180
1275.277344	15305.007813
1274.201172	15782.886719
1273.124023	15741.396484
1272.046875	15848.225586
1270.969727	15959.502930
1269.892578	15810.187500
1268.814453	15797.915039
1267.737305	15855.247070
1266.659180	15957.447266
1265.581055	15630.958984
1264.501953	15344.994141
1263.422852	15130.930664
1262.344727	14984.241211
1261.264648	14844.338867
1260.185547	14650.687500
1259.105469	14167.974609
1258.026367	13972.302734
1256.946289	14144.150391
1255.865234	13973.204102
1254.785156	13934.460938
1253.704102	13875.581055
1252.623047	13680.169922
1251.541992	13681.795898
1250.459961	13446.226563
1249.378906	13642.536133
1248.296875	13664.297852
1247.214844	13343.897461
1246.131836	13595.999023
1245.049805	13523.869141
1243.966797	13442.829102
1242.883789	13207.647461
1241.800781	12999.370117
1240.716797	13190.972656
1239.632813	12933.657227
1238.548828	12848.355469
1237.464844	12814.426758
1236.380859	12581.896484
1235.295898	12637.282227
1234.210938	12538.726563
1233.125977	12386.684570
1232.041016	12484.439453
1230.955078	12249.987305
1229.869141	12314.295898
1228.783203	12186.937500
1227.697266	12090.822266
1226.610352	12161.803711
1225.524414	12096.910156
1224.437500	12216.841797
1223.349609	11789.117188
1222.262695	11855.648438
1221.174805	11948.852539
1220.086914	11908.538086
1218.999023	11941.637695
1217.911133	11939.143555
1216.822266	11716.547852
1215.733398	12031.958984
1214.644531	11778.322266
1213.555664	11804.745117
1212.465820	11888.913086
1211.376953	11717.637695
1210.287109	11932.794922
1209.196289	11861.480469
1208.106445	11676.999023
1207.015625	11940.846680
1205.924805	12035.969727
1204.833984	11836.038086
1203.743164	11924.488281
1202.651367	11722.444336
1201.559570	11686.742188
1200.467773	11702.027344
1199.375977	11577.709961
1198.283203	11528.764648
1197.190430	11389.029297
1196.097656	11291.425781
1195.004883	11373.194336
1193.911133	11417.297852
1192.818359	11589.739258
1191.724609	11138.159180
1190.629883	11299.524414
1189.536133	11148.978516
1188.441406	11451.789063
1187.346680	11528.978516
1186.251953	11371.845703
1185.157227	11486.583984
1184.061523	11249.988281
1182.965820	11419.924805
1181.870117	11523.537109
1180.774414	11238.504883
1179.677734	11432.618164
1178.581055	11366.218750
1177.484375	11202.757813
1176.387695	11553.387695
1175.291016	11226.736328
1174.193359	11175.870117
1173.095703	11356.519531
1171.998047	11276.990234
1170.899414	11201.901367
1169.800781	11095.996094
1168.702148	11258.884766
1167.603516	11047.294922
1166.504883	11163.883789
1165.405273	10956.804688
1164.305664	10833.450195
1163.206055	10943.407227
1162.106445	10877.308594
1161.005859	10989.408203
1159.906250	11006.895508
1158.804688	11024.374023
1157.704102	10942.923828
1156.603516	11076.890625
1155.501953	11035.013672
1154.400391	11061.257813
1153.298828	11116.041992
1152.196289	11418.946289
1151.093750	11596.579102
1149.992188	11394.396484
1148.888672	11949.424805
1147.786133	12488.860352
1146.682617	12685.859375
1145.579102	12744.604492
1144.475586	13051.101563
1143.372070	13079.051758
1142.267578	13297.676758
1141.163086	13115.192383
1140.058594	13173.782227
1138.954102	12932.257813
1137.848633	12881.360352
1136.744141	12585.260742
1135.638672	12573.859375
1134.532227	12387.375000
1133.426758	12078.433594
1132.320313	11940.259766
1131.213867	11784.645508
1130.107422	11943.986328
1129.000000	11666.002930
1127.893555	11635.133789
1126.786133	11726.657227
1125.677734	11588.726563
1124.570313	11463.959961
1123.461914	11437.524414
1122.354492	11450.403320
1121.245117	11310.460938
1120.136719	11356.098633
1119.027344	11462.815430
1117.918945	11514.945313
1116.808594	11438.360352
1115.699219	11374.890625
1114.589844	11304.907227
1113.479492	11799.533203
1112.369141	11725.128906
1111.257813	11838.142578
1110.147461	12007.750000
1109.036133	11874.540039
1107.924805	12220.448242
1106.813477	12239.644531
1105.701172	12465.613281
1104.589844	12584.853516
1103.477539	12775.841797
1102.364258	12825.355469
1101.251953	12940.092773
1100.138672	12891.704102
1099.025391	12834.640625
1097.912109	12858.016602
1096.798828	12729.273438
1095.684570	12535.408203
1094.570313	12372.033203
1093.456055	12373.768555
1092.341797	11995.551758
1091.226563	11877.975586
1090.111328	11764.789063
1088.996094	11484.578125
1087.880859	11599.297852
1086.764648	11111.028320
1085.648438	11178.073242
1084.532227	11429.363281
1083.416016	11158.183594
1082.299805	10917.457031
1081.182617	11038.646484
1080.065430	10932.343750
1078.947266	11252.718750
1077.830078	11226.525391
1076.711914	11085.612305
1075.593750	11078.943359
1074.475586	10985.723633
1073.357422	11204.067383
1072.238281	11290.379883
1071.119141	11132.298828
1070.000000	10985.094727
1068.879883	11136.243164
1067.760742	11103.635742
1066.640625	11116.414063
1065.519531	10956.373047
1064.399414	11215.382813
1063.278320	11605.997070
1062.157227	11415.728516
1061.036133	11568.716797
1059.915039	11980.584961
1058.792969	11783.883789
1057.670898	11861.200195
1056.548828	12359.004883
1055.426758	12283.085938
1054.303711	12269.709961
1053.181641	12372.717773
1052.057617	12460.597656
1050.934570	12442.882813
1049.811523	12485.479492
1048.687500	12642.184570
1047.563477	12615.828125
1046.438477	12539.976563
1045.314453	12634.161133
1044.189453	12609.972656
1043.064453	12585.792969
1041.939453	12576.677734
1040.813477	12625.618164
1039.687500	12575.652344
1038.561523	12695.496094
1037.435547	12806.693359
1036.309570	12733.086914
1035.182617	12831.339844
1034.055664	12792.116211
1032.928711	12905.341797
1031.800781	12782.404297
1030.673828	13024.345703
1029.545898	12643.962891
1028.416992	12823.620117
1027.289063	12778.008789
1026.160156	12695.964844
1025.031250	12673.980469
1023.902344	12759.169922
1022.773438	12833.608398
1021.643555	12537.377930
1020.513672	12453.326172
1019.383789	12812.598633
1018.252930	12660.008789
1017.123047	12505.341797
1015.992188	12470.587891
1014.861328	12523.575195
1013.729492	12247.096680
1012.598633	12426.294922
1011.466797	12393.721680
1010.334961	12378.265625
1009.202148	12226.019531
1008.070313	12449.943359
1006.937500	12733.593750
1005.804688	12765.067383
1004.670898	13212.970703
1003.538086	13487.735352
1002.404297	13382.406250
1001.270508	12920.703125
1000.135742	12683.242188
999.001953	12300.815430
997.867188	12165.964844
996.732422	12001.316406
995.596680	11817.548828
994.461914	11616.806641
993.326172	11522.703125
992.190430	11588.434570
991.054688	11577.452148
989.917969	11491.932617
988.781250	11549.110352
987.644531	11393.380859
986.507813	11520.789063
985.370117	11273.631836
984.232422	11564.823242
983.094727	11456.014648
981.957031	11453.579102
980.819336	11527.682617
979.680664	11880.213867
978.541992	11677.918945
977.402344	11471.459961
976.263672	11675.076172
975.124023	11891.347656
973.984375	11861.213867
972.844727	11945.730469
971.704102	12166.048828
970.563477	12129.506836
969.422852	12207.545898
968.282227	12501.904297
967.141602	12511.967773
966.000000	12481.741211
964.858398	12661.384766
963.715820	12467.950195
962.574219	12677.181641
961.431641	12947.757813
960.289063	12741.675781
959.146484	12679.671875
958.002930	12463.147461
956.860352	12701.786133
955.716797	12440.909180
954.572266	12417.101563
953.428711	12380.611328
952.284180	12295.496094
951.139648	12208.300781
949.995117	12307.166992
948.849609	12477.846680
947.704102	12363.198242
946.558594	12677.445313
945.413086	12761.338867
944.267578	12693.156250
943.121094	12755.897461
941.974609	13031.796875
940.827148	13284.364258
939.680664	13695.062500
938.533203	14143.553711
937.385742	14853.362305
936.238281	15449.008789
935.089844	16303.690430
933.942383	17303.431641
932.792969	18439.708984
931.644531	19446.992188
930.496094	21100.464844
929.346680	22024.621094
928.197266	23161.021484
927.047852	23720.191406
925.897461	23872.960938
924.747070	23771.080078
923.596680	23521.990234
922.446289	22688.341797
921.294922	21495.494141
920.144531	20559.623047
918.992188	19321.496094
917.840820	17922.095703
916.689453	16485.478516
915.537109	15950.550781
914.384766	14806.860352
913.231445	14091.959961
912.079102	13923.121094
910.925781	13271.671875
909.772461	12899.556641
908.619141	12670.245117
907.464844	12373.917969
906.310547	12562.083008
905.156250	12328.794922
904.001953	12244.416992
902.846680	12227.129883
901.691406	12316.696289
900.536133	12182.102539
899.380859	11785.798828
898.224609	11774.902344
897.069336	11820.527344
895.913086	11887.060547
894.755859	12022.611328
893.599609	11798.296875
892.442383	11822.959961
891.285156	11680.332031
890.126953	11826.260742
888.969727	11763.116211
887.811523	11748.059570
886.653320	11898.055664
885.494141	11809.868164
884.335938	11696.658203
883.176758	11671.186523
882.016602	11670.774414
880.857422	11551.403320
879.697266	11774.273438
878.538086	11809.299805
877.376953	11719.172852
876.216797	11885.561523
875.055664	11766.268555
873.894531	11936.743164
872.733398	11771.644531
871.572266	11969.126953
870.410156	12160.275391
869.248047	12103.522461
868.085938	12000.988281
866.922852	11883.925781
865.760742	11891.783203
864.597656	12109.789063
863.433594	12069.746094
862.270508	11907.010742
861.106445	11991.790039
859.942383	11926.848633
858.778320	11994.958008
857.613281	11809.516602
856.449219	11964.878906
855.284180	12003.853516
854.118164	11760.379883
852.953125	12029.844727
851.787109	12045.944336
850.621094	12059.960938
849.455078	12082.270508
848.288086	11915.791992
847.121094	11888.344727
845.954102	12018.500977
844.787109	12067.747070
843.619141	12106.608398
842.452148	12112.296875
841.283203	12192.566406
840.115234	12102.949219
838.947266	12005.086914
837.778320	12114.311523
836.609375	12198.649414
835.439453	12222.931641
834.269531	12371.350586
833.100586	12339.729492
831.929688	12469.443359
830.759766	12487.440430
829.588867	12474.417969
828.417969	12490.337891
827.247070	12489.717773
826.076172	12776.273438
824.904297	12597.951172
823.732422	12663.390625
822.560547	12670.989258
821.387695	12587.756836
820.215820	12618.069336
819.042969	12547.262695
817.869141	12348.585938
816.696289	12374.801758
815.522461	12376.261719
814.348633	12319.996094
813.174805	12327.649414
812.000000	12405.362305
810.825195	12305.859375
809.650391	12255.833008
808.475586	12436.476563
807.300781	12540.861328
806.125000	12457.878906
804.949219	12286.436523
803.772461	12135.643555
802.596680	12525.942383
801.419922	12340.197266
800.243164	12483.532227
799.065430	12598.022461
797.887695	12554.199219
796.710938	12366.549805
795.532227	12522.079102
794.354492	12710.405273
793.175781	12598.823242
791.997070	12481.129883
790.818359	12507.175781
789.639648	12245.892578
788.459961	12497.677734
787.280273	12345.230469
786.100586	12348.719727
784.919922	12352.207031
783.739258	12382.342773
782.558594	12197.254883
781.377930	12290.933594
780.196289	12173.551758
779.014648	12246.710938
777.833008	12399.703125
776.651367	12206.617188
775.468750	12244.920898
774.287109	12334.370117
773.103516	12532.222656
771.920898	12210.396484
770.737305	12397.962891
769.553711	12650.877930
768.370117	12725.829102
767.186523	12821.185547
766.001953	13032.975586
764.817383	12866.719727
763.632813	12966.066406
762.447266	13134.800781
761.262695	13372.877930
760.077148	13316.916016
758.890625	13393.626953
757.705078	13774.315430
756.518555	13875.371094
755.332031	13847.897461
754.145508	14256.784180
752.958008	14498.329102
751.770508	14731.616211
750.583008	14974.990234
749.395508	15379.201172
748.207031	15913.591797
747.018555	16510.876953
745.830078	17217.843750
744.640625	17995.744141
743.452148	18663.416016
742.262695	19515.945313
741.073242	20239.951172
739.882813	20670.787109
738.692383	21538.591797
737.501953	22070.599609
736.311523	22620.666016
735.120117	23534.216797
733.929688	23799.312500
732.738281	24403.482422
731.545898	24050.955078
730.354492	23623.462891
729.162109	23129.171875
727.969727	22533.626953
726.776367	22122.966797
725.583984	21809.847656
724.390625	21109.515625
723.196289	20669.013672
722.002930	19717.865234
720.808594	19168.412109
719.614258	18240.287109
718.419922	17691.388672
717.224609	17152.855469
716.030273	16699.599609
714.834961	16455.064453
713.638672	16174.200195
712.443359	16168.667969
711.247070	15867.753906
710.050781	15664.060547
708.853516	15875.024414
707.657227	15618.847656
706.459961	15637.693359
705.262695	15325.089844
704.064453	15426.832031
702.867188	15397.221680
701.668945	15529.196289
700.469727	15507.651367
699.271484	15405.364258
698.072266	15664.404297
696.873047	15971.760742
695.673828	16371.786133
694.473633	16525.558594
693.273438	17074.515625
692.073242	17601.056641
690.873047	18236.214844
689.671875	19068.593750
688.470703	19658.830078
687.269531	20496.578125
686.068359	21168.816406
684.866211	22011.912109
683.664063	22677.486328
682.461914	22877.847656
681.258789	22816.531250
680.055664	22662.699219
678.852539	22605.474609
677.649414	22443.708984
676.445313	21733.152344
675.242188	21330.439453
674.037109	21382.068359
672.833008	20730.468750
671.627930	20715.914063
670.422852	20793.746094
669.217773	20745.048828
668.012695	21180.156250
666.806641	21388.285156
665.600586	21983.583984
664.394531	22702.998047
663.187500	23488.285156
661.980469	23842.107422
660.773438	24422.312500
659.566406	24230.589844
658.358398	24381.619141
657.150391	24220.037109
655.942383	24194.730469
654.734375	23338.353516
653.525391	23002.910156
652.316406	22507.474609
651.107422	21922.193359
649.897461	20874.968750
648.688477	20588.359375
647.478516	19459.878906
646.267578	18983.742188
645.057617	17934.066406
643.846680	17762.267578
642.635742	17124.951172
641.423828	16781.589844
640.212891	16372.463867
639.000977	16378.877930
637.788086	16147.704102
636.576172	16134.201172
635.363281	16264.388672
634.150391	16131.152344
632.937500	16370.993164
631.723633	16293.630859
630.510742	16513.390625
629.295898	16735.046875
628.082031	16627.757813
626.867188	16787.519531
625.652344	16769.910156
624.437500	16804.089844
623.222656	16362.339844
622.006836	16213.435547
620.791016	15839.678711
619.575195	15895.917969
618.358398	15518.412109
617.141602	15367.829102
615.924805	15157.649414
614.708008	14848.149414
613.490234	14735.576172
612.272461	14793.963867
611.054688	14572.167969
609.836914	14471.644531
608.618164	14190.432617
607.399414	14274.698242
606.180664	14172.317383
604.960938	13889.367188
603.741211	14086.747070
602.521484	13853.535156
601.301758	13856.456055
600.081055	13851.442383
598.860352	13773.073242
597.639648	13605.541016
596.418945	13832.445313
595.197266	13833.380859
593.975586	13586.708008
592.753906	13763.954102
591.531250	13756.981445
590.308594	13639.156250
589.085938	13634.191406
587.863281	13674.737305
586.639648	13651.960938
585.416016	13658.861328
584.192383	13574.796875
582.967773	13809.059570
581.744141	13748.715820
580.519531	13731.872070
579.293945	13859.256836
578.069336	13783.137695
576.843750	14113.858398
575.618164	14296.355469
574.391602	14409.684570
573.166016	14420.340820
571.939453	14486.238281
570.711914	14386.403320
569.485352	14507.498047
568.257813	14480.657227
567.030273	14546.478516
565.802734	14338.315430
564.574219	14319.407227
563.345703	14400.978516
562.117188	14145.709961
560.888672	14055.963867
559.659180	14039.098633
558.429688	14032.082031
557.200195	14040.810547
555.969727	13703.263672
554.739258	13971.705078
553.508789	13909.640625
552.278320	13967.539063
551.046875	13990.027344
549.815430	13908.344727
548.583984	13977.990234
547.352539	13976.885742
546.120117	13834.373047
544.887695	13982.529297
543.655273	13977.495117
542.421875	13890.029297
541.188477	13969.393555
539.955078	13991.828125
538.721680	14279.041992
537.487305	14073.923828
536.252930	14010.054688
535.018555	14246.109375
533.783203	14286.091797
532.547852	14380.914063
531.312500	14520.747070
530.077148	14333.465820
528.840820	14653.377930
527.604492	14777.395508
526.368164	15251.677734
525.131836	16025.121094
523.894531	16888.210938
522.657227	18644.722656
521.419922	19147.064453
520.181641	18319.818359
518.943359	16930.035156
517.705078	15490.055664
516.465820	15205.319336
515.227539	14842.579102
513.988281	14729.956055
512.748047	14775.522461
511.508789	14596.595703
510.268555	14618.750977
509.028320	14557.000000
507.788086	14520.633789
506.546875	14505.734375
505.305664	14584.430664
504.064453	14514.940430
502.822266	14523.436523
501.580078	14270.828125
