1802.218750	9529.223633
1801.250000	9511.743164
1800.280273	9644.664063
1799.310547	9799.996094
1798.340820	9628.332031
1797.371094	9279.579102
1796.401367	9197.894531
1795.430664	8981.556641
1794.460938	9002.205078
1793.490234	9267.177734
1792.519531	9350.076172
1791.547852	9629.825195
1790.577148	9403.648438
1789.605469	9204.963867
1788.633789	9203.124023
1787.662109	9303.381836
1786.690430	9470.821289
1785.717773	9757.674805
1784.745117	10069.299805
1783.772461	10457.934570
1782.799805	10236.924805
1781.827148	10195.082031
1780.853516	10521.288086
1779.880859	10847.364258
1778.907227	10792.994141
1777.933594	10979.710938
1776.958984	10319.062500
1775.985352	10095.900391
1775.010742	10074.010742
1774.036133	10034.745117
1773.061523	9943.358398
1772.086914	10293.845703
1771.111328	10778.207031
1770.135742	11009.286133
1769.161133	11344.462891
1768.184570	11805.999023
1767.208984	11875.547852
1766.233398	12188.035156
1765.256836	12438.427734
1764.280273	12487.979492
1763.303711	12158.413086
1762.326172	12264.977539
1761.349609	12007.412109
1760.372070	12287.301758
1759.394531	12364.065430
1758.416992	12826.941406
1757.439453	13757.367188
1756.460938	14229.674805
1755.483398	14155.082031
1754.504883	14060.732422
1753.525391	13390.255859
1752.546875	13429.600586
1751.568359	13286.014648
1750.588867	13317.949219
1749.609375	13522.828125
1748.629883	13559.640625
1747.649414	13401.322266
1746.669922	13067.742188
1745.689453	12583.696289
1744.708984	12423.198242
1743.728516	12581.116211
1742.748047	12539.114258
1741.766602	12709.278320
1740.785156	12391.033203
1739.804688	12203.606445
1738.822266	12307.167969
1737.840820	12304.698242
1736.858398	11898.068359
1735.876953	12045.977539
1734.894531	12053.413086
1733.912109	12228.322266
1732.928711	12531.205078
1731.946289	12587.775391
1730.962891	12363.719727
1729.979492	11819.832031
1728.996094	11399.184570
1728.011719	11234.539063
1727.028320	11652.847656
1726.043945	12193.934570
1725.059570	12646.298828
1724.075195	12855.142578
1723.089844	12788.665039
1722.105469	12476.516602
1721.120117	12083.428711
1720.134766	11904.168945
1719.149414	11705.336914
1718.163086	11938.664063
1717.177734	11955.899414
1716.191406	12142.455078
1715.205078	12346.109375
1714.218750	12534.962891
1713.231445	12954.277344
1712.245117	13549.969727
1711.257813	13557.050781
1710.270508	13725.897461
1709.283203	13652.070313
1708.294922	13384.716797
1707.307617	13372.225586
1706.319336	13450.354492
1705.331055	13922.674805
1704.342773	14272.398438
1703.353516	14952.407227
1702.364258	15443.714844
1701.375977	15895.676758
1700.385742	16159.104492
1699.396484	16476.230469
1698.407227	16883.695313
1697.416992	16943.857422
1696.426758	16923.335938
1695.436523	16849.062500
1694.446289	17143.736328
1693.455078	17411.421875
1692.464844	18243.142578
1691.473633	18559.330078
1690.482422	18655.679688
1689.490234	18827.652344
1688.499023	18845.822266
1687.506836	19107.955078
1686.514648	19418.765625
1685.522461	19502.646484
1684.530273	19374.365234
1683.537109	18858.531250
1682.543945	18581.753906
1681.550781	18612.123047
1680.557617	18815.457031
1679.564453	18845.763672
1678.570313	19494.625000
1677.577148	19558.869141
1676.583008	19494.066406
1675.587891	19538.812500
1674.593750	19143.103516
1673.598633	19061.390625
1672.604492	18675.664063
1671.609375	18601.373047
1670.613281	18704.599609
1669.618164	18285.144531
1668.622070	17943.628906
1667.626953	17949.728516
1666.630859	17890.228516
1665.633789	18022.636719
1664.637695	17824.724609
1663.640625	17830.837891
1662.643555	17552.935547
1661.646484	17049.437500
1660.649414	17179.451172
1659.652344	17243.908203
1658.654297	17417.488281
1657.656250	17275.744141
1656.658203	17422.576172
1655.660156	17797.205078
1654.661133	18275.892578
1653.662109	17872.398438
1652.664063	17466.642578
1651.664063	17218.484375
1650.665039	17471.693359
1649.666016	17531.109375
1648.666016	18258.587891
1647.666016	18571.933594
1646.666016	18442.357422
1645.665039	17814.494141
1644.665039	17786.705078
1643.664063	18051.525391
1642.663086	18328.324219
1641.662109	18114.324219
1640.660156	17661.156250
1639.659180	17548.855469
1638.657227	18013.955078
1637.655273	18073.105469
1636.653320	17965.617188
1635.650391	17778.500000
1634.648438	17605.939453
1633.645508	17578.244141
1632.642578	17709.802734
1631.638672	17513.236328
1630.635742	17278.158203
1629.631836	17732.810547
1628.627930	18290.945313
1627.624023	18489.710938
1626.620117	18606.458984
1625.615234	18886.998047
1624.611328	18736.232422
1623.606445	18730.029297
1622.601563	18215.761719
1621.595703	17930.406250
1620.590820	17481.492188
1619.584961	17485.171875
1618.579102	17715.005859
1617.573242	17535.818359
1616.566406	17433.662109
1615.560547	17567.185547
1614.553711	17741.521484
1613.546875	18175.365234
1612.540039	18604.226563
1611.532227	19249.142578
1610.525391	19552.703125
1609.517578	19733.660156
1608.509766	19583.193359
1607.500977	19180.724609
1606.493164	19030.429688
1605.484375	19007.373047
1604.475586	19893.595703
1603.466797	20278.142578
1602.458008	20307.603516
1601.448242	20291.496094
1600.439453	20344.912109
1599.429688	19983.675781
1598.418945	20176.111328
1597.409180	20428.361328
1596.398438	20426.611328
1595.388672	20767.310547
1594.377930	21289.833984
1593.366211	21982.103516
1592.355469	22585.539063
1591.343750	22760.416016
1590.333008	22904.119141
1589.320313	22535.908203
1588.308594	22115.238281
1587.296875	22385.697266
1586.284180	22572.380859
1585.271484	22868.923828
1584.258789	22654.011719
1583.246094	22955.191406
1582.232422	23647.953125
1581.218750	23991.791016
1580.205078	23986.916016
1579.191406	24046.490234
1578.177734	23590.556641
1577.163086	23872.083984
1576.149414	24160.652344
1575.134766	23671.578125
1574.119141	23583.306641
1573.104492	23630.960938
1572.088867	23812.078125
1571.073242	24343.435547
1570.057617	24028.744141
1569.041992	24335.917969
1568.026367	24797.773438
1567.009766	24645.097656
1565.993164	24516.289063
1564.976563	24763.603516
1563.959961	24380.191406
1562.942383	24496.572266
1561.924805	24834.128906
1560.907227	24693.513672
1559.889648	24571.978516
1558.872070	24343.511719
1557.853516	24245.861328
1556.834961	23939.132813
1555.816406	23912.876953
1554.797852	23760.736328
1553.778320	24088.382813
1552.759766	24548.859375
1551.740234	24126.052734
1550.720703	23582.371094
1549.701172	23254.849609
1548.680664	23212.152344
1547.660156	23086.455078
1546.639648	23299.929688
1545.619141	22996.435547
1544.598633	23043.902344
1543.577148	22776.130859
1542.555664	22807.035156
1541.534180	23183.808594
1540.512695	23288.039063
1539.491211	23685.873047
1538.468750	23875.189453
1537.446289	23908.197266
1536.423828	24073.724609
1535.401367	23924.478516
1534.377930	23938.525391
1533.355469	23763.349609
1532.332031	23841.269531
1531.308594	23699.281250
1530.284180	23592.804688
1529.260742	23285.492188
1528.236328	23732.037109
1527.211914	23415.369141
1526.187500	23500.341797
1525.162109	23956.013672
1524.137695	23861.412109
1523.112305	24028.851563
1522.086914	24238.699219
1521.060547	23728.833984
1520.035156	23945.732422
1519.008789	23778.109375
1517.982422	23935.955078
1516.956055	24312.986328
1515.929688	24282.093750
1514.902344	24201.726563
1513.875000	24420.609375
1512.847656	24410.912109
1511.820313	25020.607422
1510.792969	25017.851563
1509.764648	25377.632813
1508.736328	25478.363281
1507.708008	25715.535156
1506.679688	25707.927734
1505.650391	25890.851563
1504.622070	25676.255859
1503.592773	26066.019531
1502.563477	26323.978516
1501.533203	26567.730469
1500.503906	26816.078125
1499.473633	26439.402344
1498.443359	26605.462891
1497.413086	26325.263672
1496.381836	26139.091797
1495.350586	26021.070313
1494.320313	25921.871094
1493.288086	25510.632813
1492.256836	25531.220703
1491.225586	25162.447266
1490.193359	25286.275391
1489.161133	24849.707031
1488.128906	25301.712891
1487.095703	24907.501953
1486.063477	25087.509766
1485.030273	25457.193359
1483.997070	25505.851563
1482.963867	25383.546875
1481.929688	25790.398438
1480.895508	26271.982422
1479.861328	26439.781250
1478.827148	26691.738281
1477.792969	27119.035156
1476.757813	27934.392578
1475.723633	28541.306641
1474.688477	29159.660156
1473.652344	29609.468750
1472.617188	29799.699219
1471.581055	30485.164063
1470.545898	30845.656250
1469.508789	31689.431641
1468.472656	32084.548828
1467.436523	32857.687500
1466.399414	33205.718750
1465.362305	33905.968750
1464.325195	34437.949219
1463.287109	35011.695313
1462.250000	35382.316406
1461.211914	35962.625000
1460.173828	36766.480469
1459.135742	36600.457031
1458.096680	37441.132813
1457.057617	37775.917969
1456.019531	37730.898438
1454.979492	38233.152344
1453.940430	38162.445313
1452.901367	38522.406250
1451.861328	38952.035156
1450.821289	39953.882813
1449.781250	41476.417969
1448.740234	41800.503906
1447.699219	42942.996094
1446.659180	43561.906250
1445.617188	44010.878906
1444.576172	43839.164063
1443.535156	44085.746094
1442.493164	43544.726563
1441.451172	42225.878906
1440.409180	41411.457031
1439.366211	40727.371094
1438.324219	39166.195313
1437.281250	37821.472656
1436.238281	37224.386719
1435.194336	36244.796875
1434.151367	35272.566406
1433.107422	34820.125000
1432.063477	34110.542969
1431.019531	33635.347656
1429.975586	33016.671875
1428.930664	32541.888672
1427.885742	32025.605469
1426.840820	31743.435547
1425.795898	31375.710938
1424.750000	31346.109375
1423.705078	31272.546875
1422.659180	31205.953125
1421.613281	31368.417969
1420.566406	31632.587891
1419.520508	31429.515625
1418.473633	31573.333984
1417.426758	31992.167969
1416.379883	31564.966797
1415.332031	31875.027344
1414.284180	31979.353516
1413.236328	32510.925781
1412.188477	32247.914063
1411.140625	32656.847656
1410.091797	32356.978516
1409.043945	32066.460938
1407.995117	32029.865234
1406.945313	32177.826172
1405.896484	32261.148438
1404.846680	31486.650391
1403.796875	31196.603516
1402.747070	30807.560547
1401.697266	30639.904297
1400.646484	30059.904297
1399.595703	29892.466797
1398.544922	29248.371094
1397.494141	29168.664063
1396.443359	28937.050781
1395.391602	28256.718750
1394.339844	27760.755859
1393.288086	27672.210938
1392.236328	27721.710938
1391.183594	27412.435547
1390.130859	27151.570313
1389.078125	26851.732422
1388.025391	26993.285156
1386.972656	26705.089844
1385.918945	26878.773438
1384.865234	27086.837891
1383.811523	27306.296875
1382.757813	27390.205078
1381.703125	27793.142578
1380.648438	28189.027344
1379.593750	28029.480469
1378.539063	28436.619141
1377.484375	28903.220703
1376.428711	28979.806641
1375.373047	29175.574219
1374.317383	29155.798828
1373.260742	29834.984375
1372.205078	29746.343750
1371.148438	29772.271484
1370.091797	29866.894531
1369.035156	30105.732422
1367.977539	30085.779297
1366.920898	30706.699219
1365.863281	30604.248047
1364.805664	30675.712891
1363.747070	30996.474609
1362.689453	31287.371094
1361.630859	31589.576172
1360.572266	31850.509766
1359.513672	32136.472656
1358.454102	32664.529297
1357.394531	32920.500000
1356.334961	33391.070313
1355.275391	34359.273438
1354.215820	34941.222656
1353.155273	35228.460938
1352.094727	35741.519531
1351.034180	36959.417969
1349.973633	37843.746094
1348.913086	38875.957031
1347.851563	39579.375000
1346.790039	40423.847656
1345.728516	41436.640625
1344.666016	42120.855469
1343.604492	43504.257813
1342.541992	43832.394531
1341.479492	44857.300781
1340.416016	46025.234375
1339.353516	46527.929688
1338.290039	48015.953125
1337.226563	48440.656250
1336.163086	49206.445313
1335.099609	49382.781250
1334.035156	49697.765625
1332.970703	49612.441406
1331.906250	49461.226563
1330.841797	48728.242188
1329.776367	48009.191406
1328.710938	47306.339844
1327.645508	46242.628906
1326.580078	45059.000000
1325.514648	44068.843750
1324.448242	42554.738281
1323.381836	41796.992188
1322.315430	40583.484375
1321.248047	39663.125000
1320.181641	38670.562500
1319.114258	38277.054688
1318.046875	37452.953125
1316.979492	36708.523438
1315.911133	36317.929688
1314.842773	35927.492188
1313.774414	35659.539063
1312.706055	35210.511719
1311.637695	35624.371094
1310.568359	35476.625000
1309.499023	35360.625000
1308.429688	34893.917969
1307.360352	34997.539063
1306.290039	34429.312500
1305.220703	34331.707031
1304.150391	33795.503906
1303.079102	33508.183594
1302.008789	33408.566406
1300.937500	32929.371094
1299.866211	32355.490234
1298.794922	32165.820313
1297.723633	31642.011719
1296.651367	31125.193359
1295.579102	30613.101563
1294.506836	29963.556641
1293.434570	29255.613281
1292.362305	29362.330078
1291.289063	28948.005859
1290.215820	28951.011719
1289.142578	28428.726563
1288.068359	28625.677734
1286.995117	28394.378906
1285.920898	28453.816406
1284.846680	28375.820313
1283.771484	28628.916016
1282.697266	28683.759766
1281.622070	28659.789063
1280.546875	28748.361328
1279.471680	28571.365234
1278.395508	28875.894531
1277.320313	28716.937500
1276.244141	28699.720703
1275.166992	28740.968750
1274.090820	28748.478516
1273.013672	28888.582031
1271.937500	28516.316406
1270.860352	28804.675781
1269.782227	28749.269531
1268.705078	28943.142578
1267.626953	29172.857422
1266.548828	29101.691406
1265.470703	28945.275391
1264.391602	28889.888672
1263.313477	29119.414063
1262.234375	28563.875000
1261.154297	28598.289063
1260.075195	28040.843750
1258.995117	27259.494141
1257.916016	27654.937500
1256.835938	26974.808594
1255.754883	26357.679688
1254.674805	26029.701172
1253.593750	25939.195313
1252.512695	25483.839844
1251.431641	25160.720703
1250.349609	24907.099609
1249.268555	24850.455078
1248.186523	24529.902344
1247.104492	24366.017578
1246.021484	24425.775391
1244.939453	24145.742188
1243.856445	24183.169922
1242.773438	24113.332031
1241.689453	24047.988281
1240.606445	23882.166016
1239.522461	23667.287109
1238.438477	23840.951172
1237.354492	23478.853516
1236.269531	23737.281250
1235.185547	23821.574219
1234.100586	23796.529297
1233.015625	23104.667969
1231.929688	23278.224609
1230.844727	23496.292969
1229.758789	23522.591797
1228.672852	23814.048828
1227.585938	23755.609375
1226.500000	23779.607422
1225.413086	23752.375000
1224.326172	23489.146484
1223.239258	23497.597656
1222.151367	23786.460938
1221.063477	23456.634766
1219.976563	23462.859375
1218.887695	23640.337891
1217.799805	23488.636719
1216.710938	23588.220703
1215.622070	23458.820313
1214.533203	23593.921875
1213.444336	23277.939453
1212.354492	22955.421875
1211.265625	23339.279297
1210.175781	23192.294922
1209.084961	23098.648438
1207.995117	23071.625000
1206.904297	22860.433594
1205.813477	22815.718750
1204.722656	23021.667969
1203.630859	22961.414063
1202.540039	23063.037109
1201.448242	22869.792969
1200.356445	22707.656250
1199.263672	22727.279297
1198.171875	22139.896484
1197.079102	22064.388672
1195.986328	22128.419922
1194.892578	22464.734375
1193.799805	22904.939453
1192.706055	22966.537109
1191.612305	23136.521484
1190.518555	22945.863281
1189.423828	23082.603516
1188.330078	22832.333984
1187.235352	23300.640625
1186.140625	22948.757813
1185.044922	23008.035156
1183.949219	22921.472656
1182.854492	22823.900391
1181.757813	22728.578125
1180.662109	22710.568359
1179.565430	22568.949219
1178.469727	22286.140625
1177.373047	22162.320313
1176.275391	22365.044922
1175.178711	22219.201172
1174.081055	22278.494141
1172.983398	21993.830078
1171.885742	22088.410156
1170.787109	21962.574219
1169.688477	21865.431641
1168.590820	22160.431641
1167.491211	21880.490234
1166.392578	22065.265625
1165.292969	22027.615234
1164.193359	21846.917969
1163.093750	22053.585938
1161.994141	22145.761719
1160.893555	22125.718750
1159.792969	22556.505859
1158.692383	22204.382813
1157.591797	22010.677734
1156.490234	22276.382813
1155.389648	22142.066406
1154.288086	22396.644531
1153.185547	22479.798828
1152.083984	22411.398438
1150.981445	22310.093750
1149.878906	22557.833984
1148.776367	22449.955078
1147.672852	22655.869141
1146.570313	22616.013672
1145.466797	22760.398438
1144.363281	23099.867188
1143.258789	23206.818359
1142.155273	23193.177734
1141.050781	23050.251953
1139.946289	23295.164063
1138.840820	23399.789063
1137.736328	22956.888672
1136.630859	23262.966797
1135.525391	23039.177734
1134.419922	22465.314453
1133.313477	22366.505859
1132.207031	22792.763672
1131.100586	22720.169922
1129.994141	22411.441406
1128.886719	22618.792969
1127.780273	22635.894531
1126.672852	22213.738281
1125.565430	22375.115234
1124.457031	22427.203125
1123.348633	22433.404297
1122.241211	22823.894531
1121.131836	22679.378906
1120.023438	22733.535156
1118.914063	23040.791016
1117.804688	23153.751953
1116.695313	23181.595703
1115.585938	23641.208984
1114.475586	24275.050781
1113.366211	25078.646484
1112.254883	25448.212891
1111.144531	26257.757813
1110.034180	26844.761719
1108.922852	28067.482422
1107.811523	28843.296875
1106.699219	29385.837891
1105.587891	30272.050781
1104.475586	31244.933594
1103.363281	31314.500000
1102.250977	31564.576172
1101.138672	31999.402344
1100.025391	31736.089844
1098.912109	31735.923828
1097.798828	31072.873047
1096.684570	30310.144531
1095.571289	29495.595703
1094.457031	28594.509766
1093.341797	27845.810547
1092.227539	26932.419922
1091.112305	26008.562500
1089.998047	25401.937500
1088.881836	24684.912109
1087.766602	24141.726563
1086.650391	23453.460938
1085.535156	23183.974609
1084.418945	22734.666016
1083.301758	22727.701172
1082.185547	22276.507813
1081.068359	22382.298828
1079.951172	22182.628906
1078.833984	22130.302734
1077.715820	22080.164063
1076.597656	22114.466797
1075.479492	22092.484375
1074.361328	22423.205078
1073.242188	22327.609375
1072.124023	22755.466797
1071.004883	22796.070313
1069.884766	22990.156250
1068.765625	23501.896484
1067.645508	23233.285156
1066.525391	23805.250000
1065.405273	23880.144531
1064.285156	24265.998047
1063.164063	24355.875000
1062.042969	24711.240234
1060.921875	24721.125000
1059.800781	25119.414063
1058.678711	25168.039063
1057.556641	25225.269531
1056.434570	25385.984375
1055.311523	25464.701172
1054.189453	25211.425781
1053.066406	25434.535156
1051.943359	25246.011719
1050.820313	25167.427734
1049.696289	25164.257813
1048.572266	24674.445313
1047.448242	24802.701172
1046.324219	24306.712891
1045.199219	24719.039063
1044.074219	24287.820313
1042.949219	24426.796875
1041.824219	24133.453125
1040.698242	24115.443359
1039.573242	23936.216797
1038.447266	24042.906250
1037.320313	23883.107422
1036.194336	23263.644531
1035.067383	23273.751953
1033.940430	23384.781250
1032.813477	23568.755859
1031.685547	23877.146484
1030.558594	24683.275391
1029.430664	24439.890625
1028.301758	24522.660156
1027.173828	24448.835938
1026.044922	24460.808594
1024.916016	24466.341797
1023.787109	24812.652344
1022.657227	24826.679688
1021.528320	24964.955078
1020.398438	24691.923828
1019.268555	24682.404297
1018.137695	24861.296875
1017.006836	24618.423828
1015.876953	24649.583984
1014.745117	24419.695313
1013.614258	24228.406250
1012.482422	23930.259766
1011.350586	24363.529297
1010.218750	24279.261719
1009.086914	24304.033203
1007.954102	24461.281250
1006.821289	24494.546875
1005.688477	24848.197266
1004.555664	25107.732422
1003.421875	24978.566406
1002.288086	24855.857422
1001.154297	24820.701172
1000.020508	23902.189453
998.885742	23993.111328
997.750977	23533.722656
996.616211	23289.896484
995.481445	23131.451172
994.345703	22909.126953
993.209961	22710.335938
992.074219	23123.103516
990.938477	23013.814453
989.801758	22962.072266
988.665039	23378.775391
987.528320	23222.666016
986.391602	23209.216797
985.253906	22748.921875
984.116211	23024.902344
982.978516	23315.654297
981.840820	23168.220703
980.702148	23382.277344
979.564453	23292.281250
978.425781	23419.085938
977.286133	23683.941406
976.147461	23285.919922
975.007813	23338.308594
973.868164	23526.566406
972.727539	23617.089844
971.587891	24081.123047
970.447266	24460.076172
969.306641	24484.572266
968.166016	25170.832031
967.024414	25101.855469
965.882813	25238.564453
964.741211	25373.093750
963.599609	25492.728516
962.457031	25669.517578
961.315430	25119.630859
960.172852	25182.054688
959.029297	25149.164063
957.886719	25086.648438
956.743164	25053.789063
955.599609	25006.128906
954.456055	24533.240234
953.311523	24219.191406
952.166992	24455.113281
951.022461	24031.267578
949.877930	24144.521484
948.732422	23870.972656
947.586914	23848.980469
946.441406	24156.546875
945.295898	24229.542969
944.150391	24405.976563
943.003906	25040.453125
941.857422	25168.087891
940.709961	25888.648438
939.563477	26697.511719
938.416016	27250.796875
937.268555	28381.685547
936.121094	29448.835938
934.972656	30932.914063
933.824219	33000.152344
932.675781	35032.789063
931.527344	37437.437500
930.377930	39556.718750
929.229492	41586.648438
928.080078	43232.546875
926.929688	44395.722656
925.780273	44651.402344
924.629883	44953.253906
923.479492	44055.968750
922.328125	42549.179688
921.177734	40691.894531
920.026367	39270.546875
918.875000	36521.519531
917.723633	34401.945313
916.571289	32203.441406
915.418945	30606.580078
914.266602	28867.605469
913.114258	27448.492188
911.960938	26949.353516
910.807617	25581.619141
909.654297	25242.548828
908.500977	24763.076172
907.346680	24363.503906
906.193359	24129.744141
905.038086	23961.070313
903.883789	23798.755859
902.728516	23202.751953
901.574219	23560.222656
900.417969	23410.660156
899.262695	23271.628906
898.107422	23467.640625
896.951172	23357.958984
895.794922	23430.392578
894.637695	23224.517578
893.480469	23219.546875
892.324219	23193.662109
891.166016	22971.238281
890.008789	22552.398438
888.850586	22470.238281
887.693359	22607.521484
886.534180	22514.935547
885.375977	22579.041016
884.216797	22634.765625
883.057617	22943.089844
881.898438	22808.757813
880.739258	22488.746094
879.579102	22544.435547
878.418945	22378.980469
877.258789	22561.886719
876.097656	22548.710938
874.937500	22689.806641
873.776367	22807.914063
872.615234	22840.533203
871.453125	22916.888672
870.291016	23001.539063
869.128906	22963.289063
867.966797	22795.966797
866.804688	23070.007813
865.641602	22865.273438
864.478516	22960.240234
863.315430	22439.419922
862.151367	22769.451172
860.987305	22652.281250
859.823242	22522.687500
858.659180	22829.621094
857.495117	23263.179688
856.330078	23158.462891
855.165039	23188.804688
853.999023	23227.435547
852.833984	23126.943359
851.667969	22814.765625
850.501953	22801.564453
849.335938	22518.634766
848.168945	22895.494141
847.001953	23012.943359
845.834961	22978.970703
844.667969	22953.302734
843.500000	23060.294922
842.332031	23053.267578
841.164063	23234.773438
839.996094	23182.140625
838.827148	23181.300781
837.658203	23265.345703
836.489258	23148.566406
835.320313	23404.351563
834.150391	23297.935547
832.980469	23412.908203
831.810547	23232.078125
830.640625	23142.302734
829.469727	23404.009766
828.298828	23150.953125
827.127930	23544.792969
825.956055	23678.148438
824.784180	24001.474609
823.612305	23965.333984
822.440430	23640.158203
821.268555	23635.070313
820.095703	23402.970703
818.922852	23251.439453
817.750000	22852.427734
816.576172	22709.326172
815.402344	23063.222656
814.228516	23060.318359
813.054688	23657.191406
811.879883	23485.185547
810.706055	23785.037109
809.530273	24022.966797
808.355469	24429.654297
807.180664	24006.441406
806.004883	23947.750000
804.829102	23796.474609
803.652344	23776.945313
802.475586	23494.113281
801.299805	23696.771484
800.122070	23736.902344
798.945313	24046.318359
797.767578	24489.195313
796.589844	24888.728516
795.412109	25000.464844
794.234375	24941.669922
793.055664	25153.968750
791.876953	24896.011719
790.698242	24595.058594
789.518555	24144.421875
788.338867	24424.410156
787.159180	24700.175781
785.979492	24538.978516
784.799805	23854.982422
783.619141	23853.935547
782.438477	23820.093750
781.256836	24011.669922
780.076172	24381.396484
778.894531	24044.318359
777.712891	24129.230469
776.530273	23780.064453
775.348633	23787.210938
774.166016	24238.439453
772.983398	24204.560547
771.799805	23955.908203
770.617188	24265.685547
769.433594	24358.589844
768.249023	24764.226563
767.065430	25414.943359
765.880859	25129.507813
764.696289	25262.998047
763.511719	25576.167969
762.326172	26007.640625
761.141602	26545.089844
759.956055	26710.810547
758.769531	27031.552734
757.583984	27558.224609
756.397461	28245.816406
755.210938	28164.250000
754.023438	29216.384766
752.836914	30184.482422
751.649414	31396.728516
750.461914	32985.414063
749.273438	34184.304688
748.085938	37156.695313
746.897461	40347.718750
745.708984	43622.867188
744.519531	47169.347656
743.330078	50128.207031
742.140625	52247.542969
740.951172	54601.914063
739.761719	55484.914063
738.571289	54720.601563
737.380859	53131.300781
736.189453	50656.574219
734.999023	49666.218750
733.807617	48168.421875
732.616211	47128.250000
731.424805	46025.578125
730.232422	45761.835938
729.040039	45808.753906
727.847656	45427.472656
726.654297	45212.714844
725.461914	44570.054688
724.268555	43958.089844
723.075195	42484.691406
721.880859	41423.425781
720.686523	39831.640625
719.492188	37920.398438
718.297852	36585.300781
717.102539	35333.816406
715.908203	35004.199219
714.712891	33666.542969
713.516602	33236.226563
712.321289	32613.849609
711.125000	31473.822266
709.928711	31017.957031
708.731445	30942.470703
707.535156	30656.746094
706.337891	30496.466797
705.139648	30010.886719
703.942383	29475.003906
702.744141	29022.171875
701.545898	28240.337891
700.347656	28207.957031
699.148438	28716.611328
697.950195	29021.193359
696.750000	29446.714844
695.550781	29535.138672
694.351563	29260.462891
693.151367	30302.712891
691.951172	31534.023438
690.750000	32377.787109
689.548828	33803.585938
688.348633	34166.960938
687.146484	34832.335938
685.945313	35745.125000
684.743164	37295.792969
683.541016	38731.042969
682.338867	39491.441406
681.135742	39189.074219
679.932617	38196.816406
678.729492	37418.183594
677.526367	36456.898438
676.322266	35544.277344
675.119141	35568.707031
673.914063	35709.675781
672.709961	36194.136719
671.504883	35752.390625
670.299805	35859.078125
669.094727	36116.304688
667.889648	36493.859375
666.683594	36666.539063
665.477539	37988.859375
664.270508	39320.632813
663.064453	40483.351563
661.857422	41031.976563
660.650391	41526.234375
659.443359	40947.968750
658.235352	40692.574219
657.027344	40473.351563
655.819336	39919.718750
654.610352	38881.707031
653.402344	38210.531250
652.193359	37805.871094
650.983398	37117.210938
649.774414	36947.054688
648.564453	36086.839844
647.354492	35123.003906
646.144531	34243.562500
644.933594	33556.410156
643.722656	32813.597656
642.511719	31943.220703
641.300781	30787.541016
640.088867	30545.142578
638.876953	30334.796875
637.665039	30336.166016
636.452148	29658.884766
635.239258	29847.982422
634.026367	29957.189453
632.813477	30018.472656
631.599609	30255.224609
630.386719	30089.113281
629.171875	30357.636719
627.958008	31754.066406
626.743164	31521.976563
625.528320	31301.939453
624.313477	30874.863281
623.098633	30973.658203
621.882813	30972.865234
620.666992	30365.011719
619.451172	30306.640625
618.234375	29416.685547
617.017578	29092.009766
615.800781	28864.916016
614.583984	28484.830078
613.366211	27671.576172
612.148438	27339.607422
610.930664	26614.378906
609.711914	26680.074219
608.493164	26743.751953
607.274414	26761.732422
606.055664	26468.035156
604.836914	26817.513672
603.617188	26674.732422
602.397461	26107.470703
601.176758	25937.136719
599.957031	25983.021484
598.736328	26082.412109
597.514648	25402.787109
596.293945	24990.986328
595.072266	25062.785156
593.850586	24639.349609
592.628906	24441.861328
591.406250	24280.095703
590.183594	24565.769531
588.960938	24291.238281
587.738281	24426.404297
586.514648	24862.197266
585.291016	25145.509766
584.067383	25395.082031
582.842773	25836.302734
581.619141	25965.044922
580.394531	26226.125000
579.168945	26253.964844
577.944336	26570.167969
576.718750	27113.328125
575.493164	27214.000000
574.266602	27425.164063
573.040039	27539.533203
571.813477	28010.968750
570.586914	28247.457031
569.360352	28383.259766
568.132813	28028.042969
566.905273	27477.820313
565.676758	27781.220703
564.449219	27643.109375
563.220703	27447.927734
561.992188	27422.210938
560.762695	27110.982422
559.533203	27477.117188
558.303711	27626.582031
557.074219	27465.062500
555.844727	27108.837891
554.614258	27226.808594
553.383789	27024.179688
552.152344	27283.671875
550.920898	26921.894531
549.690430	26534.728516
548.458008	25630.982422
547.226563	25330.697266
545.994141	25562.773438
544.761719	25366.697266
543.529297	25341.496094
542.295898	25803.041016
541.062500	26366.419922
539.829102	26276.269531
538.594727	25801.730469
537.361328	25513.687500
536.126953	25825.681641
534.891602	26460.949219
533.657227	26641.298828
532.421875	26212.253906
531.186523	26359.277344
529.951172	25536.849609
528.714844	26576.763672
527.478516	26807.775391
526.242188	27105.224609
525.004883	27355.580078
523.767578	27682.117188
522.530273	27930.277344
521.292969	27793.125000
520.054688	27233.773438
518.816406	27159.375000
517.578125	26705.921875
516.339844	26510.544922
515.100586	25766.406250
513.861328	25862.277344
512.622070	25921.011719
511.381836	26374.000000
510.141602	26934.119141
508.901367	26895.021484
507.661133	27507.439453
506.419922	27302.464844
505.178711	27399.787109
503.937500	26682.251953
502.695313	26358.705078
