1802.218750	8972.353516
1801.250000	9109.698242
1800.280273	9190.268555
1799.310547	9200.914063
1798.340820	9056.822266
1797.371094	8461.159180
1796.401367	7943.069336
1795.430664	7784.348633
1794.460938	8057.098633
1793.490234	8254.943359
1792.519531	8604.762695
1791.547852	8792.449219
1790.577148	8656.140625
1789.605469	8163.644531
1788.633789	8072.347168
1787.662109	8277.419922
1786.690430	8280.744141
1785.717773	8739.590820
1784.745117	9116.125977
1783.772461	9766.212891
1782.799805	9530.415039
1781.827148	9468.815430
1780.853516	9936.910156
1779.880859	10481.890625
1778.907227	10698.536133
1777.933594	10288.819336
1776.958984	9772.422852
1775.985352	9191.641602
1775.010742	8668.218750
1774.036133	8634.202148
1773.061523	8975.091797
1772.086914	9422.580078
1771.111328	10214.851563
1770.135742	10406.342773
1769.161133	10853.275391
1768.184570	11111.528320
1767.208984	11020.032227
1766.233398	11493.842773
1765.256836	11394.869141
1764.280273	11434.716797
1763.303711	11254.027344
1762.326172	10902.477539
1761.349609	10469.333984
1760.372070	10781.723633
1759.394531	11054.375000
1758.416992	11886.332031
1757.439453	12614.013672
1756.460938	13017.269531
1755.483398	13331.306641
1754.504883	12801.821289
1753.525391	12106.868164
1752.546875	11498.724609
1751.568359	11390.130859
1750.588867	11649.807617
1749.609375	12322.006836
1748.629883	12613.504883
1747.649414	12109.598633
1746.669922	11472.549805
1745.689453	11391.245117
1744.708984	10833.582031
1743.728516	10939.994141
1742.748047	11132.719727
1741.766602	11310.567383
1740.785156	11165.248047
1739.804688	11241.916016
1738.822266	11069.547852
1737.840820	10919.433594
1736.858398	10530.333008
1735.876953	10439.518555
1734.894531	10678.835938
1733.912109	11341.675781
1732.928711	11617.651367
1731.946289	11615.318359
1730.962891	11005.014648
1729.979492	10493.392578
1728.996094	9868.795898
1728.011719	9847.133789
1727.028320	10250.963867
1726.043945	11050.522461
1725.059570	11783.380859
1724.075195	11916.201172
1723.089844	11810.592773
1722.105469	11311.910156
1721.120117	10837.993164
1720.134766	10364.264648
1719.149414	10470.223633
1718.163086	10463.208984
1717.177734	10792.463867
1716.191406	10731.397461
1715.205078	10734.146484
1714.218750	11205.422852
1713.231445	11573.501953
1712.245117	12564.250000
1711.257813	12865.714844
1710.270508	12490.566406
1709.283203	12257.701172
1708.294922	12083.731445
1707.307617	11775.103516
1706.319336	12061.725586
1705.331055	12299.259766
1704.342773	12876.984375
1703.353516	13425.103516
1702.364258	14296.019531
1701.375977	14645.455078
1700.385742	14857.765625
1699.396484	15522.432617
1698.407227	15507.082031
1697.416992	15677.530273
1696.426758	15371.297852
1695.436523	15463.504883
1694.446289	15484.823242
1693.455078	16168.097656
1692.464844	16841.326172
1691.473633	17279.880859
1690.482422	17588.875000
1689.490234	17558.482422
1688.499023	17406.091797
1687.506836	18024.714844
1686.514648	18162.558594
1685.522461	18573.484375
1684.530273	18269.835938
1683.537109	17500.697266
1682.543945	16985.341797
1681.550781	17123.251953
1680.557617	16917.587891
1679.564453	17559.662109
1678.570313	17573.169922
1677.577148	17942.152344
1676.583008	18245.259766
1675.587891	18217.240234
1674.593750	17838.832031
1673.598633	17596.814453
1672.604492	17997.035156
1671.609375	17419.484375
1670.613281	17060.988281
1669.618164	16513.027344
1668.622070	16033.335938
1667.626953	16222.063477
1666.630859	16279.524414
1665.633789	16222.802734
1664.637695	16372.519531
1663.640625	16255.100586
1662.643555	15140.043945
1661.646484	14819.054688
1660.649414	15192.166992
1659.652344	15249.749023
1658.654297	15033.225586
1657.656250	15275.115234
1656.658203	15720.565430
1655.660156	15901.615234
1654.661133	16288.592773
1653.662109	15868.538086
1652.664063	15266.959961
1651.664063	14760.084961
1650.665039	14890.289063
1649.666016	15202.021484
1648.666016	15942.074219
1647.666016	16117.940430
1646.666016	16034.833984
1645.665039	15540.508789
1644.665039	15319.689453
1643.664063	15720.423828
1642.663086	15842.963867
1641.662109	15830.091797
1640.660156	15249.301758
1639.659180	15180.980469
1638.657227	14977.406250
1637.655273	15438.098633
1636.653320	15630.569336
1635.650391	15388.397461
1634.648438	14994.254883
1633.645508	15420.783203
1632.642578	15412.836914
1631.638672	14765.635742
1630.635742	14639.645508
1629.631836	15077.953125
1628.627930	15453.401367
1627.624023	16195.067383
1626.620117	16678.580078
1625.615234	16504.136719
1624.611328	16679.052734
1623.606445	15972.425781
1622.601563	15533.361328
1621.595703	15029.473633
1620.590820	14386.188477
1619.584961	14347.177734
1618.579102	13879.922852
1617.573242	14189.821289
1616.566406	14148.466797
1615.560547	14369.216797
1614.553711	14392.749023
1613.546875	14832.079102
1612.540039	15951.286133
1611.532227	16551.089844
1610.525391	16809.558594
1609.517578	17027.095703
1608.509766	16860.371094
1607.500977	16336.023438
1606.493164	15895.892578
1605.484375	16175.824219
1604.475586	17300.134766
1603.466797	17833.923828
1602.458008	18192.427734
1601.448242	17718.794922
1600.439453	17307.677734
1599.429688	17376.068359
1598.418945	17192.826172
1597.409180	17467.242188
1596.398438	17688.851563
1595.388672	17812.183594
1594.377930	18194.044922
1593.366211	19392.031250
1592.355469	20029.498047
1591.343750	20559.029297
1590.333008	20023.759766
1589.320313	19940.763672
1588.308594	19549.314453
1587.296875	19272.787109
1586.284180	19321.460938
1585.271484	19938.910156
1584.258789	19583.617188
1583.246094	20023.978516
1582.232422	20683.898438
1581.218750	21486.826172
1580.205078	21346.373047
1579.191406	21179.720703
1578.177734	21175.417969
1577.163086	21462.208984
1576.149414	21033.222656
1575.134766	20986.015625
1574.119141	20738.525391
1573.104492	20865.433594
1572.088867	21504.761719
1571.073242	21390.765625
1570.057617	21574.644531
1569.041992	21894.228516
1568.026367	22270.839844
1567.009766	22073.435547
1565.993164	22271.304688
1564.976563	22000.191406
1563.959961	21883.869141
1562.942383	22055.480469
1561.924805	22284.111328
1560.907227	22736.203125
1559.889648	22493.798828
1558.872070	21937.687500
1557.853516	21876.179688
1556.834961	21327.546875
1555.816406	21560.791016
1554.797852	21736.929688
1553.778320	22321.472656
1552.759766	22193.460938
1551.740234	21927.810547
1550.720703	21410.685547
1549.701172	21026.654297
1548.680664	20785.126953
1547.660156	20847.308594
1546.639648	20553.738281
1545.619141	20812.734375
1544.598633	20441.062500
1543.577148	19898.896484
1542.555664	19868.777344
1541.534180	20397.771484
1540.512695	20791.539063
1539.491211	21142.517578
1538.468750	21081.384766
1537.446289	21290.130859
1536.423828	21174.558594
1535.401367	21392.662109
1534.377930	21262.917969
1533.355469	21244.392578
1532.332031	21348.837891
1531.308594	20855.083984
1530.284180	20713.730469
1529.260742	20416.457031
1528.236328	20492.628906
1527.211914	20644.361328
1526.187500	20498.439453
1525.162109	20813.041016
1524.137695	21186.535156
1523.112305	21184.572266
1522.086914	21187.328125
1521.060547	21036.718750
1520.035156	20978.167969
1519.008789	21032.847656
1517.982422	21092.220703
1516.956055	21252.939453
1515.929688	21826.072266
1514.902344	21732.066406
1513.875000	21762.968750
1512.847656	22290.886719
1511.820313	22710.251953
1510.792969	22813.925781
1509.764648	23047.033203
1508.736328	23644.863281
1507.708008	23630.619141
1506.679688	23943.404297
1505.650391	24056.123047
1504.622070	24164.089844
1503.592773	24145.044922
1502.563477	24911.164063
1501.533203	24964.828125
1500.503906	25030.220703
1499.473633	25170.761719
1498.443359	24782.751953
1497.413086	24660.265625
1496.381836	24462.697266
1495.350586	24229.994141
1494.320313	24114.732422
1493.288086	24006.556641
1492.256836	23656.789063
1491.225586	23766.878906
1490.193359	23309.427734
1489.161133	23201.500000
1488.128906	23105.333984
1487.095703	22798.285156
1486.063477	23201.318359
1485.030273	22664.796875
1483.997070	22854.554688
1482.963867	23271.375000
1481.929688	23446.880859
1480.895508	23254.824219
1479.861328	23664.281250
1478.827148	24150.781250
1477.792969	24487.367188
1476.757813	25015.595703
1475.723633	25524.898438
1474.688477	26394.015625
1473.652344	26650.390625
1472.617188	27011.820313
1471.581055	27730.564453
1470.545898	28201.408203
1469.508789	28718.765625
1468.472656	29735.587891
1467.436523	30506.873047
1466.399414	30759.693359
1465.362305	31600.455078
1464.325195	32137.574219
1463.287109	32956.710938
1462.250000	33232.136719
1461.211914	34129.984375
1460.173828	34565.898438
1459.135742	35230.035156
1458.096680	35041.058594
1457.057617	35339.062500
1456.019531	35464.578125
1454.979492	36486.601563
1453.940430	35850.488281
1452.901367	36359.898438
1451.861328	37383.433594
1450.821289	37962.121094
1449.781250	38984.902344
1448.740234	40625.941406
1447.699219	41468.695313
1446.659180	42166.957031
1445.617188	42404.691406
1444.576172	42119.433594
1443.535156	42031.789063
1442.493164	41333.226563
1441.451172	40384.113281
1440.409180	39502.730469
1439.366211	38055.242188
1438.324219	36629.234375
1437.281250	35394.101563
1436.238281	34266.203125
1435.194336	33567.902344
1434.151367	32614.775391
1433.107422	32295.046875
1432.063477	31307.794922
1431.019531	30606.033203
1429.975586	30430.580078
1428.930664	29977.181641
1427.885742	29239.058594
1426.840820	28705.033203
1425.795898	28664.400391
1424.750000	28797.400391
1423.705078	28571.609375
1422.659180	28463.919922
1421.613281	28696.353516
1420.566406	28593.304688
1419.520508	28469.484375
1418.473633	28632.408203
1417.426758	28395.361328
1416.379883	28694.583984
1415.332031	29416.525391
1414.284180	28948.443359
1413.236328	29658.482422
1412.188477	29331.400391
1411.140625	29392.316406
1410.091797	29273.162109
1409.043945	29331.753906
1407.995117	29226.501953
1406.945313	28994.416016
1405.896484	29149.890625
1404.846680	28751.888672
1403.796875	28607.644531
1402.747070	28212.220703
1401.697266	27694.822266
1400.646484	27327.394531
1399.595703	27139.789063
1398.544922	26820.986328
1397.494141	26490.800781
1396.443359	26181.468750
1395.391602	26242.820313
1394.339844	25685.142578
1393.288086	25256.529297
1392.236328	25161.615234
1391.183594	25048.343750
1390.130859	24645.414063
1389.078125	24493.212891
1388.025391	24322.685547
1386.972656	24287.798828
1385.918945	24229.951172
1384.865234	24571.779297
1383.811523	24640.195313
1382.757813	25114.958984
1381.703125	25380.638672
1380.648438	25728.828125
1379.593750	26166.355469
1378.539063	26284.832031
1377.484375	26644.082031
1376.428711	26838.080078
1375.373047	26768.349609
1374.317383	27232.708984
1373.260742	27527.292969
1372.205078	27173.351563
1371.148438	27717.509766
1370.091797	27663.693359
1369.035156	27696.906250
1367.977539	27972.769531
1366.920898	27877.728516
1365.863281	28082.498047
1364.805664	28520.542969
1363.747070	28640.458984
1362.689453	28625.394531
1361.630859	29104.207031
1360.572266	29148.484375
1359.513672	29380.154297
1358.454102	29534.035156
1357.394531	30105.923828
1356.334961	30657.019531
1355.275391	31536.724609
1354.215820	31886.376953
1353.155273	32486.974609
1352.094727	33548.328125
1351.034180	34020.550781
1349.973633	35437.019531
1348.913086	36296.390625
1347.851563	37356.070313
1346.790039	38606.812500
1345.728516	39515.132813
1344.666016	40322.804688
1343.604492	41781.769531
1342.541992	42527.125000
1341.479492	43673.011719
1340.416016	44929.992188
1339.353516	46263.851563
1338.290039	47237.539063
1337.226563	48249.503906
1336.163086	48887.925781
1335.099609	49087.074219
1334.035156	49636.359375
1332.970703	49892.109375
1331.906250	49347.566406
1330.841797	48441.875000
1329.776367	48063.726563
1328.710938	47004.187500
1327.645508	46126.789063
1326.580078	44532.152344
1325.514648	43471.722656
1324.448242	41835.164063
1323.381836	40487.500000
1322.315430	39417.214844
1321.248047	38701.261719
1320.181641	37699.828125
1319.114258	36753.226563
1318.046875	36296.718750
1316.979492	35198.929688
1315.911133	34693.070313
1314.842773	34683.613281
1313.774414	34159.945313
1312.706055	33901.468750
1311.637695	34125.398438
1310.568359	33774.218750
1309.499023	33817.003906
1308.429688	33581.437500
1307.360352	33418.363281
1306.290039	33223.687500
1305.220703	32798.417969
1304.150391	32947.621094
1303.079102	32504.496094
1302.008789	31901.087891
1300.937500	31596.197266
1299.866211	31094.886719
1298.794922	30207.546875
1297.723633	29876.093750
1296.651367	29282.878906
1295.579102	28556.728516
1294.506836	27880.527344
1293.434570	27509.212891
1292.362305	27566.662109
1291.289063	26884.318359
1290.215820	27020.792969
1289.142578	26884.421875
1288.068359	26531.720703
1286.995117	26379.730469
1285.920898	26353.970703
1284.846680	26012.857422
1283.771484	26642.548828
1282.697266	26513.169922
1281.622070	26590.953125
1280.546875	26828.501953
1279.471680	26726.164063
1278.395508	26918.587891
1277.320313	26773.533203
1276.244141	26779.208984
1275.166992	26753.406250
1274.090820	26651.181641
1273.013672	26775.988281
1271.937500	26581.673828
1270.860352	26890.654297
1269.782227	26894.042969
1268.705078	27245.492188
1267.626953	27031.029297
1266.548828	27191.505859
1265.470703	27134.232422
1264.391602	27254.230469
1263.313477	27179.017578
1262.234375	26756.205078
1261.154297	26593.673828
1260.075195	26175.640625
1258.995117	25798.123047
1257.916016	25584.347656
1256.835938	24776.943359
1255.754883	24695.625000
1254.674805	24314.244141
1253.593750	23825.548828
1252.512695	23478.083984
1251.431641	23023.333984
1250.349609	23081.191406
1249.268555	22727.382813
1248.186523	22422.929688
1247.104492	22339.988281
1246.021484	22312.974609
1244.939453	22391.029297
1243.856445	22415.414063
1242.773438	22381.693359
1241.689453	22332.349609
1240.606445	21985.976563
1239.522461	22046.148438
1238.438477	22193.361328
1237.354492	22304.798828
1236.269531	22039.050781
1235.185547	22003.218750
1234.100586	21666.261719
1233.015625	21429.802734
1231.929688	21436.480469
1230.844727	21505.572266
1229.758789	21630.353516
1228.672852	21550.076172
1227.585938	21509.933594
1226.500000	21930.875000
1225.413086	21607.845703
1224.326172	21776.998047
1223.239258	21518.689453
1222.151367	21264.935547
1221.063477	21267.169922
1219.976563	21480.740234
1218.887695	21576.339844
1217.799805	21462.873047
1216.710938	21442.826172
1215.622070	21391.669922
1214.533203	21364.978516
1213.444336	21153.884766
1212.354492	21320.507813
1211.265625	21600.326172
1210.175781	21300.496094
1209.084961	21242.765625
1207.995117	21067.423828
1206.904297	21433.597656
1205.813477	21293.783203
1204.722656	21628.701172
1203.630859	21692.925781
1202.540039	21462.236328
1201.448242	21060.957031
1200.356445	21023.308594
1199.263672	20817.275391
1198.171875	20146.109375
1197.079102	19876.113281
1195.986328	20246.185547
1194.892578	20503.193359
1193.799805	21209.425781
1192.706055	21492.677734
1191.612305	21740.408203
1190.518555	21746.917969
1189.423828	21454.857422
1188.330078	21667.058594
1187.235352	21859.273438
1186.140625	21651.355469
1185.044922	21162.884766
1183.949219	21474.382813
1182.854492	21434.542969
1181.757813	21160.632813
1180.662109	21019.308594
1179.565430	20878.044922
1178.469727	20648.558594
1177.373047	20602.308594
1176.275391	20578.136719
1175.178711	20631.169922
1174.081055	20783.410156
1172.983398	20783.464844
1171.885742	20347.082031
1170.787109	20464.023438
1169.688477	20517.019531
1168.590820	20191.105469
1167.491211	20391.691406
1166.392578	20387.416016
1165.292969	20279.671875
1164.193359	20486.712891
1163.093750	20698.066406
1161.994141	20493.519531
1160.893555	20632.195313
1159.792969	20766.412109
1158.692383	20795.035156
1157.591797	20535.679688
1156.490234	20542.357422
1155.389648	20911.585938
1154.288086	20709.482422
1153.185547	20821.542969
1152.083984	20757.882813
1150.981445	21131.140625
1149.878906	20883.062500
1148.776367	21087.156250
1147.672852	21058.593750
1146.570313	21398.566406
1145.466797	21479.605469
1144.363281	21444.396484
1143.258789	21560.462891
1142.155273	21858.396484
1141.050781	21608.378906
1139.946289	22190.982422
1138.840820	21816.146484
1137.736328	21864.119141
1136.630859	21423.824219
1135.525391	21471.855469
1134.419922	21421.384766
1133.313477	21430.009766
1132.207031	21554.574219
1131.100586	21232.904297
1129.994141	21121.291016
1128.886719	21136.525391
1127.780273	21024.978516
1126.672852	20939.699219
1125.565430	21027.058594
1124.457031	21092.537109
1123.348633	21040.052734
1122.241211	21472.322266
1121.131836	21365.201172
1120.023438	21434.912109
1118.914063	21626.791016
1117.804688	21938.578125
1116.695313	22348.384766
1115.585938	22777.644531
1114.475586	23073.724609
1113.366211	23853.597656
1112.254883	24907.736328
1111.144531	25294.691406
1110.034180	26339.367188
1108.922852	27472.896484
1107.811523	28266.255859
1106.699219	29224.736328
1105.587891	30102.277344
1104.475586	30816.236328
1103.363281	31144.796875
1102.250977	31353.582031
1101.138672	30940.294922
1100.025391	31355.587891
1098.912109	30414.226563
1097.798828	29975.312500
1096.684570	29314.943359
1095.571289	28250.771484
1094.457031	27195.734375
1093.341797	26432.128906
1092.227539	25573.316406
1091.112305	24556.406250
1089.998047	23574.646484
1088.881836	23176.955078
1087.766602	22642.765625
1086.650391	22160.853516
1085.535156	21828.755859
1084.418945	21583.515625
1083.301758	21418.570313
1082.185547	20880.974609
1081.068359	20906.900391
1079.951172	20872.162109
1078.833984	20631.705078
1077.715820	20614.359375
1076.597656	20742.052734
1075.479492	20545.058594
1074.361328	20713.822266
1073.242188	20938.759766
1072.124023	21260.929688
1071.004883	21362.396484
1069.884766	21476.791016
1068.765625	21833.224609
1067.645508	22064.164063
1066.525391	22361.984375
1065.405273	22335.658203
1064.285156	22628.972656
1063.164063	22900.568359
1062.042969	22792.109375
1060.921875	23123.984375
1059.800781	23388.828125
1058.678711	23092.636719
1057.556641	23113.636719
1056.434570	23294.207031
1055.311523	23069.367188
1054.189453	22913.599609
1053.066406	22928.150391
1051.943359	22766.011719
1050.820313	22666.410156
1049.696289	22674.539063
1048.572266	22766.638672
1047.448242	22415.216797
1046.324219	22494.416016
1045.199219	21917.248047
1044.074219	21895.396484
1042.949219	21843.441406
1041.824219	22118.388672
1040.698242	21565.433594
1039.573242	21668.349609
1038.447266	21180.195313
1037.320313	21076.869141
1036.194336	20574.007813
1035.067383	20374.199219
1033.940430	20389.210938
1032.813477	21041.845703
1031.685547	21599.757813
1030.558594	21998.630859
1029.430664	22118.412109
1028.301758	22641.416016
1027.173828	22527.242188
1026.044922	22254.447266
1024.916016	22753.505859
1023.787109	22960.867188
1022.657227	22893.857422
1021.528320	22963.988281
1020.398438	22695.664063
1019.268555	22658.730469
1018.137695	22557.580078
1017.006836	22691.931641
1015.876953	22466.691406
1014.745117	22162.375000
1013.614258	22335.226563
1012.482422	22366.847656
1011.350586	21977.212891
1010.218750	21906.277344
1009.086914	21950.789063
1007.954102	21890.570313
1006.821289	22165.800781
1005.688477	22607.523438
1004.555664	22641.164063
1003.421875	22546.683594
1002.288086	22682.783203
1001.154297	21745.324219
1000.020508	21905.005859
998.885742	21646.492188
997.750977	21225.992188
996.616211	21168.173828
995.481445	21065.609375
994.345703	20794.699219
993.209961	21069.447266
992.074219	20971.224609
990.938477	21058.365234
989.801758	21245.560547
988.665039	21477.386719
987.528320	21626.093750
986.391602	21315.021484
985.253906	21459.439453
984.116211	21601.667969
982.978516	21958.658203
981.840820	21858.296875
980.702148	22195.943359
979.564453	21742.722656
978.425781	22246.007813
977.286133	22181.785156
976.147461	21934.902344
975.007813	21558.574219
973.868164	21813.033203
972.727539	22258.445313
971.587891	22680.316406
970.447266	23286.621094
969.306641	23621.109375
968.166016	23643.656250
967.024414	23797.671875
965.882813	23542.423828
964.741211	23668.835938
963.599609	23990.164063
962.457031	23925.728516
961.315430	23759.636719
960.172852	23165.796875
959.029297	23321.789063
957.886719	23357.044922
956.743164	23102.314453
955.599609	23008.517578
954.456055	22753.966797
953.311523	22518.560547
952.166992	22547.597656
951.022461	22453.990234
949.877930	22438.636719
948.732422	22271.121094
947.586914	22365.681641
946.441406	22458.089844
945.295898	22837.697266
944.150391	22965.859375
943.003906	23003.183594
941.857422	23734.916016
940.709961	24116.031250
939.563477	24648.888672
938.416016	25424.093750
937.268555	26435.164063
936.121094	27599.716797
934.972656	28919.765625
933.824219	30007.417969
932.675781	31735.164063
931.527344	33628.597656
930.377930	35293.750000
929.229492	37000.304688
928.080078	37933.480469
926.929688	38287.417969
925.780273	38540.191406
924.629883	38027.007813
923.479492	36775.710938
922.328125	35684.781250
921.177734	34022.402344
920.026367	32409.080078
918.875000	30821.666016
917.723633	29573.232422
916.571289	27585.841797
915.418945	26710.394531
914.266602	25436.335938
913.114258	24742.273438
911.960938	23800.820313
910.807617	23348.736328
909.654297	22991.259766
908.500977	22690.572266
907.346680	22582.957031
906.193359	22188.126953
905.038086	22160.322266
903.883789	21847.488281
902.728516	21675.179688
901.574219	21699.875000
900.417969	21724.556641
899.262695	21828.800781
898.107422	21499.615234
896.951172	21706.427734
895.794922	21463.210938
894.637695	21278.679688
893.480469	21179.992188
892.324219	21409.695313
891.166016	21346.564453
890.008789	21339.904297
888.850586	20915.234375
887.693359	21140.613281
886.534180	21286.505859
885.375977	21175.421875
884.216797	21477.863281
883.057617	21590.179688
881.898438	21188.955078
880.739258	21180.240234
879.579102	21221.605469
878.418945	21413.146484
877.258789	21398.128906
876.097656	21762.613281
874.937500	21432.736328
873.776367	21471.912109
872.615234	21681.941406
871.453125	21843.960938
870.291016	21718.468750
869.128906	21499.318359
867.966797	21838.240234
866.804688	21798.171875
865.641602	21433.462891
864.478516	21443.429688
863.315430	21284.892578
862.151367	20797.816406
860.987305	21213.380859
859.823242	21119.437500
858.659180	21401.730469
857.495117	21141.542969
856.330078	21338.529297
855.165039	21714.058594
853.999023	21582.720703
852.833984	21607.156250
851.667969	21102.255859
850.501953	20713.791016
849.335938	20703.119141
848.168945	20891.593750
847.001953	20793.777344
845.834961	21417.593750
844.667969	20697.775391
843.500000	20888.158203
842.332031	21130.263672
841.164063	21210.666016
839.996094	21351.099609
838.827148	21400.353516
837.658203	21269.458984
836.489258	21180.017578
835.320313	21144.421875
834.150391	21506.105469
832.980469	21259.449219
831.810547	21155.605469
830.640625	21328.882813
829.469727	21485.546875
828.298828	21350.712891
827.127930	21571.361328
825.956055	21961.322266
824.784180	21727.324219
823.612305	22067.519531
822.440430	21627.130859
821.268555	21587.386719
820.095703	20790.257813
818.922852	20853.873047
817.750000	20909.208984
816.576172	20948.017578
815.402344	21030.111328
814.228516	21120.414063
813.054688	21521.902344
811.879883	21836.667969
810.706055	22130.695313
809.530273	22445.191406
808.355469	22572.152344
807.180664	22126.691406
806.004883	22111.632813
804.829102	21580.025391
803.652344	21466.326172
802.475586	21809.349609
801.299805	21868.406250
800.122070	22126.888672
798.945313	22547.662109
797.767578	22777.109375
796.589844	23405.103516
795.412109	23227.484375
794.234375	23431.984375
793.055664	23490.591797
791.876953	23173.453125
790.698242	22663.498047
789.518555	22603.201172
788.338867	22553.185547
787.159180	22776.019531
785.979492	22613.185547
784.799805	21868.093750
783.619141	21783.423828
782.438477	21680.343750
781.256836	21983.033203
780.076172	22439.242188
778.894531	21996.076172
777.712891	21874.601563
776.530273	21423.554688
775.348633	21629.761719
774.166016	21975.039063
772.983398	21982.570313
771.799805	21646.435547
770.617188	21829.914063
769.433594	22185.066406
768.249023	22961.183594
767.065430	23017.537109
765.880859	23157.644531
764.696289	22827.812500
763.511719	23398.865234
762.326172	23996.214844
761.141602	24113.525391
759.956055	25041.128906
758.769531	25215.300781
757.583984	25446.523438
756.397461	25932.625000
755.210938	26646.929688
754.023438	27059.154297
752.836914	28276.419922
751.649414	29515.574219
750.461914	30815.320313
749.273438	33014.949219
748.085938	36576.214844
746.897461	40146.125000
745.708984	43633.046875
744.519531	46843.675781
743.330078	50291.003906
742.140625	52711.421875
740.951172	54508.343750
739.761719	54002.359375
738.571289	53321.734375
737.380859	51252.992188
736.189453	49494.066406
734.999023	47607.886719
733.807617	46116.625000
732.616211	45174.390625
731.424805	44433.585938
730.232422	44186.433594
729.040039	44714.734375
727.847656	44187.582031
726.654297	43425.304688
725.461914	42105.546875
724.268555	40354.402344
723.075195	39382.582031
721.880859	37825.355469
720.686523	35758.085938
719.492188	33807.203125
718.297852	32211.675781
717.102539	31295.320313
715.908203	30849.132813
714.712891	30079.224609
713.516602	29696.236328
712.321289	28327.931641
711.125000	27818.027344
709.928711	27362.955078
708.731445	27585.533203
707.535156	27338.951172
706.337891	27215.777344
705.139648	26696.552734
703.942383	26430.115234
702.744141	25897.142578
701.545898	24802.945313
700.347656	24631.988281
699.148438	25042.500000
697.950195	25858.511719
696.750000	26206.021484
695.550781	25970.343750
694.351563	26037.314453
693.151367	26336.158203
691.951172	27701.392578
690.750000	28628.632813
689.548828	29601.816406
688.348633	30171.617188
687.146484	30148.945313
685.945313	30798.929688
684.743164	32223.824219
683.541016	34054.730469
682.338867	34524.316406
681.135742	34343.765625
679.932617	33555.742188
678.729492	32440.220703
677.526367	30882.792969
676.322266	30801.689453
675.119141	30756.800781
673.914063	31111.828125
672.709961	31581.218750
671.504883	31996.169922
670.299805	32294.458984
669.094727	31956.144531
667.889648	32087.697266
666.683594	33159.500000
665.477539	34231.304688
664.270508	35303.109375
663.064453	36374.914063
661.857422	37446.718750
660.650391	37909.679688
659.443359	37765.128906
658.235352	37570.546875
657.027344	36933.285156
655.819336	36102.007813
654.610352	35807.777344
653.402344	35273.417969
652.193359	35313.773438
650.983398	34299.449219
649.774414	33363.593750
648.564453	32270.117188
647.354492	31781.097656
646.144531	30818.404297
644.933594	29986.070313
643.722656	29196.066406
642.511719	28286.515625
641.300781	27199.556641
640.088867	26374.720703
638.876953	26466.816406
637.665039	26642.720703
636.452148	26121.935547
635.239258	26074.328125
634.026367	26290.101563
632.813477	26559.636719
631.599609	26531.904297
630.386719	26191.146484
629.171875	27317.687500
627.958008	27568.818359
626.743164	28317.972656
625.528320	28034.888672
624.313477	27632.425781
623.098633	27365.539063
621.882813	27588.505859
620.666992	27315.771484
619.451172	26517.814453
618.234375	26199.669922
617.017578	25965.205078
615.800781	25712.943359
614.583984	25377.285156
613.366211	24813.179688
612.148438	24042.638672
610.930664	23385.683594
609.711914	23187.886719
608.493164	23885.869141
607.274414	23829.021484
606.055664	23625.296875
604.836914	23725.322266
603.617188	23666.558594
602.397461	23627.658203
601.176758	23140.519531
599.957031	22843.958984
598.736328	22834.998047
597.514648	22320.599609
596.293945	22050.169922
595.072266	22352.439453
593.850586	21529.470703
592.628906	20873.214844
591.406250	20856.767578
590.183594	20887.832031
588.960938	20750.662109
587.738281	20670.929688
586.514648	21105.568359
585.291016	21767.458984
584.067383	22298.554688
582.842773	22785.921875
581.619141	23132.746094
580.394531	23629.595703
579.168945	24045.226563
577.944336	23943.173828
576.718750	24463.210938
575.493164	24805.332031
574.266602	24768.314453
573.040039	24877.345703
571.813477	25416.447266
570.586914	25935.583984
569.360352	26417.021484
568.132813	25837.458984
566.905273	25461.189453
565.676758	25043.697266
564.449219	24943.625000
563.220703	24853.445313
561.992188	24751.486328
560.762695	25133.974609
559.533203	25087.119141
558.303711	25193.806641
557.074219	25209.923828
555.844727	25131.597656
554.614258	24962.824219
553.383789	24988.810547
552.152344	24719.867188
550.920898	24745.892578
549.690430	24093.894531
548.458008	23538.457031
547.226563	22890.935547
545.994141	22758.251953
544.761719	22855.357422
543.529297	22979.902344
542.295898	23231.962891
541.062500	24027.447266
539.829102	23847.568359
538.594727	23757.990234
537.361328	23164.490234
536.126953	23349.568359
534.891602	23846.214844
533.657227	24209.386719
532.421875	23986.593750
531.186523	23564.099609
529.951172	23970.171875
528.714844	24164.609375
527.478516	24556.666016
526.242188	24424.056641
525.004883	25442.000000
523.767578	26347.992188
522.530273	26074.255859
521.292969	26119.359375
520.054688	25609.248047
518.816406	24982.089844
517.578125	24744.062500
516.339844	23886.839844
515.100586	23201.875000
513.861328	22655.855469
512.622070	23150.664063
511.381836	23594.501953
510.141602	24375.748047
508.901367	24813.265625
507.661133	24936.542969
506.419922	24759.435547
505.178711	24779.328125
503.937500	24103.304688
502.695313	23285.310547
