1802.318359	15357.944336
1801.348633	15103.227539
1800.379883	15030.301758
1799.410156	15142.125977
1798.440430	15086.691406
1797.470703	15163.524414
1796.500977	15504.767578
1795.530273	15404.394531
1794.559570	15333.985352
1793.588867	15507.941406
1792.618164	15375.218750
1791.647461	15421.991211
1790.675781	15536.019531
1789.705078	15654.985352
1788.733398	15923.346680
1787.761719	15678.609375
1786.789063	15780.043945
1785.817383	15719.635742
1784.844727	15858.350586
1783.872070	15890.014648
1782.899414	15976.396484
1781.926758	16102.538086
1780.953125	15940.164063
1779.980469	16073.719727
1779.006836	16045.646484
1778.033203	16042.435547
1777.058594	16280.249023
1776.084961	16291.896484
1775.110352	16353.213867
1774.135742	16258.059570
1773.161133	16383.910156
1772.186523	16460.064453
1771.210938	16578.376953
1770.236328	16537.837891
1769.260742	16641.201172
1768.285156	16942.945313
1767.308594	17085.861328
1766.333008	17124.587891
1765.356445	17393.828125
1764.379883	17288.732422
1763.403320	17604.908203
1762.426758	18012.617188
1761.449219	17662.251953
1760.472656	18040.068359
1759.495117	18244.423828
1758.517578	18441.271484
1757.539063	18360.855469
1756.561523	18795.134766
1755.583008	18598.406250
1754.604492	18453.697266
1753.625977	18464.835938
1752.647461	18688.589844
1751.667969	18440.128906
1750.688477	18616.841797
1749.709961	18432.734375
1748.729492	18500.679688
1747.750000	18430.281250
1746.770508	18078.400391
1745.790039	18158.716797
1744.809570	18088.427734
1743.829102	17934.255859
1742.847656	17965.201172
1741.867188	17705.039063
1740.885742	17856.869141
1739.904297	17586.966797
1738.922852	18268.826172
1737.941406	17875.699219
1736.958984	17803.107422
1735.977539	17801.998047
1734.995117	21801.529297
1734.011719	19954.861328
1733.029297	17818.365234
1732.046875	17903.417969
1731.063477	17560.138672
1730.080078	17608.292969
1729.096680	17722.859375
1728.112305	17613.519531
1727.128906	17863.310547
1726.144531	17849.884766
1725.160156	17993.808594
1724.175781	17805.843750
1723.191406	17989.037109
1722.206055	18226.208984
1721.220703	17999.001953
1720.235352	18226.251953
1719.250000	17954.935547
1718.264648	18201.740234
1717.278320	18171.082031
1716.291992	18481.548828
1715.305664	18433.667969
1714.319336	18658.097656
1713.333008	18556.242188
1712.345703	18741.320313
1711.358398	18754.712891
1710.371094	19000.953125
1709.383789	19212.785156
1708.396484	19353.476563
1707.408203	19036.031250
1706.419922	19504.882813
1705.431641	19366.283203
1704.443359	19558.238281
1703.455078	20097.681641
1702.465820	20093.636719
1701.476563	19910.984375
1700.487305	20190.734375
1699.498047	20463.031250
1698.507813	20304.865234
1697.518555	20726.154297
1696.528320	21105.720703
1695.538086	21013.496094
1694.547852	21278.019531
1693.556641	21400.755859
1692.565430	21977.699219
1691.575195	21638.751953
1690.583008	21937.109375
1689.591797	22315.888672
1688.600586	22218.662109
1687.608398	22233.703125
1686.616211	22773.183594
1685.624023	22922.238281
1684.631836	22607.955078
1683.638672	22791.109375
1682.645508	22684.148438
1681.652344	22716.126953
1680.659180	22604.349609
1679.666016	23169.779297
1678.671875	22970.279297
1677.678711	22770.857422
1676.684570	22685.931641
1675.690430	22579.132813
1674.695313	22684.082031
1673.701172	22385.125000
1672.706055	22906.009766
1671.710938	22925.708984
1670.715820	22775.197266
1669.719727	22549.386719
1668.724609	22522.962891
1667.728516	22618.044922
1666.732422	22596.474609
1665.736328	22346.585938
1664.739258	22271.650391
1663.743164	22466.250000
1662.746094	22408.308594
1661.749023	22182.925781
1660.751953	22142.048828
1659.753906	22428.703125
1658.755859	22521.195313
1657.758789	22397.818359
1656.759766	22315.708984
1655.761719	22650.572266
1654.763672	22481.193359
1653.764648	22702.000000
1652.765625	22547.210938
1651.766602	22668.605469
1650.767578	22671.289063
1649.767578	22874.925781
1648.767578	23059.113281
1647.768555	22822.117188
1646.767578	22863.478516
1645.767578	22764.507813
1644.766602	22972.751953
1643.766602	22948.761719
1642.765625	22965.880859
1641.764648	23188.455078
1640.762695	23222.433594
1639.761719	23210.488281
1638.759766	23391.808594
1637.757813	23184.193359
1636.755859	23553.794922
1635.752930	23220.685547
1634.750977	23131.503906
1633.748047	23435.728516
1632.745117	23551.628906
1631.741211	23295.978516
1630.738281	23329.853516
1629.734375	23392.650391
1628.730469	23520.513672
1627.726563	23814.640625
1626.722656	23703.783203
1625.718750	23653.205078
1624.713867	23725.501953
1623.708984	23595.458984
1622.704102	24048.191406
1621.698242	23800.167969
1620.693359	23954.207031
1619.687500	24052.833984
1618.681641	24165.855469
1617.675781	24372.644531
1616.669922	24288.341797
1615.663086	24271.396484
1614.656250	24345.812500
1613.649414	24417.792969
1612.642578	24621.912109
1611.635742	23939.392578
1610.627930	24746.449219
1609.620117	25142.501953
1608.612305	25086.982422
1607.604492	25089.097656
1606.595703	24791.191406
1605.587891	25388.482422
1604.579102	25589.662109
1603.570313	25920.289063
1602.560547	26039.740234
1601.551758	25928.957031
1600.541992	26173.009766
1599.532227	26726.142578
1598.522461	26591.322266
1597.512695	27204.037109
1596.501953	26963.779297
1595.491211	27353.449219
1594.480469	27599.302734
1593.469727	27710.998047
1592.458984	28169.681641
1591.447266	28697.572266
1590.435547	28806.580078
1589.423828	28480.218750
1588.412109	28641.833984
1587.400391	28896.626953
1586.387695	29017.453125
1585.375000	29279.232422
1584.362305	29041.507813
1583.349609	29092.945313
1582.335938	29060.761719
1581.323242	29076.349609
1580.309570	29134.906250
1579.294922	29525.234375
1578.281250	28970.328125
1577.267578	29181.572266
1576.252930	29209.039063
1575.238281	29172.095703
1574.223633	29142.320313
1573.208008	29162.621094
1572.193359	28863.505859
1571.177734	29186.513672
1570.162109	28935.164063
1569.145508	28979.304688
1568.129883	29044.863281
1567.113281	29619.972656
1566.096680	29206.843750
1565.080078	29422.265625
1564.063477	28926.048828
1563.045898	29177.126953
1562.029297	28902.386719
1561.011719	28898.882813
1559.994141	28921.537109
1558.975586	29036.896484
1557.958008	28420.132813
1556.939453	28599.705078
1555.920898	28593.884766
1554.902344	28500.173828
1553.882813	28321.001953
1552.864258	28422.085938
1551.844727	28380.689453
1550.825195	28332.187500
1549.804688	28378.623047
1548.785156	28529.427734
1547.764648	28504.642578
1546.744141	28389.744141
1545.723633	28661.375000
1544.703125	28404.253906
1543.681641	28388.986328
1542.660156	28632.011719
1541.638672	28668.822266
1540.617188	29212.505859
1539.595703	29002.888672
1538.573242	29146.140625
1537.550781	29353.248047
1536.528320	29160.292969
1535.505859	29062.066406
1534.482422	29214.646484
1533.459961	28877.550781
1532.436523	28881.121094
1531.413086	28931.974609
1530.388672	29183.730469
1529.365234	28832.730469
1528.340820	29037.142578
1527.316406	29215.484375
1526.291992	29167.009766
1525.267578	28738.367188
1524.242188	28904.851563
1523.216797	28858.824219
1522.191406	29065.332031
1521.166016	28615.816406
1520.139648	29011.005859
1519.114258	29028.669922
1518.087891	28801.087891
1517.061523	28889.509766
1516.034180	29112.248047
1515.007813	28962.550781
1513.980469	29239.371094
1512.953125	29153.306641
1511.925781	29495.916016
1510.897461	29506.373047
1509.870117	29533.304688
1508.841797	29689.677734
1507.813477	29862.457031
1506.785156	30388.076172
1505.755859	30207.798828
1504.726563	30260.419922
1503.697266	30273.046875
1502.667969	30299.771484
1501.638672	30462.802734
1500.608398	30216.888672
1499.579102	30238.904297
1498.548828	30188.091797
1497.517578	30050.408203
1496.487305	29893.996094
1495.456055	29709.474609
1494.424805	29895.851563
1493.393555	29413.396484
1492.362305	29522.335938
1491.331055	28843.125000
1490.298828	29085.800781
1489.266602	29051.714844
1488.234375	29087.964844
1487.201172	29096.074219
1486.168945	29284.601563
1485.135742	28873.326172
1484.102539	29230.455078
1483.069336	29442.250000
1482.035156	30234.582031
1481.001953	30324.361328
1479.967773	30203.480469
1478.933594	30461.691406
1477.898438	31269.533203
1476.864258	31656.052734
1475.829102	31983.953125
1474.793945	32826.050781
1473.758789	33233.042969
1472.722656	34088.558594
1471.687500	34576.898438
1470.651367	35065.035156
1469.615234	35634.714844
1468.579102	36341.921875
1467.541992	37219.257813
1466.504883	38131.238281
1465.468750	38720.816406
1464.430664	40000.742188
1463.393555	40948.910156
1462.355469	41829.054688
1461.318359	42529.300781
1460.280273	43429.738281
1459.241211	44301.835938
1458.203125	44833.359375
1457.164063	45350.683594
1456.125000	46000.562500
1455.085938	46072.632813
1454.046875	46612.660156
1453.006836	47278.167969
1451.967773	47724.628906
1450.927734	48457.105469
1449.886719	48814.734375
1448.846680	49455.972656
1447.805664	49143.515625
1446.764648	48640.535156
1445.723633	48267.929688
1444.682617	47430.671875
1443.641602	46145.316406
1442.599609	45053.300781
1441.557617	43892.050781
1440.515625	42341.160156
1439.472656	41074.148438
1438.430664	40387.937500
1437.387695	39047.574219
1436.344727	38408.460938
1435.301758	38029.417969
1434.257813	37216.828125
1433.213867	36258.488281
1432.169922	36225.535156
1431.125977	35886.644531
1430.082031	35204.925781
1429.037109	34766.753906
1427.993164	34609.039063
1426.948242	34354.125000
1425.902344	34205.820313
1424.857422	34247.402344
1423.811523	34203.328125
1422.765625	34774.792969
1421.719727	34716.746094
1420.673828	35142.144531
1419.626953	34822.718750
1418.580078	35592.417969
1417.533203	35453.335938
1416.486328	35621.687500
1415.439453	36007.171875
1414.391602	35759.503906
1413.343750	35844.531250
1412.295898	35562.355469
1411.248047	35559.652344
1410.199219	35628.507813
1409.150391	35291.156250
1408.101563	35145.449219
1407.052734	34907.527344
1406.003906	34395.238281
1404.954102	34385.851563
1403.904297	34095.199219
1402.854492	33661.757813
1401.804688	33074.093750
1400.753906	33182.480469
1399.703125	32756.398438
1398.652344	32376.552734
1397.601563	32715.271484
1396.550781	32185.949219
1395.499023	31880.103516
1394.447266	31659.523438
1393.395508	31772.634766
1392.343750	31570.566406
1391.291016	31157.003906
1390.239258	31157.478516
1389.186523	30691.294922
1388.132813	30818.269531
1387.080078	31112.933594
1386.026367	31122.597656
1384.972656	31511.248047
1383.918945	31238.361328
1382.865234	31629.119141
1381.810547	31640.958984
1380.756836	31641.316406
1379.702148	32444.759766
1378.646484	32332.537109
1377.591797	32626.326172
1376.536133	32559.972656
1375.480469	33075.976563
1374.424805	33078.316406
1373.369141	33424.410156
1372.312500	33128.816406
1371.256836	33305.238281
1370.200195	33919.027344
1369.142578	34127.261719
1368.085938	34010.328125
1367.028320	34126.902344
1365.970703	34250.292969
1364.913086	34147.125000
1363.855469	34126.347656
1362.796875	34416.601563
1361.739258	34816.488281
1360.680664	35387.660156
1359.621094	35391.773438
1358.562500	35439.300781
1357.502930	36048.824219
1356.443359	36310.898438
1355.383789	36814.933594
1354.324219	37421.503906
1353.263672	38450.121094
1352.203125	38930.570313
1351.142578	39855.769531
1350.082031	40324.320313
1349.021484	40295.453125
1347.959961	41201.542969
1346.898438	41740.195313
1345.836914	42600.019531
1344.774414	42860.121094
1343.712891	43787.707031
1342.650391	44291.195313
1341.587891	45001.730469
1340.525391	45714.246094
1339.461914	47368.972656
1338.398438	48267.339844
1337.335938	48762.542969
1336.271484	50083.425781
1335.208008	50466.582031
1334.143555	50810.910156
1333.079102	51323.355469
1332.014648	51678.730469
1330.950195	51727.121094
1329.885742	51232.398438
1328.820313	50992.324219
1327.754883	50581.996094
1326.689453	50194.542969
1325.623047	49491.648438
1324.556641	49004.695313
1323.491211	47675.945313
1322.423828	47230.410156
1321.357422	46426.617188
1320.291016	46049.558594
1319.223633	45330.242188
1318.156250	44731.378906
1317.087891	44737.972656
1316.020508	43844.863281
1314.952148	43713.421875
1313.883789	43636.398438
1312.815430	43006.789063
1311.747070	43201.660156
1310.677734	42302.992188
1309.608398	41764.578125
1308.539063	42471.007813
1307.469727	41554.941406
1306.399414	41464.886719
1305.330078	41202.992188
1304.259766	40828.148438
1303.189453	41104.511719
1302.118164	39864.207031
1301.046875	39801.703125
1299.976563	39045.648438
1298.904297	38373.476563
1297.833008	37940.957031
1296.761719	37016.417969
1295.689453	36575.328125
1294.617188	36035.113281
1293.543945	35195.027344
1292.471680	35117.785156
1291.398438	34934.562500
1290.325195	34726.613281
1289.251953	34374.460938
1288.178711	34056.261719
1287.104492	34155.101563
1286.030273	34499.488281
1284.956055	34194.972656
1283.881836	34967.113281
1282.806641	35223.296875
1281.732422	35414.082031
1280.657227	35643.050781
1279.581055	35986.687500
1278.505859	36168.187500
1277.429688	36707.261719
1276.353516	36681.636719
1275.277344	36689.750000
1274.201172	36661.886719
1273.124023	36339.613281
1272.046875	36111.843750
1270.969727	35819.019531
1269.892578	35351.121094
1268.814453	35471.765625
1267.737305	34873.910156
1266.659180	34316.703125
1265.581055	33959.464844
1264.501953	33873.867188
1263.422852	33626.785156
1262.344727	32778.726563
1261.264648	32574.578125
1260.185547	32480.361328
1259.105469	31691.345703
1258.026367	31326.195313
1256.946289	30862.613281
1255.865234	30072.179688
1254.785156	30323.464844
1253.704102	29972.330078
1252.623047	29813.859375
1251.541992	29601.738281
1250.459961	29036.150391
1249.378906	29350.021484
1248.296875	28956.947266
1247.214844	28941.968750
1246.131836	28799.550781
1245.049805	28699.664063
1243.966797	28678.035156
1242.883789	28665.353516
1241.800781	28592.359375
1240.716797	28088.330078
1239.632813	28203.054688
1238.548828	28409.265625
1237.464844	28021.654297
1236.380859	28276.908203
1235.295898	28244.236328
1234.210938	27622.673828
1233.125977	28326.123047
1232.041016	28121.763672
1230.955078	27966.533203
1229.869141	28081.052734
1228.783203	28055.136719
1227.697266	28220.830078
1226.610352	28177.072266
1225.524414	28001.941406
1224.437500	28076.250000
1223.349609	28310.798828
1222.262695	28563.054688
1221.174805	28799.626953
1220.086914	28967.136719
1218.999023	28896.583984
1217.911133	28710.427734
1216.822266	29017.908203
1215.733398	28834.023438
1214.644531	28852.445313
1213.555664	29077.490234
1212.465820	28815.953125
1211.376953	28527.873047
1210.287109	28672.902344
1209.196289	28580.330078
1208.106445	28649.820313
1207.015625	28406.390625
1205.924805	28458.134766
1204.833984	28334.623047
1203.743164	28002.699219
1202.651367	28471.328125
1201.559570	28480.890625
1200.467773	28583.533203
1199.375977	28409.150391
1198.283203	28706.712891
1197.190430	28173.560547
1196.097656	28486.544922
1195.004883	28066.572266
1193.911133	28116.037109
1192.818359	28254.000000
1191.724609	28168.435547
1190.629883	28120.507813
1189.536133	27614.787109
1188.441406	27907.517578
1187.346680	27532.482422
1186.251953	27204.017578
1185.157227	27372.896484
1184.061523	27382.630859
1182.965820	27845.177734
1181.870117	27488.207031
1180.774414	27283.734375
1179.677734	27231.660156
1178.581055	27159.744141
1177.484375	27401.191406
1176.387695	27166.013672
1175.291016	27186.789063
1174.193359	27090.679688
1173.095703	27184.212891
1171.998047	27191.742188
1170.899414	26798.173828
1169.800781	27134.072266
1168.702148	26870.648438
1167.603516	27226.208984
1166.504883	27075.171875
1165.405273	27205.986328
1164.305664	27123.244141
1163.206055	26963.515625
1162.106445	27050.263672
1161.005859	27310.746094
1159.906250	27060.908203
1158.804688	27002.460938
1157.704102	27049.552734
1156.603516	26566.955078
1155.501953	26890.980469
1154.400391	26935.865234
1153.298828	26783.050781
1152.196289	26342.630859
1151.093750	26558.845703
1149.992188	26456.687500
1148.888672	26598.167969
1147.786133	26452.160156
1146.682617	26747.134766
1145.579102	26807.312500
1144.475586	26760.021484
1143.372070	26956.087891
1142.267578	26867.136719
1141.163086	26808.900391
1140.058594	26766.021484
1138.954102	26913.728516
1137.848633	26601.476563
1136.744141	26534.580078
1135.638672	26730.396484
1134.532227	26665.685547
1133.426758	26716.970703
1132.320313	26343.826172
1131.213867	26664.181641
1130.107422	26444.273438
1129.000000	26602.683594
1127.893555	26780.699219
1126.786133	26569.642578
1125.677734	26592.457031
1124.570313	27207.246094
1123.461914	26935.076172
1122.354492	26877.003906
1121.245117	27209.724609
1120.136719	27204.000000
1119.027344	26868.769531
1117.918945	26932.929688
1116.808594	27442.031250
1115.699219	27974.904297
1114.589844	27450.101563
1113.479492	27978.386719
1112.369141	28506.445313
1111.257813	29042.998047
1110.147461	29509.611328
1109.036133	29936.822266
1107.924805	31071.556641
1106.813477	31628.878906
1105.701172	32825.898438
1104.589844	33252.042969
1103.477539	34432.980469
1102.364258	34791.171875
1101.251953	35392.785156
1100.138672	35602.761719
1099.025391	35660.472656
1097.912109	35544.285156
1096.798828	35041.355469
1095.684570	34545.152344
1094.570313	33736.382813
1093.456055	32697.757813
1092.341797	32287.031250
1091.226563	31118.908203
1090.111328	30252.935547
1088.996094	29534.871094
1087.880859	28990.652344
1086.764648	28353.400391
1085.648438	28199.968750
1084.532227	27758.263672
1083.416016	27592.011719
1082.299805	27486.507813
1081.182617	27162.220703
1080.065430	26786.083984
1078.947266	26860.558594
1077.830078	26718.482422
1076.711914	26680.371094
1075.593750	27282.900391
1074.475586	26950.402344
1073.357422	27018.265625
1072.238281	26949.833984
1071.119141	27320.410156
1070.000000	26841.162109
1068.879883	27246.183594
1067.760742	27197.207031
1066.640625	27377.275391
1065.519531	27509.740234
1064.399414	27579.517578
1063.278320	28111.343750
1062.157227	28085.974609
1061.036133	28237.595703
1059.915039	28827.205078
1058.792969	28834.054688
1057.670898	28972.476563
1056.548828	28996.541016
1055.426758	29471.212891
1054.303711	29572.759766
1053.181641	29943.658203
1052.057617	29930.859375
1050.934570	29866.365234
1049.811523	30118.500000
1048.687500	30101.361328
1047.563477	29924.916016
1046.438477	29927.195313
1045.314453	30000.484375
1044.189453	30142.589844
1043.064453	29813.552734
1041.939453	29536.265625
1040.813477	29635.371094
1039.687500	29940.800781
1038.561523	30022.580078
1037.435547	29431.757813
1036.309570	29706.955078
1035.182617	29915.449219
1034.055664	29599.886719
1032.928711	29782.550781
1031.800781	29278.253906
1030.673828	29516.699219
1029.545898	29540.484375
1028.416992	29221.035156
1027.289063	28933.890625
1026.160156	29058.556641
1025.031250	29095.273438
1023.902344	28799.759766
1022.773438	28765.796875
1021.643555	28596.876953
1020.513672	28558.683594
1019.383789	28786.052734
1018.252930	28195.443359
1017.123047	28129.527344
1015.992188	28303.333984
1014.861328	27907.908203
1013.729492	27803.583984
1012.598633	27849.015625
1011.466797	27678.457031
1010.334961	27721.755859
1009.202148	27775.720703
1008.070313	27840.347656
1006.937500	27928.445313
1005.804688	27670.462891
1004.670898	28392.830078
1003.538086	28442.316406
1002.404297	28455.490234
1001.270508	28289.380859
1000.135742	28172.417969
999.001953	27816.568359
997.867188	27772.269531
996.732422	27431.580078
995.596680	27583.519531
994.461914	27541.423828
993.326172	27352.300781
992.190430	27406.146484
991.054688	27161.746094
989.917969	27192.179688
988.781250	27154.460938
987.644531	27150.818359
986.507813	27208.898438
985.370117	27224.394531
984.232422	26878.214844
983.094727	27080.945313
981.957031	26843.394531
980.819336	26846.191406
979.680664	26900.000000
978.541992	27106.798828
977.402344	26629.341797
976.263672	26874.341797
975.124023	27459.050781
973.984375	27219.638672
972.844727	27559.884766
971.704102	27220.791016
970.563477	27378.394531
969.422852	27811.734375
968.282227	27655.214844
967.141602	27865.636719
966.000000	27891.507813
964.858398	27898.289063
963.715820	28044.939453
962.574219	28216.953125
961.431641	27840.222656
960.289063	27503.890625
959.146484	27794.484375
958.002930	27714.466797
956.860352	27611.199219
955.716797	27431.791016
954.572266	27208.029297
953.428711	27506.830078
952.284180	27481.933594
951.139648	27241.384766
949.995117	27058.009766
948.849609	27231.886719
947.704102	27221.855469
946.558594	27380.832031
945.413086	27679.136719
944.267578	27569.763672
943.121094	27965.013672
941.974609	28070.919922
940.827148	28864.738281
939.680664	28881.791016
938.533203	29670.875000
937.385742	30320.429688
936.238281	31115.193359
935.089844	32345.982422
933.942383	33803.863281
932.792969	35159.980469
931.644531	36644.023438
930.496094	37889.425781
929.346680	39380.667969
928.197266	40283.882813
927.047852	41241.433594
925.897461	41529.355469
924.747070	41097.582031
923.596680	40678.613281
922.446289	39452.226563
921.294922	37542.996094
920.144531	36319.898438
918.992188	34565.574219
917.840820	33112.488281
916.689453	31823.884766
915.537109	30939.111328
914.384766	29452.023438
913.231445	28624.818359
912.079102	27890.324219
910.925781	27726.964844
909.772461	27322.386719
908.619141	27402.550781
907.464844	27201.646484
906.310547	26753.398438
905.156250	26904.906250
904.001953	26785.972656
902.846680	26558.123047
901.691406	26298.943359
900.536133	26425.275391
899.380859	26509.669922
898.224609	26416.064453
897.069336	26058.748047
895.913086	26595.205078
894.755859	26399.109375
893.599609	26403.917969
892.442383	26563.492188
891.285156	26614.261719
890.126953	26470.587891
888.969727	26517.173828
887.811523	26323.425781
886.653320	26332.414063
885.494141	26424.947266
884.335938	26080.980469
883.176758	26173.523438
882.016602	26199.228516
880.857422	25951.525391
879.697266	26160.878906
878.538086	25955.009766
877.376953	26183.039063
876.216797	26177.427734
875.055664	26232.275391
873.894531	26022.390625
872.733398	25841.769531
871.572266	25738.310547
870.410156	25807.779297
869.248047	25787.667969
868.085938	25848.763672
866.922852	25585.099609
865.760742	25554.638672
864.597656	25578.287109
863.433594	25499.992188
862.270508	25679.625000
861.106445	25809.275391
859.942383	25907.685547
858.778320	25943.695313
857.613281	25751.103516
856.449219	25909.707031
855.284180	25939.458984
854.118164	25906.892578
852.953125	25938.703125
851.787109	26146.943359
850.621094	25923.416016
849.455078	25919.923828
848.288086	25966.220703
847.121094	26192.935547
845.954102	26189.382813
844.787109	25964.003906
843.619141	26126.314453
842.452148	26187.013672
841.283203	26171.027344
840.115234	26045.265625
838.947266	26480.773438
837.778320	26444.025391
836.609375	26454.900391
835.439453	26666.519531
834.269531	26586.298828
833.100586	26681.949219
831.929688	26607.960938
830.759766	27115.052734
829.588867	26960.373047
828.417969	26741.681641
827.247070	27223.617188
826.076172	27000.828125
824.904297	27081.773438
823.732422	26836.392578
822.560547	26845.070313
821.387695	26684.476563
820.215820	26874.794922
819.042969	26780.287109
817.869141	26920.988281
816.696289	26713.072266
815.522461	26765.058594
814.348633	26812.896484
813.174805	26590.705078
812.000000	26856.990234
810.825195	27011.906250
809.650391	26806.287109
808.475586	27218.564453
807.300781	26821.507813
806.125000	27698.814453
804.949219	27238.021484
803.772461	27662.189453
802.596680	27526.628906
801.419922	27627.644531
800.243164	27629.916016
799.065430	27695.914063
797.887695	27663.224609
796.710938	27879.193359
795.532227	28074.521484
794.354492	28386.843750
793.175781	27939.199219
791.997070	28017.353516
790.818359	28083.156250
789.639648	27902.656250
788.459961	27730.439453
787.280273	27498.806641
786.100586	27365.714844
784.919922	27443.880859
783.739258	27239.103516
782.558594	27194.283203
781.377930	26999.890625
780.196289	27231.714844
779.014648	27125.470703
777.833008	27279.347656
776.651367	26745.226563
775.468750	27216.394531
774.287109	27296.470703
773.103516	27065.507813
771.920898	27133.306641
770.737305	27563.072266
769.553711	27628.683594
768.370117	27825.101563
767.186523	27968.292969
766.001953	27872.339844
764.817383	28287.171875
763.632813	28581.312500
762.447266	28436.273438
761.262695	28852.750000
760.077148	29273.128906
758.890625	29395.369141
757.705078	29725.669922
756.518555	30114.982422
755.332031	30665.242188
754.145508	31105.154297
752.958008	31869.007813
751.770508	33001.429688
750.583008	34359.542969
749.395508	35472.597656
748.207031	37200.285156
747.018555	39737.699219
745.830078	42453.171875
744.640625	45983.695313
743.452148	49734.511719
742.262695	53410.453125
741.073242	56972.921875
739.882813	59874.917969
738.692383	61834.242188
737.501953	62131.878906
736.311523	61301.398438
735.120117	58788.804688
733.929688	56575.929688
732.738281	53813.589844
731.545898	51517.457031
730.354492	50405.925781
729.162109	49625.722656
727.969727	49663.675781
726.776367	49727.980469
725.583984	50398.761719
724.390625	50400.007813
723.196289	49766.621094
722.002930	47874.660156
720.808594	45553.855469
719.614258	43576.492188
718.419922	41952.476563
717.224609	39839.019531
716.030273	39143.929688
714.834961	37880.253906
713.638672	36665.703125
712.443359	36459.433594
711.247070	35947.753906
710.050781	35424.160156
708.853516	35189.976563
707.657227	34717.312500
706.459961	34770.421875
705.262695	34378.886719
704.064453	33868.312500
702.867188	33570.062500
701.668945	33532.480469
700.469727	33327.316406
699.271484	33110.125000
698.072266	33524.773438
696.873047	33789.910156
695.673828	33945.984375
694.473633	34327.898438
693.273438	34856.855469
692.073242	35317.031250
690.873047	36121.695313
689.671875	37050.953125
688.470703	37848.839844
687.269531	39160.046875
686.068359	39661.070313
684.866211	40331.011719
683.664063	41115.402344
682.461914	41448.613281
681.258789	41425.515625
680.055664	41076.519531
678.852539	40868.464844
677.649414	40441.308594
676.445313	40287.757813
675.242188	39141.316406
674.037109	38654.519531
672.833008	38364.828125
671.627930	37476.660156
670.422852	36837.906250
669.217773	36753.593750
668.012695	36932.281250
666.806641	37072.761719
665.600586	36954.332031
664.394531	37738.695313
663.187500	38137.628906
661.980469	38209.531250
660.773438	38965.035156
659.566406	38651.890625
658.358398	38922.015625
657.150391	38787.320313
655.942383	38989.191406
654.734375	38742.386719
653.525391	38549.746094
652.316406	38000.878906
651.107422	37840.500000
649.897461	37231.996094
648.688477	37107.855469
647.478516	36531.773438
646.267578	35831.964844
645.057617	35344.367188
643.846680	34633.125000
642.635742	34411.761719
641.423828	33750.972656
640.212891	33228.292969
639.000977	33588.480469
637.788086	33094.007813
636.576172	32581.785156
635.363281	33115.492188
634.150391	33411.539063
632.937500	33456.109375
631.723633	33831.718750
630.510742	34336.765625
629.295898	34339.238281
628.082031	34843.949219
626.867188	34894.128906
625.652344	34755.031250
624.437500	34500.468750
623.222656	34236.062500
622.006836	33434.238281
620.791016	33247.800781
619.575195	32571.906250
618.358398	32588.666016
617.141602	31966.914063
615.924805	31959.929688
614.708008	31632.841797
613.490234	31315.832031
612.272461	31048.642578
611.054688	31258.433594
609.836914	31340.994141
608.618164	30837.626953
607.399414	30795.144531
606.180664	30431.076172
604.960938	30398.621094
603.741211	30209.416016
602.521484	30206.777344
601.301758	30243.806641
600.081055	30102.345703
598.860352	29615.974609
597.639648	29583.728516
596.418945	29696.158203
595.197266	29624.279297
593.975586	29663.355469
592.753906	29662.806641
591.531250	29751.353516
590.308594	29641.904297
589.085938	29912.494141
587.863281	29787.222656
586.639648	29679.810547
585.416016	29695.068359
584.192383	29892.236328
582.967773	29996.400391
581.744141	29896.933594
580.519531	30159.134766
579.293945	30259.212891
578.069336	30515.289063
576.843750	30398.015625
575.618164	30257.097656
574.391602	30507.078125
573.166016	30806.285156
571.939453	31138.900391
570.711914	31538.437500
569.485352	31501.939453
568.257813	31668.548828
567.030273	31395.476563
565.802734	31623.128906
564.574219	31726.541016
563.345703	31258.593750
562.117188	31401.427734
560.888672	31105.072266
559.659180	31080.529297
558.429688	31036.312500
557.200195	30868.136719
555.969727	30639.042969
554.739258	30459.220703
553.508789	30543.000000
552.278320	30373.105469
551.046875	30458.826172
549.815430	30017.810547
548.583984	30241.109375
547.352539	29988.916016
546.120117	29996.078125
544.887695	29850.078125
543.655273	30022.167969
542.421875	30058.751953
541.188477	30132.603516
539.955078	30120.097656
538.721680	30097.789063
537.487305	30291.195313
536.252930	30413.935547
535.018555	30350.408203
533.783203	31013.949219
532.547852	30644.669922
531.312500	31004.232422
530.077148	31189.339844
528.840820	31317.582031
527.604492	31103.197266
526.368164	31806.783203
525.131836	32502.232422
523.894531	32991.968750
522.657227	34582.609375
521.419922	35552.687500
520.181641	35017.031250
518.943359	33377.304688
517.705078	31613.234375
516.465820	31539.853516
515.227539	31167.658203
513.988281	31199.853516
512.748047	31071.939453
511.508789	31135.369141
510.268555	31198.769531
509.028320	31227.019531
507.788086	31147.968750
506.546875	31176.212891
505.305664	31342.876953
504.064453	31236.556641
502.822266	31048.425781
501.580078	30944.160156
