1802.318359	8587.962891
1801.348633	8920.093750
1800.379883	8541.306641
1799.410156	8636.953125
1798.440430	8672.664063
1797.470703	8655.959961
1796.500977	8681.671875
1795.530273	8657.489258
1794.559570	8663.240234
1793.588867	8681.455078
1792.618164	8811.834961
1791.647461	8797.612305
1790.675781	8718.610352
1789.705078	8634.656250
1788.733398	8874.532227
1787.761719	8800.541016
1786.789063	9085.102539
1785.817383	8891.613281
1784.844727	9168.576172
1783.872070	9009.981445
1782.899414	8861.402344
1781.926758	9187.948242
1780.953125	9283.093750
1779.980469	9224.052734
1779.006836	9426.040039
1778.033203	9359.537109
1777.058594	9367.603516
1776.084961	9380.634766
1775.110352	9371.305664
1774.135742	9491.111328
1773.161133	9687.833984
1772.186523	9621.355469
1771.210938	9788.191406
1770.236328	9590.208984
1769.260742	9729.694336
1768.285156	9745.108398
1767.308594	9805.152344
1766.333008	9847.815430
1765.356445	10128.427734
1764.379883	10349.448242
1763.403320	10310.207031
1762.426758	10471.645508
1761.449219	10511.653320
1760.472656	10672.985352
1759.495117	10777.307617
1758.517578	10740.493164
1757.539063	10988.299805
1756.561523	11065.276367
1755.583008	11021.002930
1754.604492	11355.169922
1753.625977	10801.446289
1752.647461	10908.064453
1751.667969	10965.202148
1750.688477	10965.475586
1749.709961	10829.848633
1748.729492	10768.387695
1747.750000	10842.794922
1746.770508	10791.232422
1745.790039	10850.790039
1744.809570	10801.713867
1743.829102	10806.950195
1742.847656	10708.553711
1741.867188	10758.209961
1740.885742	10593.267578
1739.904297	10657.721680
1738.922852	10744.337891
1737.941406	10535.126953
1736.958984	10653.769531
1735.977539	10619.599609
1734.995117	10560.808594
1734.011719	10915.816406
1733.029297	10696.928711
1732.046875	10731.709961
1731.063477	10739.400391
1730.080078	10818.456055
1729.096680	10648.970703
1728.112305	10796.890625
1727.128906	10814.398438
1726.144531	10526.981445
1725.160156	10780.550781
1724.175781	10876.705078
1723.191406	10906.467773
1722.206055	10796.166992
1721.220703	10958.584961
1720.235352	10909.717773
1719.250000	10895.247070
1718.264648	11010.899414
1717.278320	11376.869141
1716.291992	11217.521484
1715.305664	11303.594727
1714.319336	11340.571289
1713.333008	11360.364258
1712.345703	11365.435547
1711.358398	11458.761719
1710.371094	11983.444336
1709.383789	11655.102539
1708.396484	11897.769531
1707.408203	11748.398438
1706.419922	12162.386719
1705.431641	12270.128906
1704.443359	12243.177734
1703.455078	12443.869141
1702.465820	12509.885742
1701.476563	13028.507813
1700.487305	12795.944336
1699.498047	13121.089844
1698.507813	13294.501953
1697.518555	13399.392578
1696.528320	13587.342773
1695.538086	13733.672852
1694.547852	14116.936523
1693.556641	14065.238281
1692.565430	14497.124023
1691.575195	14186.543945
1690.583008	14513.254883
1689.591797	14539.620117
1688.600586	14507.407227
1687.608398	14602.075195
1686.616211	14925.998047
1685.624023	15010.786133
1684.631836	15056.527344
1683.638672	15092.497070
1682.645508	15169.886719
1681.652344	15327.659180
1680.659180	15071.190430
1679.666016	15411.606445
1678.671875	15169.833984
1677.678711	15600.180664
1676.684570	15460.709961
1675.690430	15411.347656
1674.695313	15145.432617
1673.701172	15329.710938
1672.706055	15423.915039
1671.710938	15338.118164
1670.715820	15439.575195
1669.719727	15613.918945
1668.724609	15564.588867
1667.728516	15546.868164
1666.732422	15738.087891
1665.736328	15509.016602
1664.739258	15450.031250
1663.743164	15808.683594
1662.746094	15502.053711
1661.749023	15469.799805
1660.751953	15607.415039
1659.753906	15723.139648
1658.755859	15918.858398
1657.758789	15724.064453
1656.759766	15839.692383
1655.761719	16057.083984
1654.763672	16041.721680
1653.764648	15754.978516
1652.765625	15989.211914
1651.766602	15784.945313
1650.767578	15815.658203
1649.767578	16098.156250
1648.767578	15969.029297
1647.768555	15973.062500
1646.767578	15977.092773
1645.767578	15959.347656
1644.766602	15973.051758
1643.766602	16247.916016
1642.765625	16101.985352
1641.764648	16255.849609
1640.762695	16165.559570
1639.761719	16188.869141
1638.759766	16253.236328
1637.757813	16206.473633
1636.755859	16183.876953
1635.752930	16248.203125
1634.750977	16194.225586
1633.748047	16227.149414
1632.745117	16310.727539
1631.741211	16235.056641
1630.738281	16333.068359
1629.734375	16221.250977
1628.730469	16246.898438
1627.726563	16566.601563
1626.722656	16339.126953
1625.718750	16350.275391
1624.713867	16479.455078
1623.708984	16379.781250
1622.704102	16703.945313
1621.698242	16650.005859
1620.693359	16523.876953
1619.687500	17009.046875
1618.681641	16620.642578
1617.675781	16860.232422
1616.669922	16864.031250
1615.663086	17086.640625
1614.656250	17097.601563
1613.649414	17055.681641
1612.642578	17145.943359
1611.635742	17240.974609
1610.627930	17518.525391
1609.620117	17536.589844
1608.612305	17412.978516
1607.604492	17747.937500
1606.595703	17698.736328
1605.587891	17639.955078
1604.579102	17451.640625
1603.570313	17911.050781
1602.560547	18176.015625
1601.551758	18352.158203
1600.541992	18298.093750
1599.532227	18721.003906
1598.522461	18736.375000
1597.512695	19142.251953
1596.501953	18961.115234
1595.491211	18689.048828
1594.480469	19003.701172
1593.469727	19406.794922
1592.458984	19158.734375
1591.447266	19501.810547
1590.435547	19641.394531
1589.423828	19448.447266
1588.412109	19535.371094
1587.400391	20043.060547
1586.387695	19570.464844
1585.375000	19826.996094
1584.362305	19963.947266
1583.349609	19689.937500
1582.335938	19850.742188
1581.323242	19827.605469
1580.309570	19902.365234
1579.294922	20151.347656
1578.281250	20247.488281
1577.267578	20324.500000
1576.252930	20184.390625
1575.238281	20249.457031
1574.223633	20390.800781
1573.208008	20276.986328
1572.193359	20423.033203
1571.177734	20259.210938
1570.162109	20467.148438
1569.145508	20665.472656
1568.129883	20561.238281
1567.113281	20485.621094
1566.096680	20662.388672
1565.080078	20515.371094
1564.063477	20822.947266
1563.045898	20659.298828
1562.029297	20486.201172
1561.011719	20289.390625
1559.994141	20427.931641
1558.975586	20466.566406
1557.958008	20217.583984
1556.939453	19857.011719
1555.920898	19755.558594
1554.902344	19723.031250
1553.882813	19811.638672
1552.864258	19529.794922
1551.844727	19559.054688
1550.825195	19308.230469
1549.804688	19199.886719
1548.785156	19146.152344
1547.764648	19218.158203
1546.744141	19050.607422
1545.723633	19058.582031
1544.703125	18741.783203
1543.681641	19176.431641
1542.660156	18890.541016
1541.638672	19057.267578
1540.617188	18984.693359
1539.595703	18983.193359
1538.573242	18998.265625
1537.550781	18568.296875
1536.528320	18502.976563
1535.505859	18428.216797
1534.482422	18282.515625
1533.459961	18333.189453
1532.436523	18308.167969
1531.413086	18599.970703
1530.388672	18624.542969
1529.365234	18419.861328
1528.340820	18423.191406
1527.316406	18506.841797
1526.291992	18408.589844
1525.267578	18376.498047
1524.242188	18330.250000
1523.216797	18347.753906
1522.191406	18495.046875
1521.166016	18564.416016
1520.139648	18704.527344
1519.114258	18575.707031
1518.087891	18701.607422
1517.061523	18968.908203
1516.034180	18802.396484
1515.007813	18914.031250
1513.980469	19096.300781
1512.953125	19229.027344
1511.925781	19102.632813
1510.897461	19270.621094
1509.870117	19334.957031
1508.841797	19582.853516
1507.813477	19600.031250
1506.785156	19732.486328
1505.755859	19784.908203
1504.726563	19973.710938
1503.697266	20068.384766
1502.667969	20228.839844
1501.638672	20278.763672
1500.608398	20239.371094
1499.579102	20218.787109
1498.548828	20266.328125
1497.517578	20194.080078
1496.487305	20553.882813
1495.456055	20216.339844
1494.424805	20160.572266
1493.393555	20025.044922
1492.362305	19887.224609
1491.331055	19951.177734
1490.298828	19935.371094
1489.266602	19823.441406
1488.234375	19606.072266
1487.201172	19801.267578
1486.168945	19822.990234
1485.135742	19512.042969
1484.102539	19758.664063
1483.069336	19958.347656
1482.035156	19795.058594
1481.001953	19996.992188
1479.967773	20379.041016
1478.933594	20540.994141
1477.898438	20712.234375
1476.864258	21194.470703
1475.829102	21227.542969
1474.793945	21919.880859
1473.758789	21669.964844
1472.722656	22069.810547
1471.687500	22682.107422
1470.651367	22462.552734
1469.615234	23238.000000
1468.579102	23464.402344
1467.541992	23492.277344
1466.504883	23564.486328
1465.468750	24553.753906
1464.430664	24264.083984
1463.393555	24968.222656
1462.355469	25284.937500
1461.318359	25193.482422
1460.280273	25465.724609
1459.241211	25598.013672
1458.203125	25741.898438
1457.164063	25906.689453
1456.125000	26097.033203
1455.085938	25963.595703
1454.046875	25751.050781
1453.006836	26039.074219
1451.967773	26045.367188
1450.927734	26177.308594
1449.886719	26390.617188
1448.846680	26296.816406
1447.805664	26563.496094
1446.764648	26616.167969
1445.723633	26524.697266
1444.682617	26423.968750
1443.641602	26432.484375
1442.599609	26099.505859
1441.557617	25680.728516
1440.515625	25615.080078
1439.472656	25391.585938
1438.430664	25128.722656
1437.387695	24812.591797
1436.344727	24399.140625
1435.301758	24572.746094
1434.257813	24521.312500
1433.213867	24098.896484
1432.169922	24073.080078
1431.125977	24190.976563
1430.082031	24100.263672
1429.037109	24102.261719
1427.993164	24236.289063
1426.948242	24055.298828
1425.902344	24386.089844
1424.857422	23890.304688
1423.811523	24065.921875
1422.765625	23882.794922
1421.719727	24053.710938
1420.673828	24189.859375
1419.626953	24152.507813
1418.580078	24149.851563
1417.533203	24052.419922
1416.486328	24357.164063
1415.439453	24264.347656
1414.391602	24240.873047
1413.343750	24374.466797
1412.295898	24272.462891
1411.248047	24214.365234
1410.199219	24290.169922
1409.150391	24125.931641
1408.101563	24273.248047
1407.052734	24187.511719
1406.003906	24129.484375
1404.954102	23704.837891
1403.904297	23803.701172
1402.854492	23837.982422
1401.804688	23572.664063
1400.753906	23385.791016
1399.703125	23337.207031
1398.652344	23463.673828
1397.601563	23090.423828
1396.550781	23203.074219
1395.499023	23159.164063
1394.447266	23216.523438
1393.395508	23296.865234
1392.343750	22889.523438
1391.291016	23043.488281
1390.239258	22824.904297
1389.186523	22909.851563
1388.132813	22760.333984
1387.080078	22799.298828
1386.026367	22852.033203
1384.972656	23047.150391
1383.918945	23267.447266
1382.865234	23368.261719
1381.810547	23418.533203
1380.756836	23555.992188
1379.702148	23831.066406
1378.646484	24128.964844
1377.591797	24048.296875
1376.536133	23986.005859
1375.480469	24313.490234
1374.424805	24443.708984
1373.369141	24170.535156
1372.312500	24316.765625
1371.256836	24343.816406
1370.200195	24673.169922
1369.142578	24711.582031
1368.085938	24786.605469
1367.028320	24632.710938
1365.970703	24327.845703
1364.913086	24711.765625
1363.855469	24638.037109
1362.796875	24831.914063
1361.739258	24460.943359
1360.680664	24791.935547
1359.621094	25113.646484
1358.562500	25092.460938
1357.502930	25091.843750
1356.443359	25767.330078
1355.383789	25937.847656
1354.324219	25845.722656
1353.263672	26141.699219
1352.203125	26330.285156
1351.142578	26575.835938
1350.082031	27092.759766
1349.021484	27750.878906
1347.959961	27854.595703
1346.898438	28653.634766
1345.836914	29010.134766
1344.774414	29541.964844
1343.712891	29843.447266
1342.650391	30263.259766
1341.587891	30555.353516
1340.525391	31211.654297
1339.461914	31378.216797
1338.398438	31863.363281
1337.335938	32173.082031
1336.271484	32325.685547
1335.208008	32548.738281
1334.143555	32553.369141
1333.079102	32953.632813
1332.014648	32633.095703
1330.950195	32776.343750
1329.885742	32480.966797
1328.820313	32135.728516
1327.754883	31808.804688
1326.689453	31677.312500
1325.623047	31209.845703
1324.556641	30526.919922
1323.491211	29996.333984
1322.423828	29386.548828
1321.357422	29303.328125
1320.291016	28673.521484
1319.223633	27994.087891
1318.156250	28078.972656
1317.087891	28204.619141
1316.020508	27611.818359
1314.952148	27440.691406
1313.883789	27133.716797
1312.815430	27066.939453
1311.747070	26699.029297
1310.677734	26693.492188
1309.608398	26416.345703
1308.539063	26247.933594
1307.469727	26050.175781
1306.399414	26155.609375
1305.330078	26254.214844
1304.259766	25837.251953
1303.189453	25716.599609
1302.118164	25521.410156
1301.046875	25565.826172
1299.976563	25271.341797
1298.904297	24965.685547
1297.833008	24741.451172
1296.761719	24618.910156
1295.689453	24383.550781
1294.617188	23852.640625
1293.543945	23840.917969
1292.471680	23781.824219
1291.398438	23555.851563
1290.325195	23559.978516
1289.251953	23142.509766
1288.178711	23347.326172
1287.104492	23410.082031
1286.030273	23402.964844
1284.956055	23213.384766
1283.881836	23393.238281
1282.806641	23507.716797
1281.732422	23565.865234
1280.657227	23554.212891
1279.581055	23727.089844
1278.505859	24313.859375
1277.429688	24360.539063
1276.353516	24701.802734
1275.277344	24678.677734
1274.201172	24698.273438
1273.124023	24870.687500
1272.046875	24928.429688
1270.969727	25222.035156
1269.892578	25019.132813
1268.814453	25065.576172
1267.737305	25179.353516
1266.659180	24954.134766
1265.581055	24387.886719
1264.501953	24248.185547
1263.422852	24187.056641
1262.344727	23874.755859
1261.264648	23551.373047
1260.185547	23120.511719
1259.105469	22952.074219
1258.026367	22803.875000
1256.946289	23132.957031
1255.865234	22507.654297
1254.785156	22648.537109
1253.704102	22491.562500
1252.623047	22466.728516
1251.541992	22323.283203
1250.459961	22365.623047
1249.378906	22575.734375
1248.296875	22273.542969
1247.214844	22360.587891
1246.131836	22154.705078
1245.049805	22212.675781
1243.966797	21783.417969
1242.883789	21769.939453
1241.800781	21682.744141
1240.716797	21490.609375
1239.632813	21555.351563
1238.548828	21490.578125
1237.464844	21412.435547
1236.380859	21079.921875
1235.295898	21158.076172
1234.210938	21144.740234
1233.125977	20915.076172
1232.041016	20948.617188
1230.955078	21011.125000
1229.869141	20654.585938
1228.783203	20873.111328
1227.697266	20588.039063
1226.610352	20830.986328
1225.524414	20588.351563
1224.437500	20655.302734
1223.349609	20653.216797
1222.262695	20559.880859
1221.174805	20301.923828
1220.086914	20793.781250
1218.999023	20335.705078
1217.911133	20246.955078
1216.822266	20496.177734
1215.733398	20145.140625
1214.644531	20252.046875
1213.555664	20423.343750
1212.465820	20350.212891
1211.376953	20408.144531
1210.287109	20144.085938
1209.196289	20059.955078
1208.106445	20137.884766
1207.015625	20111.484375
1205.924805	20000.787109
1204.833984	20185.146484
1203.743164	19721.865234
1202.651367	20167.837891
1201.559570	19893.175781
1200.467773	19875.716797
1199.375977	19836.105469
1198.283203	19614.851563
1197.190430	19659.474609
1196.097656	19504.781250
1195.004883	19699.957031
1193.911133	19678.126953
1192.818359	19600.978516
1191.724609	19450.845703
1190.629883	19632.591797
1189.536133	19511.265625
1188.441406	19721.666016
1187.346680	19615.843750
1186.251953	19680.255859
1185.157227	19415.376953
1184.061523	19775.853516
1182.965820	20074.328125
1181.870117	19840.447266
1180.774414	19736.933594
1179.677734	19783.572266
1178.581055	19741.908203
1177.484375	19682.607422
1176.387695	19846.148438
1175.291016	19837.578125
1174.193359	19760.648438
1173.095703	19871.152344
1171.998047	19432.750000
1170.899414	19402.230469
1169.800781	19647.138672
1168.702148	19323.603516
1167.603516	19337.171875
1166.504883	19201.000000
1165.405273	18996.638672
1164.305664	19118.113281
1163.206055	18997.472656
1162.106445	19160.695313
1161.005859	19361.242188
1159.906250	19337.388672
1158.804688	18970.542969
1157.704102	19346.861328
1156.603516	19366.976563
1155.501953	19299.189453
1154.400391	19378.619141
1153.298828	19609.568359
1152.196289	19664.742188
1151.093750	19798.929688
1149.992188	20380.845703
1148.888672	20617.970703
1147.786133	20929.591797
1146.682617	21159.916016
1145.579102	21585.337891
1144.475586	21832.966797
1143.372070	21902.917969
1142.267578	22036.400391
1141.163086	21795.105469
1140.058594	21624.019531
1138.954102	21842.898438
1137.848633	21737.570313
1136.744141	21104.615234
1135.638672	21227.142578
1134.532227	21163.589844
1133.426758	20817.792969
1132.320313	20704.033203
1131.213867	20664.685547
1130.107422	20478.841797
1129.000000	20413.318359
1127.893555	20269.132813
1126.786133	20288.910156
1125.677734	20101.109375
1124.570313	20142.755859
1123.461914	19710.457031
1122.354492	19963.966797
1121.245117	19876.808594
1120.136719	19909.730469
1119.027344	20001.554688
1117.918945	20008.253906
1116.808594	19960.417969
1115.699219	19930.046875
1114.589844	20252.898438
1113.479492	20093.865234
1112.369141	20412.185547
1111.257813	20120.267578
1110.147461	20612.722656
1109.036133	20612.738281
1107.924805	20789.132813
1106.813477	21032.943359
1105.701172	21019.806641
1104.589844	20934.859375
1103.477539	21306.849609
1102.364258	21511.185547
1101.251953	21480.554688
1100.138672	21756.517578
1099.025391	22064.972656
1097.912109	21369.171875
1096.798828	21112.601563
1095.684570	21523.101563
1094.570313	20916.904297
1093.456055	20782.197266
1092.341797	20499.910156
1091.226563	20549.853516
1090.111328	19907.472656
1088.996094	20022.611328
1087.880859	19892.568359
1086.764648	19756.072266
1085.648438	19576.263672
1084.532227	19667.523438
1083.416016	19364.261719
1082.299805	19555.207031
1081.182617	19611.744141
1080.065430	19304.349609
1078.947266	19187.660156
1077.830078	19341.669922
1076.711914	19398.199219
1075.593750	19361.638672
1074.475586	19394.335938
1073.357422	19418.363281
1072.238281	19375.330078
1071.119141	19520.447266
1070.000000	19550.916016
1068.879883	19412.771484
1067.760742	19832.242188
1066.640625	19622.792969
1065.519531	20016.117188
1064.399414	19988.130859
1063.278320	19960.156250
1062.157227	20260.328125
1061.036133	20433.029297
1059.915039	20253.921875
1058.792969	20325.150391
1057.670898	20816.957031
1056.548828	20894.503906
1055.426758	21008.667969
1054.303711	20991.292969
1053.181641	21299.349609
1052.057617	21365.949219
1050.934570	21492.839844
1049.811523	21811.359375
1048.687500	21554.806641
1047.563477	21896.857422
1046.438477	21859.939453
1045.314453	21934.935547
1044.189453	22022.808594
1043.064453	21925.652344
1041.939453	21908.107422
1040.813477	21720.707031
1039.687500	21851.539063
1038.561523	22023.150391
1037.435547	22031.378906
1036.309570	22058.939453
1035.182617	22002.718750
1034.055664	22438.277344
1032.928711	22044.925781
1031.800781	21928.638672
1030.673828	22265.214844
1029.545898	22005.171875
1028.416992	21597.224609
1027.289063	21725.619141
1026.160156	21555.908203
1025.031250	21652.097656
1023.902344	21512.478516
1022.773438	21542.205078
1021.643555	21614.765625
1020.513672	21357.431641
1019.383789	21331.488281
1018.252930	21335.529297
1017.123047	21260.365234
1015.992188	21390.685547
1014.861328	21187.158203
1013.729492	21216.892578
1012.598633	21154.644531
1011.466797	20878.589844
1010.334961	20872.021484
1009.202148	20737.210938
1008.070313	20867.439453
1006.937500	21095.888672
1005.804688	21535.710938
1004.670898	22267.923828
1003.538086	22021.923828
1002.404297	22181.621094
1001.270508	21848.238281
1000.135742	21318.687500
999.001953	20874.693359
997.867188	20315.710938
996.732422	19901.968750
995.596680	19944.644531
994.461914	20015.011719
993.326172	19733.720703
992.190430	19620.867188
991.054688	19712.554688
989.917969	19895.781250
988.781250	19544.484375
987.644531	19484.980469
986.507813	19302.056641
985.370117	19506.488281
984.232422	19451.283203
983.094727	19464.164063
981.957031	19387.722656
980.819336	19570.697266
979.680664	19604.796875
978.541992	19394.484375
977.402344	19422.230469
976.263672	19995.904297
975.124023	19913.068359
973.984375	19925.820313
972.844727	19934.318359
971.704102	20358.816406
970.563477	20413.900391
969.422852	20602.619141
968.282227	20670.353516
967.141602	20841.968750
966.000000	21043.193359
964.858398	21095.947266
963.715820	21063.904297
962.574219	20938.644531
961.431641	20864.277344
960.289063	21169.058594
959.146484	20927.386719
958.002930	20927.164063
956.860352	20846.507813
955.716797	20475.970703
954.572266	20319.277344
953.428711	20448.208984
952.284180	20190.076172
951.139648	19817.875000
949.995117	20196.267578
948.849609	19813.654297
947.704102	20132.720703
946.558594	20177.017578
945.413086	20495.867188
944.267578	20341.570313
943.121094	20710.916016
941.974609	20947.125000
940.827148	21185.341797
939.680664	21887.625000
938.533203	22380.775391
937.385742	22774.593750
936.238281	23800.792969
935.089844	24894.011719
933.942383	26258.642578
932.792969	27102.220703
931.644531	28861.855469
930.496094	30201.591797
929.346680	31359.656250
928.197266	32854.082031
927.047852	33625.882813
925.897461	33940.683594
924.747070	33933.437500
923.596680	33271.984375
922.446289	32497.244141
921.294922	30976.386719
920.144531	29767.306641
918.992188	27821.021484
917.840820	26774.927734
916.689453	25264.988281
915.537109	24203.080078
914.384766	22589.333984
913.231445	22275.878906
912.079102	21765.242188
910.925781	20992.494141
909.772461	20742.521484
908.619141	20335.324219
907.464844	20081.400391
906.310547	20001.621094
905.156250	19838.019531
904.001953	19804.433594
902.846680	19791.816406
901.691406	19603.218750
900.536133	19347.675781
899.380859	19601.115234
898.224609	19534.111328
897.069336	19565.515625
895.913086	19613.648438
894.755859	19563.419922
893.599609	19479.740234
892.442383	19550.863281
891.285156	19205.845703
890.126953	19105.568359
888.969727	19477.697266
887.811523	19358.595703
886.653320	19245.810547
885.494141	19189.470703
884.335938	19101.828125
883.176758	19154.109375
882.016602	19137.480469
880.857422	19150.076172
879.697266	19260.732422
878.538086	19298.328125
877.376953	19519.441406
876.216797	19018.982422
875.055664	19262.990234
873.894531	19346.402344
872.733398	19433.945313
871.572266	19321.441406
870.410156	19479.769531
869.248047	19606.791016
868.085938	19363.150391
866.922852	19475.566406
865.760742	19334.033203
864.597656	19338.208984
863.433594	19485.921875
862.270508	19463.021484
861.106445	19211.400391
859.942383	19492.091797
858.778320	19236.412109
857.613281	19766.341797
856.449219	19548.107422
855.284180	19564.681641
854.118164	19641.474609
852.953125	19616.496094
851.787109	19668.330078
850.621094	19803.158203
849.455078	19813.429688
848.288086	19622.470703
847.121094	19549.814453
845.954102	19817.255859
844.787109	19686.537109
843.619141	20132.082031
842.452148	19657.355469
841.283203	19982.548828
840.115234	19959.613281
838.947266	20257.677734
837.778320	19961.388672
836.609375	19986.078125
835.439453	19890.720703
834.269531	20089.218750
833.100586	20366.242188
831.929688	20117.810547
830.759766	20260.298828
829.588867	20563.976563
828.417969	20501.681641
827.247070	20536.533203
826.076172	20561.041016
824.904297	20800.355469
823.732422	20434.482422
822.560547	20646.878906
821.387695	20239.908203
820.215820	20258.253906
819.042969	20466.419922
817.869141	19985.482422
816.696289	20084.302734
815.522461	20020.181641
814.348633	20158.119141
813.174805	19968.277344
812.000000	19961.917969
810.825195	19691.845703
809.650391	20070.728516
808.475586	19767.798828
807.300781	19833.544922
806.125000	19858.089844
804.949219	20020.511719
803.772461	19991.507813
802.596680	19952.228516
801.419922	19997.289063
800.243164	19939.517578
799.065430	20251.814453
797.887695	20220.728516
796.710938	20088.964844
795.532227	20403.078125
794.354492	20213.816406
793.175781	20016.419922
791.997070	20283.119141
790.818359	20215.111328
789.639648	20091.718750
788.459961	20228.960938
787.280273	19949.710938
786.100586	20132.042969
784.919922	20078.488281
783.739258	19912.201172
782.558594	20043.177734
781.377930	19909.753906
780.196289	19895.212891
779.014648	20040.443359
777.833008	20361.724609
776.651367	19888.474609
775.468750	20006.998047
774.287109	20088.630859
773.103516	20153.859375
771.920898	20266.107422
770.737305	20171.742188
769.553711	20686.751953
768.370117	20483.986328
767.186523	20716.648438
766.001953	20732.607422
764.817383	20799.630859
763.632813	20917.689453
762.447266	20970.347656
761.262695	21368.021484
760.077148	21189.898438
758.890625	21617.962891
757.705078	21539.837891
756.518555	21684.091797
755.332031	22309.595703
754.145508	22225.250000
752.958008	22405.953125
751.770508	22843.380859
750.583008	23215.412109
749.395508	23597.468750
748.207031	24217.664063
747.018555	25022.898438
745.830078	25984.548828
744.640625	26819.582031
743.452148	27532.150391
742.262695	28580.117188
741.073242	29078.402344
739.882813	30243.533203
738.692383	31007.601563
737.501953	31572.117188
736.311523	32309.140625
735.120117	33297.808594
733.929688	33981.312500
732.738281	34175.031250
731.545898	34592.031250
730.354492	34286.097656
729.162109	33290.175781
727.969727	32655.900391
726.776367	31944.800781
725.583984	31702.578125
724.390625	31024.437500
723.196289	30423.636719
722.002930	29431.857422
720.808594	28639.123047
719.614258	27990.591797
718.419922	26955.412109
717.224609	26279.169922
716.030273	26028.455078
714.834961	25322.335938
713.638672	25183.255859
712.443359	25064.470703
711.247070	24757.580078
710.050781	24608.593750
708.853516	24352.490234
707.657227	24329.009766
706.459961	24240.851563
705.262695	24045.617188
704.064453	23874.714844
702.867188	23974.576172
701.668945	24038.041016
700.469727	24434.648438
699.271484	24243.613281
698.072266	24417.982422
696.873047	24551.916016
695.673828	24766.488281
694.473633	25547.751953
693.273438	25723.695313
692.073242	26877.396484
690.873047	27429.912109
689.671875	28320.751953
688.470703	29102.402344
687.269531	29958.242188
686.068359	30914.408203
684.866211	31562.085938
683.664063	32420.855469
682.461914	32862.628906
681.258789	32831.335938
680.055664	33047.503906
678.852539	32750.685547
677.649414	32228.771484
676.445313	32103.144531
675.242188	31456.972656
674.037109	31335.582031
672.833008	30778.255859
671.627930	30391.912109
670.422852	30634.326172
669.217773	30840.490234
668.012695	30811.697266
666.806641	31234.482422
665.600586	31737.343750
664.394531	32701.384766
663.187500	33307.996094
661.980469	34112.863281
660.773438	34528.445313
659.566406	34559.007813
658.358398	34413.210938
657.150391	33906.847656
655.942383	33574.968750
654.734375	33002.921875
653.525391	32897.625000
652.316406	31771.490234
651.107422	31218.212891
649.897461	30333.033203
648.688477	29406.226563
647.478516	28447.822266
646.267578	27725.783203
645.057617	27359.896484
643.846680	26658.392578
642.635742	25813.316406
641.423828	25725.777344
640.212891	25194.859375
639.000977	24971.697266
637.788086	24690.734375
636.576172	24755.208984
635.363281	24616.101563
634.150391	24844.169922
632.937500	24673.183594
631.723633	25114.527344
630.510742	24931.591797
629.295898	25414.546875
628.082031	25636.203125
626.867188	25507.066406
625.652344	25591.144531
624.437500	25541.740234
623.222656	25139.898438
622.006836	24993.058594
620.791016	24669.134766
619.575195	24146.353516
618.358398	24226.628906
617.141602	23801.636719
615.924805	23303.246094
614.708008	23367.742188
613.490234	22994.892578
612.272461	22632.142578
611.054688	22603.351563
609.836914	22322.289063
608.618164	22422.671875
607.399414	22141.765625
606.180664	21993.992188
604.960938	22054.679688
603.741211	21998.265625
602.521484	21791.097656
601.301758	21806.166016
600.081055	21654.652344
598.860352	21590.437500
597.639648	21508.410156
596.418945	21402.636719
595.197266	21374.177734
593.975586	21151.607422
592.753906	21194.507813
591.531250	21237.390625
590.308594	21381.208984
589.085938	21176.636719
587.863281	21292.701172
586.639648	21129.777344
585.416016	20933.302734
584.192383	21128.435547
582.967773	21092.177734
581.744141	21265.445313
580.519531	21219.289063
579.293945	21576.185547
578.069336	21545.781250
576.843750	21783.960938
575.618164	21952.931641
574.391602	21979.703125
573.166016	22233.414063
571.939453	22380.468750
570.711914	22389.371094
569.485352	22443.628906
568.257813	22342.091797
567.030273	22112.460938
565.802734	22210.099609
564.574219	21986.505859
563.345703	22220.058594
562.117188	21840.960938
560.888672	21712.111328
559.659180	21256.507813
558.429688	21781.318359
557.200195	21314.087891
555.969727	21419.587891
554.739258	21397.185547
553.508789	21484.917969
552.278320	21419.251953
551.046875	21396.859375
549.815430	21354.820313
548.583984	21369.781250
547.352539	21333.658203
546.120117	21482.166016
544.887695	21548.136719
543.655273	21453.099609
542.421875	21521.007813
541.188477	21573.185547
539.955078	21507.628906
538.721680	21587.244141
537.487305	21517.789063
536.252930	21297.400391
535.018555	21849.392578
533.783203	21615.306641
532.547852	21808.441406
531.312500	22068.087891
530.077148	22270.826172
528.840820	22301.171875
527.604492	22358.910156
526.368164	22792.382813
525.131836	23421.332031
523.894531	24644.697266
522.657227	25906.640625
521.419922	26411.294922
520.181641	25725.162109
518.943359	24423.658203
517.705078	23208.703125
516.465820	22781.605469
515.227539	22358.599609
513.988281	22222.841797
512.748047	22294.091797
511.508789	22224.771484
510.268555	22448.203125
509.028320	22226.691406
507.788086	22239.353516
506.546875	22273.458984
505.305664	22215.910156
504.064453	22423.496094
502.822266	22038.515625
501.580078	22316.193359
