1802.318359	6627.639648
1801.348633	6720.037109
1800.379883	6568.891113
1799.410156	6647.458496
1798.440430	6671.087891
1797.470703	6764.573730
1796.500977	6708.337891
1795.530273	6831.709473
1794.559570	6698.176270
1793.588867	6811.526367
1792.618164	6957.236816
1791.647461	6813.788574
1790.675781	6927.046387
1789.705078	7000.399414
1788.733398	6971.601563
1787.761719	7052.385742
1786.789063	7045.996094
1785.817383	7076.947754
1784.844727	7058.110840
1783.872070	7131.347168
1782.899414	7000.557129
1781.926758	7163.316406
1780.953125	7298.655273
1779.980469	7150.505371
1779.006836	7308.164063
1778.033203	7314.157715
1777.058594	7387.237305
1776.084961	7348.495117
1775.110352	7505.986328
1774.135742	7529.316895
1773.161133	7669.328613
1772.186523	7575.948730
1771.210938	7447.860352
1770.236328	7796.231934
1769.260742	7784.748047
1768.285156	7817.913086
1767.308594	7858.504395
1766.333008	7904.037598
1765.356445	7880.145020
1764.379883	8128.876465
1763.403320	8223.882813
1762.426758	8204.894531
1761.449219	8334.522461
1760.472656	8595.343750
1759.495117	8601.048828
1758.517578	8646.356445
1757.539063	8864.884766
1756.561523	8672.583984
1755.583008	8678.266602
1754.604492	8859.555664
1753.625977	8892.399414
1752.647461	8878.254883
1751.667969	8856.700195
1750.688477	8867.281250
1749.709961	8729.604492
1748.729492	8742.675781
1747.750000	8644.597656
1746.770508	8581.128906
1745.790039	8500.402344
1744.809570	8538.192383
1743.829102	8650.002930
1742.847656	8515.027344
1741.867188	8648.999023
1740.885742	8632.464844
1739.904297	8416.197266
1738.922852	8409.577148
1737.941406	8343.800781
1736.958984	8539.281250
1735.977539	8458.720703
1734.995117	8365.875000
1734.011719	8583.398438
1733.029297	8236.930664
1732.046875	8449.467773
1731.063477	8245.929688
1730.080078	8320.564453
1729.096680	8262.301758
1728.112305	8452.521484
1727.128906	8517.230469
1726.144531	8414.700195
1725.160156	8476.930664
1724.175781	8470.311523
1723.191406	8434.204102
1722.206055	8481.649414
1721.220703	8656.815430
1720.235352	8613.322266
1719.250000	8682.801758
1718.264648	8693.332031
1717.278320	8792.221680
1716.291992	8873.891602
1715.305664	8938.353516
1714.319336	9186.770508
1713.333008	9013.242188
1712.345703	9016.333984
1711.358398	9242.518555
1710.371094	9277.425781
1709.383789	9314.769531
1708.396484	9682.863281
1707.408203	9653.969727
1706.419922	9855.305664
1705.431641	9833.733398
1704.443359	9870.924805
1703.455078	10147.970703
1702.465820	10145.927734
1701.476563	10302.918945
1700.487305	10684.895508
1699.498047	10763.451172
1698.507813	10817.524414
1697.518555	11091.596680
1696.528320	10942.710938
1695.538086	11338.833008
1694.547852	11683.487305
1693.556641	11776.400391
1692.565430	11722.741211
1691.575195	11891.302734
1690.583008	11957.261719
1689.591797	12025.635742
1688.600586	12096.420898
1687.608398	12376.997070
1686.616211	12245.220703
1685.624023	12425.663086
1684.631836	12515.814453
1683.638672	12515.729492
1682.645508	12596.075195
1681.652344	12591.099609
1680.659180	12661.651367
1679.666016	12503.204102
1678.671875	12978.012695
1677.678711	12941.307617
1676.684570	12753.685547
1675.690430	12695.133789
1674.695313	12539.269531
1673.701172	12736.238281
1672.706055	12748.263672
1671.710938	12682.461914
1670.715820	12969.243164
1669.719727	12964.195313
1668.724609	12737.978516
1667.728516	12939.524414
1666.732422	12883.464844
1665.736328	12995.026367
1664.739258	13196.395508
1663.743164	12885.375977
1662.746094	12904.622070
1661.749023	13205.394531
1660.751953	13139.637695
1659.753906	13139.411133
1658.755859	13059.139648
1657.758789	13187.456055
1656.759766	13395.729492
1655.761719	13191.825195
1654.763672	13210.972656
1653.764648	12990.224609
1652.765625	13227.438477
1651.766602	13023.730469
1650.767578	13243.888672
1649.767578	13146.787109
1648.767578	13221.590820
1647.768555	13168.095703
1646.767578	13252.541992
1645.767578	13261.958984
1644.766602	13259.278320
1643.766602	13268.688477
1642.765625	13215.233398
1641.764648	13219.812500
1640.762695	13313.808594
1639.761719	13110.567383
1638.759766	13180.388672
1637.757813	13286.410156
1636.755859	13392.387695
1635.752930	13392.092773
1634.750977	13220.416992
1633.748047	13263.594727
1632.745117	13171.635742
1631.741211	13357.132813
1630.738281	13202.483398
1629.734375	13399.954102
1628.730469	13250.178711
1627.726563	13430.685547
1626.722656	13534.002930
1625.718750	13398.745117
1624.713867	13673.058594
1623.708984	13419.812500
1622.704102	13486.924805
1621.698242	13640.678711
1620.693359	13729.380859
1619.687500	13541.300781
1618.681641	13699.758789
1617.675781	13925.507813
1616.669922	13949.141602
1615.663086	14095.396484
1614.656250	13950.701172
1613.649414	14303.601563
1612.642578	14543.413086
1611.635742	14341.050781
1610.627930	14172.398438
1609.620117	14431.301758
1608.612305	14382.754883
1607.604492	14559.886719
1606.595703	14480.129883
1605.587891	14513.188477
1604.579102	14742.965820
1603.570313	14924.675781
1602.560547	14945.630859
1601.551758	14877.860352
1600.541992	15208.058594
1599.532227	15427.870117
1598.522461	15451.099609
1597.512695	15737.853516
1596.501953	15626.872070
1595.491211	15832.048828
1594.480469	15979.677734
1593.469727	16146.396484
1592.458984	16135.938477
1591.447266	16139.841797
1590.435547	16237.044922
1589.423828	16425.099609
1588.412109	16381.110352
1587.400391	16578.621094
1586.387695	16493.980469
1585.375000	16488.240234
1584.362305	16482.501953
1583.349609	16737.164063
1582.335938	16666.884766
1581.323242	16656.335938
1580.309570	16896.478516
1579.294922	16830.982422
1578.281250	16641.412109
1577.267578	17182.052734
1576.252930	17159.476563
1575.238281	17482.746094
1574.223633	17419.578125
1573.208008	17478.023438
1572.193359	17438.714844
1571.177734	17473.300781
1570.162109	17705.632813
1569.145508	17690.121094
1568.129883	17948.509766
1567.113281	17916.285156
1566.096680	18017.394531
1565.080078	17801.886719
1564.063477	17819.683594
1563.045898	17958.814453
1562.029297	17662.568359
1561.011719	17414.009766
1559.994141	17405.708984
1558.975586	17283.300781
1557.958008	17025.458984
1556.939453	16974.466797
1555.920898	16921.117188
1554.902344	16589.865234
1553.882813	16534.240234
1552.864258	16329.045898
1551.844727	16387.443359
1550.825195	15978.242188
1549.804688	16041.432617
1548.785156	15869.716797
1547.764648	15897.321289
1546.744141	15808.707031
1545.723633	15433.230469
1544.703125	15788.043945
1543.681641	15666.322266
1542.660156	15198.686523
1541.638672	15595.971680
1540.617188	15280.131836
1539.595703	15243.863281
1538.573242	15032.400391
1537.550781	15280.259766
1536.528320	15241.643555
1535.505859	14947.490234
1534.482422	15131.335938
1533.459961	15149.538086
1532.436523	15394.751953
1531.413086	15176.460938
1530.388672	14951.166016
1529.365234	15167.907227
1528.340820	15060.847656
1527.316406	15102.660156
1526.291992	15175.159180
1525.267578	15209.845703
1524.242188	15020.228516
1523.216797	15109.220703
1522.191406	15415.292969
1521.166016	15221.028320
1520.139648	15411.360352
1519.114258	15160.569336
1518.087891	15143.326172
1517.061523	15425.499023
1516.034180	15521.346680
1515.007813	15541.743164
1513.980469	15701.141602
1512.953125	15768.603516
1511.925781	16146.917969
1510.897461	15879.896484
1509.870117	16203.884766
1508.841797	16280.600586
1507.813477	16562.015625
1506.785156	16462.167969
1505.755859	16529.373047
1504.726563	17003.406250
1503.697266	16715.423828
1502.667969	16961.195313
1501.638672	16755.599609
1500.608398	16817.970703
1499.579102	16870.916016
1498.548828	17156.382813
1497.517578	16943.865234
1496.487305	16914.572266
1495.456055	16866.511719
1494.424805	16809.082031
1493.393555	16796.257813
1492.362305	16445.611328
1491.331055	16505.576172
1490.298828	16584.277344
1489.266602	16097.900391
1488.234375	16305.575195
1487.201172	16374.890625
1486.168945	16362.166992
1485.135742	16457.210938
1484.102539	16058.012695
1483.069336	16361.489258
1482.035156	16732.736328
1481.001953	16591.207031
1479.967773	16798.433594
1478.933594	17000.894531
1477.898438	17198.593750
1476.864258	17171.683594
1475.829102	17371.603516
1474.793945	17800.550781
1473.758789	17981.558594
1472.722656	18454.605469
1471.687500	18565.310547
1470.651367	18867.517578
1469.615234	19354.101563
1468.579102	19487.900391
1467.541992	19960.148438
1466.504883	19830.019531
1465.468750	20619.365234
1464.430664	20633.804688
1463.393555	20965.468750
1462.355469	21413.603516
1461.318359	21775.281250
1460.280273	21805.785156
1459.241211	21563.582031
1458.203125	21911.023438
1457.164063	21906.529297
1456.125000	21673.767578
1455.085938	22258.503906
1454.046875	22407.605469
1453.006836	22107.373047
1451.967773	22161.021484
1450.927734	22379.853516
1449.886719	22468.316406
1448.846680	22405.558594
1447.805664	22605.597656
1446.764648	22961.326172
1445.723633	22540.531250
1444.682617	22396.462891
1443.641602	22166.482422
1442.599609	22073.654297
1441.557617	22059.832031
1440.515625	21816.125000
1439.472656	21672.347656
1438.430664	21614.509766
1437.387695	21217.876953
1436.344727	20668.271484
1435.301758	21130.289063
1434.257813	20550.775391
1433.213867	20852.630859
1432.169922	20484.373047
1431.125977	20290.103516
1430.082031	20429.607422
1429.037109	20460.162109
1427.993164	20516.181641
1426.948242	20312.796875
1425.902344	20431.337891
1424.857422	20577.609375
1423.811523	20422.937500
1422.765625	20189.650391
1421.719727	20396.029297
1420.673828	20456.599609
1419.626953	20406.140625
1418.580078	20621.591797
1417.533203	20564.183594
1416.486328	20673.197266
1415.439453	20636.595703
1414.391602	20433.671875
1413.343750	20461.802734
1412.295898	20739.318359
1411.248047	20310.236328
1410.199219	20619.984375
1409.150391	20073.402344
1408.101563	20500.742188
1407.052734	20113.582031
1406.003906	20127.892578
1404.954102	19830.894531
1403.904297	20110.380859
1402.854492	20103.933594
1401.804688	20039.876953
1400.753906	20054.179688
1399.703125	19870.373047
1398.652344	19447.121094
1397.601563	19684.886719
1396.550781	19604.859375
1395.499023	19481.134766
1394.447266	19408.083984
1393.395508	19445.496094
1392.343750	19549.599609
1391.291016	19497.275391
1390.239258	19187.451172
1389.186523	19234.068359
1388.132813	19122.082031
1387.080078	19285.882813
1386.026367	19334.744141
1384.972656	19475.462891
1383.918945	19457.666016
1382.865234	19759.015625
1381.810547	19741.166016
1380.756836	20005.611328
1379.702148	19960.181641
1378.646484	20490.580078
1377.591797	20410.662109
1376.536133	20663.279297
1375.480469	20599.406250
1374.424805	20725.808594
1373.369141	20739.863281
1372.312500	21019.693359
1371.256836	21143.636719
1370.200195	20834.664063
1369.142578	20773.117188
1368.085938	20931.369141
1367.028320	20979.691406
1365.970703	20902.128906
1364.913086	21003.056641
1363.855469	21181.712891
1362.796875	21111.015625
1361.739258	21095.220703
1360.680664	21390.332031
1359.621094	21427.050781
1358.562500	21244.386719
1357.502930	21621.525391
1356.443359	21646.750000
1355.383789	22101.292969
1354.324219	22197.183594
1353.263672	22491.630859
1352.203125	22769.980469
1351.142578	23112.101563
1350.082031	22977.287109
1349.021484	23795.916016
1347.959961	23870.806641
1346.898438	24447.242188
1345.836914	24699.757813
1344.774414	25271.222656
1343.712891	25639.664063
1342.650391	25805.208984
1341.587891	26382.917969
1340.525391	26760.003906
1339.461914	27487.527344
1338.398438	27472.732422
1337.335938	27890.316406
1336.271484	28355.503906
1335.208008	28595.302734
1334.143555	28939.613281
1333.079102	28840.398438
1332.014648	28629.830078
1330.950195	28512.533203
1329.885742	28595.248047
1328.820313	28066.792969
1327.754883	27615.783203
1326.689453	27278.505859
1325.623047	27129.816406
1324.556641	26499.945313
1323.491211	25813.595703
1322.423828	25628.992188
1321.357422	25108.710938
1320.291016	24518.333984
1319.223633	24495.111328
1318.156250	23746.398438
1317.087891	24022.548828
1316.020508	23439.677734
1314.952148	23500.525391
1313.883789	23196.632813
1312.815430	23359.419922
1311.747070	23189.277344
1310.677734	22987.507813
1309.608398	22747.345703
1308.539063	22826.355469
1307.469727	22810.306641
1306.399414	22767.121094
1305.330078	22355.320313
1304.259766	22149.445313
1303.189453	22298.570313
1302.118164	22113.130859
1301.046875	22079.166016
1299.976563	21941.291016
1298.904297	21737.966797
1297.833008	21293.093750
1296.761719	21101.277344
1295.689453	20688.320313
1294.617188	20354.525391
1293.543945	20120.146484
1292.471680	20192.669922
1291.398438	19974.207031
1290.325195	19972.312500
1289.251953	19853.183594
1288.178711	19740.865234
1287.104492	19802.117188
1286.030273	19550.162109
1284.956055	19453.740234
1283.881836	19945.173828
1282.806641	19848.708984
1281.732422	20103.474609
1280.657227	20513.435547
1279.581055	20317.896484
1278.505859	20349.667969
1277.429688	20691.837891
1276.353516	20525.615234
1275.277344	20815.890625
1274.201172	20872.255859
1273.124023	20870.160156
1272.046875	21277.023438
1270.969727	21032.216797
1269.892578	21393.953125
1268.814453	21036.939453
1267.737305	21185.232422
1266.659180	21156.132813
1265.581055	20990.144531
1264.501953	20512.345703
1263.422852	20344.316406
1262.344727	19945.345703
1261.264648	19788.714844
1260.185547	19533.503906
1259.105469	19493.574219
1258.026367	19420.044922
1256.946289	18954.460938
1255.865234	18968.433594
1254.785156	19007.035156
1253.704102	18846.339844
1252.623047	19034.933594
1251.541992	18760.152344
1250.459961	18724.916016
1249.378906	18855.246094
1248.296875	18694.746094
1247.214844	18762.410156
1246.131836	18642.236328
1245.049805	18613.761719
1243.966797	18522.720703
1242.883789	18483.109375
1241.800781	18410.003906
1240.716797	18381.595703
1239.632813	18109.800781
1238.548828	17907.326172
1237.464844	17852.253906
1236.380859	17681.158203
1235.295898	17476.666016
1234.210938	17361.484375
1233.125977	17529.589844
1232.041016	17175.859375
1230.955078	17415.269531
1229.869141	17173.150391
1228.783203	17265.384766
1227.697266	17261.781250
1226.610352	17126.759766
1225.524414	16973.978516
1224.437500	17046.134766
1223.349609	16833.328125
1222.262695	16778.625000
1221.174805	16632.714844
1220.086914	16865.052734
1218.999023	16872.652344
1217.911133	16597.833984
1216.822266	16772.226563
1215.733398	16913.205078
1214.644531	16789.666016
1213.555664	16543.974609
1212.465820	16975.910156
1211.376953	16512.630859
1210.287109	16611.320313
1209.196289	16523.488281
1208.106445	16706.476563
1207.015625	16594.250000
1205.924805	16790.455078
1204.833984	16423.167969
1203.743164	16601.583984
1202.651367	16389.693359
1201.559570	16517.054688
1200.467773	16398.353516
1199.375977	16463.613281
1198.283203	16247.494141
1197.190430	16303.898438
1196.097656	16041.397461
1195.004883	15829.927734
1193.911133	16105.517578
1192.818359	15900.759766
1191.724609	16061.163086
1190.629883	15922.862305
1189.536133	15988.089844
1188.441406	16042.234375
1187.346680	16049.929688
1186.251953	15792.387695
1185.157227	15979.125000
1184.061523	16137.060547
1182.965820	16250.751953
1181.870117	16053.006836
1180.774414	15983.406250
1179.677734	16044.075195
1178.581055	16197.413086
1177.484375	16330.827148
1176.387695	16338.435547
1175.291016	16085.774414
1174.193359	16210.303711
1173.095703	15999.662109
1171.998047	15969.858398
1170.899414	16061.273438
1169.800781	15945.536133
1168.702148	15627.182617
1167.603516	15819.920898
1166.504883	15666.871094
1165.405273	15478.660156
1164.305664	15642.692383
1163.206055	15505.176758
1162.106445	15563.527344
1161.005859	15676.843750
1159.906250	15471.230469
1158.804688	15388.830078
1157.704102	15737.322266
1156.603516	15718.635742
1155.501953	15735.112305
1154.400391	15942.709961
1153.298828	15860.292969
1152.196289	15845.983398
1151.093750	16294.927734
1149.992188	16359.552734
1148.888672	16479.013672
1147.786133	17076.738281
1146.682617	17307.873047
1145.579102	17554.261719
1144.475586	17855.363281
1143.372070	17772.691406
1142.267578	17663.750000
1141.163086	17791.519531
1140.058594	17579.648438
1138.954102	17709.570313
1137.848633	17256.906250
1136.744141	17329.912109
1135.638672	17183.982422
1134.532227	16937.437500
1133.426758	16947.005859
1132.320313	16739.990234
1131.213867	16253.099609
1130.107422	16275.922852
1129.000000	16377.441406
1127.893555	16096.398438
1126.786133	16359.626953
1125.677734	15969.458008
1124.570313	16070.952148
1123.461914	16039.179688
1122.354492	16016.153320
1121.245117	15918.911133
1120.136719	15869.727539
1119.027344	16104.241211
1117.918945	15812.869141
1116.808594	16005.851563
1115.699219	15790.948242
1114.589844	16051.441406
1113.479492	16196.291992
1112.369141	16162.370117
1111.257813	16337.639648
1110.147461	16323.306641
1109.036133	16494.111328
1107.924805	16662.664063
1106.813477	17070.625000
1105.701172	16999.552734
1104.589844	17028.615234
1103.477539	17188.207031
1102.364258	17610.935547
1101.251953	17463.687500
1100.138672	17638.304688
1099.025391	17445.458984
1097.912109	17846.039063
1096.798828	17335.974609
1095.684570	17293.214844
1094.570313	17026.750000
1093.456055	16788.628906
1092.341797	16550.605469
1091.226563	16366.948242
1090.111328	16118.260742
1088.996094	16015.051758
1087.880859	15829.451172
1086.764648	16003.958008
1085.648438	15792.416016
1084.532227	15533.267578
1083.416016	15391.271484
1082.299805	15557.050781
1081.182617	15553.767578
1080.065430	15689.116211
1078.947266	15720.454102
1077.830078	15656.510742
1076.711914	15622.899414
1075.593750	15714.829102
1074.475586	15579.517578
1073.357422	15504.836914
1072.238281	15562.124023
1071.119141	15682.096680
1070.000000	15622.572266
1068.879883	15675.472656
1067.760742	15734.832031
1066.640625	15975.658203
1065.519531	16121.334961
1064.399414	15809.088867
1063.278320	16088.611328
1062.157227	16126.227539
1061.036133	16418.511719
1059.915039	16484.093750
1058.792969	16500.025391
1057.670898	16813.613281
1056.548828	16650.476563
1055.426758	16720.261719
1054.303711	16917.197266
1053.181641	17299.390625
1052.057617	17310.814453
1050.934570	17188.669922
1049.811523	17389.642578
1048.687500	17334.285156
1047.563477	17360.757813
1046.438477	17238.701172
1045.314453	17293.156250
1044.189453	17364.798828
1043.064453	17507.394531
1041.939453	17290.781250
1040.813477	17323.673828
1039.687500	17302.808594
1038.561523	17456.039063
1037.435547	17417.962891
1036.309570	17343.378906
1035.182617	17616.781250
1034.055664	17604.460938
1032.928711	17710.226563
1031.800781	17599.150391
1030.673828	17672.679688
1029.545898	17885.638672
1028.416992	17686.642578
1027.289063	17511.320313
1026.160156	17610.531250
1025.031250	17542.486328
1023.902344	17410.169922
1022.773438	17633.623047
1021.643555	17306.380859
1020.513672	17328.414063
1019.383789	17373.996094
1018.252930	17288.951172
1017.123047	17021.992188
1015.992188	17082.585938
1014.861328	17012.632813
1013.729492	16968.378906
1012.598633	17046.052734
1011.466797	16929.105469
1010.334961	16654.003906
1009.202148	16810.777344
1008.070313	16886.277344
1006.937500	17130.529297
1005.804688	17810.431641
1004.670898	18206.007813
1003.538086	18340.927734
1002.404297	17925.039063
1001.270508	17624.572266
1000.135742	17349.839844
999.001953	16974.955078
997.867188	16606.626953
996.732422	16370.665039
995.596680	16166.782227
994.461914	16078.086914
993.326172	15899.923828
992.190430	15890.153320
991.054688	15680.151367
989.917969	15687.467773
988.781250	15858.733398
987.644531	15699.959961
986.507813	15564.665039
985.370117	15550.716797
984.232422	15726.117188
983.094727	15584.518555
981.957031	15596.090820
980.819336	15665.061523
979.680664	15687.238281
978.541992	15564.891602
977.402344	15699.689453
976.263672	15887.535156
975.124023	15786.458984
973.984375	16271.478516
972.844727	16144.886719
971.704102	16389.781250
970.563477	16496.638672
969.422852	16677.705078
968.282227	16691.125000
967.141602	16655.761719
966.000000	16980.849609
964.858398	17011.152344
963.715820	17075.347656
962.574219	17069.593750
961.431641	17118.917969
960.289063	16971.251953
959.146484	16838.468750
958.002930	16898.394531
956.860352	16797.429688
955.716797	16728.250000
954.572266	16741.613281
953.428711	16805.734375
952.284180	16478.585938
951.139648	16460.273438
949.995117	16494.816406
948.849609	16499.753906
947.704102	16295.501953
946.558594	16418.781250
945.413086	16499.765625
944.267578	16821.441406
943.121094	16876.968750
941.974609	17073.890625
940.827148	17397.347656
939.680664	17811.386719
938.533203	18261.109375
937.385742	18702.203125
936.238281	19556.375000
935.089844	20521.906250
933.942383	21607.158203
932.792969	22824.697266
931.644531	23934.273438
930.496094	25241.361328
929.346680	26575.265625
928.197266	27582.269531
927.047852	27986.837891
925.897461	28515.394531
924.747070	28328.361328
923.596680	28076.195313
922.446289	27466.605469
921.294922	26060.367188
920.144531	24717.794922
918.992188	23232.875000
917.840820	21870.462891
916.689453	20903.595703
915.537109	19893.029297
914.384766	19034.091797
913.231445	18108.335938
912.079102	17873.568359
910.925781	17473.109375
909.772461	16915.457031
908.619141	16548.933594
907.464844	16411.169922
906.310547	16382.499023
905.156250	16295.140625
904.001953	16237.162109
902.846680	16212.734375
901.691406	16234.407227
900.536133	15872.759766
899.380859	15971.977539
898.224609	15958.091797
897.069336	15835.362305
895.913086	15890.571289
894.755859	15703.044922
893.599609	15856.576172
892.442383	15700.505859
891.285156	15741.056641
890.126953	15852.666992
888.969727	15604.730469
887.811523	15699.603516
886.653320	15361.967773
885.494141	15667.814453
884.335938	15601.809570
883.176758	15610.995117
882.016602	15770.469727
880.857422	15639.786133
879.697266	15527.935547
878.538086	15704.011719
877.376953	15446.199219
876.216797	15732.729492
875.055664	15748.121094
873.894531	15646.783203
872.733398	15566.327148
871.572266	15900.500977
870.410156	15713.791992
869.248047	15718.752930
868.085938	15988.131836
866.922852	15878.541016
865.760742	15793.969727
864.597656	15938.313477
863.433594	15654.057617
862.270508	15873.241211
861.106445	15431.085938
859.942383	15814.457031
858.778320	15998.126953
857.613281	15776.500000
856.449219	15660.923828
855.284180	15840.351563
854.118164	15795.416992
852.953125	15945.668945
851.787109	16104.159180
850.621094	15880.712891
849.455078	15831.654297
848.288086	15819.956055
847.121094	15930.630859
845.954102	15983.195313
844.787109	16118.663086
843.619141	15887.204102
842.452148	16016.414063
841.283203	16052.336914
840.115234	16146.242188
838.947266	16039.226563
837.778320	16023.356445
836.609375	16278.665039
835.439453	16093.042969
834.269531	16147.519531
833.100586	16268.168945
831.929688	16155.054688
830.759766	16379.039063
829.588867	16511.960938
828.417969	16663.429688
827.247070	16610.250000
826.076172	16693.449219
824.904297	16832.382813
823.732422	16731.701172
822.560547	16719.841797
821.387695	16798.814453
820.215820	16539.287109
819.042969	16358.279297
817.869141	16484.722656
816.696289	16571.921875
815.522461	16347.718750
814.348633	16267.919922
813.174805	16476.714844
812.000000	16378.375000
810.825195	16232.690430
809.650391	16157.101563
808.475586	16406.923828
807.300781	16366.328125
806.125000	16214.592773
804.949219	16198.750977
803.772461	15981.272461
802.596680	16193.828125
801.419922	16149.205078
800.243164	16308.168945
799.065430	16284.095703
797.887695	16196.315430
796.710938	16509.283203
795.532227	16324.928711
794.354492	16598.705078
793.175781	16558.160156
791.997070	16341.061523
790.818359	16263.639648
789.639648	16446.888672
788.459961	16252.520508
787.280273	16199.781250
786.100586	15814.811523
784.919922	15893.418945
783.739258	16025.292969
782.558594	16159.159180
781.377930	15883.131836
780.196289	15891.996094
779.014648	16023.752930
777.833008	16073.537109
776.651367	16115.110352
775.468750	15927.404297
774.287109	16230.942383
773.103516	16008.507813
771.920898	16311.895508
770.737305	16247.016602
769.553711	16292.581055
768.370117	16575.265625
767.186523	16581.902344
766.001953	16899.138672
764.817383	16866.884766
763.632813	16808.091797
762.447266	17049.511719
761.262695	17094.826172
760.077148	17270.757813
758.890625	17544.570313
757.705078	17465.285156
756.518555	17651.218750
755.332031	17932.925781
754.145508	17945.359375
752.958008	18147.375000
751.770508	18544.960938
750.583008	19074.824219
749.395508	19683.910156
748.207031	19897.589844
747.018555	20622.304688
745.830078	21352.812500
744.640625	22196.990234
743.452148	23044.871094
742.262695	23908.660156
741.073242	24772.074219
739.882813	25384.962891
738.692383	26176.515625
737.501953	26550.990234
736.311523	27589.896484
735.120117	28496.273438
733.929688	28618.087891
732.738281	29154.189453
731.545898	29239.253906
730.354492	29021.777344
729.162109	28205.613281
727.969727	27736.816406
726.776367	27089.677734
725.583984	26631.464844
724.390625	26027.429688
723.196289	25429.740234
722.002930	24501.884766
720.808594	23738.591797
719.614258	22945.234375
718.419922	22018.515625
717.224609	21580.312500
716.030273	21115.972656
714.834961	20949.433594
713.638672	20430.781250
712.443359	20294.814453
711.247070	20088.093750
710.050781	19978.554688
708.853516	19867.037109
707.657227	19723.218750
706.459961	19807.880859
705.262695	19589.357422
704.064453	19647.742188
702.867188	19457.626953
701.668945	19431.187500
700.469727	19624.853516
699.271484	20315.054688
698.072266	20207.707031
696.873047	20324.392578
695.673828	20519.708984
694.473633	21194.992188
693.273438	21702.603516
692.073242	22627.337891
690.873047	22973.156250
689.671875	24116.875000
688.470703	25175.470703
687.269531	26209.433594
686.068359	27073.771484
684.866211	27702.148438
683.664063	28638.253906
682.461914	29257.962891
681.258789	29124.832031
680.055664	28881.109375
678.852539	28548.992188
677.649414	27999.837891
676.445313	27666.042969
675.242188	27201.738281
674.037109	26665.289063
672.833008	26275.738281
671.627930	25791.945313
670.422852	25946.996094
669.217773	26206.384766
668.012695	26507.816406
666.806641	26857.279297
665.600586	27413.263672
664.394531	27656.050781
663.187500	28865.460938
661.980469	29133.890625
660.773438	29201.724609
659.566406	29439.896484
658.358398	29106.847656
657.150391	29128.556641
655.942383	28637.474609
654.734375	27910.298828
653.525391	27435.710938
652.316406	26879.255859
651.107422	26016.845703
649.897461	25108.787109
648.688477	24733.236328
647.478516	23849.851563
646.267578	23166.804688
645.057617	22456.066406
643.846680	21851.566406
642.635742	21605.015625
641.423828	21096.855469
640.212891	20377.195313
639.000977	20360.769531
637.788086	20374.296875
636.576172	19994.591797
635.363281	20195.781250
634.150391	20333.033203
632.937500	20196.943359
631.723633	20419.888672
630.510742	20708.533203
629.295898	20668.132813
628.082031	20958.587891
626.867188	20944.048828
625.652344	20712.373047
624.437500	20745.693359
623.222656	20605.755859
622.006836	20314.574219
620.791016	20087.212891
619.575195	19774.378906
618.358398	19581.052734
617.141602	19224.705078
615.924805	18924.191406
614.708008	18751.056641
613.490234	19023.265625
612.272461	18647.470703
611.054688	18273.824219
609.836914	18097.005859
608.618164	18202.283203
607.399414	18021.583984
606.180664	17892.576172
604.960938	17787.441406
603.741211	17412.482422
602.521484	17529.691406
601.301758	17523.875000
600.081055	17357.433594
598.860352	17353.636719
597.639648	17316.144531
596.418945	17268.757813
595.197266	16864.757813
593.975586	17057.171875
592.753906	17227.716797
591.531250	17002.187500
590.308594	16966.792969
589.085938	16879.957031
587.863281	16864.388672
586.639648	17384.935547
585.416016	16829.314453
584.192383	17066.871094
582.967773	17084.880859
581.744141	17316.345703
580.519531	17227.580078
579.293945	17202.074219
578.069336	17362.250000
576.843750	17441.386719
575.618164	17593.541016
574.391602	17759.443359
573.166016	17785.152344
571.939453	18096.945313
570.711914	18146.240234
569.485352	18369.064453
568.257813	18201.380859
567.030273	18179.648438
565.802734	18029.814453
564.574219	18161.824219
563.345703	17568.798828
562.117188	17700.849609
560.888672	17643.798828
559.659180	17370.210938
558.429688	17701.011719
557.200195	17604.638672
555.969727	17529.947266
554.739258	17433.650391
553.508789	17288.230469
552.278320	17148.771484
551.046875	17180.390625
549.815430	17365.287109
548.583984	17251.441406
547.352539	17290.871094
546.120117	17129.955078
544.887695	17414.835938
543.655273	17330.523438
542.421875	17318.865234
541.188477	17358.232422
539.955078	17350.494141
538.721680	17315.300781
537.487305	17325.222656
536.252930	17588.048828
535.018555	17505.779297
533.783203	17786.085938
532.547852	17709.683594
531.312500	17692.080078
530.077148	17831.152344
528.840820	18158.126953
527.604492	18113.027344
526.368164	18516.121094
525.131836	19028.609375
523.894531	20213.816406
522.657227	21498.248047
521.419922	21849.398438
520.181641	21166.224609
518.943359	19869.630859
517.705078	19028.908203
516.465820	18557.796875
515.227539	18372.062500
513.988281	18243.039063
512.748047	18182.404297
511.508789	18141.316406
510.268555	17951.927734
509.028320	17881.638672
507.788086	18072.765625
506.546875	17910.818359
505.305664	17745.041016
504.064453	17782.068359
502.822266	17861.955078
501.580078	17912.578125
