1802.218750	9062.250977
1801.250000	9227.065430
1800.280273	9065.434570
1799.310547	9293.272461
1798.340820	9234.014648
1797.371094	8401.275391
1796.401367	8040.361816
1795.430664	7866.656738
1794.460938	8291.504883
1793.490234	8494.289063
1792.519531	8771.772461
1791.547852	8922.042969
1790.577148	8638.698242
1789.605469	8367.922852
1788.633789	8346.324219
1787.662109	8257.498047
1786.690430	8631.791992
1785.717773	8966.108398
1784.745117	9347.576172
1783.772461	9761.237305
1782.799805	9853.817383
1781.827148	9702.613281
1780.853516	9775.274414
1779.880859	10307.855469
1778.907227	10686.108398
1777.933594	10278.878906
1776.958984	9973.685547
1775.985352	9348.148438
1775.010742	8837.112305
1774.036133	8887.492188
1773.061523	8893.161133
1772.086914	9653.428711
1771.111328	10207.406250
1770.135742	10756.199219
1769.161133	11007.082031
1768.184570	11044.561523
1767.208984	11094.424805
1766.233398	11260.791992
1765.256836	11583.254883
1764.280273	11647.847656
1763.303711	11251.548828
1762.326172	10897.522461
1761.349609	10573.358398
1760.372070	10633.146484
1759.394531	11066.753906
1758.416992	11537.316406
1757.439453	12321.988281
1756.460938	13086.549805
1755.483398	13029.503906
1754.504883	12547.070313
1753.525391	11896.679688
1752.546875	11417.138672
1751.568359	11135.534180
1750.588867	11726.417969
1749.609375	12062.569336
1748.629883	12322.005859
1747.649414	12030.563477
1746.669922	11677.504883
1745.689453	11109.796875
1744.708984	10964.404297
1743.728516	11226.264648
1742.748047	11228.947266
1741.766602	11187.224609
1740.785156	11162.782227
1739.804688	11195.064453
1738.822266	10744.118164
1737.840820	10737.032227
1736.858398	10350.432617
1735.876953	10417.343750
1734.894531	10531.032227
1733.912109	11353.990234
1732.928711	11854.042969
1731.946289	11674.404297
1730.962891	11147.777344
1729.979492	10476.166016
1728.996094	10284.608398
1728.011719	9832.374023
1727.028320	10191.937500
1726.043945	11151.338867
1725.059570	11628.498047
1724.075195	12189.035156
1723.089844	11692.634766
1722.105469	11385.620117
1721.120117	10766.754883
1720.134766	10428.121094
1719.149414	10445.668945
1718.163086	10612.963867
1717.177734	10586.285156
1716.191406	10854.098633
1715.205078	10761.135742
1714.218750	11340.338867
1713.231445	11987.979492
1712.245117	12505.401367
1711.257813	12632.817383
1710.270508	12684.200195
1709.283203	12448.845703
1708.294922	11887.725586
1707.307617	11826.543945
1706.319336	12164.586914
1705.331055	12235.596680
1704.342773	12982.251953
1703.353516	14012.528320
1702.364258	14264.207031
1701.375977	15080.953125
1700.385742	15315.191406
1699.396484	15539.552734
1698.407227	15886.079102
1697.416992	16146.902344
1696.426758	15838.131836
1695.436523	15837.385742
1694.446289	15865.958008
1693.455078	16480.759766
1692.464844	17263.824219
1691.473633	17494.750000
1690.482422	17691.404297
1689.490234	17624.382813
1688.499023	17789.207031
1687.506836	18222.333984
1686.514648	18762.611328
1685.522461	18544.220703
1684.530273	18333.230469
1683.537109	17646.962891
1682.543945	17209.570313
1681.550781	17159.802734
1680.557617	17702.072266
1679.564453	17591.328125
1678.570313	17987.171875
1677.577148	18485.115234
1676.583008	18503.296875
1675.587891	18538.505859
1674.593750	18162.466797
1673.598633	17917.951172
1672.604492	17617.587891
1671.609375	17823.173828
1670.613281	17454.871094
1669.618164	16675.896484
1668.622070	16286.097656
1667.626953	16273.091797
1666.630859	16626.931641
1665.633789	16808.173828
1664.637695	16481.798828
1663.640625	16019.589844
1662.643555	15428.912109
1661.646484	14894.291016
1660.649414	15298.931641
1659.652344	15337.083984
1658.654297	15212.711914
1657.656250	15418.190430
1656.658203	15943.621094
1655.660156	16308.852539
1654.661133	16252.240234
1653.662109	16122.958008
1652.664063	15361.439453
1651.664063	15137.927734
1650.665039	15030.741211
1649.666016	15371.498047
1648.666016	16121.198242
1647.666016	16514.837891
1646.666016	16342.125977
1645.665039	15908.216797
1644.665039	15909.838867
1643.664063	15766.369141
1642.663086	16208.031250
1641.662109	15784.165039
1640.660156	15548.971680
1639.659180	15079.500000
1638.657227	15470.210938
1637.655273	15648.223633
1636.653320	15719.915039
1635.650391	15702.249023
1634.648438	15134.252930
1633.645508	15584.884766
1632.642578	15494.871094
1631.638672	15332.524414
1630.635742	15020.710938
1629.631836	15376.957031
1628.627930	15651.088867
1627.624023	16310.763672
1626.620117	16562.906250
1625.615234	16588.464844
1624.611328	16797.087891
1623.606445	16292.741211
1622.601563	15843.980469
1621.595703	14824.843750
1620.590820	14311.573242
1619.584961	14200.384766
1618.579102	14252.844727
1617.573242	14237.930664
1616.566406	14299.979492
1615.560547	14167.240234
1614.553711	14433.617188
1613.546875	14949.851563
1612.540039	15583.623047
1611.532227	16332.458984
1610.525391	16896.033203
1609.517578	16943.041016
1608.509766	16797.943359
1607.500977	16292.813477
1606.493164	16095.101563
1605.484375	16384.591797
1604.475586	16779.523438
1603.466797	17769.160156
1602.458008	17885.462891
1601.448242	17702.009766
1600.439453	17185.421875
1599.429688	17395.242188
1598.418945	17029.884766
1597.409180	17881.703125
1596.398438	17698.431641
1595.388672	17749.919922
1594.377930	18210.804688
1593.366211	19289.097656
1592.355469	20137.197266
1591.343750	20681.062500
1590.333008	20540.501953
1589.320313	20046.003906
1588.308594	19783.667969
1587.296875	19507.091797
1586.284180	19847.345703
1585.271484	20173.121094
1584.258789	19953.976563
1583.246094	19947.533203
1582.232422	21180.693359
1581.218750	21570.404297
1580.205078	21577.958984
1579.191406	21351.583984
1578.177734	21476.117188
1577.163086	21765.232422
1576.149414	21612.906250
1575.134766	21222.134766
1574.119141	20686.064453
1573.104492	20982.253906
1572.088867	21457.089844
1571.073242	21593.330078
1570.057617	21762.871094
1569.041992	22368.273438
1568.026367	22613.796875
1567.009766	22649.677734
1565.993164	22337.962891
1564.976563	22404.826172
1563.959961	22385.990234
1562.942383	22364.781250
1561.924805	22800.298828
1560.907227	22824.199219
1559.889648	22600.798828
1558.872070	22384.619141
1557.853516	21899.947266
1556.834961	21890.738281
1555.816406	22054.966797
1554.797852	22071.855469
1553.778320	22226.478516
1552.759766	22238.574219
1551.740234	22333.750000
1550.720703	21413.058594
1549.701172	21316.154297
1548.680664	20635.660156
1547.660156	20700.246094
1546.639648	20812.232422
1545.619141	21035.609375
1544.598633	20704.191406
1543.577148	20007.919922
1542.555664	20110.472656
1541.534180	20250.888672
1540.512695	20583.101563
1539.491211	21035.953125
1538.468750	21268.427734
1537.446289	21185.976563
1536.423828	21228.992188
1535.401367	21227.029297
1534.377930	21191.947266
1533.355469	21128.496094
1532.332031	21131.281250
1531.308594	20831.441406
1530.284180	20694.820313
1529.260742	20359.738281
1528.236328	20471.363281
1527.211914	20660.898438
1526.187500	20524.419922
1525.162109	20439.945313
1524.137695	20976.416016
1523.112305	21078.353516
1522.086914	20901.777344
1521.060547	20883.355469
1520.035156	20893.246094
1519.008789	21160.205078
1517.982422	21122.873047
1516.956055	21392.033203
1515.929688	21731.791016
1514.902344	21597.742188
1513.875000	21873.705078
1512.847656	22236.708984
1511.820313	22658.439453
1510.792969	23390.808594
1509.764648	23169.449219
1508.736328	23416.556641
1507.708008	23842.404297
1506.679688	24105.740234
1505.650391	24138.451172
1504.622070	24803.761719
1503.592773	25017.359375
1502.563477	24991.089844
1501.533203	25456.041016
1500.503906	25441.437500
1499.473633	25203.652344
1498.443359	25322.988281
1497.413086	24953.812500
1496.381836	24843.054688
1495.350586	24647.833984
1494.320313	24553.609375
1493.288086	24259.974609
1492.256836	24079.064453
1491.225586	23433.818359
1490.193359	23346.949219
1489.161133	23215.566406
1488.128906	23208.472656
1487.095703	23297.466797
1486.063477	23032.615234
1485.030273	23227.023438
1483.997070	23231.638672
1482.963867	22990.375000
1481.929688	23222.128906
1480.895508	23348.453125
1479.861328	23551.951172
1478.827148	23851.294922
1477.792969	24433.564453
1476.757813	25160.599609
1475.723633	25475.792969
1474.688477	26019.962891
1473.652344	27019.691406
1472.617188	27021.166016
1471.581055	27450.199219
1470.545898	28402.296875
1469.508789	29195.193359
1468.472656	29796.296875
1467.436523	30618.927734
1466.399414	31380.537109
1465.362305	32055.490234
1464.325195	32986.800781
1463.287109	33350.914063
1462.250000	34195.285156
1461.211914	34775.839844
1460.173828	35549.632813
1459.135742	35677.519531
1458.096680	35691.175781
1457.057617	36378.101563
1456.019531	36724.679688
1454.979492	36689.203125
1453.940430	36826.027344
1452.901367	37179.277344
1451.861328	38393.480469
1450.821289	39213.953125
1449.781250	40422.585938
1448.740234	41198.105469
1447.699219	42219.796875
1446.659180	43136.445313
1445.617188	43197.324219
1444.576172	43327.894531
1443.535156	42998.359375
1442.493164	42274.042969
1441.451172	41468.734375
1440.409180	40308.480469
1439.366211	38387.226563
1438.324219	37601.773438
1437.281250	35825.738281
1436.238281	34769.671875
1435.194336	34240.605469
1434.151367	33264.148438
1433.107422	32401.707031
1432.063477	31483.982422
1431.019531	30951.378906
1429.975586	30578.886719
1428.930664	30088.388672
1427.885742	29535.548828
1426.840820	29038.515625
1425.795898	28905.199219
1424.750000	28642.302734
1423.705078	28453.572266
1422.659180	28718.455078
1421.613281	28636.203125
1420.566406	28651.130859
1419.520508	28760.863281
1418.473633	29041.640625
1417.426758	29049.535156
1416.379883	29045.869141
1415.332031	29483.533203
1414.284180	29657.658203
1413.236328	29637.695313
1412.188477	29495.353516
1411.140625	29519.296875
1410.091797	29905.621094
1409.043945	29218.673828
1407.995117	29228.808594
1406.945313	29550.359375
1405.896484	29292.882813
1404.846680	28931.748047
1403.796875	28626.087891
1402.747070	28152.292969
1401.697266	28033.576172
1400.646484	27781.277344
1399.595703	27676.503906
1398.544922	26873.957031
1397.494141	26847.695313
1396.443359	26519.873047
1395.391602	26134.644531
1394.339844	25754.175781
1393.288086	25608.527344
1392.236328	25559.546875
1391.183594	25204.722656
1390.130859	24686.798828
1389.078125	24605.851563
1388.025391	24334.177734
1386.972656	24159.121094
1385.918945	24425.224609
1384.865234	24597.044922
1383.811523	24895.093750
1382.757813	25121.845703
1381.703125	25463.275391
1380.648438	26084.546875
1379.593750	26439.398438
1378.539063	26817.044922
1377.484375	26912.425781
1376.428711	26886.234375
1375.373047	27194.771484
1374.317383	27471.089844
1373.260742	27804.583984
1372.205078	28085.240234
1371.148438	28388.687500
1370.091797	28094.255859
1369.035156	28008.314453
1367.977539	28142.175781
1366.920898	28298.869141
1365.863281	28487.533203
1364.805664	28426.740234
1363.747070	28741.103516
1362.689453	29153.673828
1361.630859	28948.728516
1360.572266	29557.675781
1359.513672	29501.285156
1358.454102	29970.476563
1357.394531	30165.322266
1356.334961	31129.826172
1355.275391	31735.400391
1354.215820	31932.039063
1353.155273	32486.974609
1352.094727	33799.367188
1351.034180	34721.042969
1349.973633	35959.429688
1348.913086	36903.078125
1347.851563	38261.351563
1346.790039	39495.953125
1345.728516	40805.257813
1344.666016	41500.996094
1343.604492	42406.058594
1342.541992	44130.804688
1341.479492	45460.835938
1340.416016	46676.460938
1339.353516	47627.500000
1338.290039	48962.796875
1337.226563	50331.675781
1336.163086	50867.289063
1335.099609	51905.375000
1334.035156	52051.546875
1332.970703	52324.980469
1331.906250	52143.652344
1330.841797	51410.113281
1329.776367	51074.527344
1328.710938	49907.585938
1327.645508	48484.460938
1326.580078	46734.917969
1325.514648	45145.023438
1324.448242	44470.574219
1323.381836	42566.343750
1322.315430	40996.445313
1321.248047	40021.550781
1320.181641	38935.925781
1319.114258	38027.617188
1318.046875	36716.136719
1316.979492	36497.726563
1315.911133	35930.410156
1314.842773	35383.718750
1313.774414	35181.570313
1312.706055	35133.507813
1311.637695	34843.183594
1310.568359	34670.699219
1309.499023	34588.816406
1308.429688	34647.261719
1307.360352	34155.914063
1306.290039	34304.902344
1305.220703	33583.156250
1304.150391	33838.464844
1303.079102	33060.593750
1302.008789	32572.333984
1300.937500	31953.216797
1299.866211	31228.175781
1298.794922	30794.802734
1297.723633	30350.316406
1296.651367	29826.994141
1295.579102	28911.119141
1294.506836	28444.728516
1293.434570	27926.632813
1292.362305	27661.408203
1291.289063	27351.185547
1290.215820	27158.343750
1289.142578	26652.212891
1288.068359	26923.916016
1286.995117	26578.039063
1285.920898	26471.128906
1284.846680	26636.824219
1283.771484	26518.683594
1282.697266	26794.626953
1281.622070	26933.132813
1280.546875	26972.548828
1279.471680	26915.185547
1278.395508	26833.095703
1277.320313	27041.201172
1276.244141	27307.687500
1275.166992	26800.621094
1274.090820	26959.144531
1273.013672	27524.386719
1271.937500	27067.019531
1270.860352	27079.359375
1269.782227	27064.742188
1268.705078	27402.683594
1267.626953	27632.716797
1266.548828	27516.978516
1265.470703	27286.835938
1264.391602	27097.171875
1263.313477	27185.748047
1262.234375	27047.765625
1261.154297	26450.166016
1260.075195	26462.593750
1258.995117	25914.673828
1257.916016	25517.119141
1256.835938	25128.691406
1255.754883	24220.751953
1254.674805	24343.357422
1253.593750	23706.880859
1252.512695	23301.238281
1251.431641	23410.525391
1250.349609	23049.865234
1249.268555	22778.837891
1248.186523	22570.550781
1247.104492	22494.289063
1246.021484	22225.779297
1244.939453	22453.617188
1243.856445	22368.482422
1242.773438	22198.476563
1241.689453	22292.138672
1240.606445	22102.115234
1239.522461	22077.410156
1238.438477	21876.345703
1237.354492	21856.158203
1236.269531	22030.125000
1235.185547	21688.632813
1234.100586	21559.191406
1233.015625	21191.173828
1231.929688	21454.318359
1230.844727	21327.232422
1229.758789	21603.609375
1228.672852	21572.359375
1227.585938	21478.744141
1226.500000	21549.990234
1225.413086	21730.326172
1224.326172	21785.904297
1223.239258	21296.089844
1222.151367	21503.068359
1221.063477	21238.244141
1219.976563	21634.238281
1218.887695	21585.236328
1217.799805	21240.505859
1216.710938	21451.720703
1215.622070	21465.019531
1214.533203	21216.085938
1213.444336	20858.384766
1212.354492	21307.179688
1211.265625	21353.808594
1210.175781	21309.376953
1209.084961	21129.546875
1207.995117	21502.443359
1206.904297	21504.605469
1205.813477	21646.535156
1204.722656	21233.878906
1203.630859	21393.544922
1202.540039	21637.394531
1201.448242	21453.314453
1200.356445	21224.988281
1199.263672	21160.722656
1198.171875	20527.144531
1197.079102	20199.480469
1195.986328	20485.339844
1194.892578	20895.058594
1193.799805	21559.152344
1192.706055	21813.562500
1191.612305	21720.496094
1190.518555	21786.736328
1189.423828	21768.906250
1188.330078	21686.958984
1187.235352	21600.623047
1186.140625	21792.810547
1185.044922	21878.845703
1183.949219	21534.033203
1182.854492	21372.695313
1181.757813	21048.005859
1180.662109	21176.070313
1179.565430	20816.236328
1178.469727	20710.353516
1177.373047	20909.013672
1176.275391	20906.839844
1175.178711	20701.748047
1174.081055	20900.283203
1172.983398	20783.464844
1171.885742	20468.314453
1170.787109	20439.783203
1169.688477	20607.353516
1168.590820	20490.689453
1167.491211	20131.812500
1166.392578	20303.742188
1165.292969	20233.441406
1164.193359	20411.878906
1163.093750	20649.656250
1161.994141	20599.123047
1160.893555	20680.585938
1159.792969	20451.935547
1158.692383	20693.896484
1157.591797	20691.751953
1156.490234	20694.001953
1155.389648	20623.742188
1154.288086	20777.583984
1153.185547	20819.347656
1152.083984	20920.378906
1150.981445	20880.861328
1149.878906	20823.796875
1148.776367	21076.183594
1147.672852	21337.240234
1146.570313	21541.150391
1145.466797	21600.228516
1144.363281	21670.242188
1143.258789	22025.212891
1142.155273	21821.136719
1141.050781	21961.177734
1139.946289	21987.234375
1138.840820	22181.939453
1137.736328	22359.041016
1136.630859	21686.558594
1135.525391	21706.078125
1134.419922	21390.744141
1133.313477	21491.275391
1132.207031	21486.757813
1131.100586	21477.865234
1129.994141	21186.892578
1128.886719	21040.332031
1127.780273	21162.681641
1126.672852	21107.968750
1125.565430	21433.441406
1124.457031	21236.707031
1123.348633	21273.734375
1122.241211	21326.029297
1121.131836	21618.431641
1120.023438	21681.541016
1118.914063	21637.701172
1117.804688	22095.656250
1116.695313	22479.255859
1115.585938	22984.812500
1114.475586	23339.716797
1113.366211	24189.287109
1112.254883	24711.595703
1111.144531	25638.955078
1110.034180	27071.318359
1108.922852	28429.025391
1107.811523	29058.871094
1106.699219	30315.439453
1105.587891	31184.042969
1104.475586	32256.835938
1103.363281	32132.554688
1102.250977	32099.679688
1101.138672	32147.285156
1100.025391	31727.392578
1098.912109	31262.025391
1097.798828	30757.732422
1096.684570	29638.708984
1095.571289	28859.062500
1094.457031	27849.509766
1093.341797	26838.208984
1092.227539	25990.166016
1091.112305	24884.171875
1089.998047	24175.787109
1088.881836	23361.380859
1087.766602	22714.351563
1086.650391	22494.849609
1085.535156	21954.521484
1084.418945	21600.859375
1083.301758	21559.455078
1082.185547	21177.851563
1081.068359	20833.238281
1079.951172	20753.029297
1078.833984	20815.781250
1077.715820	20527.753906
1076.597656	20285.304688
1075.479492	20642.447266
1074.361328	20713.822266
1073.242188	20949.576172
1072.124023	20828.357422
1071.004883	21042.361328
1069.884766	21517.869141
1068.765625	21714.341797
1067.645508	21848.060547
1066.525391	22117.837891
1065.405273	22558.150391
1064.285156	22842.779297
1063.164063	22749.423828
1062.042969	22781.314453
1060.921875	23290.173828
1059.800781	23129.886719
1058.678711	23040.859375
1057.556641	23303.447266
1056.434570	23013.865234
1055.311523	22804.177734
1054.189453	22424.287109
1053.066406	22572.556641
1051.943359	22343.699219
1050.820313	22509.154297
1049.696289	22351.478516
1048.572266	22191.712891
1047.448242	22391.537109
1046.324219	22031.658203
1045.199219	22018.386719
1044.074219	21626.464844
1042.949219	21841.291016
1041.824219	21871.076172
1040.698242	21399.875000
1039.573242	21363.101563
1038.447266	21173.748047
1037.320313	21186.455078
1036.194336	20574.007813
1035.067383	20552.466797
1033.940430	20500.873047
1032.813477	21303.767578
1031.685547	21619.076172
1030.558594	21914.937500
1029.430664	22298.636719
1028.301758	22626.400391
1027.173828	22598.015625
1026.044922	22558.919922
1024.916016	22556.283203
1023.787109	22930.861328
1022.657227	22690.291016
1021.528320	22837.587891
1020.398438	22781.339844
1019.268555	22626.607422
1018.137695	22728.861328
1017.006836	22443.628906
1015.876953	22021.550781
1014.745117	22033.998047
1013.614258	22102.056641
1012.482422	21998.986328
1011.350586	21855.330078
1010.218750	21869.933594
1009.086914	21551.099609
1007.954102	21858.517578
1006.821289	21964.974609
1005.688477	22165.369141
1004.555664	22269.578125
1003.421875	22363.064453
1002.288086	22149.121094
1001.154297	21960.878906
1000.020508	21657.492188
998.885742	21339.298828
997.750977	21102.287109
996.616211	20916.552734
995.481445	20775.667969
994.345703	20728.625000
993.209961	20758.316406
992.074219	20630.333984
990.938477	21098.835938
989.801758	21596.955078
988.665039	21568.943359
987.528320	21683.570313
986.391602	21540.621094
985.253906	21499.869141
984.116211	21667.619141
982.978516	21705.550781
981.840820	22015.658203
980.702148	22083.261719
979.564453	22518.564453
978.425781	22299.136719
977.286133	22409.126953
976.147461	22300.271484
975.007813	22112.882813
973.868164	22035.984375
972.727539	22723.355469
971.587891	23174.843750
970.447266	23613.406250
969.306641	23540.492188
968.166016	23989.392578
967.024414	23475.335938
965.882813	23883.773438
964.741211	23806.617188
963.599609	23960.494141
962.457031	23478.658203
961.315430	23713.033203
960.172852	23498.308594
959.029297	23203.210938
957.886719	22954.812500
956.743164	22905.474609
955.599609	22710.144531
954.456055	22819.552734
953.311523	22499.523438
952.166992	22259.990234
951.022461	22479.363281
949.877930	22195.542969
948.732422	22342.976563
947.586914	22027.609375
946.441406	22426.402344
945.295898	22789.119141
944.150391	22853.943359
943.003906	23163.632813
941.857422	23407.755859
940.709961	23968.312500
939.563477	24486.433594
938.416016	25168.861328
937.268555	26420.400391
936.121094	27544.898438
934.972656	28599.349609
933.824219	30083.289063
932.675781	31490.740234
931.527344	32979.746094
930.377930	34838.808594
929.229492	36343.308594
928.080078	37529.261719
926.929688	37942.218750
925.780273	37858.359375
924.629883	36596.316406
923.479492	36132.039063
922.328125	34809.906250
921.177734	32636.779297
920.026367	31328.566406
918.875000	29825.453125
917.723633	28356.599609
916.571289	26970.302734
915.418945	25935.359375
914.266602	25230.542969
913.114258	24179.613281
911.960938	23477.570313
910.807617	23245.906250
909.654297	22865.373047
908.500977	22571.003906
907.346680	22215.941406
906.193359	22355.869141
905.038086	22093.240234
903.883789	21767.843750
902.728516	21614.412109
901.574219	21704.064453
900.417969	21843.945313
899.262695	21571.228516
898.107422	21608.484375
896.951172	21670.843750
895.794922	21421.355469
894.637695	21475.355469
893.480469	21190.451172
892.324219	20980.957031
891.166016	21097.742188
890.008789	21329.453125
888.850586	20917.324219
887.693359	20806.275391
886.534180	21146.531250
885.375977	20968.638672
884.216797	21325.419922
883.057617	21531.720703
881.898438	21042.837891
880.739258	21046.677734
879.579102	21156.923828
878.418945	21611.318359
877.258789	21454.439453
876.097656	21433.162109
874.937500	21603.681641
873.776367	21834.570313
872.615234	21856.980469
871.453125	21741.876953
870.291016	21758.044922
869.128906	21832.511719
867.966797	21600.890625
866.804688	21835.638672
865.641602	21941.255859
864.478516	21668.142578
863.315430	21218.326172
862.151367	21176.337891
860.987305	21227.935547
859.823242	20834.628906
858.659180	21015.140625
857.495117	21208.039063
856.330078	21311.521484
855.165039	21217.630859
853.999023	21468.505859
852.833984	21291.570313
851.667969	20936.195313
850.501953	20610.025391
849.335938	20234.195313
848.168945	20692.449219
847.001953	20623.710938
845.834961	21048.503906
844.667969	20855.332031
843.500000	20786.599609
842.332031	20916.826172
841.164063	21049.068359
839.996094	21216.464844
838.827148	21048.306641
837.658203	21103.824219
836.489258	21059.958984
835.320313	20999.554688
834.150391	21061.251953
832.980469	20634.720703
831.810547	20882.603516
830.640625	21043.533203
829.469727	20809.537109
828.298828	20962.142578
827.127930	21492.835938
825.956055	21577.050781
824.784180	21675.685547
823.612305	21712.324219
822.440430	21608.548828
821.268555	21325.232422
820.095703	20951.232422
818.922852	20775.468750
817.750000	20799.876953
816.576172	20527.283203
815.402344	20551.732422
814.228516	21120.414063
813.054688	21214.798828
811.879883	21473.994141
810.706055	21592.982422
809.530273	22325.724609
808.355469	22633.931641
807.180664	22332.580078
806.004883	22189.853516
804.829102	21870.201172
803.652344	21560.972656
802.475586	21836.091797
801.299805	22166.621094
800.122070	22182.406250
798.945313	22564.109375
797.767578	22988.808594
796.589844	23300.304688
795.412109	23293.226563
794.234375	23425.822266
793.055664	23279.076172
791.876953	22812.105469
790.698242	22630.656250
789.518555	22283.052734
788.338867	22553.185547
787.159180	22843.712891
785.979492	22237.873047
784.799805	22192.064453
783.619141	21619.423828
782.438477	21536.873047
781.256836	21733.041016
780.076172	21974.191406
778.894531	21654.019531
777.712891	21600.197266
776.530273	21335.519531
775.348633	21478.291016
774.166016	21475.699219
772.983398	21788.197266
771.799805	21396.875000
770.617188	21375.890625
769.433594	21804.751953
768.249023	22681.119141
767.065430	22964.398438
765.880859	22491.501953
764.696289	22496.857422
763.511719	23067.980469
762.326172	23863.480469
761.141602	23972.654297
759.956055	24590.029297
758.769531	24670.423828
757.583984	25519.972656
756.397461	25867.349609
755.210938	26636.732422
754.023438	27044.882813
752.836914	28184.685547
751.649414	29831.478516
750.461914	31143.382813
749.273438	33554.808594
748.085938	37058.929688
746.897461	40946.398438
745.708984	44253.992188
744.519531	47839.007813
743.330078	51332.925781
742.140625	53806.015625
740.951172	54892.792969
739.761719	55027.335938
738.571289	54570.140625
737.380859	51781.523438
736.189453	50396.433594
734.999023	48150.406250
733.807617	46667.156250
732.616211	45964.464844
731.424805	45054.953125
730.232422	45284.750000
729.040039	45435.285156
727.847656	45358.476563
726.654297	44064.390625
725.461914	43099.464844
724.268555	41496.144531
723.075195	39917.847656
721.880859	38088.875000
720.686523	35816.859375
719.492188	33819.363281
718.297852	31946.300781
717.102539	31102.914063
715.908203	30274.064453
714.712891	29536.673828
713.516602	28746.976563
712.321289	27708.720703
711.125000	27016.869141
709.928711	26774.351563
708.731445	27021.324219
707.535156	26801.148438
706.337891	26714.476563
705.139648	26664.218750
703.942383	26123.000000
702.744141	25309.304688
701.545898	24536.355469
700.347656	24389.685547
699.148438	24921.375000
697.950195	25549.710938
696.750000	25636.984375
695.550781	25449.847656
694.351563	25510.880859
693.151367	26015.525391
691.951172	26882.851563
690.750000	27953.380859
689.548828	28680.853516
688.348633	28948.632813
687.146484	29492.261719
685.945313	29902.734375
684.743164	30709.683594
683.541016	32212.792969
682.338867	33135.617188
681.135742	32621.343750
679.932617	32036.882813
678.729492	30877.443359
677.526367	29925.623047
676.322266	29710.029297
675.119141	29860.345703
673.914063	29881.984375
672.709961	30685.156250
671.504883	31056.109375
670.299805	31523.296875
669.094727	31488.326172
667.889648	31192.414063
666.683594	32431.925781
665.477539	33648.824219
664.270508	35127.984375
663.064453	36684.714844
661.857422	38018.195313
660.650391	37857.554688
659.443359	37915.453125
658.235352	37157.750000
657.027344	36947.308594
655.819336	35977.820313
654.610352	35665.593750
653.402344	34736.847656
652.193359	34322.937500
650.983398	34127.339844
649.774414	33109.492188
648.564453	32584.175781
647.354492	31275.111328
646.144531	30720.429688
644.933594	29394.345703
643.722656	28812.330078
642.511719	27844.912109
641.300781	26434.412109
640.088867	26069.128906
638.876953	25684.033203
637.665039	25987.882813
636.452148	25485.205078
635.239258	25499.599609
634.026367	25603.769531
632.813477	25632.093750
631.599609	25720.230469
630.386719	26177.189453
629.171875	26602.052734
627.958008	27275.851563
626.743164	27680.361328
625.528320	27572.720703
624.313477	27050.857422
623.098633	26987.205078
621.882813	26969.367188
620.666992	26692.787109
619.451172	25875.066406
618.234375	25881.351563
617.017578	25195.437500
615.800781	24839.935547
614.583984	24760.945313
613.366211	24340.093750
612.148438	23547.794922
610.930664	22813.458984
609.711914	23175.966797
608.493164	23188.775391
607.274414	23531.183594
606.055664	23029.751953
604.836914	23110.058594
603.617188	23178.423828
602.397461	22834.117188
601.176758	22644.666016
599.957031	22463.226563
598.736328	22305.658203
597.514648	21886.515625
596.293945	21523.042969
595.072266	21504.464844
593.850586	20998.613281
592.628906	20572.197266
591.406250	20314.261719
590.183594	20379.097656
588.960938	20242.039063
587.738281	20427.556641
586.514648	20884.007813
585.291016	21205.769531
584.067383	21614.392578
582.842773	22084.117188
581.619141	22810.580078
580.394531	23210.673828
579.168945	23420.931641
577.944336	23680.474609
576.718750	23945.826172
575.493164	24230.804688
574.266602	24332.083984
573.040039	24563.566406
571.813477	24875.839844
570.586914	25531.203125
569.360352	25553.216797
568.132813	25295.234375
566.905273	24623.392578
565.676758	24621.933594
564.449219	24395.847656
563.220703	24492.937500
561.992188	24152.738281
560.762695	24452.656250
559.533203	24441.386719
558.303711	24900.535156
557.074219	25005.269531
555.844727	24803.042969
554.614258	24339.294922
553.383789	24259.224609
552.152344	24137.900391
550.920898	24388.138672
549.690430	23777.490234
548.458008	23251.593750
547.226563	22144.470703
545.994141	22216.203125
544.761719	22158.308594
543.529297	22616.730469
542.295898	22678.492188
541.062500	23501.570313
539.829102	23349.273438
538.594727	23095.048828
537.361328	22678.179688
536.126953	22769.259766
534.891602	23609.046875
533.657227	23764.548828
532.421875	23706.425781
531.186523	23225.232422
529.951172	23214.250000
528.714844	23816.101563
527.478516	24016.400391
526.242188	24379.044922
525.004883	25125.027344
523.767578	25894.154297
522.530273	25733.953125
521.292969	25431.082031
520.054688	24934.804688
518.816406	24774.916016
517.578125	24288.769531
516.339844	23492.210938
515.100586	22299.503906
513.861328	22255.541016
512.622070	22463.445313
511.381836	23159.230469
510.141602	23548.326172
508.901367	24011.390625
507.661133	24171.904297
506.419922	24028.119141
505.178711	24321.138672
503.937500	23500.966797
502.695313	22934.509766
