1802.218750	9094.714844
1801.250000	9264.522461
1800.280273	8993.031250
1799.310547	9260.822266
1798.340820	9328.850586
1797.371094	8393.789063
1796.401367	7948.058594
1795.430664	7931.505371
1794.460938	7989.769043
1793.490234	8357.164063
1792.519531	8592.298828
1791.547852	8553.199219
1790.577148	8713.449219
1789.605469	8248.344727
1788.633789	8112.198730
1787.662109	8232.596680
1786.690430	8557.100586
1785.717773	9095.546875
1784.745117	9360.019531
1783.772461	9666.684570
1782.799805	9644.849609
1781.827148	9570.791016
1780.853516	9675.805664
1779.880859	10357.579102
1778.907227	10415.164063
1777.933594	10288.819336
1776.958984	9725.212891
1775.985352	9271.137695
1775.010742	9087.969727
1774.036133	8835.343750
1773.061523	9012.332031
1772.086914	9300.950195
1771.111328	10043.611328
1770.135742	10684.243164
1769.161133	10964.909180
1768.184570	11148.732422
1767.208984	11409.353516
1766.233398	11464.091797
1765.256836	11585.733398
1764.280273	11704.847656
1763.303711	11449.770508
1762.326172	10956.977539
1761.349609	10860.664063
1760.372070	10818.868164
1759.394531	11386.129883
1758.416992	11970.492188
1757.439453	12435.828125
1756.460938	13220.162109
1755.483398	13056.714844
1754.504883	12932.906250
1753.525391	12069.776367
1752.546875	11728.649414
1751.568359	11696.636719
1750.588867	12136.657227
1749.609375	12141.636719
1748.629883	12440.582031
1747.649414	12420.797852
1746.669922	11786.155273
1745.689453	11292.491211
1744.708984	10944.657227
1743.728516	11204.053711
1742.748047	11256.087891
1741.766602	11404.307617
1740.785156	11355.158203
1739.804688	11140.814453
1738.822266	10832.872070
1737.840820	10978.590820
1736.858398	10372.611328
1735.876953	10528.218750
1734.894531	10969.516602
1733.912109	11499.301758
1732.928711	11856.504883
1731.946289	11772.880859
1730.962891	11243.772461
1729.979492	10741.946289
1728.996094	10149.285156
1728.011719	9832.374023
1727.028320	10344.422852
1726.043945	10962.000000
1725.059570	11753.878906
1724.075195	12053.846680
1723.089844	11862.199219
1722.105469	11422.474609
1721.120117	10837.993164
1720.134766	10425.665039
1719.149414	10232.041016
1718.163086	10622.784180
1717.177734	10826.827148
1716.191406	11062.689453
1715.205078	11080.092773
1714.218750	11190.704102
1713.231445	11625.004883
1712.245117	12289.622070
1711.257813	12640.172852
1710.270508	12576.353516
1709.283203	12407.185547
1708.294922	12115.582031
1707.307617	11794.700195
1706.319336	12071.521484
1705.331055	12426.586914
1704.342773	12776.612305
1703.353516	13672.311523
1702.364258	14403.692383
1701.375977	14655.241211
1700.385742	15099.932617
1699.396484	15595.801758
1698.407227	15697.802734
1697.416992	16036.893555
1696.426758	15755.030273
1695.436523	15241.131836
1694.446289	15531.243164
1693.455078	16527.171875
1692.464844	16924.361328
1691.473633	17646.134766
1690.482422	17457.048828
1689.490234	17592.652344
1688.499023	17591.548828
1687.506836	17880.771484
1686.514648	18508.929688
1685.522461	18378.384766
1684.530273	18213.757813
1683.537109	17766.412109
1682.543945	17036.525391
1681.550781	17030.654297
1680.557617	17114.925781
1679.564453	17618.121094
1678.570313	17870.277344
1677.577148	18073.632813
1676.583008	18461.914063
1675.587891	18219.673828
1674.593750	17996.998047
1673.598633	17535.992188
1672.604492	17790.285156
1671.609375	17390.300781
1670.613281	17464.597656
1669.618164	16573.798828
1668.622070	16315.262695
1667.626953	16129.726563
1666.630859	16012.289063
1665.633789	16762.023438
1664.637695	16503.654297
1663.640625	16138.559570
1662.643555	15591.550781
1661.646484	15039.909180
1660.649414	15364.446289
1659.652344	15463.235352
1658.654297	15440.708984
1657.656250	15515.190430
1656.658203	15851.489258
1655.660156	16463.990234
1654.661133	16351.604492
1653.662109	15946.075195
1652.664063	15475.299805
1651.664063	14934.473633
1650.665039	14706.249023
1649.666016	15591.817383
1648.666016	15758.108398
1647.666016	16255.886719
1646.666016	16204.208008
1645.665039	15714.686523
1644.665039	15457.551758
1643.664063	15708.333008
1642.663086	15888.899414
1641.662109	15716.484375
1640.660156	15522.387695
1639.659180	15125.408203
1638.657227	15460.547852
1637.655273	15694.112305
1636.653320	15753.720703
1635.650391	15448.752930
1634.648438	15201.837891
1633.645508	15367.691406
1632.642578	15178.797852
1631.638672	15223.971680
1630.635742	14892.884766
1629.631836	15273.269531
1628.627930	15988.604492
1627.624023	16286.661133
1626.620117	16832.810547
1625.615234	16518.593750
1624.611328	16633.283203
1623.606445	16374.626953
1622.601563	15848.796875
1621.595703	15234.104492
1620.590820	14662.984375
1619.584961	14404.931641
1618.579102	14098.864258
1617.573242	14673.319336
1616.566406	14814.644531
1615.560547	14371.622070
1614.553711	14652.381836
1613.546875	15144.536133
1612.540039	15905.628906
1611.532227	16587.128906
1610.525391	17446.103516
1609.517578	17303.275391
1608.509766	17208.527344
1607.500977	16477.658203
1606.493164	16143.103516
1605.484375	16602.957031
1604.475586	17326.525391
1603.466797	17869.902344
1602.458008	18072.519531
1601.448242	18004.117188
1600.439453	17753.554688
1599.429688	17282.597656
1598.418945	17652.900391
1597.409180	17642.130859
1596.398438	17940.351563
1595.388672	18006.158203
1594.377930	18579.523438
1593.366211	19332.187500
1592.355469	19909.833984
1591.343750	20398.710938
1590.333008	20339.546875
1589.320313	20151.246094
1588.308594	19948.671875
1587.296875	19547.736328
1586.284180	20131.800781
1585.271484	20051.236328
1584.258789	19722.203125
1583.246094	19890.199219
1582.232422	20872.585938
1581.218750	21503.541016
1580.205078	21888.330078
1579.191406	21358.746094
1578.177734	21435.546875
1577.163086	21552.876953
1576.149414	21577.123047
1575.134766	21100.498047
1574.119141	20965.058594
1573.104492	21120.529297
1572.088867	21399.882813
1571.073242	21693.419922
1570.057617	21669.949219
1569.041992	22113.384766
1568.026367	22392.304688
1567.009766	22259.166016
1565.993164	22287.968750
1564.976563	22309.617188
1563.959961	22021.892578
1562.942383	22117.339844
1561.924805	22607.619141
1560.907227	22693.394531
1559.889648	22422.464844
1558.872070	22066.062500
1557.853516	21907.078125
1556.834961	21429.730469
1555.816406	21776.992188
1554.797852	21751.181641
1553.778320	22250.226563
1552.759766	21801.685547
1551.740234	22105.855469
1550.720703	21398.818359
1549.701172	21062.248047
1548.680664	20759.029297
1547.660156	20588.761719
1546.639648	20987.722656
1545.619141	20810.363281
1544.598633	20697.080078
1543.577148	20079.021484
1542.555664	20193.408203
1541.534180	20163.232422
1540.512695	20883.914063
1539.491211	21142.517578
1538.468750	20967.740234
1537.446289	21481.871094
1536.423828	21399.390625
1535.401367	21165.509766
1534.377930	21253.455078
1533.355469	21310.617188
1532.332031	21249.517578
1531.308594	20710.863281
1530.284180	20817.736328
1529.260742	20938.744141
1528.236328	20842.324219
1527.211914	20559.318359
1526.187500	20602.359375
1525.162109	20801.234375
1524.137695	21087.376953
1523.112305	21290.789063
1522.086914	21385.560547
1521.060547	21178.285156
1520.035156	21070.167969
1519.008789	21216.808594
1517.982422	21396.400391
1516.956055	21630.140625
1515.929688	21849.642578
1514.902344	22189.236328
1513.875000	22076.326172
1512.847656	22769.070313
1511.820313	22712.607422
1510.792969	22842.181641
1509.764648	23089.408203
1508.736328	23242.386719
1507.708008	23675.330078
1506.679688	23783.421875
1505.650391	23818.548828
1504.622070	24345.173828
1503.592773	24610.593750
1502.563477	24692.541016
1501.533203	24946.027344
1500.503906	25128.912109
1499.473633	24867.697266
1498.443359	24698.193359
1497.413086	24810.562500
1496.381836	24392.259766
1495.350586	24410.746094
1494.320313	24156.978516
1493.288086	24224.777344
1492.256836	23760.011719
1491.225586	23408.017578
1490.193359	22988.162109
1489.161133	23138.197266
1488.128906	22929.531250
1487.095703	22779.537109
1486.063477	22910.775391
1485.030273	22931.853516
1483.997070	22964.634766
1482.963867	23166.000000
1481.929688	23301.728516
1480.895508	23526.345703
1479.861328	23858.519531
1478.827148	23940.205078
1477.792969	24693.222656
1476.757813	25006.240234
1475.723633	25695.593750
1474.688477	26164.908203
1473.652344	26421.332031
1472.617188	27067.904297
1471.581055	27641.783203
1470.545898	28049.574219
1469.508789	29029.376953
1468.472656	29751.933594
1467.436523	30142.695313
1466.399414	30983.757813
1465.362305	31399.773438
1464.325195	32226.230469
1463.287109	32758.445313
1462.250000	33470.007813
1461.211914	34006.410156
1460.173828	34572.894531
1459.135742	35339.578125
1458.096680	35309.027344
1457.057617	35038.531250
1456.019531	36163.339844
1454.979492	36230.441406
1453.940430	36169.460938
1452.901367	36394.816406
1451.861328	37229.832031
1450.821289	38408.871094
1449.781250	39938.703125
1448.740234	40837.597656
1447.699219	41366.378906
1446.659180	42234.378906
1445.617188	42655.730469
1444.576172	42391.339844
1443.535156	42029.464844
1442.493164	41632.894531
1441.451172	40878.812500
1440.409180	39203.187500
1439.366211	38069.171875
1438.324219	36789.390625
1437.281250	35445.156250
1436.238281	34307.964844
1435.194336	33727.957031
1434.151367	32549.837891
1433.107422	32070.130859
1432.063477	31372.707031
1431.019531	30638.482422
1429.975586	30286.910156
1428.930664	29863.658203
1427.885742	29021.324219
1426.840820	28881.037109
1425.795898	28361.085938
1424.750000	28267.289063
1423.705078	28446.628906
1422.659180	28079.802734
1421.613281	28370.154297
1420.566406	28463.777344
1419.520508	28346.921875
1418.473633	28368.833984
1417.426758	28792.951172
1416.379883	28720.005859
1415.332031	29351.828125
1414.284180	29119.392578
1413.236328	29448.302734
1412.188477	29476.880859
1411.140625	29355.376953
1410.091797	29252.388672
1409.043945	29504.835938
1407.995117	29224.195313
1406.945313	29584.960938
1405.896484	28594.060547
1404.846680	28940.970703
1403.796875	28330.996094
1402.747070	28073.925781
1401.697266	27952.921875
1400.646484	27391.906250
1399.595703	27112.146484
1398.544922	26850.925781
1397.494141	26311.203125
1396.443359	26427.791016
1395.391602	25904.486328
1394.339844	25517.160156
1393.288086	25242.724609
1392.236328	25274.324219
1391.183594	25301.310547
1390.130859	24732.783203
1389.078125	24470.224609
1388.025391	24435.300781
1386.972656	24064.912109
1385.918945	24204.681641
1384.865234	24636.091797
1383.811523	24943.318359
1382.757813	25314.703125
1381.703125	25456.388672
1380.648438	26261.257813
1379.593750	26304.025391
1378.539063	26401.828125
1377.484375	26692.246094
1376.428711	26835.787109
1375.373047	27125.994141
1374.317383	27516.931641
1373.260742	27628.126953
1372.205078	27455.166016
1371.148438	28045.082031
1370.091797	27972.875000
1369.035156	27902.984375
1367.977539	27746.130859
1366.920898	28301.158203
1365.863281	28123.687500
1364.805664	28449.619141
1363.747070	28539.812500
1362.689453	28874.667969
1361.630859	28685.787109
1360.572266	29427.375000
1359.513672	29777.832031
1358.454102	29623.150391
1357.394531	30361.794922
1356.334961	30814.621094
1355.275391	31226.154297
1354.215820	32196.882813
1353.155273	33005.140625
1352.094727	33520.941406
1351.034180	34287.515625
1349.973633	35555.644531
1348.913086	36725.175781
1347.851563	37730.039063
1346.790039	38843.917969
1345.728516	39464.988281
1344.666016	40755.796875
1343.604492	41453.675781
1342.541992	43276.574219
1341.479492	44044.242188
1340.416016	44718.230469
1339.353516	46557.527344
1338.290039	47324.027344
1337.226563	48156.203125
1336.163086	48810.574219
1335.099609	49214.457031
1334.035156	49452.152344
1332.970703	50069.457031
1331.906250	49520.332031
1330.841797	48980.519531
1329.776367	48052.367188
1328.710938	47469.910156
1327.645508	46356.199219
1326.580078	45247.484375
1325.514648	43317.335938
1324.448242	42221.054688
1323.381836	40723.527344
1322.315430	40063.882813
1321.248047	38383.667969
1320.181641	37516.113281
1319.114258	36778.171875
1318.046875	36233.238281
1316.979492	35210.265625
1315.911133	35003.539063
1314.842773	34472.902344
1313.774414	34332.101563
1312.706055	34026.031250
1311.637695	33869.531250
1310.568359	34306.218750
1309.499023	34167.828125
1308.429688	33665.164063
1307.360352	33757.726563
1306.290039	33481.550781
1305.220703	33225.839844
1304.150391	32834.570313
1303.079102	32129.246094
1302.008789	32113.537109
1300.937500	31275.332031
1299.866211	31426.980469
1298.794922	30785.767578
1297.723633	30221.599609
1296.651367	29741.199219
1295.579102	28942.722656
1294.506836	28207.763672
1293.434570	27940.171875
1292.362305	27643.361328
1291.289063	27466.210938
1290.215820	26705.103516
1289.142578	27046.742188
1288.068359	27129.029297
1286.995117	26629.871094
1285.920898	26673.904297
1284.846680	26753.958984
1283.771484	26737.138672
1282.697266	26738.335938
1281.622070	26834.080078
1280.546875	26943.289063
1279.471680	26746.416016
1278.395508	26747.605469
1277.320313	26703.804688
1276.244141	26655.523438
1275.166992	27061.431641
1274.090820	27112.001953
1273.013672	27092.876953
1271.937500	26911.978516
1270.860352	27432.060547
1269.782227	27118.646484
1268.705078	27153.423828
1267.626953	27513.726563
1266.548828	27445.150391
1265.470703	27271.126953
1264.391602	27595.273438
1263.313477	27495.314453
1262.234375	27186.816406
1261.154297	26542.101563
1260.075195	26233.927734
1258.995117	25995.363281
1257.916016	25602.273438
1256.835938	25193.664063
1255.754883	24576.906250
1254.674805	24298.568359
1253.593750	23760.617188
1252.512695	23498.232422
1251.431641	23531.382813
1250.349609	23327.332031
1249.268555	23020.453125
1248.186523	23053.679688
1247.104492	22679.896484
1246.021484	22500.779297
1244.939453	22581.029297
1243.856445	22446.701172
1242.773438	22712.380859
1241.689453	22287.671875
1240.606445	22586.771484
1239.522461	22104.205078
1238.438477	21974.576172
1237.354492	22103.914063
1236.269531	21992.189453
1235.185547	22067.921875
1234.100586	21786.716797
1233.015625	21775.480469
1231.929688	21358.439453
1230.844727	21494.425781
1229.758789	21614.751953
1228.672852	21376.267578
1227.585938	21933.224609
1226.500000	21601.220703
1225.413086	21543.265625
1224.326172	21431.898438
1223.239258	21414.066406
1222.151367	21529.773438
1221.063477	21587.580078
1219.976563	21436.248047
1218.887695	21660.857422
1217.799805	21867.582031
1216.710938	21382.800781
1215.622070	21482.802734
1214.533203	21318.310547
1213.444336	21393.841797
1212.354492	21473.781250
1211.265625	21455.968750
1210.175781	21584.708984
1209.084961	21737.814453
1207.995117	21495.785156
1206.904297	21369.246094
1205.813477	21597.726563
1204.722656	21466.779297
1203.630859	21499.990234
1202.540039	21519.882813
1201.448242	21475.482422
1200.356445	21546.343750
1199.263672	20983.458984
1198.171875	20411.947266
1197.079102	20294.720703
1195.986328	20631.490234
1194.892578	20968.119141
1193.799805	21554.726563
1192.706055	21428.500000
1191.612305	22005.914063
1190.518555	21704.888672
1189.423828	21961.316406
1188.330078	21819.626953
1187.235352	21653.679688
1186.140625	21589.468750
1185.044922	21629.142578
1183.949219	21458.916016
1182.854492	21401.410156
1181.757813	21412.386719
1180.662109	21213.605469
1179.565430	21034.773438
1178.469727	20758.908203
1177.373047	20842.818359
1176.275391	20973.021484
1175.178711	20648.814453
1174.081055	20673.154297
1172.983398	20730.552734
1171.885742	20651.263672
1170.787109	20395.707031
1169.688477	20512.613281
1168.590820	20616.250000
1167.491211	20598.712891
1166.392578	20266.310547
1165.292969	20341.312500
1164.193359	20260.011719
1163.093750	20590.242188
1161.994141	20607.923828
1160.893555	20814.761719
1159.792969	20449.736328
1158.692383	20654.320313
1157.591797	20759.896484
1156.490234	20702.792969
1155.389648	20592.978516
1154.288086	20568.884766
1153.185547	20878.648438
1152.083984	20617.345703
1150.981445	20661.316406
1149.878906	21201.333984
1148.776367	20955.484375
1147.672852	21056.400391
1146.570313	21582.828125
1145.466797	21578.296875
1144.363281	21628.580078
1143.258789	21652.537109
1142.155273	21838.669922
1141.050781	21614.953125
1139.946289	21971.900391
1138.840820	21822.716797
1137.736328	21774.333984
1136.630859	21259.613281
1135.525391	21399.619141
1134.419922	21460.777344
1133.313477	21335.921875
1132.207031	21182.677734
1131.100586	21165.101563
1129.994141	21248.119141
1128.886719	20605.271484
1127.780273	20946.289063
1126.672852	21029.296875
1125.565430	21040.167969
1124.457031	20972.394531
1123.348633	20998.556641
1122.241211	21336.945313
1121.131836	21000.636719
1120.023438	21419.634766
1118.914063	21598.423828
1117.804688	21685.507813
1116.695313	22095.367188
1115.585938	22638.078125
1114.475586	22790.291016
1113.366211	23807.820313
1112.254883	24504.556641
1111.144531	25497.328125
1110.034180	26496.212891
1108.922852	27431.515625
1107.811523	28516.669922
1106.699219	29640.552734
1105.587891	29999.976563
1104.475586	30968.564453
1103.363281	31255.755859
1102.250977	31288.324219
1101.138672	31255.634766
1100.025391	30972.912109
1098.912109	30679.435547
1097.798828	30157.876953
1096.684570	29382.304688
1095.571289	28235.564453
1094.457031	27328.228516
1093.341797	26232.347656
1092.227539	25629.763672
1091.112305	24358.878906
1089.998047	23407.542969
1088.881836	23096.675781
1087.766602	22373.777344
1086.650391	22132.658203
1085.535156	21713.833984
1084.418945	21475.121094
1083.301758	21106.460938
1082.185547	21102.005859
1081.068359	20696.748047
1079.951172	20889.490234
1078.833984	20657.693359
1077.715820	20571.056641
1076.597656	20687.935547
1075.479492	20415.203125
1074.361328	20586.158203
1073.242188	20754.876953
1072.124023	21012.201172
1071.004883	21345.097656
1069.884766	20895.228516
1068.765625	21511.162109
1067.645508	22064.164063
1066.525391	21878.013672
1065.405273	22305.416016
1064.285156	22590.097656
1063.164063	22758.060547
1062.042969	22837.441406
1060.921875	22985.853516
1059.800781	23088.886719
1058.678711	23127.154297
1057.556641	23109.322266
1056.434570	23136.783203
1055.311523	23103.863281
1054.189453	22601.042969
1053.066406	22727.724609
1051.943359	22699.216797
1050.820313	22640.560547
1049.696289	22558.236328
1048.572266	22553.464844
1047.448242	22406.605469
1046.324219	22158.646484
1045.199219	21932.310547
1044.074219	21766.310547
1042.949219	21950.992188
1041.824219	21739.892578
1040.698242	21352.574219
1039.573242	21384.597656
1038.447266	21178.046875
1037.320313	21255.214844
1036.194336	20653.494141
1035.067383	20651.267578
1033.940430	20831.566406
1032.813477	21104.105469
1031.685547	21700.642578
1030.558594	22063.009766
1029.430664	22043.318359
1028.301758	22094.419922
1027.173828	22340.660156
1026.044922	22297.330078
1024.916016	22682.761719
1023.787109	23104.464844
1022.657227	22724.576172
1021.528320	22580.503906
1020.398438	22560.724609
1019.268555	22468.140625
1018.137695	22465.517578
1017.006836	22473.597656
1015.876953	22408.908203
1014.745117	21867.105469
1013.614258	21875.302734
1012.482422	21892.048828
1011.350586	21968.660156
1010.218750	21912.691406
1009.086914	21657.968750
1007.954102	21683.289063
1006.821289	21973.519531
1005.688477	22152.552734
1004.555664	22248.222656
1003.421875	22486.900391
1002.288086	22249.451172
1001.154297	22227.652344
1000.020508	21712.968750
998.885742	21642.226563
997.750977	21034.037109
996.616211	21285.455078
995.481445	20843.888672
994.345703	20671.074219
993.209961	20560.130859
992.074219	21018.097656
990.938477	21250.076172
989.801758	21177.410156
988.665039	21373.056641
987.528320	21166.281250
986.391602	21029.828125
985.253906	21118.982422
984.116211	21435.730469
982.978516	21754.470703
981.840820	21683.923828
980.702148	21949.320313
979.564453	21912.769531
978.425781	21778.474609
977.286133	22124.417969
976.147461	21730.974609
975.007813	21526.716797
973.868164	21883.103516
972.727539	22175.652344
971.587891	22760.968750
970.447266	23261.158203
969.306641	23311.367188
968.166016	23541.845703
967.024414	23625.900391
965.882813	23765.042969
964.741211	23442.025391
963.599609	23547.236328
962.457031	23379.072266
961.315430	23297.832031
960.172852	23011.187500
959.029297	22885.591797
957.886719	22882.833984
956.743164	22852.560547
955.599609	23110.089844
954.456055	22834.361328
953.311523	22524.906250
952.166992	22302.285156
951.022461	22157.988281
949.877930	22220.908203
948.732422	21911.841797
947.586914	22325.537109
946.441406	22242.613281
945.295898	22493.431641
944.150391	23010.203125
943.003906	23229.078125
941.857422	23416.199219
940.709961	23854.359375
939.563477	24773.367188
938.416016	25246.906250
937.268555	26076.648438
936.121094	27468.992188
934.972656	28605.671875
933.824219	30133.871094
932.675781	31547.632813
931.527344	33398.972656
930.377930	34948.332031
929.229492	36379.105469
928.080078	37725.054688
926.929688	38495.800781
925.780273	38531.773438
924.629883	37749.285156
923.479492	36567.464844
922.328125	35188.457031
921.177734	33660.753906
920.026367	31669.117188
918.875000	30214.269531
917.723633	28528.902344
916.571289	26972.404297
915.418945	26065.582031
914.266602	25327.138672
913.114258	24530.226563
911.960938	24046.406250
910.807617	23006.667969
909.654297	22888.451172
908.500977	22390.603516
907.346680	22385.816406
906.193359	22020.384766
905.038086	22072.275391
903.883789	22031.925781
902.728516	21798.810547
901.574219	21306.015625
900.417969	21475.304688
899.262695	21376.476563
898.107422	21438.900391
896.951172	21137.080078
895.794922	21061.402344
894.637695	21151.048828
893.480469	21338.972656
892.324219	21139.904297
891.166016	20947.193359
890.008789	20877.902344
888.850586	20862.982422
887.693359	20724.779297
886.534180	20680.648438
885.375977	21096.050781
884.216797	21110.328125
883.057617	21239.425781
881.898438	20869.585938
880.739258	21151.023438
879.579102	21209.085938
878.418945	21141.960938
877.258789	21110.318359
876.097656	21009.876953
874.937500	21422.314453
873.776367	21305.171875
872.615234	21563.164063
871.453125	21373.123047
870.291016	21416.447266
869.128906	21649.255859
867.966797	21446.822266
866.804688	21465.121094
865.641602	20902.775391
864.478516	20935.744141
863.315430	21220.406250
862.151367	20664.710938
860.987305	20739.292969
859.823242	20820.076172
858.659180	20807.294922
857.495117	20939.978516
856.330078	21074.679688
855.165039	21417.033203
853.999023	21258.763672
852.833984	21092.253906
851.667969	20745.224609
850.501953	20630.777344
849.335938	20043.306641
848.168945	20428.996094
847.001953	20665.191406
845.834961	20890.916016
844.667969	20654.240234
843.500000	20751.363281
842.332031	20807.000000
841.164063	20995.203125
839.996094	21021.759766
838.827148	21158.062500
837.658203	21023.078125
836.489258	21039.259766
835.320313	21210.646484
834.150391	20982.625000
832.980469	20936.742188
831.810547	20936.376953
830.640625	21229.630859
829.469727	20987.324219
828.298828	20774.058594
827.127930	21238.667969
825.956055	21612.171875
824.784180	21714.929688
823.612305	21724.714844
822.440430	21331.886719
821.268555	21104.363281
820.095703	21039.972656
818.922852	20874.505859
817.750000	20521.388672
816.576172	20376.726563
815.402344	20625.964844
814.228516	20687.492188
813.054688	21229.226563
811.879883	21620.300781
810.706055	21848.447266
809.530273	21967.326172
808.355469	22003.781250
807.180664	22149.339844
806.004883	21951.076172
804.829102	21575.910156
803.652344	21515.707031
802.475586	21511.070313
801.299805	21691.533203
800.122070	21670.410156
798.945313	22340.031250
797.767578	22645.568359
796.589844	22930.425781
795.412109	23295.281250
794.234375	23035.562500
793.055664	23028.541016
791.876953	22442.544922
790.698242	22398.705078
789.518555	22270.740234
788.338867	22288.505859
787.159180	22406.777344
785.979492	22086.105469
784.799805	22165.408203
783.619141	21477.972656
782.438477	21256.082031
781.256836	21788.367188
780.076172	21752.933594
778.894531	21729.804688
777.712891	21639.105469
776.530273	21319.140625
775.348633	21167.160156
774.166016	21803.134766
772.983398	21735.000000
771.799805	21276.183594
770.617188	21658.121094
769.433594	22084.876953
768.249023	22511.445313
767.065430	22876.513672
765.880859	22710.144531
764.696289	22513.201172
763.511719	23296.740234
762.326172	23691.947266
761.141602	24168.648438
759.956055	24249.154297
758.769531	24731.646484
757.583984	25220.050781
756.397461	26014.218750
755.210938	26161.548828
754.023438	27028.570313
752.836914	27966.562500
751.649414	29246.546875
750.461914	30430.207031
749.273438	32880.492188
748.085938	36136.277344
746.897461	39632.968750
745.708984	43333.773438
744.519531	46591.281250
743.330078	50215.710938
742.140625	52528.312500
740.951172	53786.230469
739.761719	54079.640625
738.571289	53338.000000
737.380859	51509.125000
736.189453	49193.277344
734.999023	47175.085938
733.807617	46285.238281
732.616211	45080.960938
731.424805	44480.292969
730.232422	44318.394531
729.040039	44501.613281
727.847656	44542.703125
726.654297	43382.699219
725.461914	41888.507813
724.268555	40439.578125
723.075195	39437.328125
721.880859	37934.816406
720.686523	35768.218750
719.492188	33754.523438
718.297852	31834.882813
717.102539	31471.523438
715.908203	30903.804688
714.712891	29682.433594
713.516602	29414.898438
712.321289	28340.074219
711.125000	27552.998047
709.928711	27087.869141
708.731445	27172.992188
707.535156	27136.769531
706.337891	26987.363281
705.139648	26581.359375
703.942383	25979.544922
702.744141	25555.751953
701.545898	24881.710938
700.347656	24654.199219
699.148438	24868.888672
697.950195	25652.644531
696.750000	26099.076172
695.550781	25546.683594
694.351563	25781.156250
693.151367	26015.525391
691.951172	27374.783203
690.750000	28797.949219
689.548828	28969.031250
688.348633	29861.337891
687.146484	30316.136719
685.945313	31096.992188
684.743164	31833.208984
683.541016	33428.675781
682.338867	34131.859375
681.135742	33977.546875
679.932617	33147.359375
678.729492	32235.068359
677.526367	31164.312500
676.322266	30679.054688
675.119141	30666.351563
673.914063	31055.560547
672.709961	31603.318359
671.504883	32191.009766
670.299805	31569.486328
669.094727	31917.996094
667.889648	32284.419922
666.683594	33029.988281
665.477539	33975.882813
664.270508	35599.406250
663.064453	36612.515625
661.857422	37803.640625
660.650391	38134.210938
659.443359	38023.683594
658.235352	37127.691406
657.027344	36969.347656
655.819336	35823.589844
654.610352	35196.996094
653.402344	34754.867188
652.193359	34352.960938
650.983398	33653.042969
649.774414	32877.394531
648.564453	32020.070313
647.354492	31435.107422
646.144531	30538.474609
644.933594	29866.125000
643.722656	28768.359375
642.511719	27731.015625
641.300781	26676.142578
640.088867	26182.976563
638.876953	26189.248047
637.665039	26253.412109
636.452148	25960.257813
635.239258	25651.265625
634.026367	25847.177734
632.813477	26228.513672
631.599609	26346.435547
630.386719	26057.560547
629.171875	26777.474609
627.958008	27734.236328
626.743164	27752.091797
625.528320	27700.214844
624.313477	27449.191406
623.098633	27260.003906
621.882813	26724.498047
620.666992	26883.863281
619.451172	26127.787109
618.234375	25845.541016
617.017578	25732.484375
615.800781	25406.693359
614.583984	25085.021484
613.366211	24473.273438
612.148438	23446.441406
610.930664	22815.447266
609.711914	22913.755859
608.493164	23397.308594
607.274414	23515.298828
606.055664	23267.970703
604.836914	23014.792969
603.617188	23200.251953
602.397461	22855.939453
601.176758	23001.679688
599.957031	22665.492188
598.736328	22595.109375
597.514648	22080.763672
596.293945	21598.347656
595.072266	21520.314453
593.850586	21398.738281
592.628906	20839.548828
591.406250	20817.167969
590.183594	20743.328125
588.960938	20550.775391
587.738281	20457.236328
586.514648	21151.068359
585.291016	21975.126953
584.067383	21952.517578
582.842773	22198.779297
581.619141	22804.650391
580.394531	22898.457031
579.168945	23488.101563
577.944336	23818.738281
576.718750	24163.048828
575.493164	24386.775391
574.266602	24211.677734
573.040039	24571.460938
571.813477	25033.681641
570.586914	25521.339844
569.360352	25494.052734
568.132813	25397.763672
566.905273	25139.869141
565.676758	24753.982422
564.449219	24413.580078
563.220703	24412.166016
561.992188	24377.269531
560.762695	24730.302734
559.533203	24610.693359
558.303711	25252.853516
557.074219	25042.658203
555.844727	24692.867188
554.614258	24406.171875
553.383789	24444.080078
552.152344	24440.679688
550.920898	24337.031250
549.690430	23771.593750
548.458008	22972.591797
547.226563	22553.062500
545.994141	22088.544922
544.761719	22158.308594
543.529297	22567.654297
542.295898	22639.240234
541.062500	23589.871094
539.829102	23584.687500
538.594727	23079.359375
537.361328	22662.492188
536.126953	23006.480469
534.891602	23636.488281
533.657227	23776.306641
532.421875	23535.974609
531.186523	23180.179688
529.951172	23210.333984
528.714844	23910.080078
527.478516	23857.843750
526.242188	24549.308594
525.004883	25052.632813
523.767578	25858.943359
522.530273	25894.326172
521.292969	25554.267578
520.054688	25100.972656
518.816406	24587.287109
517.578125	24316.125000
516.339844	23328.107422
515.100586	22785.847656
513.861328	22353.177734
512.622070	22549.347656
511.381836	23239.257813
510.141602	23782.501953
508.901367	24153.816406
507.661133	24269.435547
506.419922	24291.392578
505.178711	24198.304688
503.937500	23779.718750
502.695313	23067.033203
