1802.297852	7069.627441
1801.329102	7334.332520
1800.359375	7108.163086
1799.390625	7366.350098
1798.420898	7337.425781
1797.451172	7485.673340
1796.480469	7244.683594
1795.510742	7220.788086
1794.540039	7264.232422
1793.569336	7200.449707
1792.598633	7318.662109
1791.627930	7369.536133
1790.656250	7719.397461
1789.684570	7428.871094
1788.712891	7554.413574
1787.741211	7577.805664
1786.769531	7377.110840
1785.797852	7619.581543
1784.825195	7274.610840
1783.852539	7539.398438
1782.879883	8008.075684
1781.907227	7802.519043
1780.933594	7950.163574
1779.959961	7998.298340
1778.986328	7991.726563
1778.012695	8213.801758
1777.039063	8239.490234
1776.064453	8116.112305
1775.090820	8025.072266
1774.116211	8092.997559
1773.141602	8347.104492
1772.166016	7935.856445
1771.191406	8222.155273
1770.215820	8414.048828
1769.240234	8600.904297
1768.264648	8688.472656
1767.289063	8733.849609
1766.312500	8975.072266
1765.336914	9280.646484
1764.360352	9281.265625
1763.383789	9544.532227
1762.406250	9834.943359
1761.429688	9815.635742
1760.452148	9907.768555
1759.474609	10192.979492
1758.497070	10089.448242
1757.519531	10362.132813
1756.541016	10496.144531
1755.563477	10892.330078
1754.584961	10870.359375
1753.606445	11021.497070
1752.626953	10692.936523
1751.648438	10923.147461
1750.668945	10849.288086
1749.689453	10671.680664
1748.709961	10499.084961
1747.730469	10440.171875
1746.750000	10477.587891
1745.769531	10384.137695
1744.789063	10221.609375
1743.808594	9888.860352
1742.828125	9995.442383
1741.846680	10161.185547
1740.866211	9895.241211
1739.884766	9974.630859
1738.903320	9701.432617
1737.920898	9810.407227
1736.939453	9963.696289
1735.957031	9705.447266
1734.974609	9737.987305
1733.992188	9888.734375
1733.009766	9950.772461
1732.026367	9874.916016
1731.042969	9909.854492
1730.059570	9875.872070
1729.076172	9817.297852
1728.092773	9687.406250
1727.108398	9678.082031
1726.125000	9727.776367
1725.140625	9890.541992
1724.155273	9868.890625
1723.170898	9967.665039
1722.185547	9990.232422
1721.201172	10088.942383
1720.215820	10261.292969
1719.230469	10153.641602
1718.244141	10254.712891
1717.258789	10233.014648
1716.272461	10270.222656
1715.286133	10557.677734
1714.299805	10665.943359
1713.312500	10796.237305
1712.326172	11078.507813
1711.338867	11272.406250
1710.351563	11591.232422
1709.364258	11669.770508
1708.375977	11927.134766
1707.388672	12206.441406
1706.400391	12284.806641
1705.412109	12740.228516
1704.422852	13041.234375
1703.434570	13205.049805
1702.445313	13789.708984
1701.457031	14423.064453
1700.466797	15029.257813
1699.477539	15212.103516
1698.488281	15624.721680
1697.498047	16147.184570
1696.507813	16642.548828
1695.517578	16908.005859
1694.527344	17322.390625
1693.536133	17590.044922
1692.545898	17747.687500
1691.554688	18061.539063
1690.563477	18519.296875
1689.572266	18774.285156
1688.580078	18377.621094
1687.587891	18720.365234
1686.595703	18855.632813
1685.603516	18766.474609
1684.611328	18699.296875
1683.618164	18629.707031
1682.625977	18643.013672
1681.632813	18349.273438
1680.639648	18287.101563
1679.645508	18090.982422
1678.652344	18204.232422
1677.658203	17920.552734
1676.664063	18043.525391
1675.669922	17974.171875
1674.675781	17593.373047
1673.680664	17667.675781
1672.685547	17586.275391
1671.690430	17376.013672
1670.695313	17126.935547
1669.700195	17262.042969
1668.704102	17059.263672
1667.708008	16941.613281
1666.711914	16578.632813
1665.715820	16636.011719
1664.719727	16671.509766
1663.722656	16762.835938
1662.725586	16706.046875
1661.728516	16841.013672
1660.731445	16531.871094
1659.733398	16792.970703
1658.736328	16530.046875
1657.738281	16686.761719
1656.740234	16610.654297
1655.741211	16847.281250
1654.743164	16998.988281
1653.744141	16864.707031
1652.745117	16858.876953
1651.746094	16613.259766
1650.747070	16740.669922
1649.747070	16684.021484
1648.748047	16789.578125
1647.748047	17023.359375
1646.748047	17206.232422
1645.747070	17149.533203
1644.747070	17201.695313
1643.746094	17314.291016
1642.745117	17255.183594
1641.744141	17377.390625
1640.742188	17236.123047
1639.741211	17331.701172
1638.739258	16922.349609
1637.737305	17102.488281
1636.735352	16951.726563
1635.732422	16984.511719
1634.730469	16795.212891
1633.727539	16808.707031
1632.724609	16508.529297
1631.721680	16640.279297
1630.717773	16509.083984
1629.713867	16464.748047
1628.710938	16545.796875
1627.707031	16209.814453
1626.702148	16377.635742
1625.698242	16610.441406
1624.693359	16332.461914
1623.688477	16358.055664
1622.683594	16446.244141
1621.678711	16435.691406
1620.672852	16302.386719
1619.666992	16248.548828
1618.661133	15995.034180
1617.655273	16203.477539
1616.649414	16349.305664
1615.642578	16213.744141
1614.635742	16306.620117
1613.628906	16026.907227
1612.622070	16244.741211
1611.615234	16510.537109
1610.607422	16684.945313
1609.599609	16590.302734
1608.591797	16680.583984
1607.583984	16842.845703
1606.576172	16906.634766
1605.567383	16632.044922
1604.558594	16674.255859
1603.549805	17229.767578
1602.541016	17056.001953
1601.531250	17186.814453
1600.521484	17456.611328
1599.511719	17560.923828
1598.501953	17856.892578
1597.492188	17973.056641
1596.481445	18419.724609
1595.471680	18626.728516
1594.460938	19350.818359
1593.449219	19368.435547
1592.438477	20096.865234
1591.426758	20664.677734
1590.415039	21012.160156
1589.403320	21280.568359
1588.391602	21460.384766
1587.379883	21403.427734
1586.367188	21389.519531
1585.354492	21774.734375
1584.341797	21507.472656
1583.329102	21579.550781
1582.315430	21243.167969
1581.302734	21281.835938
1580.289063	21131.875000
1579.274414	21165.773438
1578.260742	20719.960938
1577.247070	20863.687500
1576.232422	20503.996094
1575.217773	20316.177734
1574.203125	20254.816406
1573.187500	20110.037109
1572.172852	19884.269531
1571.157227	20058.962891
1570.141602	20176.400391
1569.125000	19788.767578
1568.109375	20037.203125
1567.092773	20068.845703
1566.076172	20259.984375
1565.059570	20215.398438
1564.042969	20261.261719
1563.025391	20207.173828
1562.008789	20214.957031
1560.991211	20118.089844
1559.973633	20209.109375
1558.955078	20202.619141
1557.937500	19680.353516
1556.918945	20056.566406
1555.900391	20206.916016
1554.881836	19867.871094
1553.862305	19996.822266
1552.842773	19764.804688
1551.824219	20014.792969
1550.804688	20160.246094
1549.784180	19650.695313
1548.764648	19959.863281
1547.744141	19986.632813
1546.723633	20316.949219
1545.703125	20462.187500
1544.682617	20728.263672
1543.661133	20878.095703
1542.639648	20601.335938
1541.618164	20751.130859
1540.596680	21163.783203
1539.575195	21464.960938
1538.552734	21829.943359
1537.530273	21652.689453
1536.507813	21783.177734
1535.485352	21733.777344
1534.461914	21731.712891
1533.439453	21748.568359
1532.416016	21580.962891
1531.392578	21406.333984
1530.368164	21461.062500
1529.344727	20967.476563
1528.320313	21192.394531
1527.295898	20869.152344
1526.271484	20699.562500
1525.246094	20615.050781
1524.221680	20589.597656
1523.196289	20441.408203
1522.170898	20411.277344
1521.145508	20305.654297
1520.119141	20497.306641
1519.092773	19924.720703
1518.067383	20005.541016
1517.040039	20201.849609
1516.013672	20115.226563
1514.987305	19795.335938
1513.959961	19963.291016
1512.932617	20055.792969
1511.905273	19959.847656
1510.876953	20786.966797
1509.849609	20690.906250
1508.821289	20813.779297
1507.792969	21247.226563
1506.763672	21285.234375
1505.735352	22066.539063
1504.706055	21911.515625
1503.676758	22389.054688
1502.647461	22683.031250
1501.618164	23150.812500
1500.587891	23507.957031
1499.557617	23543.091797
1498.527344	23524.185547
1497.497070	23568.691406
1496.466797	23272.728516
1495.435547	23232.757813
1494.404297	23321.884766
1493.373047	22885.359375
1492.341797	22624.962891
1491.309570	22474.912109
1490.278320	21804.318359
1489.246094	21605.257813
1488.213867	21432.060547
1487.180664	21139.412109
1486.148438	20912.486328
1485.115234	21006.599609
1484.082031	20899.244141
1483.047852	20731.046875
1482.014648	20689.343750
1480.980469	20788.099609
1479.946289	21146.583984
1478.912109	21507.259766
1477.877930	21502.855469
1476.842773	22265.585938
1475.808594	22384.957031
1474.773438	22939.123047
1473.738281	23621.615234
1472.702148	24126.220703
1471.666992	24686.693359
1470.630859	25770.187500
1469.594727	26276.375000
1468.557617	26894.433594
1467.521484	27393.175781
1466.484375	28710.958984
1465.447266	29643.164063
1464.410156	30432.667969
1463.373047	31392.125000
1462.334961	32516.767578
1461.296875	33218.921875
1460.258789	34585.164063
1459.220703	35060.523438
1458.182617	36337.281250
1457.143555	36770.144531
1456.104492	37268.050781
1455.065430	38431.781250
1454.026367	38961.734375
1452.986328	39177.210938
1451.946289	40016.324219
1450.906250	41204.121094
1449.866211	42698.511719
1448.826172	43534.054688
1447.785156	44425.062500
1446.744141	46068.984375
1445.703125	47361.234375
1444.662109	47532.785156
1443.620117	48642.964844
1442.578125	49132.429688
1441.537109	48283.894531
1440.494141	47410.160156
1439.452148	46214.078125
1438.409180	44872.250000
1437.367188	43463.675781
1436.323242	41812.054688
1435.280273	39748.203125
1434.237305	38385.605469
1433.193359	37382.972656
1432.149414	35856.816406
1431.105469	34857.429688
1430.061523	33346.320313
1429.016602	32102.269531
1427.971680	31125.109375
1426.926758	30356.781250
1425.881836	29345.646484
1424.835938	29145.158203
1423.791016	28076.824219
1422.745117	27786.427734
1421.699219	27348.085938
1420.652344	26743.382813
1419.606445	26691.630859
1418.559570	26487.300781
1417.512695	26643.664063
1416.465820	26199.066406
1415.417969	26230.646484
1414.371094	25931.855469
1413.323242	26208.304688
1412.275391	26156.724609
1411.226563	26370.673828
1410.178711	26023.619141
1409.129883	26253.658203
1408.081055	26232.103516
1407.032227	26212.861328
1405.982422	26295.105469
1404.933594	26278.162109
1403.883789	26293.498047
1402.833984	26101.380859
1401.783203	25957.736328
1400.733398	25791.109375
1399.682617	25325.087891
1398.631836	24969.804688
1397.581055	24692.955078
1396.529297	24623.408203
1395.478516	24392.773438
1394.426758	24245.074219
1393.375000	23961.693359
1392.322266	23798.039063
1391.270508	23689.644531
1390.217773	23657.169922
1389.165039	23597.121094
1388.112305	23645.117188
1387.058594	23320.841797
1386.005859	23031.158203
1384.952148	23244.613281
1383.898438	23161.740234
1382.843750	23292.423828
1381.790039	23576.849609
1380.735352	23865.746094
1379.680664	23913.595703
1378.625977	24323.886719
1377.570313	24690.427734
1376.515625	24935.281250
1375.459961	25416.173828
1374.404297	24945.619141
1373.347656	25165.054688
1372.291992	25469.173828
1371.235352	25447.880859
1370.178711	25541.107422
1369.122070	25403.025391
1368.064453	25459.591797
1367.007813	25468.066406
1365.950195	25787.757813
1364.892578	25301.970703
1363.833984	25703.906250
1362.776367	25527.074219
1361.717773	25876.207031
1360.659180	26184.044922
1359.600586	26242.628906
1358.541016	26849.605469
1357.482422	26958.287109
1356.422852	26945.861328
1355.363281	27504.355469
1354.302734	28215.589844
1353.243164	29303.175781
1352.182617	29835.724609
1351.122070	30475.296875
1350.060547	31406.607422
1349.000000	32764.044922
1347.938477	33758.343750
1346.876953	34745.390625
1345.815430	35339.968750
1344.753906	36540.492188
1343.691406	37316.726563
1342.628906	38338.660156
1341.566406	38790.785156
1340.503906	39946.332031
1339.441406	41076.355469
1338.377930	41957.812500
1337.314453	42679.609375
1336.250977	43972.167969
1335.186523	44495.347656
1334.123047	45234.355469
1333.058594	45511.480469
1331.994141	46322.710938
1330.928711	45560.816406
1329.864258	45310.515625
1328.798828	44131.113281
1327.733398	43572.292969
1326.667969	42772.984375
1325.601563	41336.003906
1324.536133	39536.417969
1323.469727	38373.039063
1322.403320	37019.542969
1321.335938	35705.167969
1320.269531	34899.394531
1319.202148	33926.144531
1318.134766	33021.312500
1317.067383	32166.722656
1315.999023	31790.658203
1314.930664	31484.986328
1313.863281	31612.109375
1312.793945	30948.757813
1311.725586	31141.601563
1310.656250	31400.015625
1309.587891	31542.888672
1308.517578	31579.341797
1307.448242	32287.730469
1306.378906	31971.136719
1305.308594	32000.687500
1304.238281	31853.861328
1303.167969	31829.166016
1302.096680	31241.708984
1301.026367	31158.394531
1299.955078	30261.808594
1298.883789	30185.505859
1297.811523	29741.138672
1296.740234	29166.001953
1295.667969	28369.886719
1294.595703	27950.994141
1293.523438	27464.582031
1292.450195	26861.062500
1291.376953	26255.537109
1290.303711	26087.724609
1289.230469	26100.341797
1288.157227	25734.273438
1287.083008	25949.775391
1286.008789	26135.896484
1284.934570	26173.265625
1283.860352	26384.033203
1282.785156	26594.710938
1281.710938	27007.910156
1280.635742	27083.322266
1279.559570	27642.513672
1278.484375	27587.271484
1277.408203	27858.205078
1276.332031	28329.173828
1275.255859	28300.798828
1274.179688	28629.857422
1273.102539	28718.296875
1272.025391	28710.074219
1270.948242	29258.998047
1269.871094	29493.242188
1268.793945	29424.228516
1267.715820	29433.822266
1266.637695	29470.345703
1265.559570	29787.376953
1264.480469	30099.789063
1263.401367	29250.052734
1262.323242	29499.642578
1261.243164	28435.117188
1260.164063	28016.691406
1259.083984	27506.541016
1258.004883	26608.919922
1256.924805	26002.931641
1255.843750	25370.314453
1254.763672	24182.552734
1253.682617	23494.597656
1252.601563	22533.818359
1251.520508	22213.544922
1250.438477	21752.431641
1249.357422	21307.167969
1248.275391	21123.789063
1247.193359	20685.548828
1246.110352	20497.902344
1245.028320	20310.330078
1243.945313	20290.453125
1242.862305	20257.175781
1241.779297	20134.552734
1240.695313	19851.169922
1239.611328	19719.748047
1238.527344	19932.193359
1237.443359	19762.861328
1236.359375	19662.779297
1235.274414	19640.828125
1234.189453	19710.343750
1233.104492	19802.130859
1232.019531	19987.529297
1230.933594	19805.013672
1229.847656	19760.761719
1228.761719	19689.787109
1227.675781	19710.185547
1226.588867	19710.525391
1225.502930	19897.929688
1224.416016	19637.728516
1223.328125	19749.382813
1222.241211	19682.941406
1221.153320	19707.757813
1220.065430	19583.511719
1218.977539	19726.216797
1217.889648	19479.712891
1216.800781	19531.224609
1215.711914	19911.685547
1214.623047	19538.621094
1213.534180	19972.244141
1212.444336	19777.031250
1211.355469	19866.175781
1210.265625	19708.812500
1209.174805	19757.972656
1208.084961	19982.455078
1206.994141	19902.830078
1205.903320	19998.505859
1204.812500	19941.089844
1203.720703	20566.740234
1202.629883	20373.976563
1201.538086	20325.380859
1200.446289	20799.847656
1199.353516	20496.359375
1198.261719	20689.240234
1197.168945	20133.402344
1196.076172	20470.212891
1194.983398	20600.982422
1193.889648	20331.050781
1192.795898	20519.330078
1191.702148	20625.664063
1190.608398	20608.074219
1189.514648	20238.837891
1188.419922	19967.046875
1187.325195	20230.365234
1186.230469	20296.857422
1185.135742	19992.074219
1184.040039	19548.230469
1182.944336	19822.455078
1181.848633	19257.365234
1180.752930	19553.613281
1179.656250	19202.941406
1178.559570	19161.398438
1177.462891	19042.642578
1176.366211	18954.822266
1175.268555	18860.417969
1174.171875	18737.386719
1173.074219	18499.759766
1171.975586	18562.009766
1170.877930	18324.517578
1169.779297	18342.708984
1168.680664	18006.230469
1167.582031	18002.455078
1166.483398	18194.652344
1165.383789	18245.875000
1164.284180	17931.703125
1163.184570	18330.644531
1162.084961	18557.810547
1160.984375	18690.294922
1159.883789	18499.443359
1158.783203	18864.945313
1157.682617	18887.367188
1156.581055	18942.744141
1155.480469	19169.486328
1154.378906	18813.964844
1153.276367	19082.371094
1152.174805	18988.332031
1151.072266	19181.937500
1149.969727	18795.976563
1148.867188	19349.449219
1147.764648	19358.550781
1146.661133	19999.416016
1145.557617	19835.113281
1144.454102	20230.021484
1143.349609	20118.351563
1142.246094	20442.894531
1141.141602	20195.361328
1140.037109	19991.750000
1138.932617	20622.769531
1137.827148	19830.050781
1136.721680	19825.882813
1135.616211	19499.927734
1134.510742	19522.091797
1133.404297	19233.533203
1132.298828	19126.669922
1131.192383	18978.294922
1130.084961	18714.082031
1128.978516	18793.224609
1127.871094	18500.746094
1126.763672	18676.054688
1125.656250	18289.769531
1124.548828	18067.478516
1123.440430	18343.226563
1122.332031	18367.751953
1121.223633	17977.486328
1120.115234	18202.876953
1119.005859	18338.703125
1117.896484	18673.003906
1116.787109	18727.966797
1115.677734	19419.687500
1114.567383	19997.740234
1113.457031	20529.771484
1112.346680	21105.166016
1111.236328	22362.320313
1110.125000	22965.404297
1109.014648	24866.324219
1107.903320	26084.871094
1106.791016	27370.390625
1105.679688	29153.818359
1104.567383	30159.595703
1103.455078	31023.529297
1102.342773	32126.373047
1101.230469	32587.185547
1100.117188	32821.667969
1099.003906	33164.746094
1097.890625	32820.875000
1096.776367	32179.451172
1095.663086	31416.634766
1094.548828	30389.148438
1093.434570	29125.388672
1092.319336	28003.285156
1091.205078	26794.824219
1090.089844	25326.447266
1088.974609	23748.029297
1087.858398	22905.667969
1086.743164	22020.285156
1085.626953	20950.960938
1084.510742	20328.679688
1083.394531	19565.775391
1082.277344	19331.943359
1081.160156	18853.386719
1080.042969	18574.312500
1078.925781	18256.375000
1077.807617	17789.169922
1076.690430	17581.929688
1075.572266	17796.810547
1074.453125	17565.851563
1073.334961	17514.548828
1072.215820	17318.351563
1071.096680	17167.648438
1069.977539	17200.775391
1068.858398	17331.156250
1067.738281	17444.193359
1066.618164	17395.134766
1065.498047	17402.259766
1064.376953	17413.701172
1063.256836	17612.990234
1062.135742	17758.224609
1061.014648	17795.480469
1059.892578	18007.505859
1058.771484	17990.753906
1057.649414	18168.136719
1056.527344	18489.927734
1055.404297	18009.531250
1054.282227	18055.300781
1053.159180	18182.945313
1052.036133	18198.492188
1050.912109	18058.925781
1049.789063	18022.798828
1048.665039	18062.052734
1047.541016	18049.621094
1046.416992	17858.541016
1045.291992	17785.900391
1044.166992	17896.166016
1043.041992	17795.580078
1041.916992	17929.451172
1040.791992	17899.855469
1039.666016	18009.998047
1038.540039	17802.009766
1037.413086	18101.216797
1036.287109	17994.263672
1035.160156	18003.339844
1034.033203	17804.113281
1032.906250	17772.431641
1031.779297	17687.101563
1030.651367	17824.992188
1029.523438	18055.083984
1028.395508	17742.361328
1027.266602	17708.576172
1026.137695	17569.736328
1025.009766	17456.681641
1023.879883	17978.091797
1022.750977	17768.568359
1021.621094	17715.525391
1020.491211	17649.654297
1019.361328	17326.828125
1018.231445	17421.642578
1017.100586	17447.916016
1015.969727	17604.726563
1014.838867	17395.582031
1013.708008	17539.500000
1012.576172	17386.064453
1011.444336	17555.580078
1010.312500	17665.162109
1009.180664	17712.710938
1008.047852	17672.625000
1006.915039	17562.048828
1005.782227	17744.158203
1004.649414	17887.748047
1003.515625	18009.923828
1002.381836	18262.263672
1001.248047	18173.015625
1000.114258	17817.083984
998.979492	17614.900391
997.844727	17314.689453
996.709961	16976.222656
995.575195	17217.792969
994.439453	17030.824219
993.303711	16948.357422
992.167969	16855.271484
991.032227	16751.572266
989.895508	16980.150391
988.758789	16789.167969
987.622070	16964.419922
986.485352	17050.205078
985.347656	17133.824219
984.210938	17059.976563
983.073242	17130.792969
981.934570	17190.947266
980.796875	17197.921875
979.658203	17432.335938
978.519531	17713.404297
977.380859	17883.863281
976.241211	18311.289063
975.101563	18519.775391
973.961914	19120.998047
972.822266	19607.326172
971.681641	20150.751953
970.541992	20719.408203
969.400391	20946.250000
968.259766	21535.705078
967.119141	21806.806641
965.977539	22073.552734
964.835938	22077.332031
963.694336	22235.818359
962.551758	22144.210938
961.409180	22143.732422
960.266602	21844.621094
959.124023	21503.285156
957.980469	21270.062500
956.837891	21032.705078
955.694336	20803.912109
954.549805	20433.462891
953.406250	20065.285156
952.261719	19642.279297
951.117188	19358.998047
949.972656	18889.814453
948.827148	18978.779297
947.681641	18797.242188
946.536133	18837.597656
945.390625	18793.453125
944.245117	18833.791016
943.098633	18629.210938
941.952148	18802.541016
940.804688	19064.427734
939.658203	19549.845703
938.510742	19908.492188
937.363281	20406.173828
936.215820	20880.449219
935.067383	21814.076172
933.919922	22488.068359
932.770508	23471.521484
931.622070	24694.716797
930.473633	25483.501953
929.324219	26977.390625
928.174805	28211.683594
927.025391	28765.562500
925.875000	29445.472656
924.724609	29498.095703
923.574219	29456.037109
922.423828	28888.218750
921.272461	27853.849609
920.122070	26685.380859
918.969727	25540.529297
917.818359	24515.939453
916.666992	23386.742188
915.514648	22176.111328
914.362305	21663.181641
913.208984	20762.060547
912.056641	20125.806641
910.903320	19454.144531
909.750000	19273.740234
908.596680	19047.261719
907.442383	18678.265625
906.288086	18483.460938
905.133789	18315.992188
903.979492	18286.923828
902.824219	17778.003906
901.668945	17834.955078
900.513672	17950.531250
899.358398	17751.937500
898.202148	18051.722656
897.045898	17742.248047
895.889648	17568.935547
894.733398	17525.421875
893.576172	17486.109375
892.419922	17476.091797
891.261719	17639.630859
890.104492	17527.146484
888.946289	17128.365234
887.789063	17135.144531
886.629883	17396.804688
885.471680	17119.451172
884.312500	17257.791016
883.153320	16884.542969
881.994141	17139.765625
880.834961	17188.267578
879.674805	17051.046875
878.514648	17061.996094
877.354492	16954.058594
876.194336	17163.113281
875.033203	17005.166016
873.872070	17222.455078
872.710938	17277.111328
871.548828	17467.162109
870.387695	17273.869141
869.225586	17672.087891
868.063477	17501.734375
866.900391	17387.656250
865.737305	17431.792969
864.574219	17455.103516
863.411133	17297.419922
862.248047	17557.845703
861.083984	17477.142578
859.919922	17394.392578
858.755859	17469.642578
857.590820	17386.927734
856.425781	17416.437500
855.260742	17637.031250
854.095703	17568.867188
852.930664	17506.960938
851.764648	17422.246094
850.598633	17325.113281
849.431641	17325.542969
848.265625	17272.035156
847.098633	16977.962891
845.931641	17015.787109
844.764648	17140.667969
843.596680	16929.716797
842.428711	17093.929688
841.260742	16957.662109
840.092773	17152.869141
838.923828	17180.246094
837.754883	17373.248047
836.585938	17052.800781
835.416992	17198.144531
834.247070	17215.138672
833.077148	17259.017578
831.907227	17354.582031
830.737305	17137.867188
829.566406	17485.630859
828.395508	17605.884766
827.224609	17383.052734
826.052734	17321.464844
824.881836	17540.820313
823.709961	17330.535156
822.538086	17748.000000
821.365234	17735.925781
820.192383	17676.386719
819.019531	17738.609375
817.846680	17695.595703
816.673828	17790.785156
815.500000	17547.761719
814.326172	17684.169922
813.151367	17954.492188
811.977539	17822.863281
810.802734	18095.097656
809.627930	18505.220703
808.453125	18595.964844
807.277344	18999.623047
806.101563	18834.970703
804.925781	19199.298828
803.750000	19228.082031
802.573242	19195.140625
801.396484	19271.214844
800.219727	19591.949219
799.042969	19873.482422
797.865234	20220.666016
796.687500	20327.273438
795.509766	20711.187500
794.331055	20735.476563
793.153320	20262.787109
791.974609	20395.978516
790.795898	19966.669922
789.616211	19451.349609
788.436523	19371.236328
787.256836	19455.267578
786.077148	18987.558594
784.897461	19063.431641
783.716797	18866.613281
782.536133	18848.193359
781.354492	18583.882813
780.173828	18581.919922
778.992188	18829.847656
777.810547	18913.839844
776.628906	18705.015625
775.446289	18721.447266
774.263672	18901.591797
773.081055	18658.119141
771.898438	18834.105469
770.714844	18985.470703
769.531250	19230.828125
768.347656	19320.712891
767.163086	19849.986328
765.979492	19772.134766
764.794922	20121.296875
763.609375	20449.882813
762.424805	20929.439453
761.239258	21457.787109
760.053711	21834.855469
758.868164	22417.878906
757.681641	23094.501953
756.495117	23550.523438
755.308594	24083.845703
754.122070	25426.421875
752.934570	26992.656250
751.748047	28727.376953
750.559570	30783.300781
749.372070	33698.046875
748.183594	36998.527344
746.995117	41185.425781
745.806641	46349.792969
744.618164	51880.339844
743.428711	56592.441406
742.239258	61707.382813
741.049805	64934.441406
739.859375	66730.398438
738.669922	67071.773438
737.479492	66014.406250
736.288086	64067.296875
735.097656	61635.394531
733.906250	59300.019531
732.714844	58060.402344
731.523438	56796.953125
730.331055	56228.375000
729.138672	55913.757813
727.946289	55585.070313
726.753906	55824.605469
725.560547	56035.636719
724.367188	54382.839844
723.173828	52951.761719
721.979492	50568.550781
720.786133	47519.593750
719.591797	44064.679688
718.396484	40475.535156
717.202148	38020.117188
716.006836	35452.367188
714.811523	33592.277344
713.616211	31935.392578
712.419922	30343.980469
711.223633	28862.509766
710.027344	27869.156250
708.831055	27258.443359
707.633789	26338.652344
706.436523	26211.652344
705.239258	25850.271484
704.041016	25266.787109
702.843750	24901.726563
701.645508	24587.312500
700.447266	24256.878906
699.248047	23819.593750
698.048828	24266.529297
696.849609	24208.794922
695.650391	24364.933594
694.450195	24589.582031
693.250000	24866.564453
692.049805	25078.906250
690.849609	26032.935547
689.648438	26851.527344
688.447266	27637.523438
687.246094	28628.644531
686.044922	29417.937500
684.842773	30678.048828
683.640625	31933.585938
682.438477	32914.855469
681.235352	33557.640625
680.033203	33582.535156
678.829102	33923.191406
677.625977	33535.753906
676.422852	32802.683594
675.218750	32853.839844
674.014648	32185.539063
672.809570	32226.755859
671.604492	32332.232422
670.400391	32574.222656
669.194336	33364.246094
667.989258	33730.363281
666.783203	33943.785156
665.577148	34728.976563
664.371094	35610.113281
663.164063	37152.730469
661.957031	38079.074219
660.750000	39073.171875
659.542969	38647.757813
658.334961	38939.929688
657.127930	38478.664063
655.918945	37871.375000
654.710938	36927.910156
653.501953	36221.109375
652.292969	34723.933594
651.083984	33917.855469
649.875000	32013.654297
648.665039	31498.570313
647.455078	30345.714844
646.244141	29399.314453
645.034180	28319.382813
643.823242	27054.044922
642.612305	26432.689453
641.400391	25450.000000
640.189453	24949.103516
638.977539	24352.570313
637.765625	24113.667969
636.552734	24066.492188
635.339844	24190.957031
634.126953	24261.496094
632.914063	24730.953125
631.700195	24964.875000
630.487305	25866.644531
629.272461	26570.666016
628.058594	27206.615234
626.843750	27545.392578
625.628906	27800.349609
624.414063	27328.220703
623.199219	26914.042969
621.983398	26727.000000
620.767578	25903.107422
619.551758	25027.833984
618.334961	24274.300781
617.118164	23698.126953
615.901367	22764.244141
614.684570	22435.189453
613.466797	21782.265625
612.249023	21548.958984
611.031250	21017.712891
609.813477	20830.363281
608.594727	20899.292969
607.375977	20499.585938
606.157227	20072.257813
604.937500	20202.832031
603.717773	20117.058594
602.498047	20253.515625
601.278320	19983.302734
600.057617	19766.748047
598.836914	19883.363281
597.616211	19760.083984
596.395508	19789.449219
595.173828	19759.363281
593.952148	19687.691406
592.729492	19966.582031
591.507813	19485.035156
590.285156	19621.318359
589.062500	19961.390625
587.839844	20012.423828
586.616211	19901.216797
585.392578	20017.505859
584.168945	20222.726563
582.944336	20467.392578
581.720703	20379.896484
580.495117	20424.833984
579.270508	20884.638672
578.045898	21328.439453
576.820313	21309.943359
575.594727	21585.632813
574.368164	22034.904297
573.142578	22478.056641
571.916016	22788.820313
570.688477	23170.458984
569.461914	23344.849609
568.234375	23118.894531
567.006836	23415.439453
565.779297	23063.427734
564.550781	22861.322266
563.322266	22594.294922
562.093750	22343.138672
560.865234	22113.753906
559.635742	22156.152344
558.406250	21938.714844
557.176758	21825.667969
555.946289	21594.623047
554.715820	21255.492188
553.485352	21355.056641
552.254883	20882.425781
551.023438	20679.306641
549.791992	20682.626953
548.560547	20397.113281
547.328125	20378.882813
546.096680	19877.519531
544.864258	20024.347656
543.630859	20133.810547
542.398438	20215.748047
541.165039	20334.929688
539.931641	20069.539063
538.697266	20386.798828
537.463867	19941.101563
536.229492	20099.443359
534.994141	20193.031250
533.759766	20104.328125
532.524414	20045.050781
531.289063	19930.949219
530.053711	20173.324219
528.817383	20137.562500
527.581055	20191.859375
526.344727	20269.617188
525.107422	20644.751953
523.871094	21084.275391
522.632813	21504.046875
521.395508	22328.394531
520.158203	22397.769531
518.919922	22306.843750
517.681641	21795.828125
516.442383	21433.513672
515.203125	21145.578125
513.963867	20734.744141
512.724609	20911.750000
511.485352	20770.509766
510.245117	20758.130859
509.004883	20995.494141
507.763672	20772.398438
506.523438	20986.248047
505.282227	20788.597656
504.040039	20706.044922
502.798828	20954.843750
501.556641	20496.226563
