1802.297852	12298.804688
1801.329102	12783.264648
1800.359375	12526.045898
1799.390625	12441.168945
1798.420898	12735.674805
1797.451172	12543.493164
1796.480469	12503.565430
1795.510742	12211.737305
1794.540039	12331.489258
1793.569336	12216.830078
1792.598633	12663.080078
1791.627930	12655.564453
1790.656250	12707.852539
1789.684570	12847.312500
1788.712891	12730.170898
1787.741211	12421.325195
1786.769531	12794.792969
1785.797852	12797.212891
1784.825195	12866.828125
1783.852539	13120.543945
1782.879883	13513.472656
1781.907227	13525.693359
1780.933594	13587.642578
1779.959961	13602.328125
1778.986328	13753.724609
1778.012695	14235.599609
1777.039063	14125.905273
1776.064453	13839.872070
1775.090820	13695.527344
1774.116211	13595.938477
1773.141602	13886.184570
1772.166016	13784.113281
1771.191406	14126.322266
1770.215820	14359.216797
1769.240234	14733.421875
1768.264648	15199.247070
1767.289063	15173.885742
1766.312500	15366.710938
1765.336914	15477.659180
1764.360352	16096.614258
1763.383789	16048.789063
1762.406250	16206.599609
1761.429688	16213.259766
1760.452148	15954.950195
1759.474609	16191.908203
1758.497070	16342.133789
1757.519531	16571.494141
1756.541016	17080.361328
1755.563477	17514.806641
1754.584961	17583.023438
1753.606445	17413.818359
1752.626953	17593.281250
1751.648438	17152.234375
1750.668945	16904.128906
1749.689453	16663.537109
1748.709961	17048.042969
1747.730469	16940.888672
1746.750000	17065.900391
1745.769531	16736.583984
1744.789063	16338.283203
1743.808594	16070.940430
1742.828125	16121.999023
1741.846680	16200.171875
1740.866211	16159.924805
1739.884766	16383.545898
1738.903320	16049.891602
1737.920898	15923.423828
1736.939453	15760.040039
1735.957031	15586.864258
1734.974609	15807.908203
1733.992188	15570.754883
1733.009766	15924.683594
1732.026367	16226.769531
1731.042969	16122.590820
1730.059570	16355.605469
1729.076172	15803.634766
1728.092773	15497.882813
1727.108398	15044.683594
1726.125000	15422.804688
1725.140625	15749.144531
1724.155273	16190.879883
1723.170898	16455.494141
1722.185547	16341.622070
1721.201172	16161.468750
1720.215820	15951.914063
1719.230469	16012.550781
1718.244141	15803.108398
1717.258789	16074.841797
1716.272461	15985.717773
1715.286133	16073.285156
1714.299805	16344.796875
1713.312500	16515.642578
1712.326172	16865.421875
1711.338867	17139.058594
1710.351563	17383.171875
1709.364258	17475.250000
1708.375977	17493.785156
1707.388672	17059.132813
1706.400391	17550.423828
1705.412109	17414.666016
1704.422852	17345.062500
1703.434570	17760.119141
1702.445313	18434.406250
1701.457031	18878.433594
1700.466797	19148.605469
1699.477539	19455.351563
1698.488281	19717.958984
1697.498047	19809.332031
1696.507813	20145.085938
1695.517578	19652.289063
1694.527344	20173.623047
1693.536133	20157.345703
1692.545898	20641.732422
1691.554688	20832.912109
1690.563477	20980.072266
1689.572266	21085.679688
1688.580078	21401.107422
1687.587891	21557.818359
1686.595703	21709.589844
1685.603516	21968.603516
1684.611328	22242.140625
1683.618164	22015.818359
1682.625977	21921.199219
1681.632813	21612.177734
1680.639648	21439.714844
1679.645508	22066.273438
1678.652344	21613.720703
1677.658203	22035.462891
1676.664063	22561.710938
1675.669922	22413.560547
1674.675781	22486.908203
1673.680664	22387.490234
1672.685547	22229.732422
1671.690430	22047.718750
1670.695313	22184.292969
1669.700195	21766.558594
1668.704102	21616.339844
1667.708008	21230.474609
1666.711914	21345.234375
1665.715820	21178.183594
1664.719727	21467.755859
1663.722656	21762.064453
1662.725586	21614.449219
1661.728516	21445.048828
1660.731445	21047.623047
1659.733398	20740.119141
1658.736328	21344.740234
1657.738281	21231.302734
1656.740234	21188.220703
1655.741211	21213.031250
1654.743164	21516.539063
1653.744141	22038.003906
1652.745117	21653.203125
1651.746094	21808.687500
1650.747070	21232.777344
1649.747070	21417.333984
1648.748047	21321.021484
1647.748047	22091.162109
1646.748047	21897.962891
1645.747070	21915.308594
1644.747070	22019.718750
1643.746094	22044.285156
1642.745117	22054.333984
1641.744141	22013.617188
1640.742188	22393.425781
1639.741211	21789.667969
1638.739258	21753.855469
1637.737305	21995.812500
1636.735352	21732.982422
1635.732422	22259.728516
1634.730469	22071.777344
1633.727539	21838.046875
1632.724609	21848.103516
1631.721680	21998.072266
1630.717773	22056.328125
1629.713867	21728.742188
1628.710938	21630.320313
1627.707031	21980.267578
1626.702148	22544.552734
1625.698242	22836.345703
1624.693359	22793.179688
1623.688477	23118.517578
1622.683594	23125.876953
1621.678711	23243.972656
1620.672852	22637.523438
1619.666992	22837.488281
1618.661133	22272.265625
1617.655273	22291.808594
1616.649414	22804.371094
1615.642578	22818.988281
1614.635742	22799.939453
1613.628906	22990.007813
1612.622070	23595.726563
1611.615234	23675.035156
1610.607422	24174.675781
1609.599609	24431.550781
1608.591797	24469.818359
1607.583984	24541.677734
1606.576172	24649.507813
1605.567383	24517.328125
1604.558594	24210.060547
1603.549805	24864.789063
1602.541016	25322.597656
1601.531250	25749.050781
1600.521484	25369.859375
1599.511719	25343.142578
1598.501953	25395.509766
1597.492188	25129.218750
1596.481445	25243.884766
1595.471680	25550.083984
1594.460938	25643.066406
1593.449219	25690.525391
1592.438477	26415.279297
1591.426758	26656.380859
1590.415039	27119.873047
1589.403320	27303.326172
1588.391602	27211.691406
1587.379883	27103.357422
1586.367188	27126.539063
1585.354492	26951.343750
1584.341797	26979.322266
1583.329102	27477.914063
1582.315430	27799.554688
1581.302734	27937.185547
1580.289063	28160.710938
1579.274414	28579.880859
1578.260742	28099.150391
1577.247070	28453.736328
1576.232422	27853.945313
1575.217773	28141.650391
1574.203125	28095.390625
1573.187500	27882.261719
1572.172852	28043.447266
1571.157227	27828.029297
1570.141602	27569.808594
1569.125000	28062.078125
1568.109375	28263.578125
1567.092773	28334.029297
1566.076172	28194.945313
1565.059570	28284.419922
1564.042969	28240.589844
1563.025391	27478.236328
1562.008789	28359.933594
1560.991211	28335.136719
1559.973633	28700.310547
1558.955078	27924.212891
1557.937500	28396.277344
1556.918945	27817.792969
1555.900391	27897.662109
1554.881836	28044.009766
1553.862305	28147.544922
1552.842773	28177.431641
1551.824219	28423.333984
1550.804688	28189.691406
1549.784180	28297.855469
1548.764648	28088.056641
1547.744141	27634.023438
1546.723633	28033.927734
1545.703125	28094.605469
1544.682617	28145.775391
1543.661133	27962.285156
1542.639648	28058.480469
1541.618164	27621.582031
1540.596680	27473.835938
1539.575195	27946.603516
1538.552734	28357.617188
1537.530273	28096.179688
1536.507813	28343.691406
1535.485352	28399.433594
1534.461914	28329.769531
1533.439453	28096.927734
1532.416016	28422.265625
1531.392578	28376.277344
1530.368164	28363.398438
1529.344727	28229.994141
1528.320313	28169.888672
1527.295898	27623.160156
1526.271484	27813.560547
1525.246094	27696.900391
1524.221680	27821.099609
1523.196289	28112.837891
1522.170898	28461.093750
1521.145508	28219.337891
1520.119141	28230.089844
1519.092773	28179.515625
1518.067383	28409.566406
1517.040039	28297.677734
1516.013672	28159.904297
1514.987305	28451.083984
1513.959961	27974.052734
1512.932617	28234.525391
1511.905273	28339.449219
1510.876953	28769.273438
1509.849609	28749.271484
1508.821289	28814.009766
1507.792969	28678.695313
1506.763672	28541.082031
1505.735352	28605.818359
1504.706055	29070.328125
1503.676758	29120.818359
1502.647461	28832.767578
1501.618164	29010.201172
1500.587891	29187.560547
1499.557617	28993.642578
1498.527344	29177.974609
1497.497070	29193.144531
1496.466797	29259.960938
1495.435547	28887.775391
1494.404297	29088.400391
1493.373047	29403.919922
1492.341797	29167.996094
1491.309570	29040.062500
1490.278320	28825.412109
1489.246094	29018.802734
1488.213867	29277.748047
1487.180664	29095.986328
1486.148438	29188.443359
1485.115234	29353.482422
1484.082031	29199.917969
1483.047852	29577.978516
1482.014648	29745.173828
1480.980469	30038.699219
1479.946289	30315.720703
1478.912109	30300.154297
1477.877930	31098.667969
1476.842773	30930.921875
1475.808594	31721.960938
1474.773438	32615.541016
1473.738281	32618.210938
1472.702148	33081.246094
1471.666992	33392.222656
1470.630859	34308.082031
1469.594727	34375.785156
1468.557617	34912.792969
1467.521484	35017.695313
1466.484375	35748.074219
1465.447266	35957.769531
1464.410156	36561.664063
1463.373047	36600.820313
1462.334961	37094.722656
1461.296875	37341.265625
1460.258789	38063.261719
1459.220703	38458.667969
1458.182617	38571.949219
1457.143555	39057.941406
1456.104492	38844.957031
1455.065430	39440.140625
1454.026367	39466.972656
1452.986328	39249.371094
1451.946289	39464.742188
1450.906250	39556.699219
1449.866211	40065.042969
1448.826172	40868.562500
1447.785156	41499.667969
1446.744141	41509.750000
1445.703125	41531.445313
1444.662109	41980.746094
1443.620117	41800.187500
1442.578125	41503.546875
1441.537109	41104.832031
1440.494141	40808.453125
1439.452148	40268.421875
1438.409180	39772.710938
1437.367188	38423.199219
1436.323242	38032.472656
1435.280273	37470.250000
1434.237305	37168.007813
1433.193359	37079.214844
1432.149414	36128.054688
1431.105469	35863.355469
1430.061523	35295.191406
1429.016602	35151.242188
1427.971680	34754.867188
1426.926758	34402.652344
1425.881836	34432.625000
1424.835938	34189.421875
1423.791016	34117.585938
1422.745117	33668.597656
1421.699219	33992.507813
1420.652344	33874.488281
1419.606445	33858.273438
1418.559570	33962.289063
1417.512695	34096.308594
1416.465820	33976.046875
1415.417969	34313.347656
1414.371094	34618.160156
1413.323242	34772.714844
1412.275391	34536.945313
1411.226563	34672.980469
1410.178711	34589.667969
1409.129883	34688.707031
1408.081055	34250.093750
1407.032227	34443.742188
1405.982422	34496.613281
1404.933594	34348.851563
1403.883789	34078.957031
1402.833984	33749.242188
1401.783203	33947.390625
1400.733398	33889.710938
1399.682617	33555.625000
1398.631836	33456.589844
1397.581055	33313.843750
1396.529297	33125.113281
1395.478516	33127.492188
1394.426758	33056.234375
1393.375000	33238.078125
1392.322266	32943.699219
1391.270508	33003.601563
1390.217773	32953.109375
1389.165039	32721.035156
1388.112305	32907.347656
1387.058594	32941.921875
1386.005859	32680.121094
1384.952148	32321.955078
1383.898438	32737.832031
1382.843750	33509.406250
1381.790039	33752.699219
1380.735352	34186.378906
1379.680664	33692.882813
1378.625977	34564.554688
1377.570313	34731.734375
1376.515625	34905.722656
1375.459961	35279.097656
1374.404297	35796.722656
1373.347656	35330.996094
1372.291992	35926.289063
1371.235352	36037.992188
1370.178711	36406.156250
1369.122070	36183.398438
1368.064453	36299.550781
1367.007813	36681.156250
1365.950195	36662.140625
1364.892578	36574.492188
1363.833984	36857.441406
1362.776367	36721.753906
1361.717773	37144.027344
1360.659180	37040.339844
1359.600586	37428.085938
1358.541016	37552.886719
1357.482422	37579.394531
1356.422852	37937.085938
1355.363281	38534.414063
1354.302734	38773.031250
1353.243164	39025.246094
1352.182617	39601.429688
1351.122070	40086.105469
1350.060547	40465.636719
1349.000000	41417.496094
1347.938477	41901.484375
1346.876953	42332.835938
1345.815430	43265.472656
1344.753906	43532.277344
1343.691406	44459.718750
1342.628906	44568.976563
1341.566406	44949.210938
1340.503906	46023.785156
1339.441406	46214.601563
1338.377930	47033.539063
1337.314453	48054.667969
1336.250977	48333.667969
1335.186523	48814.996094
1334.123047	48741.210938
1333.058594	49622.429688
1331.994141	49343.906250
1330.928711	49658.699219
1329.864258	49296.203125
1328.798828	48847.523438
1327.733398	48696.578125
1326.667969	47796.285156
1325.601563	47341.371094
1324.536133	46793.574219
1323.469727	45785.289063
1322.403320	45319.722656
1321.335938	44434.660156
1320.269531	43810.792969
1319.202148	43493.312500
1318.134766	42323.507813
1317.067383	41797.925781
1315.999023	41202.308594
1314.930664	40688.500000
1313.863281	39984.617188
1312.793945	39967.269531
1311.725586	39859.347656
1310.656250	39511.500000
1309.587891	39602.894531
1308.517578	39295.968750
1307.448242	38959.757813
1306.378906	38895.125000
1305.308594	38276.441406
1304.238281	38209.710938
1303.167969	37731.578125
1302.096680	37798.332031
1301.026367	37286.582031
1299.955078	37378.246094
1298.883789	36747.082031
1297.811523	36558.792969
1296.740234	36519.593750
1295.667969	35821.273438
1294.595703	35245.109375
1293.523438	34791.027344
1292.450195	34842.453125
1291.376953	34769.808594
1290.303711	34570.914063
1289.230469	33932.472656
1288.157227	34056.156250
1287.083008	33947.671875
1286.008789	34256.050781
1284.934570	34388.593750
1283.860352	34361.175781
1282.785156	34144.628906
1281.710938	34981.738281
1280.635742	34956.460938
1279.559570	34771.421875
1278.484375	35070.167969
1277.408203	35101.113281
1276.332031	35154.535156
1275.255859	35345.082031
1274.179688	35638.957031
1273.102539	35577.605469
1272.025391	35426.394531
1270.948242	35547.078125
1269.871094	35627.277344
1268.793945	35309.972656
1267.715820	35744.917969
1266.637695	35546.679688
1265.559570	35142.058594
1264.480469	34735.359375
1263.401367	34799.914063
1262.323242	34548.203125
1261.243164	33964.726563
1260.164063	33879.191406
1259.083984	33925.929688
1258.004883	33522.218750
1256.924805	33228.457031
1255.843750	33035.617188
1254.763672	32856.289063
1253.682617	32659.125000
1252.601563	32531.437500
1251.520508	32224.748047
1250.438477	31949.513672
1249.357422	31931.669922
1248.275391	31493.324219
1247.193359	31544.904297
1246.110352	31509.263672
1245.028320	31165.158203
1243.945313	31111.728516
1242.862305	31214.728516
1241.779297	31250.666016
1240.695313	31235.216797
1239.611328	31038.896484
1238.527344	30945.353516
1237.443359	30702.298828
1236.359375	30626.714844
1235.274414	30785.431641
1234.189453	30663.013672
1233.104492	30560.716797
1232.019531	30685.896484
1230.933594	30260.386719
1229.847656	30383.341797
1228.761719	30330.207031
1227.675781	30165.695313
1226.588867	30215.083984
1225.502930	30725.431641
1224.416016	30503.046875
1223.328125	30225.101563
1222.241211	30617.167969
1221.153320	30268.109375
1220.065430	30482.027344
1218.977539	29944.082031
1217.889648	30031.224609
1216.800781	29882.662109
1215.711914	30145.376953
1214.623047	29843.509766
1213.534180	29766.175781
1212.444336	29540.037109
1211.355469	29360.632813
1210.265625	29518.810547
1209.174805	29541.500000
1208.084961	29690.693359
1206.994141	29373.816406
1205.903320	29347.707031
1204.812500	29263.937500
1203.720703	29468.496094
1202.629883	29384.732422
1201.538086	29199.029297
1200.446289	29403.470703
1199.353516	29319.765625
1198.261719	29123.111328
1197.168945	29028.423828
1196.076172	28807.550781
1194.983398	28761.671875
1193.889648	29295.748047
1192.795898	29046.183594
1191.702148	29126.394531
1190.608398	29175.601563
1189.514648	29242.478516
1188.419922	29393.351563
1187.325195	29420.359375
1186.230469	29325.787109
1185.135742	29642.279297
1184.040039	29465.951172
1182.944336	29636.490234
1181.848633	29603.783203
1180.752930	29255.349609
1179.656250	29509.705078
1178.559570	29298.269531
1177.462891	28903.775391
1176.366211	28996.994141
1175.268555	29132.078125
1174.171875	29275.925781
1173.074219	29137.505859
1171.975586	29135.808594
1170.877930	28849.818359
1169.779297	28724.791016
1168.680664	28963.287109
1167.582031	28955.011719
1166.483398	28594.427734
1165.383789	28562.013672
1164.284180	28778.326172
1163.184570	28930.730469
1162.084961	28863.060547
1160.984375	28639.240234
1159.883789	28916.925781
1158.783203	28765.744141
1157.682617	29012.507813
1156.581055	28845.980469
1155.480469	28697.099609
1154.378906	28836.070313
1153.276367	28704.822266
1152.174805	29098.458984
1151.072266	28951.839844
1149.969727	29178.433594
1148.867188	29354.455078
1147.764648	29615.972656
1146.661133	29438.648438
1145.557617	29757.056641
1144.454102	29713.529297
1143.349609	29748.941406
1142.246094	30174.476563
1141.141602	30058.570313
1140.037109	29975.574219
1138.932617	29947.371094
1137.827148	29814.060547
1136.721680	29433.390625
1135.616211	29536.656250
1134.510742	29353.173828
1133.404297	29524.240234
1132.298828	29653.667969
1131.192383	29284.359375
1130.084961	29181.984375
1128.978516	29079.652344
1127.871094	29233.101563
1126.763672	28993.121094
1125.656250	29015.425781
1124.548828	28884.808594
1123.440430	28955.171875
1122.332031	29143.414063
1121.223633	29167.843750
1120.115234	29170.437500
1119.005859	29216.669922
1117.896484	29293.423828
1116.787109	29071.318359
1115.677734	29124.080078
1114.567383	29442.814453
1113.457031	29600.103516
1112.346680	29837.962891
1111.236328	30123.656250
1110.125000	30017.101563
1109.014648	30278.675781
1107.903320	30971.292969
1106.791016	31313.103516
1105.679688	31415.337891
1104.567383	31874.421875
1103.455078	32039.587891
1102.342773	32324.320313
1101.230469	32595.884766
1100.117188	33271.757813
1099.003906	33212.570313
1097.890625	32920.851563
1096.776367	33029.082031
1095.663086	32694.070313
1094.548828	32765.371094
1093.434570	32237.279297
1092.319336	32130.609375
1091.205078	31780.867188
1090.089844	31125.269531
1088.974609	31136.062500
1087.858398	30044.843750
1086.743164	30172.974609
1085.626953	30207.808594
1084.510742	30080.029297
1083.394531	29878.611328
1082.277344	30110.677734
1081.160156	30045.826172
1080.042969	30048.148438
1078.925781	30180.406250
1077.807617	30113.410156
1076.690430	30005.310547
1075.572266	29892.927734
1074.453125	29626.957031
1073.334961	29873.814453
1072.215820	29941.042969
1071.096680	29828.759766
1069.977539	29742.466797
1068.858398	29865.875000
1067.738281	29928.720703
1066.618164	30322.111328
1065.498047	30142.892578
1064.376953	30752.039063
1063.256836	30659.169922
1062.135742	30780.058594
1061.014648	31520.337891
1059.892578	31692.779297
1058.771484	31951.443359
1057.649414	32783.746094
1056.527344	33307.316406
1055.404297	33627.996094
1054.282227	33836.445313
1053.159180	34771.085938
1052.036133	34871.464844
1050.912109	34926.562500
1049.789063	34940.710938
1048.665039	34681.382813
1047.541016	34531.953125
1046.416992	34201.785156
1045.291992	34052.519531
1044.166992	33815.101563
1043.041992	33164.785156
1041.916992	32962.062500
1040.791992	32565.910156
1039.666016	32475.177734
1038.540039	32397.378906
1037.413086	32250.849609
1036.287109	31878.806641
1035.160156	31792.583984
1034.033203	31169.546875
1032.906250	31330.406250
1031.779297	31540.566406
1030.651367	31396.537109
1029.523438	31763.216797
1028.395508	31780.083984
1027.266602	31398.031250
1026.137695	31539.330078
1025.009766	31425.457031
1023.879883	31303.056641
1022.750977	31161.421875
1021.621094	31019.845703
1020.491211	31011.126953
1019.361328	31148.031250
1018.231445	31083.619141
1017.100586	31139.103516
1015.969727	30946.308594
1014.838867	31098.082031
1013.708008	30817.664063
1012.576172	30389.789063
1011.444336	30488.119141
1010.312500	30413.240234
1009.180664	30047.701172
1008.047852	30637.535156
1006.915039	30720.767578
1005.782227	30806.097656
1004.649414	31299.287109
1003.515625	31749.564453
1002.381836	31962.697266
1001.248047	31712.607422
1000.114258	31155.357422
998.979492	30986.609375
997.844727	30555.585938
996.709961	30455.269531
995.575195	29917.941406
994.439453	29732.539063
993.303711	29521.640625
992.167969	29511.105469
991.032227	29359.984375
989.895508	29264.298828
988.758789	29283.630859
987.622070	29586.083984
986.485352	29494.660156
985.347656	29235.171875
984.210938	29188.535156
983.073242	28863.281250
981.934570	28991.117188
980.796875	29203.939453
979.658203	28974.537109
978.519531	29253.148438
977.380859	28885.722656
976.241211	29145.113281
975.101563	29126.169922
973.961914	29041.410156
972.822266	28943.945313
971.681641	29294.361328
970.541992	29918.367188
969.400391	29918.365234
968.259766	30374.400391
967.119141	30478.210938
965.977539	30762.191406
964.835938	30730.205078
963.694336	30776.644531
962.551758	30958.669922
961.409180	31053.761719
960.266602	30860.767578
959.124023	30892.310547
957.980469	30608.396484
956.837891	30625.158203
955.694336	31029.167969
954.549805	30491.515625
953.406250	30487.134766
952.261719	30476.408203
951.117188	30108.359375
949.972656	29928.601563
948.827148	29605.205078
947.681641	29685.527344
946.536133	29529.208984
945.390625	29191.314453
944.245117	29704.554688
943.098633	29670.775391
941.952148	29957.841797
940.804688	30396.724609
939.658203	30147.609375
938.510742	30925.875000
937.363281	31189.222656
936.215820	32129.283203
935.067383	32797.003906
933.919922	32943.859375
932.770508	34180.046875
931.622070	35620.054688
930.473633	36674.000000
929.324219	37325.285156
928.174805	38511.050781
927.025391	39492.132813
925.875000	39607.863281
924.724609	40112.781250
923.574219	39622.503906
922.423828	39063.027344
921.272461	38238.855469
920.122070	37156.460938
918.969727	35967.335938
917.818359	35062.394531
916.666992	34191.453125
915.514648	33018.417969
914.362305	32297.376953
913.208984	31339.396484
912.056641	30644.205078
910.903320	30041.650391
909.750000	29686.931641
908.596680	29697.367188
907.442383	29418.373047
906.288086	29089.171875
905.133789	28793.652344
903.979492	28841.988281
902.824219	28846.296875
901.668945	28613.865234
900.513672	28519.771484
899.358398	28767.060547
898.202148	28434.291016
897.045898	28700.326172
895.889648	28474.443359
894.733398	28206.806641
893.576172	28221.689453
892.419922	28280.482422
891.261719	28056.964844
890.104492	27854.447266
888.946289	27984.339844
887.789063	27928.197266
886.629883	27727.919922
885.471680	27632.166016
884.312500	28016.761719
883.153320	28077.572266
881.994141	27925.437500
880.834961	27909.021484
879.674805	27846.705078
878.514648	27830.308594
877.354492	27747.177734
876.194336	27757.912109
875.033203	28025.062500
873.872070	28071.162109
872.710938	27904.689453
871.548828	27992.460938
870.387695	28098.937500
869.225586	27803.445313
868.063477	28130.613281
866.900391	28089.193359
865.737305	28164.333984
864.574219	28566.111328
863.411133	28237.542969
862.248047	27753.126953
861.083984	27959.269531
859.919922	27624.798828
858.755859	28319.320313
857.590820	27995.302734
856.425781	28332.097656
855.260742	28330.169922
854.095703	28270.093750
852.930664	28834.994141
851.764648	28480.068359
850.598633	28544.515625
849.431641	28088.130859
848.265625	28165.076172
847.098633	28169.398438
845.931641	28200.671875
844.764648	28414.367188
843.596680	28246.593750
842.428711	28304.763672
841.260742	28454.066406
840.092773	28445.880859
838.923828	28957.496094
837.754883	28903.650391
836.585938	28748.398438
835.416992	28510.425781
834.247070	28647.066406
833.077148	28740.205078
831.907227	28690.591797
830.737305	29038.015625
829.566406	28978.019531
828.395508	28998.658203
827.224609	29056.480469
826.052734	29273.359375
824.881836	29258.800781
823.709961	29531.296875
822.538086	29586.882813
821.365234	29188.312500
820.192383	29252.199219
819.019531	29111.787109
817.846680	28841.468750
816.673828	28598.078125
815.500000	28723.890625
814.326172	28268.283203
813.151367	28624.955078
811.977539	28800.132813
810.802734	29049.400391
809.627930	29222.345703
808.453125	29222.230469
807.277344	29436.238281
806.101563	29149.947266
804.925781	29036.648438
803.750000	28908.996094
802.573242	28892.480469
801.396484	28766.966797
800.219727	29017.796875
799.042969	28762.791016
797.865234	29198.494141
796.687500	29163.429688
795.509766	29919.353516
794.331055	29578.095703
793.153320	29586.093750
791.974609	29407.248047
790.795898	29721.128906
789.616211	29425.349609
788.436523	29511.333984
787.256836	29225.980469
786.077148	29492.449219
784.897461	29641.923828
783.716797	29280.867188
782.536133	29387.277344
781.354492	28985.447266
780.173828	28966.898438
778.992188	29525.970703
777.810547	29460.208984
776.628906	29304.388672
775.446289	28921.421875
774.263672	29054.339844
773.081055	29103.310547
771.898438	29712.757813
770.714844	29442.511719
769.531250	29425.927734
768.347656	29810.033203
767.163086	30163.312500
765.979492	30416.310547
764.794922	30309.630859
763.609375	30153.976563
762.424805	30210.765625
761.239258	30690.148438
760.053711	31199.941406
758.868164	31434.007813
757.681641	31894.447266
756.495117	32428.123047
755.308594	32178.416016
754.122070	32675.091797
752.934570	32996.234375
751.748047	33457.867188
750.559570	34257.550781
749.372070	34965.214844
748.183594	35570.726563
746.995117	37029.210938
745.806641	38922.750000
744.618164	40410.406250
743.428711	41710.191406
742.239258	43892.425781
741.049805	45437.023438
739.859375	46334.226563
738.669922	47883.718750
737.479492	48653.960938
736.288086	48871.054688
735.097656	49228.257813
733.906250	49284.632813
732.714844	49753.292969
731.523438	49391.214844
730.331055	49467.816406
729.138672	49335.312500
727.946289	48912.671875
726.753906	48273.121094
725.560547	47727.148438
724.367188	46721.058594
723.173828	45940.457031
721.979492	45537.238281
720.786133	44528.214844
719.591797	43801.269531
718.396484	42681.632813
717.202148	41179.683594
716.006836	40508.605469
714.811523	39880.324219
713.616211	38782.738281
712.419922	38090.347656
711.223633	37460.972656
710.027344	37084.707031
708.831055	36427.507813
707.633789	36207.308594
706.436523	36506.703125
705.239258	36363.375000
704.041016	35678.601563
702.843750	35022.406250
701.645508	35333.910156
700.447266	34904.222656
699.248047	34819.929688
698.048828	35131.265625
696.849609	35987.300781
695.650391	36574.636719
694.450195	37026.574219
693.250000	37766.687500
692.049805	38724.218750
690.849609	39852.667969
689.648438	41192.226563
688.447266	43159.832031
687.246094	44659.234375
686.044922	45555.812500
684.842773	46846.644531
683.640625	47963.789063
682.438477	49768.773438
681.235352	50446.128906
680.033203	50326.523438
678.829102	50148.636719
677.625977	49349.460938
676.422852	48039.968750
675.218750	46837.574219
674.014648	46194.367188
672.809570	45396.730469
671.604492	45505.367188
670.400391	45077.742188
669.194336	44780.812500
667.989258	44488.023438
666.783203	43928.433594
665.577148	44811.777344
664.371094	44563.296875
663.164063	45073.058594
661.957031	45761.058594
660.750000	46162.074219
659.542969	46224.179688
658.334961	45162.062500
657.127930	44733.500000
655.918945	44617.593750
654.710938	43406.316406
653.501953	43144.585938
652.292969	42340.500000
651.083984	42217.203125
649.875000	41033.500000
648.665039	41156.585938
647.455078	39945.625000
646.244141	39802.949219
645.034180	39188.542969
643.823242	38414.503906
642.612305	37490.937500
641.400391	36553.785156
640.189453	35926.628906
638.977539	35126.011719
637.765625	35068.437500
636.552734	35116.675781
635.339844	34773.750000
634.126953	34865.925781
632.914063	34622.937500
631.700195	35010.253906
630.487305	35072.402344
629.272461	34983.015625
628.058594	35607.164063
626.843750	35890.308594
625.628906	36139.460938
624.414063	36079.785156
623.199219	35637.808594
621.983398	34943.187500
620.767578	35188.335938
619.551758	34643.359375
618.334961	34385.113281
617.118164	33753.023438
615.901367	33445.363281
614.684570	33096.078125
613.466797	32665.447266
612.249023	32618.560547
611.031250	31866.333984
609.813477	31503.787109
608.594727	31095.716797
607.375977	31356.978516
606.157227	31282.626953
604.937500	31188.458984
603.717773	31312.603516
602.498047	30609.412109
601.278320	30765.361328
600.057617	30524.634766
598.836914	30333.578125
597.616211	30150.529297
596.395508	29993.322266
595.173828	29455.775391
593.952148	29459.234375
592.729492	29189.392578
591.507813	29323.582031
590.285156	29093.474609
589.062500	29251.373047
587.839844	29094.589844
586.616211	29090.197266
585.392578	29131.296875
584.168945	29409.660156
582.944336	29618.707031
581.720703	29819.755859
580.495117	30311.197266
579.270508	30219.605469
578.045898	30578.400391
576.820313	30536.154297
575.594727	31009.232422
574.368164	31130.742188
573.142578	31339.029297
571.916016	31048.041016
570.688477	31554.119141
569.461914	31827.251953
568.234375	31841.964844
567.006836	31742.330078
565.779297	31579.669922
564.550781	31375.697266
563.322266	31234.855469
562.093750	31446.628906
560.865234	31603.171875
559.635742	31625.771484
558.406250	31937.697266
557.176758	32099.927734
555.946289	32147.972656
554.715820	31877.337891
553.485352	31231.205078
552.254883	30772.136719
551.023438	30704.445313
549.791992	30644.640625
548.560547	30162.419922
547.328125	29554.685547
546.096680	29080.765625
544.864258	29044.925781
543.630859	29073.882813
542.398438	29250.027344
541.165039	29396.658203
539.931641	29827.689453
538.697266	30076.119141
537.463867	29934.203125
536.229492	30035.455078
534.994141	30015.132813
533.759766	30412.230469
532.524414	30188.068359
531.289063	30114.832031
530.053711	29616.658203
528.817383	29890.132813
527.581055	29640.828125
526.344727	30121.625000
525.107422	30518.074219
523.871094	30957.382813
522.632813	32049.734375
521.395508	33182.664063
520.158203	33480.335938
518.919922	32894.433594
517.681641	31929.695313
516.442383	31309.222656
515.203125	30610.892578
513.963867	30078.853516
512.724609	29738.378906
511.485352	29601.052734
510.245117	29852.132813
509.004883	30423.078125
507.763672	30223.265625
506.523438	30817.275391
505.282227	30831.935547
504.040039	30996.687500
502.798828	30451.955078
501.556641	29989.298828
