1802.291016	4922.016602
1801.322266	5054.369141
1800.353516	5013.412109
1799.383789	4850.156250
1798.414063	4971.477539
1797.444336	4930.561035
1796.473633	5099.216797
1795.503906	4903.648438
1794.533203	4840.325195
1793.562500	4906.675293
1792.591797	5042.794922
1791.621094	5054.248047
1790.649414	4963.535156
1789.678711	4982.473145
1788.707031	5033.782227
1787.735352	4900.792969
1786.762695	5071.605469
1785.791016	5023.295898
1784.818359	4937.673828
1783.845703	4941.662598
1782.873047	5122.280273
1781.900391	5044.150879
1780.926758	5087.903320
1779.953125	5066.995605
1778.980469	5150.497559
1778.005859	5164.378418
1777.032227	5041.591797
1776.058594	5139.953613
1775.083984	5191.083984
1774.109375	5157.762207
1773.134766	5241.144531
1772.160156	5284.776367
1771.184570	5157.147461
1770.208984	5252.885254
1769.233398	5405.642578
1768.257813	5255.742188
1767.282227	5170.376953
1766.306641	5174.299805
1765.330078	5195.572754
1764.353516	5239.141602
1763.376953	5352.071289
1762.399414	5383.204590
1761.422852	5295.437012
1760.445313	5415.715820
1759.467773	5506.236328
1758.490234	5515.034180
1757.512695	5494.130371
1756.534180	5312.402832
1755.556641	5331.128418
1754.578125	5471.040527
1753.599609	5558.966309
1752.620117	5461.430176
1751.641602	5581.456055
1750.662109	5570.451660
1749.682617	5579.218262
1748.703125	5642.329102
1747.723633	5539.932129
1746.743164	5667.229004
1745.763672	5606.838867
1744.783203	5613.119629
1743.801758	5619.396973
1742.821289	5450.486328
1741.840820	5508.598633
1740.859375	5657.943848
1739.877930	5494.058105
1738.896484	5529.937012
1737.914063	5546.081543
1736.932617	5468.570801
1735.950195	5529.071289
1734.967773	5725.036621
1733.985352	5507.147949
1733.002930	5584.840820
1732.019531	5689.583496
1731.036133	5641.673340
1730.053711	5677.454590
1729.069336	5627.104980
1728.085938	5660.414063
1727.101563	5674.034180
1726.118164	5690.107422
1725.133789	5625.042969
1724.149414	5712.400879
1723.164063	5644.900391
1722.179688	5665.878906
1721.194336	5635.262207
1720.208984	5626.761719
1719.223633	5780.329102
1718.237305	5997.666016
1717.251953	5920.369141
1716.265625	5938.811523
1715.279297	5962.152832
1714.292969	5838.300781
1713.305664	5883.725586
1712.319336	6066.448242
1711.332031	6070.131348
1710.344727	6066.459473
1709.357422	6111.800293
1708.369141	6037.067871
1707.381836	6187.729492
1706.393555	6024.842285
1705.405273	6381.129883
1704.416992	6267.231445
1703.427734	6439.752930
1702.438477	6548.578613
1701.450195	6535.027344
1700.460938	6523.927246
1699.470703	6657.125977
1698.481445	6702.244141
1697.491211	6798.682617
1696.500977	6882.860352
1695.510742	6947.454590
1694.520508	7153.728516
1693.530273	7323.278320
1692.539063	7238.767578
1691.547852	7378.930176
1690.556641	7304.206055
1689.565430	7539.487793
1688.573242	7354.949219
1687.581055	7602.323730
1686.589844	7561.763184
1685.596680	7662.668457
1684.604492	7583.098633
1683.612305	7630.326172
1682.619141	7536.170410
1681.625977	7656.492188
1680.632813	7672.002930
1679.638672	7685.071289
1678.645508	7705.439941
1677.651367	7718.495117
1676.657227	7677.988770
1675.663086	7591.254395
1674.668945	7662.725098
1673.673828	7867.975098
1672.678711	7618.283203
1671.683594	7580.267578
1670.688477	7661.406250
1669.693359	7642.843750
1668.697266	7602.414551
1667.701172	7438.073730
1666.705078	7613.923340
1665.708984	7566.235840
1664.712891	7615.707031
1663.715820	7599.601563
1662.718750	7413.577637
1661.721680	7392.664551
1660.724609	7488.232910
1659.726563	7501.276855
1658.729492	7453.676758
1657.731445	7539.473145
1656.733398	7312.466309
1655.735352	7395.831543
1654.736328	7503.398926
1653.737305	7453.420898
1652.738281	7408.308594
1651.739258	7431.032715
1650.740234	7393.207031
1649.741211	7520.032715
1648.741211	7327.282227
1647.741211	7320.960938
1646.741211	7360.615234
1645.740234	7494.601074
1644.740234	7369.733398
1643.739258	7336.806641
1642.738281	7357.082520
1641.737305	7345.925781
1640.736328	7363.774414
1639.734375	7531.421875
1638.732422	7462.257324
1637.730469	7327.908691
1636.728516	7442.335449
1635.725586	7344.258301
1634.723633	7441.738281
1633.720703	7391.966309
1632.717773	7192.619141
1631.714844	7456.520508
1630.710938	7423.657227
1629.708008	7419.743164
1628.704102	7411.008789
1627.700195	7472.178711
1626.695313	7509.224121
1625.691406	7452.287598
1624.686523	7380.919922
1623.681641	7562.465820
1622.676758	7565.750488
1621.671875	7443.845703
1620.666016	7461.593750
1619.660156	7635.755371
1618.654297	7800.221680
1617.648438	7611.012207
1616.642578	7602.255371
1615.635742	7706.514160
1614.628906	7500.608887
1613.622070	7751.462402
1612.615234	7872.447754
1611.608398	7741.112793
1610.600586	7753.956055
1609.592773	7987.741699
1608.584961	7839.654297
1607.577148	7842.866211
1606.569336	7903.679688
1605.560547	7959.668945
1604.551758	7895.676270
1603.542969	7812.519531
1602.534180	7767.767578
1601.524414	7934.031738
1600.514648	8179.336426
1599.504883	8151.312988
1598.495117	8104.130371
1597.485352	8370.812500
1596.474609	8218.210938
1595.464844	8408.126953
1594.454102	8423.180664
1593.442383	8443.015625
1592.431641	8781.155273
1591.419922	8803.301758
1590.409180	8803.906250
1589.397461	8907.362305
1588.384766	8855.333984
1587.373047	9114.144531
1586.360352	9140.979492
1585.347656	9225.160156
1584.334961	8986.730469
1583.322266	9173.633789
1582.308594	9045.180664
1581.295898	9014.687500
1580.282227	9079.706055
1579.268555	9147.084961
1578.253906	8947.143555
1577.240234	8950.097656
1576.225586	8922.037109
1575.210938	8927.378906
1574.196289	8949.410156
1573.180664	8833.153320
1572.166016	8836.125000
1571.150391	8727.086914
1570.134766	8982.639648
1569.118164	8873.615234
1568.102539	9083.781250
1567.085938	9146.226563
1566.069336	9258.641602
1565.052734	8978.269531
1564.036133	9223.938477
1563.018555	9098.339844
1562.001953	8910.942383
1560.984375	9149.338867
1559.966797	9216.433594
1558.948242	9069.540039
1557.930664	9141.376953
1556.912109	9170.409180
1555.893555	9142.408203
1554.875000	9271.193359
1553.855469	9266.931641
1552.836914	9314.908203
1551.817383	9429.334961
1550.797852	9453.522461
1549.777344	9373.289063
1548.757813	9494.750000
1547.737305	9336.262695
1546.716797	9355.705078
1545.696289	9408.333008
1544.675781	9553.391602
1543.654297	9331.027344
1542.632813	9551.869141
1541.611328	9602.042969
1540.589844	9349.010742
1539.568359	9458.408203
1538.545898	9113.167969
1537.523438	9553.974609
1536.500977	9499.959961
1535.478516	9455.430664
1534.455078	9382.531250
1533.432617	9505.976563
1532.409180	9310.125977
1531.385742	9230.206055
1530.361328	9341.786133
1529.337891	9155.541016
1528.313477	9182.028320
1527.289063	9220.315430
1526.264648	9140.491211
1525.239258	9100.844727
1524.214844	9065.934570
1523.189453	9071.166016
1522.164063	9052.794922
1521.138672	9133.528320
1520.112305	8985.407227
1519.085938	9280.745117
1518.060547	9201.035156
1517.033203	9284.029297
1516.006836	9206.707031
1514.980469	9226.036133
1513.953125	9551.651367
1512.925781	9342.405273
1511.898438	9594.852539
1510.870117	9571.701172
1509.842773	9612.121094
1508.814453	9894.955078
1507.786133	9935.291016
1506.756836	9996.785156
1505.728516	10265.251953
1504.699219	10399.557617
1503.669922	10536.158203
1502.640625	10390.605469
1501.611328	10661.120117
1500.581055	10532.048828
1499.550781	10372.487305
1498.520508	10584.116211
1497.490234	10436.350586
1496.459961	10361.430664
1495.428711	10288.887695
1494.397461	10080.250000
1493.366211	10003.100586
1492.334961	9991.670898
1491.302734	9862.967773
1490.271484	9710.866211
1489.239258	9666.677734
1488.207031	9652.978516
1487.173828	9501.012695
1486.141602	9524.842773
1485.108398	9663.452148
1484.075195	9673.185547
1483.041016	9547.095703
1482.007813	9678.590820
1480.973633	9845.141602
1479.939453	9833.765625
1478.905273	9782.616211
1477.871094	9796.988281
1476.835938	10077.979492
1475.801758	10220.892578
1474.766602	10459.598633
1473.731445	10740.279297
1472.695313	10707.699219
1471.660156	11016.250977
1470.624023	11228.900391
1469.587891	11240.612305
1468.550781	11777.692383
1467.514648	11849.982422
1466.477539	12622.453125
1465.440430	12706.207031
1464.403320	13247.209961
1463.366211	13874.295898
1462.328125	14494.126953
1461.290039	14866.549805
1460.251953	15558.188477
1459.213867	16431.335938
1458.175781	16896.337891
1457.136719	17808.455078
1456.097656	18177.484375
1455.058594	19093.621094
1454.019531	19390.052734
1452.979492	19947.080078
1451.939453	20203.648438
1450.899414	20732.355469
1449.859375	21081.710938
1448.819336	21412.316406
1447.778320	22205.542969
1446.737305	22414.880859
1445.696289	22489.312500
1444.655273	22010.599609
1443.613281	21592.494141
1442.571289	20721.564453
1441.530273	19799.894531
1440.487305	18808.939453
1439.445313	17683.736328
1438.402344	16953.587891
1437.359375	16142.515625
1436.316406	15257.530273
1435.273438	14737.100586
1434.230469	14033.665039
1433.186523	13636.592773
1432.142578	13297.640625
1431.098633	13049.220703
1430.054688	12958.480469
1429.009766	12566.586914
1427.964844	12614.963867
1426.919922	12278.880859
1425.875000	12262.463867
1424.829102	11986.779297
1423.784180	11706.578125
1422.738281	12085.979492
1421.692383	11942.370117
1420.645508	12087.948242
1419.599609	11951.333008
1418.552734	11726.914063
1417.505859	11907.119141
1416.458984	12207.427734
1415.411133	11902.219727
1414.364258	11909.011719
1413.316406	11841.888672
1412.268555	11848.688477
1411.219727	11790.839844
1410.171875	11843.811523
1409.123047	11721.367188
1408.074219	11679.729492
1407.025391	11566.594727
1405.975586	11658.775391
1404.925781	11328.935547
1403.876953	11128.334961
1402.827148	11098.383789
1401.776367	11006.222656
1400.726563	10831.154297
1399.675781	10824.316406
1398.625000	10536.506836
1397.574219	10536.637695
1396.522461	10354.902344
1395.471680	10486.263672
1394.419922	10260.889648
1393.368164	10277.179688
1392.315430	9874.824219
1391.263672	10047.569336
1390.210938	10061.592773
1389.158203	9969.865234
1388.105469	9878.174805
1387.051758	9933.583984
1385.999023	10000.457031
1384.945313	10074.192383
1383.891602	10131.821289
1382.836914	9987.382813
1381.783203	10210.279297
1380.728516	10412.427734
1379.673828	10550.246094
1378.619141	10486.128906
1377.563477	10419.745117
1376.508789	10552.888672
1375.453125	10679.097656
1374.397461	10812.130859
1373.340820	10917.609375
1372.285156	10878.695313
1371.228516	10862.705078
1370.171875	10956.653320
1369.115234	11004.766602
1368.057617	11066.595703
1367.000977	11100.931641
1365.943359	11199.327148
1364.885742	11016.269531
1363.827148	11473.768555
1362.769531	11361.624023
1361.710938	11473.600586
1360.652344	11548.955078
1359.593750	11695.128906
1358.534180	11921.218750
1357.475586	11918.754883
1356.416016	12215.512695
1355.355469	12537.266602
1354.295898	12651.117188
1353.236328	13141.567383
1352.175781	13478.904297
1351.115234	13759.055664
1350.053711	14130.342773
1348.993164	14633.763672
1347.931641	14806.324219
1346.870117	15266.077148
1345.808594	15427.037109
1344.747070	15770.244141
1343.684570	16054.068359
1342.622070	16116.808594
1341.559570	16343.502930
1340.497070	16665.740234
1339.433594	16914.990234
1338.371094	17116.339844
1337.307617	17445.041016
1336.244141	18048.898438
1335.179688	18670.703125
1334.116211	19205.828125
1333.051758	19265.517578
1331.987305	19886.681641
1330.921875	20112.117188
1329.857422	20182.939453
1328.791992	20087.882813
1327.726563	20013.308594
1326.661133	19711.671875
1325.594727	19076.400391
1324.529297	18629.798828
1323.462891	18206.078125
1322.396484	17598.738281
1321.329102	17064.244141
1320.262695	16702.347656
1319.195313	15966.437500
1318.127930	15672.930664
1317.060547	15522.345703
1315.992188	15201.856445
1314.923828	14645.859375
1313.855469	14912.391602
1312.787109	14852.678711
1311.718750	14550.704102
1310.649414	14753.699219
1309.580078	14954.345703
1308.510742	14607.277344
1307.441406	14866.693359
1306.372070	14716.578125
1305.301758	14917.062500
1304.231445	14909.445313
1303.161133	14865.660156
1302.089844	14869.355469
1301.019531	14949.876953
1299.948242	15028.103516
1298.875977	14817.182617
1297.804688	14669.578125
1296.733398	14614.603516
1295.661133	14460.329102
1294.588867	14163.936523
1293.515625	13937.614258
1292.443359	13481.283203
1291.370117	13029.651367
1290.296875	13004.394531
1289.223633	12753.698242
1288.150391	12604.536133
1287.076172	12955.726563
1286.001953	12635.348633
1284.927734	12862.490234
1283.853516	12801.260742
1282.778320	13077.809570
1281.704102	13455.547852
1280.628906	13619.305664
1279.552734	14010.274414
1278.477539	14203.095703
1277.401367	14701.747070
1276.325195	14815.631836
1275.249023	14805.805664
1274.172852	15070.231445
1273.095703	15130.026367
1272.018555	14679.723633
1270.941406	14496.946289
1269.864258	14347.935547
1268.786133	13922.775391
1267.708984	13740.267578
1266.630859	13535.386719
1265.551758	13469.732422
1264.473633	13105.686523
1263.394531	12761.981445
1262.315430	12512.615234
1261.236328	12131.055664
1260.157227	11964.873047
1259.077148	11588.066406
1257.998047	11388.451172
1256.917969	11334.548828
1255.836914	10866.266602
1254.756836	10843.847656
1253.675781	10543.791992
1252.594727	10622.185547
1251.513672	10405.110352
1250.431641	10378.328125
1249.350586	10217.324219
1248.268555	10257.693359
1247.186523	10179.521484
1246.103516	10038.780273
1245.021484	10170.807617
1243.938477	10005.541992
1242.855469	9869.391602
1241.772461	9896.375000
1240.688477	9659.795898
1239.604492	9997.199219
1238.520508	10055.393555
1237.436523	9903.747070
1236.352539	9874.901367
1235.267578	9752.359375
1234.182617	9910.934570
1233.097656	9902.175781
1232.012695	9942.475586
1230.926758	9788.808594
1229.840820	9880.376953
1228.754883	10112.291992
1227.668945	9954.229492
1226.582031	9994.472656
1225.495117	10110.415039
1224.408203	10148.381836
1223.321289	10117.324219
1222.234375	10473.528320
1221.146484	10406.813477
1220.058594	10404.639648
1218.970703	10607.090820
1217.882813	10718.284180
1216.793945	10860.556641
1215.705078	10802.717773
1214.616211	10818.239258
1213.527344	10911.518555
1212.437500	10793.726563
1211.347656	10584.924805
1210.257813	10664.870117
1209.167969	10602.701172
1208.078125	10569.411133
1206.987305	10631.554688
1205.896484	10298.759766
1204.805664	10420.822266
1203.713867	10383.161133
1202.623047	10427.550781
1201.531250	10451.970703
1200.439453	10409.891602
1199.346680	10432.088867
1198.254883	10390.030273
1197.162109	10646.999023
1196.069336	10294.891602
1194.976563	10237.387695
1193.882813	10237.458984
1192.789063	10350.395508
1191.695313	10323.890625
1190.601563	10264.214844
1189.507813	10275.335938
1188.413086	10361.632813
1187.318359	10277.666016
1186.223633	10244.570313
1185.127930	10149.614258
1184.033203	10167.373047
1182.937500	10140.945313
1181.841797	10277.951172
1180.745117	9957.854492
1179.649414	9986.672852
1178.552734	10055.205078
1177.456055	9905.258789
1176.359375	10075.259766
1175.261719	9993.745117
1174.164063	9991.651367
1173.066406	9936.643555
1171.968750	10274.015625
1170.871094	10097.762695
1169.772461	9897.346680
1168.673828	9978.980469
1167.575195	10064.984375
1166.476563	10016.632813
1165.376953	10065.166016
1164.277344	10166.502930
1163.177734	10322.810547
1162.078125	10300.844727
1160.977539	10197.500977
1159.876953	10111.792969
1158.776367	10087.684570
1157.675781	10096.558594
1156.574219	10151.583008
1155.472656	10241.740234
1154.371094	10120.959961
1153.269531	10072.710938
1152.167969	9864.177734
1151.065430	9855.520508
1149.962891	10051.002930
1148.860352	9906.246094
1147.756836	9976.571289
1146.654297	9910.861328
1145.550781	10011.858398
1144.447266	10154.475586
1143.342773	10156.726563
1142.239258	10235.689453
1141.134766	10373.785156
1140.030273	10459.240234
1138.924805	10667.322266
1137.820313	10378.196289
1136.714844	10369.447266
1135.609375	10428.560547
1134.503906	10465.762695
1133.397461	10437.305664
1132.291016	10548.869141
1131.184570	10470.099609
1130.078125	10225.170898
1128.971680	10048.118164
1127.864258	10220.870117
1126.756836	10334.544922
1125.649414	10432.875977
1124.541992	10245.004883
1123.433594	10317.104492
1122.325195	10131.518555
1121.216797	10114.105469
1120.107422	10304.045898
1118.999023	10245.141602
1117.889648	10227.713867
1116.780273	10395.696289
1115.670898	10291.011719
1114.560547	10478.532227
1113.450195	10550.440430
1112.339844	10759.619141
1111.229492	11199.675781
1110.118164	11328.025391
1109.006836	11800.445313
1107.895508	12270.488281
1106.784180	12727.269531
1105.672852	13477.703125
1104.560547	13975.383789
1103.448242	14670.843750
1102.335938	15413.865234
1101.222656	15930.393555
1100.110352	16672.835938
1098.997070	17091.054688
1097.883789	17093.972656
1096.769531	16975.201172
1095.655273	17356.156250
1094.541992	16746.496094
1093.426758	16436.771484
1092.312500	15553.996094
1091.197266	15023.242188
1090.083008	14384.200195
1088.966797	13830.046875
1087.851563	13135.122070
1086.736328	12379.762695
1085.620117	11965.157227
1084.503906	11702.481445
1083.386719	11134.301758
1082.270508	11030.102539
1081.153320	10899.948242
1080.036133	10538.075195
1078.918945	10358.267578
1077.800781	10185.031250
1076.682617	10211.023438
1075.564453	10161.252930
1074.446289	10072.554688
1073.328125	10014.180664
1072.208984	10016.391602
1071.089844	10141.860352
1069.970703	10046.752930
1068.850586	10040.307617
1067.731445	10033.864258
1066.611328	9999.334961
1065.491211	10213.238281
1064.370117	10211.080078
1063.250000	10129.030273
1062.128906	10239.146484
1061.007813	10411.807617
1059.885742	10426.870117
1058.763672	10441.924805
1057.642578	10415.991211
1056.519531	10556.118164
1055.397461	10556.041992
1054.275391	10624.944336
1053.152344	10396.408203
1052.029297	10687.246094
1050.905273	10730.224609
1049.782227	10581.498047
1048.658203	10473.747070
1047.534180	10566.256836
1046.410156	10398.285156
1045.285156	10523.050781
1044.160156	10503.611328
1043.035156	10337.909180
1041.910156	10456.154297
1040.784180	10370.084961
1039.659180	10370.040039
1038.533203	10460.260742
1037.406250	10539.699219
1036.280273	10515.984375
1035.153320	10425.695313
1034.026367	10457.845703
1032.899414	10210.877930
1031.771484	10522.103516
1030.644531	10401.841797
1029.516602	10401.784180
1028.387695	10532.578125
1027.259766	10573.239258
1026.130859	10553.844727
1025.001953	10455.138672
1023.873047	10191.439453
1022.744141	10551.421875
1021.614258	10420.640625
1020.484375	10508.393555
1019.354492	10591.825195
1018.223633	10441.847656
1017.093750	10625.864258
1015.962891	10559.406250
1014.832031	10739.039063
1013.700195	10533.535156
1012.569336	10304.591797
1011.437500	10518.375000
1010.305664	10580.279297
1009.172852	10545.973633
1008.041016	10453.983398
1006.908203	10445.355469
1005.775391	10590.525391
1004.641602	10590.413086
1003.508789	10622.327148
1002.375000	10906.120117
1001.241211	10846.180664
1000.106445	11061.523438
998.972656	10858.641602
997.837891	10918.189453
996.703125	10932.929688
995.567383	10792.029297
994.432617	10909.101563
993.296875	10712.857422
992.161133	10793.675781
991.025391	10512.331055
989.888672	10571.859375
988.751953	10554.708008
987.615234	10646.131836
986.478516	10588.532227
985.340820	10662.885742
984.203125	10339.375000
983.065430	10400.986328
981.927734	10605.048828
980.789063	10496.489258
979.651367	10530.393555
978.512695	10551.530273
977.373047	10466.421875
976.234375	10691.493164
975.094727	10767.800781
973.955078	10712.425781
972.815430	10905.455078
971.674805	10947.707031
970.534180	10890.204102
969.393555	11276.133789
968.252930	11216.463867
967.111328	11125.007813
965.970703	11285.896484
964.829102	11433.997070
963.686523	11401.892578
962.544922	11338.017578
961.402344	11587.693359
960.259766	11551.338867
959.117188	11426.063477
957.973633	11300.839844
956.830078	11266.683594
955.686523	11073.830078
954.542969	11115.900391
953.399414	11041.613281
952.254883	11081.556641
951.110352	10793.757813
949.964844	10831.621094
948.820313	10774.362305
947.674805	10903.072266
946.529297	10957.786133
945.383789	11025.149414
944.237305	10820.080078
943.091797	10876.886719
941.944336	11013.875977
940.797852	11072.725586
939.651367	11034.497070
938.503906	11321.130859
937.356445	11310.279297
936.208984	11398.532227
935.060547	11526.798828
933.912109	11848.909180
932.763672	12042.344727
931.615234	12517.995117
930.465820	12624.848633
929.317383	12933.811523
928.167969	13568.971680
927.017578	13580.808594
925.868164	13727.325195
924.717773	14000.017578
923.567383	13864.503906
922.416992	13796.346680
921.265625	13673.548828
920.114258	13344.787109
918.962891	12934.196289
917.811523	12895.710938
916.659180	12380.346680
915.507813	12266.378906
914.354492	11841.666016
913.202148	11685.871094
912.049805	11452.477539
910.896484	11315.717773
909.743164	11174.820313
908.588867	11061.251953
907.435547	11184.723633
906.281250	11211.687500
905.126953	11100.278320
903.972656	11081.136719
902.817383	10802.165039
901.662109	10912.985352
900.506836	10965.110352
899.351563	10805.704102
898.195313	11109.070313
897.039063	10955.980469
895.882813	10903.409180
894.726563	10917.814453
893.569336	10890.375000
892.412109	10879.677734
891.254883	10866.894531
890.097656	11025.540039
888.939453	10855.971680
887.781250	11024.998047
886.623047	11189.773438
885.464844	10796.780273
884.305664	10978.238281
883.146484	11117.861328
881.987305	11042.420898
880.828125	11021.272461
879.667969	10851.989258
878.507813	10926.848633
877.347656	11095.529297
876.186523	10895.058594
875.026367	11053.248047
873.865234	10934.159180
872.704102	11108.941406
871.541992	11296.148438
870.380859	11135.422852
869.218750	11170.520508
868.055664	11022.381836
866.893555	10967.977539
865.730469	11186.228516
864.567383	11083.955078
863.404297	11168.948242
862.240234	11461.886719
861.077148	11378.332031
859.913086	11483.995117
858.748047	11365.135742
857.583984	11406.334961
856.418945	11437.128906
855.253906	11436.750977
854.088867	11297.234375
852.922852	11369.553711
851.757813	11389.946289
850.591797	11267.129883
849.424805	11277.160156
848.258789	11326.600586
847.091797	11137.505859
845.924805	11280.263672
844.756836	11335.888672
843.589844	11188.365234
842.421875	11306.151367
841.253906	11162.839844
840.085938	11280.580078
838.916992	11307.148438
837.748047	11387.537109
836.579102	11219.487305
835.410156	11142.571289
834.240234	11326.397461
833.070313	11241.214844
831.900391	11518.009766
830.729492	11331.500000
829.559570	11302.187500
828.388672	11198.478516
827.217773	11365.519531
826.045898	11484.969727
824.874023	11300.728516
823.702148	11416.009766
822.530273	11289.672852
821.358398	11468.896484
820.185547	11359.111328
819.012695	11482.530273
817.839844	11127.302734
816.666016	11355.902344
815.492188	11320.465820
814.318359	11280.919922
813.144531	11266.125000
811.970703	11379.096680
810.795898	11358.104492
809.621094	11483.365234
808.445313	11567.384766
807.270508	11649.308594
806.094727	11465.654297
804.918945	11671.043945
803.742188	11940.129883
802.566406	11577.558594
801.389648	11529.816406
800.212891	11527.331055
799.035156	11705.757813
797.858398	11709.400391
796.680664	11772.633789
795.502930	11895.418945
794.324219	11882.583984
793.145508	11984.754883
791.967773	11754.270508
790.788086	11969.322266
789.609375	11862.076172
788.429688	11880.035156
787.250000	11696.951172
786.070313	11694.427734
784.889648	11572.975586
783.708984	11923.086914
782.528320	11783.190430
781.347656	11653.599609
780.166992	11700.252930
778.985352	11785.803711
777.803711	11684.962891
776.621094	11821.663086
775.439453	11929.646484
774.256836	11918.884766
773.074219	12120.917969
771.890625	11833.958008
770.708008	12111.591797
769.524414	12035.365234
768.339844	12128.847656
767.156250	12248.858398
765.971680	12252.342773
764.787109	12421.304688
763.602539	12490.109375
762.417969	12544.588867
761.232422	12545.960938
760.046875	12755.535156
758.860352	12654.820313
757.674805	12962.214844
756.488281	13057.326172
755.301758	13317.591797
754.115234	13408.505859
752.927734	13809.242188
751.740234	14266.872070
750.552734	14585.739258
749.365234	15393.407227
748.176758	16231.275391
746.988281	16975.109375
745.799805	18640.890625
744.611328	20189.927734
743.421875	22578.765625
742.232422	25345.001953
741.042969	28679.603516
739.852539	32360.527344
738.662109	35812.125000
737.471680	38270.203125
736.281250	40621.531250
735.089844	41145.109375
733.899414	39781.175781
732.708008	37489.628906
731.515625	34461.949219
730.324219	31384.824219
729.131836	28719.041016
727.939453	26740.322266
726.746094	25417.785156
725.553711	25026.875000
724.360352	24842.986328
723.166016	24936.951172
721.972656	24674.101563
720.778320	24423.525391
719.583984	23743.492188
718.389648	22648.462891
717.194336	21025.287109
716.000000	20046.738281
714.804688	19390.507813
713.608398	18702.173828
712.413086	17965.572266
711.216797	17518.601563
710.020508	17302.414063
708.823242	16503.900391
707.626953	15966.549805
706.429688	15583.059570
705.232422	15323.014648
704.034180	14836.780273
702.835938	14593.168945
701.637695	14547.587891
700.439453	14275.873047
699.241211	14060.801758
698.041992	13993.161133
696.842773	14068.820313
695.643555	13987.083984
694.443359	13897.313477
693.243164	14156.451172
692.042969	14036.439453
690.842773	14402.264648
689.641602	14554.311523
688.440430	14718.379883
687.239258	14815.901367
686.037109	15169.152344
684.835938	15653.127930
683.633789	15732.261719
682.430664	16030.738281
681.228516	16232.499023
680.025391	16333.581055
678.822266	16911.304688
677.619141	16788.984375
676.415039	16642.589844
675.210938	16731.431641
674.006836	16480.613281
672.802734	16360.496094
671.597656	16344.884766
670.392578	16463.832031
669.187500	16349.818359
667.982422	16211.764648
666.776367	16693.921875
665.570313	16583.941406
664.363281	16875.226563
663.157227	17417.089844
661.950195	18111.113281
660.743164	18602.349609
659.536133	19241.693359
658.328125	19720.445313
657.120117	19826.339844
655.912109	19866.087891
654.704102	19433.205078
653.495117	19328.863281
652.286133	18664.082031
651.077148	18169.699219
649.867188	17853.607422
648.657227	17291.599609
647.447266	16997.833984
646.237305	16456.250000
645.026367	16124.809570
643.816406	15999.375000
642.604492	15712.136719
641.393555	15167.306641
640.181641	15447.625000
638.969727	14861.152344
637.757813	14845.931641
636.545898	14667.040039
635.333008	14729.696289
634.120117	14664.631836
632.907227	14699.332031
631.693359	14779.885742
630.479492	14952.122070
629.265625	15210.000000
628.051758	15071.155273
626.836914	15157.531250
625.622070	15335.507813
624.407227	15509.420898
623.191406	15591.659180
621.976563	15381.207031
620.760742	15097.201172
619.543945	15000.375977
618.328125	14684.742188
617.111328	14597.992188
615.894531	14624.633789
614.676758	14140.286133
613.459961	14335.976563
612.242188	14291.109375
611.024414	13985.972656
609.805664	13893.524414
608.587891	13689.895508
607.369141	13921.206055
606.149414	13775.229492
604.930664	13585.650391
603.710938	13838.657227
602.491211	13762.226563
601.270508	13777.068359
600.050781	13906.916992
598.830078	14088.255859
597.609375	13855.244141
596.387695	13802.669922
595.166016	14005.703125
593.944336	13881.806641
592.722656	13882.729492
591.500977	13756.932617
590.278320	13852.898438
589.055664	14002.258789
587.832031	14173.317383
586.609375	14071.301758
585.385742	14087.999023
584.161133	14051.298828
582.937500	14279.524414
581.712891	14296.162109
580.488281	14227.820313
579.263672	14313.607422
578.038086	14296.645508
576.812500	14360.656250
575.586914	14558.893555
574.361328	14535.963867
573.134766	14672.896484
571.908203	14760.440430
570.681641	15011.673828
569.454102	15314.073242
568.227539	15194.381836
567.000000	15557.717773
565.771484	15493.208008
564.543945	15627.743164
563.315430	15579.004883
562.086914	15743.003906
560.857422	15574.140625
559.627930	15570.724609
558.398438	15604.706055
557.168945	15357.266602
555.939453	15401.115234
554.708984	15222.671875
553.478516	15130.834961
552.247070	14895.508789
551.016602	15018.044922
549.785156	15030.469727
548.552734	14728.512695
547.321289	14880.467773
546.088867	14985.219727
544.856445	14740.411133
543.624023	14807.846680
542.390625	14747.675781
541.157227	14669.870117
539.923828	14821.632813
538.690430	14828.182617
537.456055	14805.315430
536.221680	14833.430664
534.987305	14702.763672
533.751953	14807.314453
532.517578	14917.695313
531.281250	14979.057617
530.045898	15014.931641
528.809570	15080.159180
527.574219	15139.484375
526.336914	14989.373047
525.100586	15295.228516
523.863281	15477.707031
522.625977	15875.241211
521.388672	16456.406250
520.150391	17111.599609
518.912109	17594.507813
517.673828	17229.130859
516.435547	16416.529297
515.196289	15842.575195
513.957031	15546.169922
512.717773	15302.607422
511.477539	15228.968750
510.237305	15313.433594
508.997070	15128.612305
507.756836	15170.145508
506.515625	15203.858398
505.274414	14925.590820
504.033203	15230.300781
502.791016	15141.193359
501.549805	15094.991211
