1802.291016	4634.836426
1801.322266	4674.791992
1800.353516	4549.022461
1799.383789	4615.511719
1798.414063	4666.999512
1797.444336	4671.057617
1796.473633	4665.134766
1795.503906	4656.720215
1794.533203	4538.584473
1793.562500	4687.270996
1792.591797	4746.159668
1791.621094	4618.107422
1790.649414	4766.688477
1789.678711	4693.489746
1788.707031	4670.134766
1787.735352	4728.966797
1786.762695	4625.941406
1785.791016	4769.392578
1784.818359	4668.889160
1783.845703	4677.908203
1782.873047	4851.115234
1781.900391	4748.167480
1780.926758	4888.962891
1779.953125	4885.498535
1778.980469	4921.807617
1778.005859	4731.942383
1777.032227	4959.594238
1776.058594	4973.507324
1775.083984	4803.615723
1774.109375	4767.888184
1773.134766	4918.383301
1772.160156	4795.767090
1771.184570	4864.296875
1770.208984	4868.285645
1769.233398	4966.542480
1768.257813	4925.863281
1767.282227	4924.876953
1766.306641	5122.234375
1765.330078	5044.365723
1764.353516	5063.181641
1763.376953	5146.413086
1762.399414	5093.358398
1761.422852	5250.854492
1760.445313	5029.409668
1759.467773	4959.079102
1758.490234	5042.246582
1757.512695	5249.122070
1756.534180	5087.237793
1755.556641	5214.857910
1754.578125	5315.219727
1753.599609	5249.860352
1752.620117	5360.063477
1751.641602	5289.776855
1750.662109	5175.033691
1749.682617	5324.718750
1748.703125	5160.606445
1747.723633	5349.751953
1746.743164	5353.617676
1745.763672	5308.104004
1744.783203	5316.912598
1743.801758	5313.377930
1742.821289	5255.561523
1741.840820	5153.364258
1740.859375	5327.445313
1739.877930	5343.637207
1738.896484	5261.206055
1737.914063	5230.570801
1736.932617	5308.382813
1735.950195	5154.553223
1734.967773	5286.544434
1733.985352	5297.797852
1733.002930	5274.571777
1732.019531	5248.893066
1731.036133	5368.450684
1730.053711	5256.628906
1729.069336	5331.848145
1728.085938	5237.297852
1727.101563	5319.868164
1726.118164	5242.570801
1725.133789	5310.355469
1724.149414	5370.738281
1723.164063	5514.652344
1722.179688	5547.942383
1721.194336	5470.675293
1720.208984	5530.976563
1719.223633	5372.710449
1718.237305	5406.000977
1717.251953	5454.005371
1716.265625	5489.719238
1715.279297	5373.298340
1714.292969	5374.670898
1713.305664	5616.395020
1712.319336	5588.292480
1711.332031	5579.813965
1710.344727	5774.779297
1709.357422	5746.660645
1708.369141	5721.003906
1707.381836	5658.612305
1706.393555	5669.719238
1705.405273	5952.619629
1704.416992	5851.048340
1703.427734	5854.766113
1702.438477	6157.034668
1701.450195	5969.849121
1700.460938	6147.217773
1699.470703	6219.350586
1698.481445	6394.151367
1697.491211	6429.534180
1696.500977	6587.112305
1695.510742	6622.441895
1694.520508	6757.927734
1693.530273	6722.368652
1692.539063	6652.632324
1691.547852	7005.344238
1690.556641	7006.374023
1689.565430	6973.232910
1688.573242	7018.192871
1687.581055	7131.448242
1686.589844	7100.739746
1685.596680	7121.257813
1684.604492	7246.613770
1683.612305	7269.531250
1682.619141	7521.546387
1681.625977	7415.247070
1680.632813	7316.298828
1679.638672	7368.412109
1678.645508	7491.128906
1677.651367	7431.182129
1676.657227	7422.380371
1675.663086	7381.941406
1674.668945	7246.616211
1673.673828	7296.245605
1672.678711	7428.555664
1671.683594	7344.372070
1670.688477	7333.164551
1669.693359	7256.326172
1668.697266	7189.239746
1667.701172	7280.126953
1666.705078	7319.958496
1665.708984	7056.152832
1664.712891	7122.725586
1663.715820	7133.427734
1662.718750	7248.507813
1661.721680	7222.773926
1660.724609	7090.283691
1659.726563	7020.923340
1658.729492	7230.527344
1657.731445	6993.837402
1656.733398	7091.831543
1655.735352	7107.367676
1654.736328	7062.307617
1653.737305	6990.611328
1652.738281	7011.001953
1651.739258	7133.113281
1650.740234	7083.239258
1649.741211	6900.223145
1648.741211	7075.535645
1647.741211	7069.265137
1646.741211	7106.550781
1645.740234	6986.574707
1644.740234	6924.695313
1643.739258	6865.258301
1642.738281	6880.794434
1641.737305	6990.594727
1640.736328	7052.016113
1639.734375	6893.534180
1638.732422	6901.803223
1637.730469	6893.161133
1636.728516	6988.357910
1635.725586	6858.986816
1634.723633	6850.357910
1633.720703	6950.330566
1632.717773	7014.070313
1631.714844	6785.891602
1630.710938	6803.812988
1629.708008	6790.379395
1628.704102	6902.315918
1627.700195	6838.248535
1626.695313	6892.291992
1625.691406	6861.983398
1624.686523	6947.314941
1623.681641	7059.104492
1622.676758	6934.870117
1621.671875	6967.169922
1620.666016	7018.711914
1619.660156	7118.362305
1618.654297	7155.416016
1617.648438	6987.986816
1616.642578	6868.725586
1615.635742	7040.459473
1614.628906	7084.709961
1613.622070	7037.606445
1612.615234	7221.216309
1611.608398	7058.780273
1610.600586	7136.618164
1609.592773	7183.203613
1608.584961	7241.775391
1607.577148	7103.471191
1606.569336	7152.434082
1605.560547	7148.583984
1604.551758	7144.735352
1603.542969	7157.678223
1602.534180	7336.091309
1601.524414	7322.614746
1600.514648	7524.893555
1599.504883	7511.383301
1598.495117	7552.992188
1597.485352	7541.876465
1596.474609	7672.086426
1595.464844	7718.425781
1594.454102	7927.558594
1593.442383	7916.374023
1592.431641	7962.633789
1591.419922	8047.160156
1590.409180	8277.585938
1589.397461	8149.135742
1588.384766	8458.362305
1587.373047	8368.181641
1586.360352	8550.544922
1585.347656	8340.883789
1584.334961	8599.639648
1583.322266	8504.722656
1582.308594	8297.585938
1581.295898	8396.196289
1580.282227	8489.991211
1579.268555	8349.818359
1578.253906	8550.977539
1577.240234	8449.025391
1576.225586	8349.500000
1575.210938	8607.777344
1574.196289	8412.875000
1573.180664	8547.059570
1572.166016	8295.040039
1571.150391	8650.826172
1570.134766	8587.118164
1569.118164	8571.079102
1568.102539	8728.909180
1567.085938	8553.305664
1566.069336	8596.799805
1565.052734	8376.068359
1564.036133	8726.569336
1563.018555	8808.068359
1562.001953	8582.669922
1560.984375	8659.407227
1559.966797	8690.934570
1558.948242	8712.939453
1557.930664	8722.449219
1556.912109	8731.959961
1555.893555	8741.470703
1554.875000	8750.980469
1553.855469	8694.576172
1552.836914	8880.385742
1551.817383	8945.048828
1550.797852	8933.733398
1549.777344	8988.865234
1548.757813	8849.429688
1547.737305	9068.224609
1546.716797	8978.630859
1545.696289	9157.001953
1544.675781	8977.343750
1543.654297	9153.271484
1542.632813	8900.228516
1541.611328	8919.736328
1540.589844	9090.829102
1539.568359	8897.156250
1538.545898	8930.857422
1537.523438	9059.232422
1536.500977	8917.750000
1535.478516	8904.100586
1534.455078	8909.382813
1533.432617	9016.368164
1532.409180	9054.730469
1531.385742	8698.239258
1530.361328	8857.205078
1529.337891	8734.868164
1528.313477	8721.272461
1527.289063	8762.015625
1526.264648	8805.104492
1525.239258	8654.539063
1524.214844	8553.614258
1523.189453	8842.203125
1522.164063	8840.398438
1521.138672	8701.745117
1520.112305	8872.174805
1519.085938	8959.987305
1518.060547	8852.046875
1517.033203	8944.541992
1516.006836	9018.141602
1514.980469	9091.710938
1513.953125	9205.303711
1512.925781	9255.247070
1511.898438	9340.497070
1510.870117	9595.247070
1509.842773	9755.725586
1508.814453	9847.880859
1507.786133	9907.052734
1506.756836	10189.709961
1505.728516	10229.968750
1504.699219	10329.003906
1503.669922	10616.102539
1502.640625	10362.395508
1501.611328	10529.501953
1500.581055	10447.454102
1499.550781	10353.692383
1498.520508	10212.991211
1497.490234	10473.924805
1496.459961	10009.240234
1495.428711	9953.202148
1494.397461	9962.901367
1493.366211	10050.030273
1492.334961	9613.961914
1491.302734	9527.556641
1490.271484	9373.178711
1489.239258	9202.452148
1488.207031	9430.290039
1487.173828	9250.246094
1486.141602	9224.920898
1485.108398	9049.676758
1484.075195	9277.357422
1483.041016	9287.166992
1482.007813	9222.052734
1480.973633	9257.617188
1479.939453	9276.784180
1478.905273	9450.368164
1477.871094	9434.396484
1476.835938	9455.852539
1475.801758	9692.426758
1474.766602	9893.835938
1473.731445	10116.198242
1472.695313	10167.875000
1471.660156	10455.508789
1470.624023	10614.546875
1469.587891	10990.717773
1468.550781	11420.438477
1467.514648	11866.324219
1466.477539	12190.657227
1465.440430	12386.510742
1464.403320	12785.260742
1463.366211	13447.429688
1462.328125	14141.976563
1461.290039	14756.962891
1460.251953	15415.987305
1459.213867	16305.478516
1458.175781	16698.269531
1457.136719	17775.839844
1456.097656	18279.970703
1455.058594	19088.962891
1454.019531	19380.740234
1452.979492	19944.751953
1451.939453	20340.962891
1450.899414	20795.179688
1449.859375	21177.093750
1448.819336	21565.826172
1447.778320	22063.691406
1446.737305	22535.779297
1445.696289	22679.919922
1444.655273	22510.259766
1443.613281	22024.667969
1442.571289	21269.802734
1441.530273	20215.634766
1440.487305	19282.646484
1439.445313	18008.761719
1438.402344	17167.132813
1437.359375	16123.950195
1436.316406	15431.543945
1435.273438	14809.011719
1434.230469	14133.391602
1433.186523	13634.274414
1432.142578	13135.361328
1431.098633	13130.343750
1430.054688	12942.259766
1429.009766	12515.616211
1427.964844	12198.016602
1426.919922	12163.085938
1425.875000	12028.606445
1424.829102	11898.811523
1423.784180	11641.773438
1422.738281	11648.635742
1421.692383	11704.078125
1420.645508	11824.261719
1419.599609	11759.390625
1418.552734	11768.531250
1417.505859	11636.660156
1416.458984	11934.713867
1415.411133	12024.684570
1414.364258	11811.983398
1413.316406	11747.190430
1412.268555	11772.483398
1411.219727	11834.706055
1410.171875	11716.855469
1409.123047	11587.513672
1408.074219	11735.105469
1407.025391	11621.959961
1405.975586	11308.205078
1404.925781	11229.781250
1403.876953	10957.732422
1402.827148	10874.801758
1401.776367	10851.822266
1400.726563	10831.154297
1399.675781	10605.480469
1398.625000	10518.082031
1397.574219	10188.947266
1396.522461	9995.772461
1395.471680	10014.427734
1394.419922	9970.942383
1393.368164	9886.062500
1392.315430	9775.915039
1391.263672	9663.512695
1390.210938	9707.505859
1389.158203	9567.576172
1388.105469	9708.099609
1387.051758	9524.568359
1385.999023	9522.603516
1384.945313	9646.968750
1383.891602	9764.393555
1382.836914	9794.522461
1381.783203	9771.842773
1380.728516	9850.152344
1379.673828	10155.586914
1378.619141	10279.664063
1377.563477	10107.818359
1376.508789	10399.250000
1375.453125	10348.958008
1374.397461	10296.394531
1373.340820	10374.478516
1372.285156	10638.118164
1371.228516	10553.455078
1370.171875	10780.302734
1369.115234	10720.832031
1368.057617	10803.323242
1367.000977	10766.759766
1365.943359	10901.837891
1364.885742	10787.479492
1363.827148	10785.250977
1362.769531	10952.257813
1361.710938	11192.363281
1360.652344	11222.054688
1359.593750	11523.712891
1358.534180	11320.245117
1357.475586	11541.796875
1356.416016	11909.439453
1355.355469	11884.141602
1354.295898	12288.090820
1353.236328	12851.663086
1352.175781	13341.969727
1351.115234	13501.216797
1350.053711	13740.242188
1348.993164	14332.695313
1347.931641	14705.989258
1346.870117	15042.649414
1345.808594	15203.655273
1344.747070	15346.362305
1343.684570	15710.019531
1342.622070	15873.063477
1341.559570	15771.844727
1340.497070	16173.896484
1339.433594	16434.632813
1338.371094	17205.107422
1337.307617	17483.726563
1336.244141	18055.724609
1335.179688	18634.308594
1334.116211	18728.242188
1333.051758	19486.072266
1331.987305	19750.283203
1330.921875	20393.945313
1329.857422	20205.662109
1328.791992	20492.277344
1327.726563	20215.462891
1326.661133	19809.322266
1325.594727	19550.925781
1324.529297	18634.339844
1323.462891	18376.292969
1322.396484	17823.375000
1321.329102	17567.869141
1320.262695	16985.859375
1319.195313	16592.306641
1318.127930	16101.425781
1317.060547	15694.615234
1315.992188	15142.934570
1314.923828	14992.520508
1313.855469	14896.534180
1312.787109	14807.381836
1311.718750	14795.253906
1310.649414	14733.324219
1309.580078	15029.038086
1308.510742	14953.506836
1307.441406	14789.769531
1306.372070	14969.922852
1305.301758	14982.647461
1304.231445	14997.626953
1303.161133	14836.272461
1302.089844	14975.581055
1301.019531	14897.904297
1299.948242	14964.846680
1298.875977	14839.769531
1297.804688	14497.951172
1296.733398	14357.216797
1295.661133	14234.597656
1294.588867	13854.749023
1293.515625	13718.746094
1292.443359	13357.208008
1291.370117	13086.037109
1290.296875	12749.583008
1289.223633	12864.168945
1288.150391	12613.552734
1287.076172	12631.213867
1286.001953	12689.422852
1284.927734	12585.416992
1283.853516	12738.200195
1282.778320	12866.151367
1281.704102	13232.676758
1280.628906	13362.720703
1279.552734	13974.269531
1278.477539	14182.847656
1277.401367	14764.729492
1276.325195	15020.280273
1275.249023	15127.329102
1274.172852	15108.447266
1273.095703	15134.521484
1272.018555	14787.580078
1270.941406	14667.683594
1269.864258	14361.412109
1268.786133	14097.933594
1267.708984	13809.866211
1266.630859	13387.238281
1265.551758	13290.195313
1264.473633	13132.611328
1263.394531	12548.870117
1262.315430	12454.302734
1261.236328	12074.997070
1260.157227	11767.587891
1259.077148	11547.721680
1257.998047	11097.128906
1256.917969	11018.641602
1255.836914	10680.346680
1254.756836	10545.989258
1253.675781	10243.755859
1252.594727	10022.239258
1251.513672	10040.293945
1250.431641	10029.250977
1249.350586	10118.886719
1248.268555	9893.104492
1247.186523	9839.608398
1246.103516	9842.029297
1245.021484	9656.679688
1243.938477	9712.773438
1242.855469	9742.030273
1241.772461	9574.686523
1240.688477	9742.434570
1239.604492	9604.189453
1238.520508	9644.604492
1237.436523	9667.146484
1236.352539	9459.821289
1235.267578	9531.475586
1234.182617	9498.257813
1233.097656	9494.045898
1232.012695	9665.985352
1230.926758	9630.529297
1229.840820	9579.485352
1228.754883	9651.022461
1227.668945	9655.691406
1226.582031	9751.682617
1225.495117	9769.689453
1224.408203	9812.179688
1223.321289	9696.603516
1222.234375	10039.541992
1221.146484	10268.856445
1220.058594	10039.798828
1218.970703	10304.602539
1217.882813	10573.743164
1216.793945	10447.032227
1215.705078	10656.014648
1214.616211	10560.451172
1213.527344	10573.796875
1212.437500	10513.832031
1211.347656	10620.459961
1210.257813	10376.209961
1209.167969	10540.541016
1208.078125	10513.922852
1206.987305	10465.124023
1205.896484	10001.466797
1204.805664	10305.479492
1203.713867	10183.569336
1202.623047	10245.739258
1201.531250	10281.281250
1200.439453	10270.265625
1199.346680	10055.398438
1198.254883	10334.645508
1197.162109	10297.045898
1196.069336	10004.800781
1194.976563	10241.816406
1193.882813	10137.851563
1192.789063	10106.960938
1191.695313	10281.851563
1190.601563	10009.821289
1189.507813	10018.784180
1188.413086	10060.911133
1187.318359	10014.589844
1186.223633	9932.923828
1185.127930	9833.612305
1184.033203	9970.741211
1182.937500	10043.754883
1181.841797	9878.228516
1180.745117	9770.178711
1179.649414	9721.774414
1178.552734	9843.331055
1177.456055	9792.724609
1176.359375	9675.955078
1175.261719	9645.254883
1174.164063	9654.258789
1173.066406	9791.132813
1171.968750	9722.953125
1170.871094	9837.715820
1169.772461	9703.453125
1168.673828	9934.922852
1167.575195	9972.483398
1166.476563	9785.428711
1165.376953	9900.055664
1164.277344	10144.493164
1163.177734	9790.276367
1162.078125	9819.024414
1160.977539	9968.739258
1159.876953	10008.431641
1158.776367	9872.210938
1157.675781	9927.293945
1156.574219	9916.418945
1155.472656	9797.879883
1154.371094	9784.838867
1153.269531	9800.356445
1152.167969	9629.211914
1151.065430	9881.866211
1149.962891	9737.115234
1148.860352	9739.459961
1147.756836	9682.562500
1146.654297	9851.632813
1145.550781	9735.518555
1144.447266	9911.083984
1143.342773	9981.346680
1142.239258	10180.894531
1141.134766	10272.983398
1140.030273	10310.260742
1138.924805	10316.855469
1137.820313	10476.744141
1136.714844	10413.237305
1135.609375	10395.724609
1134.503906	10446.065430
1133.397461	10417.612305
1132.291016	10341.041992
1131.184570	10386.986328
1130.078125	10310.453125
1128.971680	10227.392578
1127.864258	10109.393555
1126.756836	10260.242188
1125.649414	10092.032227
1124.541992	10240.635742
1123.433594	9961.116211
1122.325195	10096.582031
1121.216797	10166.499023
1120.107422	9900.264648
1118.999023	10068.388672
1117.889648	10033.543945
1116.780273	10064.150391
1115.670898	10338.989258
1114.560547	10354.254883
1113.450195	10362.974609
1112.339844	10626.676758
1111.229492	10905.520508
1110.118164	11293.169922
1109.006836	11761.241211
1107.895508	12163.788086
1106.784180	12768.634766
1105.672852	13569.122070
1104.560547	14229.996094
1103.448242	15027.661133
1102.335938	15729.277344
1101.222656	16332.731445
1100.110352	16855.480469
1098.997070	17336.703125
1097.883789	17524.310547
1096.769531	17488.021484
1095.655273	17314.878906
1094.541992	16885.507813
1093.426758	16178.351563
1092.312500	15432.412109
1091.197266	14897.342773
1090.083008	14017.432617
1088.966797	13563.166992
1087.851563	12699.092773
1086.736328	12097.812500
1085.620117	11498.954102
1084.503906	10932.866211
1083.386719	10943.564453
1082.270508	10698.549805
1081.153320	10325.810547
1080.036133	10003.048828
1078.918945	9959.790039
1077.800781	10011.817383
1076.682617	9817.041992
1075.564453	9741.384766
1074.446289	9527.273438
1073.328125	9639.919922
1072.208984	9817.405273
1071.089844	9674.772461
1069.970703	9659.756836
1068.850586	9696.624023
1067.731445	9828.562500
1066.611328	9995.013672
1065.491211	9766.084961
1064.370117	9982.151367
1063.250000	10038.341797
1062.128906	9902.375000
1061.007813	10051.366211
1059.885742	10249.923828
1058.763672	10057.904297
1057.642578	10346.967773
1056.519531	10387.910156
1055.397461	10219.698242
1054.275391	10336.094727
1053.152344	10383.476563
1052.029297	10245.535156
1050.905273	10256.293945
1049.782227	10323.044922
1048.658203	10239.035156
1047.534180	10284.231445
1046.410156	10441.333984
1045.285156	10232.537109
1044.160156	10071.160156
1043.035156	10195.940430
1041.910156	10163.673828
1040.784180	10084.118164
1039.659180	10172.269531
1038.533203	9968.088867
1037.406250	10006.804688
1036.280273	10011.130859
1035.153320	10058.411133
1034.026367	10146.471680
1032.899414	10024.093750
1031.771484	10131.441406
1030.644531	10172.215820
1029.516602	9964.084961
1028.387695	10011.311523
1027.259766	10262.261719
1026.130859	9921.300781
1025.001953	10337.232422
1023.873047	10178.579102
1022.744141	10178.564453
1021.614258	10512.763672
1020.484375	10199.953125
1019.354492	10174.233398
1018.223633	10247.012695
1017.093750	10366.853516
1015.962891	10238.386719
1014.832031	10353.897461
1013.700195	10219.069336
1012.569336	10308.869141
1011.437500	10257.500977
1010.305664	10154.844727
1009.172852	10199.712891
1008.041016	10225.329102
1006.908203	10336.393555
1005.775391	10212.445313
1004.641602	10306.378906
1003.508789	10406.677734
1002.375000	10617.937500
1001.241211	10536.716797
1000.106445	10609.162109
998.972656	10402.109375
997.837891	10478.816406
996.703125	10549.093750
995.567383	10557.512695
994.432617	10420.984375
993.296875	10597.780273
992.161133	10241.846680
991.025391	10399.432617
989.888672	10186.381836
988.751953	10388.625977
987.615234	10490.729492
986.478516	10199.043945
985.340820	10228.794922
984.203125	10135.139648
983.065430	10286.128906
981.927734	10228.651367
980.789063	10256.242188
979.651367	10343.337891
978.512695	10479.274414
977.373047	10351.686523
976.234375	10474.817383
975.094727	10595.770508
973.955078	10612.626953
972.815430	10631.598633
971.674805	10656.927734
970.534180	10994.183594
969.393555	11002.451172
968.252930	11008.594727
967.111328	10944.751953
965.970703	11078.115234
964.829102	11094.834961
963.686523	11200.557617
962.544922	11115.537109
961.402344	11356.787109
960.259766	11019.731445
959.117188	11125.376953
957.973633	11093.369141
956.830078	11033.857422
955.686523	10836.820313
954.542969	10817.585938
953.399414	10728.555664
952.254883	10694.547852
951.110352	10728.212891
949.964844	10664.623047
948.820313	10533.429688
947.674805	10649.511719
946.529297	10666.254883
945.383789	10780.146484
944.237305	10646.925781
943.091797	10722.769531
941.944336	10513.629883
940.797852	10564.144531
939.651367	10734.898438
938.503906	10914.016602
937.356445	10909.580078
936.208984	11210.875977
935.060547	11421.396484
933.912109	11602.320313
932.763672	12156.130859
931.615234	12183.030273
930.465820	12384.736328
929.317383	13032.784180
928.167969	13128.953125
927.017578	13281.913086
925.868164	13723.116211
924.717773	13614.985352
923.567383	13835.054688
922.416992	13682.779297
921.265625	13431.744141
920.114258	13161.895508
918.962891	12805.989258
917.811523	12277.926758
916.659180	12014.796875
915.507813	11947.117188
914.354492	11511.972656
913.202148	11295.362305
912.049805	11219.481445
910.896484	11034.503906
909.743164	11139.151367
908.588867	10876.653320
907.435547	10618.460938
906.281250	10771.355469
905.126953	10628.594727
903.972656	10900.887695
902.817383	10929.988281
901.662109	10906.700195
900.506836	10709.571289
899.351563	10738.692383
898.195313	10675.677734
897.039063	10924.582031
895.882813	10890.852539
894.726563	10696.026367
893.569336	10702.104492
892.412109	10697.722656
891.254883	10745.616211
890.097656	10751.677734
888.939453	10663.682617
887.781250	10772.150391
886.623047	10698.810547
885.464844	10445.869141
884.305664	10685.875000
883.146484	10483.152344
881.987305	10635.375000
880.828125	10491.182617
879.667969	10860.335938
878.507813	10810.029297
877.347656	10705.516602
876.186523	10573.941406
875.026367	10634.216797
873.865234	10913.316406
872.704102	10925.563477
871.541992	10754.466797
870.380859	10831.313477
869.218750	10808.166016
868.055664	10597.642578
866.893555	10811.857422
865.730469	10699.237305
864.567383	10732.314453
863.404297	10933.877930
862.240234	10958.570313
861.077148	10843.932617
859.913086	10912.290039
858.748047	10691.708008
857.583984	10741.364258
856.418945	10759.834961
855.253906	10917.464844
854.088867	10742.755859
852.922852	10792.355469
851.757813	10711.158203
850.591797	10771.119141
849.424805	10802.004883
848.258789	10621.281250
847.091797	10861.660156
845.924805	10826.150391
844.756836	10668.339844
843.589844	10722.010742
842.421875	10614.022461
841.253906	10611.742188
840.085938	10764.813477
838.916992	10739.719727
837.748047	10575.916016
836.579102	10708.193359
835.410156	10825.926758
834.240234	10734.626953
833.070313	10730.250977
831.900391	10698.988281
830.729492	10603.637695
829.559570	10686.118164
828.388672	10723.090820
827.217773	10801.376953
826.045898	10966.400391
824.874023	10699.648438
823.702148	10910.053711
822.530273	10897.383789
821.358398	10882.653320
820.185547	10723.462891
819.012695	11014.150391
817.839844	10788.986328
816.666016	10879.474609
815.492188	10685.365234
814.318359	10716.049805
813.144531	10833.288086
811.970703	10653.736328
810.795898	10943.996094
809.621094	10999.313477
808.445313	10807.484375
807.270508	10864.864258
806.094727	11012.791992
804.918945	11138.016602
803.742188	10936.031250
802.566406	11336.874023
801.389648	11027.983398
800.212891	11159.262695
799.035156	11123.964844
797.858398	11000.300781
796.680664	11332.880859
795.502930	11277.021484
794.324219	11426.588867
793.145508	11296.801758
791.967773	11358.013672
790.788086	11345.300781
789.609375	11338.749023
788.429688	11348.614258
787.250000	11403.604492
786.070313	11058.637695
784.889648	11080.857422
783.708984	10844.760742
782.528320	11172.407227
781.347656	11313.437500
780.166992	11034.418945
778.985352	11163.126953
777.803711	11156.621094
776.621094	11291.387695
775.439453	11172.273438
774.256836	11130.977539
773.074219	11230.876953
771.890625	11134.352539
770.708008	11373.280273
769.524414	11383.091797
768.339844	11658.658203
767.156250	11525.332031
765.971680	11471.755859
764.787109	11843.142578
763.602539	11709.860352
762.417969	11727.750977
761.232422	11774.215820
760.046875	11834.948242
758.860352	12171.158203
757.674805	12460.293945
756.488281	12500.437500
755.301758	12636.416016
754.115234	12837.583984
752.927734	13138.554688
751.740234	13602.443359
750.552734	13931.643555
749.365234	14600.918945
748.176758	15559.130859
746.988281	16569.873047
745.799805	17875.384766
744.611328	20177.714844
743.421875	22786.337891
742.232422	25684.779297
741.042969	29159.666016
739.852539	32793.707031
738.662109	36202.515625
737.471680	38668.640625
736.281250	40509.750000
735.089844	40980.519531
733.899414	39602.402344
732.708008	37075.289063
731.515625	34076.128906
730.324219	30702.677734
729.131836	28012.685547
727.939453	25906.271484
726.746094	24391.173828
725.553711	23872.693359
724.360352	23869.546875
723.166016	23562.267578
721.972656	23309.849609
720.778320	22816.367188
719.583984	21956.347656
718.389648	20557.833984
717.194336	19388.792969
716.000000	18447.048828
714.804688	17716.259766
713.608398	16951.375000
712.413086	16731.171875
711.216797	16549.503906
710.020508	15975.503906
708.823242	15407.819336
707.626953	14723.112305
706.429688	14327.763672
705.232422	14035.654297
704.034180	13711.342773
702.835938	13526.558594
701.637695	13283.282227
700.439453	13046.168945
699.241211	12986.810547
698.041992	12802.339844
696.842773	12900.455078
695.643555	12998.526367
694.443359	12808.119141
693.243164	13283.268555
692.042969	13149.333008
690.842773	13168.648438
689.641602	13625.270508
688.440430	13813.718750
687.239258	13776.471680
686.037109	13928.552734
684.835938	14189.296875
683.633789	14538.501953
682.430664	14378.354492
681.228516	14481.875977
680.025391	14830.787109
678.822266	14960.310547
677.619141	14816.293945
676.415039	14805.029297
675.210938	14693.267578
674.006836	14824.713867
672.802734	14739.113281
671.597656	14701.758789
670.392578	14762.824219
669.187500	14908.191406
667.982422	14768.444336
666.776367	14937.828125
665.570313	15225.523438
664.363281	15719.718750
663.157227	16223.726563
661.950195	16591.160156
660.743164	17387.453125
659.536133	17814.601563
658.328125	18383.837891
657.120117	18528.091797
655.912109	18920.656250
654.704102	18489.980469
653.495117	18215.660156
652.286133	17551.123047
651.077148	16984.935547
649.867188	16687.109375
648.657227	15901.310547
647.447266	15779.845703
646.237305	15222.532227
645.026367	15043.291992
643.816406	14804.168945
642.604492	14391.301758
641.393555	13970.624023
640.181641	13777.827148
638.969727	13712.917969
637.757813	13446.389648
636.545898	13387.566406
635.333008	13380.654297
634.120117	13260.019531
632.907227	13374.816406
631.693359	13453.665039
630.479492	13438.765625
629.265625	13555.439453
628.051758	13767.725586
626.836914	13750.772461
625.622070	13964.914063
624.407227	14192.902344
623.191406	14126.083008
621.976563	13967.712891
620.760742	13783.536133
619.543945	13671.077148
618.328125	13570.604492
617.111328	13424.424805
615.894531	13310.126953
614.676758	13102.430664
613.459961	12962.410156
612.242188	13015.223633
611.024414	12946.810547
609.805664	12616.209961
608.587891	12649.201172
607.369141	12586.867188
606.149414	12435.226563
604.930664	12714.342773
603.710938	12656.000977
602.491211	12448.893555
601.270508	12467.989258
600.050781	12661.581055
598.830078	12563.647461
597.609375	12497.469727
596.387695	12443.210938
595.166016	12493.983398
593.944336	12629.908203
592.722656	12405.337891
591.500977	12681.800781
590.278320	12684.963867
589.055664	12832.599609
587.832031	12823.854492
586.609375	12650.916992
585.385742	12776.705078
584.161133	12805.545898
582.937500	12610.976563
581.712891	12835.514648
580.488281	12957.196289
579.263672	12742.963867
578.038086	12882.387695
576.812500	12901.288086
575.586914	12991.255859
574.361328	13331.871094
573.134766	13613.131836
571.908203	13493.738281
570.681641	13695.933594
569.454102	13874.373047
568.227539	14204.558594
567.000000	14244.813477
565.771484	14318.554688
564.543945	14467.140625
563.315430	14430.477539
562.086914	14248.079102
560.857422	14455.654297
559.627930	14226.078125
558.398438	14067.461914
557.168945	13916.784180
555.939453	14082.930664
554.708984	14071.972656
553.478516	13887.958984
552.247070	13800.366211
551.016602	13704.948242
549.785156	13676.391602
548.552734	13632.126953
547.321289	13479.837891
546.088867	13569.185547
544.856445	13497.480469
543.624023	13239.310547
542.390625	13377.715820
541.157227	13614.173828
539.923828	13518.976563
538.690430	13255.140625
537.456055	13244.383789
536.221680	13278.723633
534.987305	13385.571289
533.751953	13419.863281
532.517578	13354.217773
531.281250	13621.598633
530.045898	13747.857422
528.809570	13717.423828
527.574219	13843.603516
526.336914	13948.199219
525.100586	14252.328125
523.863281	14188.549805
522.625977	14729.141602
521.388672	15455.254883
520.150391	16660.007813
518.912109	17447.919922
517.673828	16928.203125
516.435547	15848.016602
515.196289	15006.596680
513.957031	14374.495117
512.717773	13976.954102
511.477539	13804.058594
510.237305	13763.941406
508.997070	13706.280273
507.756836	13695.459961
506.515625	13737.298828
505.274414	13459.353516
504.033203	13592.843750
502.791016	13511.892578
501.549805	13545.937500
