1802.182617	5938.247070
1801.212891	6210.437500
1800.244141	6031.934082
1799.274414	5955.844238
1798.304688	5967.132813
1797.334961	6005.863281
1796.364258	6124.407227
1795.394531	5995.980957
1794.423828	6047.149902
1793.453125	6150.654297
1792.482422	5994.879395
1791.511719	6222.961426
1790.540039	6214.242188
1789.568359	6113.353027
1788.596680	6087.223633
1787.625000	6113.398926
1786.653320	6216.743164
1785.680664	6330.002441
1784.708984	6378.510742
1783.736328	6252.825195
1782.763672	6214.259277
1781.790039	6481.633301
1780.817383	6321.187988
1779.843750	6260.254395
1778.870117	6430.515625
1777.896484	6628.045410
1776.922852	6231.650391
1775.948242	6446.529785
1774.973633	6388.114258
1773.999023	6458.849121
1773.024414	6514.658691
1772.049805	6582.856934
1771.074219	6561.685059
1770.099609	6711.726563
1769.124023	6685.575195
1768.148438	6825.609863
1767.171875	6829.202637
1766.196289	6934.442383
1765.219727	6970.234863
1764.243164	7087.794434
1763.266602	7319.283691
1762.290039	7377.271484
1761.312500	7407.991211
1760.334961	7359.458008
1759.357422	7484.247559
1758.379883	7866.415039
1757.402344	7681.705078
1756.423828	8029.039063
1755.446289	8039.798340
1754.467773	8221.209961
1753.489258	8281.381836
1752.509766	8301.972656
1751.531250	8404.123047
1750.551758	8301.115234
1749.572266	8190.734375
1748.592773	8208.854492
1747.613281	8142.992676
1746.632813	8003.077637
1745.652344	7818.778809
1744.671875	7873.981934
1743.691406	7968.647949
1742.710938	7905.365723
1741.729492	7817.439941
1740.749023	7724.616211
1739.767578	7607.170410
1738.785156	7711.654297
1737.803711	7650.949707
1736.822266	7550.838867
1735.839844	7571.498047
1734.857422	7685.757324
1733.875000	7602.938477
1732.891602	7741.768555
1731.909180	7550.647949
1730.925781	7391.601563
1729.942383	7633.747070
1728.958984	7531.336914
1727.974609	7522.444336
1726.991211	7629.147949
1726.006836	7605.484863
1725.022461	7633.458008
1724.038086	7676.167480
1723.052734	7716.401855
1722.068359	7739.420410
1721.083008	7588.020996
1720.097656	7566.848145
1719.112305	7624.258301
1718.125977	7735.655273
1717.140625	7719.373047
1716.154297	7798.803223
1715.167969	7868.386719
1714.181641	8082.669434
1713.194336	8031.993652
1712.208008	8018.118164
1711.220703	8161.145996
1710.233398	8392.352539
1709.246094	8405.368164
1708.257813	8371.826172
1707.270508	8698.382813
1706.282227	8733.369141
1705.293945	8856.488281
1704.304688	9133.787109
1703.316406	9149.082031
1702.327148	9379.714844
1701.337891	9688.545898
1700.348633	10004.589844
1699.359375	10146.867188
1698.370117	10198.617188
1697.379883	10448.360352
1696.389648	10851.984375
1695.399414	11074.614258
1694.409180	11258.064453
1693.417969	11529.375000
1692.426758	11868.957031
1691.436523	11939.816406
1690.444336	12135.147461
1689.453125	12047.278320
1688.461914	12310.833984
1687.469727	12720.664063
1686.477539	12669.316406
1685.485352	12605.794922
1684.492188	12812.943359
1683.500000	12681.160156
1682.506836	12410.505859
1681.513672	12734.530273
1680.520508	12461.537109
1679.527344	12456.587891
1678.533203	12293.347656
1677.539063	12383.390625
1676.544922	12290.824219
1675.550781	12171.522461
1674.556641	11940.333984
1673.561523	11981.716797
1672.566406	11760.388672
1671.571289	11607.241211
1670.576172	11882.075195
1669.581055	11675.484375
1668.584961	11865.127930
1667.588867	11541.988281
1666.592773	11347.735352
1665.596680	11260.433594
1664.600586	11539.857422
1663.603516	11355.432617
1662.606445	11455.092773
1661.609375	11387.252930
1660.612305	11477.159180
1659.614258	11271.059570
1658.617188	11157.211914
1657.619141	11239.833008
1656.621094	11278.779297
1655.622070	11271.653320
1654.624023	11090.035156
1653.625000	11056.295898
1652.625977	11228.484375
1651.626953	11129.333984
1650.627930	11083.497070
1649.627930	11221.679688
1648.627930	11190.364258
1647.627930	10960.613281
1646.627930	11137.449219
1645.627930	11048.109375
1644.626953	11447.368164
1643.625977	11225.002930
1642.625000	11097.015625
1641.624023	11242.218750
1640.623047	11131.194336
1639.621094	11278.747070
1638.619141	11170.174805
1637.617188	11018.172852
1636.615234	11006.285156
1635.613281	11054.756836
1634.610352	10835.284180
1633.607422	11047.871094
1632.604492	10826.074219
1631.601563	10999.979492
1630.597656	10988.105469
1629.594727	10932.833008
1628.590820	10966.782227
1627.586914	11106.771484
1626.582031	11049.096680
1625.578125	10834.836914
1624.573242	11061.485352
1623.568359	11131.496094
1622.563477	10958.282227
1621.558594	11028.285156
1620.552734	11023.644531
1619.546875	11175.421875
1618.541016	11377.663086
1617.535156	11281.545898
1616.529297	11185.466797
1615.522461	11221.671875
1614.515625	11248.245117
1613.508789	11301.246094
1612.501953	11325.389648
1611.494141	11267.835938
1610.487305	11452.910156
1609.479492	11630.705078
1608.471680	11455.470703
1607.463867	11378.730469
1606.455078	11674.034180
1605.446289	11467.701172
1604.437500	11587.730469
1603.428711	11820.445313
1602.419922	11923.566406
1601.410156	11901.966797
1600.401367	11945.098633
1599.391602	12117.632813
1598.381836	12203.833984
1597.371094	12225.314453
1596.361328	12541.399414
1595.350586	12797.485352
1594.339844	12782.916992
1593.329102	13012.518555
1592.317383	13354.509766
1591.305664	13744.216797
1590.294922	13631.380859
1589.283203	13913.240234
1588.270508	14183.027344
1587.258789	14407.278320
1586.246094	14483.234375
1585.233398	14425.326172
1584.220703	14207.350586
1583.208008	14352.577148
1582.194336	14084.545898
1581.180664	14365.849609
1580.167969	14074.048828
1579.153320	13978.097656
1578.139648	14039.692383
1577.125000	13893.678711
1576.111328	13964.806641
1575.096680	13678.149414
1574.081055	13668.214844
1573.066406	13477.095703
1572.050781	13910.550781
1571.035156	13698.009766
1570.019531	13726.199219
1569.003906	13799.635742
1567.988281	13589.626953
1566.971680	13836.883789
1565.955078	13684.087891
1564.938477	13702.725586
1563.920898	13859.377930
1562.904297	13747.114258
1561.886719	13810.921875
1560.869141	13841.407227
1559.851563	13731.591797
1558.833984	13628.951172
1557.815430	13799.683594
1556.796875	13697.069336
1555.778320	13604.000000
1554.759766	13489.589844
1553.740234	13641.208984
1552.721680	13512.589844
1551.702148	13467.108398
1550.682617	13424.017578
1549.662109	13426.030273
1548.642578	13551.407227
1547.622070	13304.334961
1546.601563	13507.944336
1545.581055	13758.888672
1544.560547	13993.136719
1543.539063	13819.643555
1542.517578	14169.890625
1541.496094	14335.206055
1540.474609	14318.073242
1539.453125	14173.069336
1538.430664	14702.893555
1537.408203	14512.893555
1536.385742	14767.899414
1535.363281	14663.143555
1534.339844	14482.727539
1533.316406	14439.566406
1532.292969	14436.621094
1531.269531	14376.935547
1530.246094	14272.362305
1529.221680	14023.669922
1528.198242	13926.297852
1527.173828	14058.108398
1526.148438	13686.794922
1525.124023	13877.632813
1524.098633	14004.648438
1523.073242	13638.291992
1522.047852	13569.431641
1521.022461	13804.962891
1519.997070	13528.508789
1518.970703	13509.238281
1517.944336	13551.281250
1516.917969	13706.466797
1515.890625	13847.446289
1514.864258	13566.547852
1513.836914	13785.246094
1512.809570	14017.987305
1511.782227	14005.704102
1510.753906	14148.829102
1509.726563	14496.703125
1508.698242	14336.047852
1507.669922	14657.855469
1506.640625	15245.383789
1505.612305	15277.551758
1504.583008	15469.622070
1503.553711	16023.705078
1502.524414	16344.833984
1501.495117	16621.175781
1500.464844	16504.988281
1499.434570	17095.992188
1498.404297	17087.798828
1497.374023	16891.740234
1496.343750	16761.500000
1495.312500	16870.748047
1494.281250	16660.767578
1493.250000	16382.827148
1492.218750	16069.809570
1491.186523	15759.264648
1490.154297	15587.201172
1489.122070	15288.602539
1488.089844	14933.868164
1487.057617	14872.223633
1486.024414	14632.529297
1484.991211	14456.181641
1483.958008	14439.170898
1482.924805	14546.271484
1481.891602	14487.106445
1480.857422	14544.998047
1479.823242	14392.247070
1478.789063	14714.521484
1477.753906	15043.680664
1476.719727	15339.961914
1475.684570	15313.437500
1474.649414	15555.770508
1473.614258	16010.700195
1472.578125	16280.832031
1471.542969	16782.152344
1470.506836	17021.646484
1469.470703	17728.125000
1468.433594	18182.138672
1467.397461	18663.980469
1466.360352	19283.326172
1465.323242	20131.101563
1464.286133	20726.560547
1463.249023	21713.642578
1462.210938	22233.906250
1461.172852	22884.523438
1460.134766	23464.939453
1459.096680	24098.718750
1458.057617	24851.076172
1457.019531	25449.365234
1455.980469	25749.269531
1454.941406	26375.070313
1453.901367	27277.673828
1452.862305	27707.369141
1451.822266	28211.359375
1450.782227	29729.630859
1449.742188	30435.386719
1448.701172	31992.113281
1447.661133	33329.613281
1446.620117	34992.050781
1445.579102	36388.816406
1444.537109	36767.121094
1443.496094	37491.464844
1442.454102	37530.226563
1441.412109	37011.566406
1440.370117	35822.050781
1439.327148	34419.433594
1438.285156	32885.093750
1437.242188	31564.875000
1436.199219	29978.382813
1435.155273	28332.230469
1434.112305	26858.371094
1433.068359	25496.414063
1432.024414	24723.841797
1430.980469	23599.291016
1429.936523	22556.302734
1428.891602	21794.074219
1427.846680	20946.455078
1426.801758	20379.400391
1425.756836	19310.142578
1424.710938	19076.998047
1423.666016	18545.388672
1422.620117	18210.681641
1421.574219	17778.947266
1420.527344	17698.960938
1419.481445	17595.882813
1418.434570	17495.158203
1417.387695	17463.820313
1416.340820	17631.248047
1415.292969	17810.158203
1414.245117	17672.505859
1413.197266	17978.361328
1412.149414	18244.835938
1411.101563	18522.742188
1410.052734	18357.353516
1409.004883	18914.359375
1407.955078	18882.777344
1406.906250	19086.501953
1405.857422	19352.414063
1404.807617	19378.404297
1403.757813	19072.408203
1402.708008	19262.091797
1401.658203	18928.591797
1400.607422	18751.896484
1399.556641	18480.828125
1398.505859	17758.482422
1397.455078	17708.773438
1396.404297	17346.003906
1395.352539	17061.636719
1394.300781	16487.445313
1393.249023	16909.664063
1392.197266	16248.333008
1391.144531	16281.778320
1390.091797	16085.288086
1389.039063	15836.006836
1387.986328	15414.457031
1386.932617	15404.385742
1385.879883	15267.963867
1384.826172	15505.983398
1383.772461	15511.970703
1382.717773	15088.623047
1381.664063	15670.842773
1380.609375	15702.034180
1379.554688	15994.781250
1378.500000	15794.197266
1377.444336	16139.553711
1376.389648	16161.446289
1375.333984	16465.316406
1374.278320	16613.197266
1373.221680	16683.101563
1372.166016	16995.835938
1371.109375	16884.666016
1370.052734	16894.919922
1368.995117	17159.332031
1367.938477	17110.003906
1366.880859	16943.964844
1365.823242	17064.035156
1364.765625	17158.888672
1363.708008	17283.435547
1362.649414	17385.064453
1361.590820	17424.914063
1360.532227	17448.746094
1359.473633	17785.677734
1358.415039	18209.300781
1357.355469	18125.578125
1356.295898	18690.566406
1355.236328	18743.792969
1354.175781	19452.253906
1353.116211	19886.501953
1352.055664	20532.812500
1350.995117	21441.251953
1349.934570	22602.533203
1348.873047	23186.296875
1347.811523	24045.734375
1346.750000	25280.984375
1345.688477	26210.291016
1344.626953	26909.042969
1343.564453	28090.527344
1342.501953	28697.482422
1341.439453	29648.080078
1340.376953	30386.523438
1339.313477	31620.939453
1338.250977	32110.576172
1337.187500	33232.617188
1336.123047	33974.250000
1335.059570	34674.628906
1333.995117	35379.265625
1332.930664	35756.195313
1331.866211	36028.398438
1330.801758	35480.023438
1329.736328	34790.988281
1328.671875	34356.679688
1327.606445	33243.417969
1326.540039	31926.236328
1325.474609	31415.591797
1324.408203	29668.042969
1323.341797	28631.558594
1322.275391	27400.369141
1321.208984	26287.652344
1320.141602	25318.281250
1319.074219	24632.757813
1318.006836	23748.011719
1316.939453	23081.228516
1315.872070	22491.769531
1314.803711	22197.097656
1313.735352	22108.679688
1312.666992	22326.042969
1311.597656	21945.539063
1310.529297	22056.443359
1309.459961	21952.279297
1308.390625	21988.457031
1307.320313	22350.408203
1306.250977	22381.960938
1305.180664	22460.992188
1304.110352	22646.255859
1303.040039	22630.253906
1301.968750	22582.615234
1300.898438	22381.341797
1299.827148	21976.830078
1298.754883	21586.037109
1297.683594	21100.560547
1296.612305	20962.972656
1295.540039	20213.726563
1294.467773	19728.832031
1293.394531	19463.001953
1292.322266	19152.164063
1291.249023	18555.021484
1290.175781	18323.419922
1289.102539	18202.382813
1288.028320	18011.521484
1286.955078	17690.033203
1285.880859	17720.154297
1284.806641	17815.583984
1283.732422	17931.242188
1282.657227	17697.849609
1281.582031	18209.687500
1280.506836	18052.853516
1279.431641	18125.609375
1278.355469	18198.332031
1277.280273	18534.191406
1276.204102	18750.722656
1275.127930	18872.730469
1274.050781	18790.128906
1272.974609	18959.273438
1271.897461	19204.742188
1270.820313	19463.585938
1269.742188	19421.353516
1268.665039	19875.406250
1267.586914	20158.640625
1266.508789	20241.986328
1265.430664	20590.105469
1264.351563	20958.271484
1263.272461	20960.638672
1262.194336	21122.238281
1261.114258	20590.904297
1260.035156	20241.376953
1258.955078	19681.306641
1257.875977	19269.367188
1256.794922	18449.841797
1255.714844	17724.736328
1254.634766	17212.679688
1253.553711	16456.785156
1252.472656	16101.903320
1251.391602	15543.503906
1250.309570	15334.404297
1249.227539	15049.327148
1248.146484	14500.439453
1247.063477	14392.315430
1245.981445	14456.387695
1244.898438	14339.375000
1243.816406	14264.871094
1242.732422	13953.556641
1241.649414	13883.629883
1240.566406	13900.835938
1239.482422	13886.772461
1238.398438	13796.809570
1237.314453	13925.621094
1236.229492	13969.579102
1235.144531	13982.283203
1234.059570	13727.304688
1232.974609	13537.106445
1231.889648	13873.196289
1230.803711	13734.318359
1229.717773	13633.386719
1228.631836	13661.737305
1227.545898	13770.278320
1226.458984	13573.622070
1225.373047	13918.186523
1224.286133	13472.217773
1223.198242	13961.346680
1222.111328	13951.754883
1221.023438	14073.444336
1219.935547	14210.654297
1218.847656	13814.016602
1217.759766	13677.711914
1216.670898	14070.583008
1215.582031	14156.552734
1214.493164	14042.481445
1213.404297	14097.314453
1212.314453	13805.594727
1211.224609	13707.211914
1210.134766	14228.363281
1209.044922	13876.858398
1207.954102	14231.293945
1206.864258	14199.471680
1205.773438	14138.820313
1204.681641	14082.630859
1203.590820	14341.365234
1202.499023	14132.170898
1201.407227	14510.486328
1200.315430	14549.559570
1199.223633	14617.420898
1198.130859	14605.501953
1197.038086	14728.692383
1195.945313	15046.695313
1194.852539	15001.483398
1193.758789	14945.220703
1192.666016	14820.378906
1191.572266	14883.653320
1190.477539	14809.751953
1189.383789	14607.608398
1188.289063	14732.795898
1187.194336	14305.261719
1186.099609	14154.182617
1185.004883	14237.399414
1183.909180	14040.000977
1182.813477	14012.763672
1181.717773	13815.493164
1180.621094	13783.896484
1179.525391	13383.670898
1178.428711	13519.906250
1177.332031	13642.844727
1176.235352	13300.254883
1175.137695	13061.469727
1174.040039	13032.271484
1172.942383	13181.661133
1171.844727	13022.400391
1170.747070	12883.039063
1169.648438	12743.735352
1168.549805	12820.365234
1167.451172	12830.890625
1166.351563	12803.979492
1165.252930	13021.437500
1164.153320	12803.011719
1163.053711	13130.401367
1161.953125	13222.249023
1160.853516	13505.420898
1159.752930	13170.520508
1158.652344	13798.772461
1157.550781	13756.309570
1156.450195	13847.924805
1155.348633	13704.393555
1154.247070	13521.377930
1153.145508	13641.536133
1152.042969	13671.610352
1150.940430	13196.723633
1149.837891	13229.072266
1148.735352	13171.431641
1147.632813	13214.741211
1146.529297	13297.515625
1145.425781	13071.024414
1144.322266	13489.270508
1143.217773	13471.090820
1142.114258	13893.458984
1141.009766	13553.083008
1139.905273	13385.923828
1138.799805	13584.624023
1137.695313	13759.151367
1136.589844	13532.936523
1135.484375	13617.651367
1134.378906	13413.445313
1133.272461	13723.518555
1132.166016	13600.315430
1131.059570	13663.070313
1129.953125	13688.624023
1128.846680	13502.102539
1127.739258	13575.764648
1126.631836	13452.717773
1125.524414	13563.500000
1124.416016	13634.916016
1123.307617	13514.116211
1122.200195	13530.923828
1121.090820	13689.619141
1119.982422	13850.429688
1118.873047	14041.720703
1117.763672	13977.679688
1116.654297	14277.919922
1115.544922	14828.814453
1114.434570	15024.094727
1113.325195	15672.689453
1112.213867	16883.277344
1111.103516	17587.855469
1109.993164	18825.847656
1108.881836	20315.958984
1107.770508	21703.099609
1106.658203	22693.433594
1105.546875	23992.423828
1104.434570	25647.750000
1103.322266	26162.328125
1102.209961	26735.419922
1101.096680	27008.154297
1099.984375	26985.068359
1098.871094	26853.298828
1097.757813	26323.855469
1096.643555	25486.082031
1095.529297	24692.107422
1094.415039	23531.400391
1093.300781	22488.443359
1092.186523	21261.384766
1091.071289	20108.640625
1089.956055	18748.048828
1088.840820	17965.169922
1087.725586	16915.800781
1086.609375	16072.911133
1085.493164	15386.495117
1084.376953	14793.585938
1083.260742	14458.849609
1082.143555	13994.235352
1081.027344	13570.980469
1079.910156	13516.130859
1078.791992	13392.004883
1077.674805	13380.517578
1076.556641	13165.554688
1075.438477	13104.340820
1074.320313	13153.503906
1073.201172	13090.154297
1072.082031	13150.112305
1070.962891	13268.428711
1069.843750	13341.293945
1068.724609	13781.578125
1067.604492	13843.498047
1066.484375	14084.716797
1065.364258	14239.428711
1064.243164	14178.109375
1063.123047	14641.499023
1062.001953	14603.864258
1060.880859	14799.339844
1059.758789	14990.416016
1058.637695	14780.139648
1057.515625	15029.373047
1056.392578	15011.100586
1055.270508	14925.998047
1054.147461	14961.641602
1053.025391	14445.566406
1051.901367	14520.078125
1050.778320	14417.914063
1049.654297	14369.635742
1048.531250	14222.327148
1047.407227	14118.135742
1046.282227	14093.625000
1045.158203	13948.617188
1044.033203	13838.092773
1042.908203	13809.352539
1041.782227	13795.676758
1040.657227	13904.560547
1039.531250	13761.891602
1038.405273	13735.336914
1037.279297	13842.012695
1036.152344	13639.293945
1035.025391	13780.307617
1033.898438	13654.990234
1032.771484	13692.889648
1031.644531	13829.506836
1030.516602	13848.037109
1029.388672	14091.839844
1028.260742	14026.646484
1027.131836	13843.526367
1026.002930	13964.954102
1024.874023	14002.724609
1023.745117	13920.456055
1022.616211	13938.933594
1021.486328	14025.957031
1020.356445	14012.274414
1019.226563	13942.918945
1018.095703	13942.103516
1016.965820	13733.655273
1015.834961	13745.723633
1014.704102	13757.785156
1013.572266	13598.708008
1012.441406	13713.452148
1011.309570	13590.799805
1010.176758	13376.273438
1009.044922	13531.599609
1007.912109	13590.698242
1006.779297	13651.907227
1005.646484	13475.994141
1004.513672	13441.100586
1003.379883	13786.266602
1002.246094	13949.841797
1001.112305	14141.090820
999.978516	13867.104492
998.843750	13742.563477
997.708984	13541.291992
996.574219	13299.590820
995.439453	13049.463867
994.303711	13202.288086
993.167969	13005.561523
992.032227	13217.985352
990.896484	13061.808594
989.759766	13144.219727
988.623047	12949.797852
987.486328	12970.461914
986.349609	13084.761719
985.211914	13047.934570
984.075195	13066.434570
982.936523	13261.461914
981.798828	13407.496094
980.661133	13387.636719
979.522461	13525.078125
978.383789	13728.339844
977.244141	13878.396484
976.105469	14034.761719
974.965820	14403.436523
973.826172	14657.293945
972.685547	14671.158203
971.545898	15175.294922
970.405273	15452.165039
969.264648	15654.663086
968.124023	15636.484375
966.982422	15944.885742
965.840820	16079.301758
964.699219	16058.920898
963.557617	16193.253906
962.415039	16024.539063
961.273438	16158.819336
960.129883	15911.819336
958.987305	15897.842773
957.844727	15515.513672
956.701172	15122.762695
955.557617	15034.896484
954.413086	14953.414063
953.269531	14635.063477
952.125000	14572.732422
950.980469	14499.854492
949.835938	14380.502930
948.690430	14199.912109
947.544922	14281.403320
946.399414	14136.821289
945.253906	14135.918945
944.107422	14211.034180
942.961914	14307.227539
941.815430	14399.158203
940.667969	14406.637695
939.521484	14587.117188
938.374023	15261.105469
937.226563	15500.372070
936.078125	15697.367188
934.930664	16514.027344
933.782227	16919.367188
932.633789	18011.447266
931.485352	18814.447266
930.335938	19574.980469
929.186523	20684.742188
928.037109	21366.652344
926.887695	22254.546875
925.737305	22754.849609
924.587891	23086.623047
923.436523	23123.761719
922.286133	22679.287109
921.135742	21988.994141
919.984375	21246.443359
918.833008	20422.240234
917.680664	19070.974609
916.529297	18361.029297
915.376953	17550.568359
914.224609	16862.250000
913.071289	16165.824219
911.918945	15517.973633
910.765625	15097.042969
909.612305	14741.333008
908.458984	14480.168945
907.304688	14462.392578
906.150391	14188.817383
904.996094	14173.205078
903.841797	14054.901367
902.686523	14313.822266
901.531250	14025.844727
900.375977	14022.843750
899.220703	14068.007813
898.064453	14073.372070
896.908203	13990.820313
895.751953	13803.666016
894.595703	13972.279297
893.438477	13804.033203
892.281250	13962.115234
891.124023	13756.305664
889.966797	13719.913086
888.808594	13716.975586
887.650391	13540.601563
886.492188	13372.659180
885.333008	13553.600586
884.174805	13444.197266
883.015625	13426.702148
881.856445	13344.506836
880.696289	13560.774414
879.536133	13249.071289
878.376953	13160.705078
877.215820	13222.538086
876.055664	13611.708008
874.894531	13496.218750
873.733398	13341.176758
872.572266	13502.935547
871.410156	13389.624023
870.249023	13343.012695
869.086914	13544.231445
867.924805	13328.962891
866.761719	13309.452148
865.598633	13523.032227
864.435547	13441.067383
863.272461	13404.900391
862.109375	13499.773438
860.945313	13370.039063
859.781250	13469.035156
858.616211	13326.889648
857.452148	13357.277344
856.287109	13516.458984
855.122070	13507.326172
853.957031	13338.294922
852.791016	13540.975586
851.625000	13407.295898
850.458984	13379.513672
849.292969	13505.282227
848.125977	13508.604492
846.958984	13567.922852
845.791992	13579.523438
844.625000	13419.051758
843.457031	13571.617188
842.290039	13436.081055
841.121094	13598.933594
839.953125	13598.083008
838.784180	13481.263672
837.615234	13596.379883
836.446289	13403.020508
835.277344	13640.204102
834.107422	13500.711914
832.937500	13437.819336
831.767578	13519.725586
830.597656	13624.340820
829.426758	13451.892578
828.255859	13657.751953
827.084961	13586.623047
825.913086	13730.383789
824.742188	13613.826172
823.570313	13586.116211
822.397461	13843.336914
821.225586	13970.401367
820.052734	13827.060547
818.879883	13762.185547
817.707031	13691.149414
816.533203	13933.628906
815.359375	13722.371094
814.185547	14065.751953
813.011719	14000.891602
811.836914	14133.877930
810.662109	13840.347656
809.487305	14123.671875
808.312500	14200.942383
807.136719	14422.298828
805.961914	14378.023438
804.785156	14453.128906
803.609375	14608.444336
802.432617	14339.932617
801.255859	14305.993164
800.079102	14588.720703
798.902344	14513.625000
797.724609	14759.189453
796.546875	14429.284180
795.369141	14448.771484
794.190430	14628.460938
793.012695	14814.231445
791.833984	14800.771484
790.654297	14955.633789
789.475586	14562.488281
788.295898	14485.483398
787.116211	14476.204102
785.936523	14489.488281
784.755859	14266.964844
783.575195	14405.335938
782.394531	14480.110352
781.213867	14216.748047
780.032227	14252.604492
778.851563	14425.675781
777.668945	14305.836914
776.487305	14534.098633
775.304688	14483.881836
774.123047	14560.566406
772.939453	14680.182617
771.756836	14484.728516
770.573242	14735.196289
769.389648	14756.549805
768.206055	15037.512695
767.022461	15042.439453
765.837891	15355.911133
764.653320	15648.817383
763.468750	15639.307617
762.283203	15909.561523
761.097656	16130.699219
759.912109	16702.820313
758.726563	16744.105469
757.540039	17075.089844
756.353516	17607.875000
755.166992	18222.005859
753.980469	18986.751953
752.792969	19661.470703
751.605469	20527.474609
750.417969	21904.548828
749.230469	23501.042969
748.041992	26270.013672
746.853516	29280.105469
745.665039	33323.113281
744.476563	37873.226563
743.287109	42578.062500
742.097656	47803.742188
740.908203	52174.859375
739.717773	55329.984375
738.527344	56078.433594
737.336914	56017.503906
736.146484	53727.113281
734.955078	51134.957031
733.763672	47694.765625
732.572266	45373.128906
731.380859	43271.796875
730.188477	41601.761719
728.996094	40571.804688
727.803711	40118.605469
726.611328	39813.703125
725.417969	39476.476563
724.224609	39297.574219
723.031250	38214.476563
721.836914	36827.785156
720.643555	34653.335938
719.449219	32627.736328
718.253906	30210.019531
717.059570	28599.421875
715.864258	26710.087891
714.668945	25665.761719
713.473633	24526.757813
712.277344	23515.730469
711.081055	22630.572266
709.884766	21745.798828
708.687500	21223.386719
707.491211	20315.037109
706.293945	20003.382813
705.096680	19722.173828
703.898438	19188.527344
702.700195	18853.074219
701.501953	18780.314453
700.303711	18729.796875
699.105469	18148.373047
697.906250	18013.244141
696.707031	17938.707031
695.506836	18318.119141
694.307617	18400.869141
693.107422	18398.888672
691.907227	18711.419922
690.706055	19227.394531
689.505859	19539.607422
688.304688	19799.298828
687.102539	20673.250000
685.901367	21325.292969
684.699219	22009.263672
683.497070	22860.019531
682.294922	23321.972656
681.091797	23719.333984
679.889648	24136.636719
678.685547	23747.232422
677.482422	23434.408203
676.278320	23244.353516
675.075195	22905.642578
673.870117	22201.341797
672.666016	21854.964844
671.460938	21661.396484
670.255859	21980.005859
669.050781	22037.464844
667.845703	22074.822266
666.639648	22571.746094
665.433594	22881.849609
664.226563	23424.517578
663.020508	24157.478516
661.813477	24384.818359
660.606445	25680.578125
659.398438	26400.539063
658.191406	26386.773438
656.983398	26365.000000
655.775391	26209.033203
654.566406	25442.355469
653.358398	25022.375000
652.149414	24412.417969
650.939453	24056.880859
649.730469	23177.289063
648.520508	22456.105469
647.310547	21955.228516
646.099609	21332.599609
644.889648	20930.136719
643.678711	20100.142578
642.467773	19947.894531
641.255859	19242.333984
640.044922	18904.585938
638.833008	18483.115234
637.620117	18519.011719
636.408203	18399.203125
635.195313	18311.375000
633.982422	18237.550781
632.769531	18502.855469
631.555664	18815.906250
630.341797	18997.226563
629.127930	19449.568359
627.914063	20011.324219
626.699219	20427.378906
625.484375	20677.906250
624.269531	20551.902344
623.053711	20533.474609
621.838867	20323.941406
620.622070	19632.830078
619.406250	19184.791016
618.190430	18695.166016
616.973633	18191.832031
615.756836	17819.962891
614.539063	17579.476563
613.321289	17448.419922
612.104492	17080.929688
610.885742	17001.695313
609.667969	16596.718750
608.449219	16569.257813
607.230469	16484.226563
606.011719	16472.683594
604.791992	16558.392578
603.572266	16336.502930
602.352539	16200.012695
601.132813	16117.133789
599.912109	16117.574219
598.691406	16078.363281
597.470703	16062.953125
596.249023	16039.622070
595.028320	16301.598633
593.805664	15992.987305
592.583984	16074.643555
591.362305	15940.450195
590.139648	16128.972656
588.916992	16064.090820
587.693359	16191.164063
586.469727	16106.512695
585.246094	16231.541016
584.022461	16309.057617
582.798828	16101.864258
581.574219	16210.997070
580.349609	16448.521484
579.125000	16703.722656
577.899414	16824.500000
576.673828	17334.244141
575.448242	17121.169922
574.221680	17087.810547
572.996094	17654.390625
571.769531	17680.115234
570.541992	17861.662109
569.315430	18122.013672
568.087891	18323.097656
566.860352	18453.126953
565.632813	18378.130859
564.404297	18450.947266
563.175781	18634.048828
561.947266	18115.910156
560.717773	18041.046875
559.489258	17798.878906
558.259766	17336.371094
557.029297	17183.013672
555.799805	17246.132813
554.569336	17258.083984
553.338867	17169.736328
552.107422	17020.476563
550.876953	17044.259766
549.645508	17199.701172
548.413086	16830.472656
547.181641	16881.779297
545.949219	16795.587891
544.716797	16623.037109
543.484375	16564.419922
542.250977	16578.445313
541.017578	16672.914063
539.784180	16735.953125
538.550781	16698.931641
537.316406	16816.839844
536.082031	16801.380859
534.847656	16719.287109
533.612305	16599.994141
532.376953	16831.449219
531.141602	16690.634766
529.906250	16749.632813
528.669922	16820.349609
527.433594	16879.291016
526.197266	17084.982422
524.959961	16924.695313
523.722656	17537.169922
522.485352	18100.480469
521.248047	18837.566406
520.009766	19949.664063
518.771484	20414.345703
517.533203	19626.287109
516.294922	18563.117188
515.055664	17646.900391
513.816406	17519.994141
512.577148	17184.244141
511.336914	17073.107422
510.096680	17012.755859
508.856445	16825.613281
507.616211	16894.080078
506.375000	16726.546875
505.133789	16691.667969
503.892578	16923.855469
502.650391	16832.429688
