1802.291016	5908.417480
1801.322266	6317.961426
1800.353516	5934.701172
1799.383789	6105.754883
1798.414063	6179.406738
1797.444336	6220.591309
1796.473633	6261.758789
1795.503906	6070.946289
1794.533203	6057.264648
1793.562500	6013.668945
1792.591797	6034.901855
1791.621094	6046.156738
1790.649414	6005.080566
1789.678711	6118.476563
1788.707031	6209.411133
1787.735352	6068.715820
1786.762695	6000.279297
1785.791016	6170.837402
1784.818359	6099.918457
1783.845703	6150.951660
1782.873047	6172.111328
1781.900391	6287.777832
1780.926758	6065.198730
1779.953125	6223.105469
1778.980469	6321.291016
1778.005859	6322.511719
1777.032227	6316.276855
1776.058594	6307.560059
1775.083984	6375.843262
1774.109375	6223.087402
1773.134766	6326.118652
1772.160156	6270.242188
1771.184570	6405.484863
1770.208984	6535.710449
1769.233398	6390.516113
1768.257813	6314.827637
1767.282227	6477.229980
1766.306641	6550.311523
1765.330078	6534.126953
1764.353516	6495.643555
1763.376953	6647.966797
1762.399414	6614.429688
1761.422852	6531.369629
1760.445313	6663.782227
1759.467773	6768.907715
1758.490234	6792.304199
1757.512695	6726.597656
1756.534180	6772.261719
1755.556641	6778.325684
1754.578125	6752.233887
1753.599609	6869.577148
1752.620117	7033.847168
1751.641602	6970.640625
1750.662109	6902.516113
1749.682617	6930.782227
1748.703125	6991.151855
1747.723633	6873.665527
1746.743164	6983.409180
1745.763672	6944.975098
1744.783203	6852.251465
1743.801758	6828.665527
1742.821289	6906.252441
1741.840820	6825.925781
1740.859375	6886.216309
1739.877930	6907.027344
1738.896484	6885.917969
1737.914063	6850.026855
1736.932617	6671.212891
1735.950195	6765.967285
1734.967773	7047.904785
1733.985352	6930.730957
1733.002930	7049.999512
1732.019531	6925.486328
1731.036133	6970.863281
1730.053711	6979.307129
1729.069336	6763.843750
1728.085938	6981.423828
1727.101563	6923.453125
1726.118164	7037.634766
1725.133789	6957.548828
1724.149414	6658.732422
1723.164063	6969.498047
1722.179688	6874.730957
1721.194336	7079.697266
1720.208984	6867.056152
1719.223633	6976.174805
1718.237305	7038.603516
1717.251953	7118.188477
1716.265625	6969.514160
1715.279297	7218.375977
1714.292969	7057.475098
1713.305664	7244.904297
1712.319336	7390.572266
1711.332031	7271.409668
1710.344727	7421.914551
1709.357422	7329.749512
1708.369141	7431.179688
1707.381836	7535.018066
1706.393555	7641.263184
1705.405273	7642.174316
1704.416992	7606.362793
1703.427734	7896.101563
1702.438477	7899.406738
1701.450195	7956.536621
1700.460938	8011.196777
1699.470703	7975.344727
1698.481445	8230.483398
1697.491211	8326.613281
1696.500977	8393.375000
1695.510742	8313.485352
1694.520508	8487.722656
1693.530273	8625.249023
1692.539063	8933.674805
1691.547852	8922.108398
1690.556641	8939.840820
1689.565430	9130.859375
1688.573242	9343.762695
1687.581055	9207.692383
1686.589844	9286.333008
1685.596680	9311.288086
1684.604492	9326.479492
1683.612305	9448.927734
1682.619141	9493.332031
1681.625977	9432.934570
1680.632813	9477.323242
1679.638672	9502.207031
1678.645508	9390.700195
1677.651367	9413.155273
1676.657227	9406.387695
1675.663086	9297.400391
1674.668945	9606.998047
1673.673828	9410.428711
1672.678711	9464.475586
1671.683594	9394.473633
1670.688477	9397.440430
1669.693359	9269.135742
1668.697266	9362.052734
1667.701172	9316.424805
1666.705078	9341.268555
1665.708984	9181.500000
1664.712891	9228.215820
1663.715820	9209.357422
1662.718750	9285.177734
1661.721680	9307.573242
1660.724609	9300.840820
1659.726563	9412.986328
1658.729492	9173.382813
1657.731445	9331.583008
1656.733398	9237.565430
1655.735352	9068.438477
1654.736328	9003.593750
1653.737305	9217.429688
1652.738281	9092.014648
1651.739258	9148.308594
1650.740234	9139.195313
1649.741211	9122.821289
1648.741211	9321.890625
1647.741211	9160.276367
1646.741211	9216.497070
1645.740234	9178.346680
1644.740234	8922.529297
1643.739258	9143.199219
1642.738281	9153.438477
1641.737305	9226.521484
1640.736328	9195.655273
1639.734375	9039.156250
1638.732422	9075.979492
1637.730469	9028.253906
1636.728516	9016.768555
1635.725586	9051.159180
1634.723633	9230.362305
1633.720703	9008.883789
1632.717773	9127.701172
1631.714844	9092.082031
1630.710938	9172.244141
1629.708008	8979.890625
1628.704102	9014.236328
1627.700195	9173.907227
1626.695313	8837.075195
1625.691406	9097.911133
1624.686523	9192.424805
1623.681641	8954.538086
1622.676758	9251.309570
1621.671875	9222.953125
1620.666016	9119.993164
1619.660156	9228.843750
1618.654297	9328.025391
1617.648438	9239.538086
1616.642578	9307.411133
1615.635742	9211.749023
1614.628906	9426.246094
1613.622070	9292.140625
1612.615234	9506.533203
1611.608398	9523.827148
1610.600586	9497.875977
1609.592773	9455.123047
1608.584961	9443.601563
1607.577148	9544.914063
1606.569336	9605.382813
1605.560547	9469.054688
1604.551758	9635.076172
1603.542969	9573.155273
1602.534180	9518.453125
1601.524414	9401.431641
1600.514648	9675.206055
1599.504883	9910.520508
1598.495117	9874.961914
1597.485352	9923.269531
1596.474609	10122.459961
1595.464844	10197.039063
1594.454102	10439.188477
1593.442383	10413.131836
1592.431641	10430.165039
1591.419922	10612.296875
1590.409180	10665.166992
1589.397461	10887.838867
1588.384766	10787.581055
1587.373047	11055.562500
1586.360352	10895.549805
1585.347656	11098.872070
1584.334961	10867.230469
1583.322266	10841.132813
1582.308594	11008.512695
1581.295898	10753.148438
1580.282227	10863.176758
1579.268555	10739.231445
1578.253906	10985.250000
1577.240234	10858.942383
1576.225586	10930.688477
1575.210938	10852.143555
1574.196289	10742.630859
1573.180664	10659.386719
1572.166016	10995.695313
1571.150391	10957.712891
1570.134766	10874.474609
1569.118164	11136.684570
1568.102539	10955.792969
1567.085938	11036.907227
1566.069336	11151.318359
1565.052734	11077.642578
1564.036133	11130.123047
1563.018555	11127.859375
1562.001953	11251.670898
1560.984375	11073.386719
1559.966797	11178.135742
1558.948242	11111.672852
1557.930664	11166.456055
1556.912109	11206.958008
1555.893555	11280.705078
1554.875000	11309.289063
1553.855469	11399.608398
1552.836914	11345.049805
1551.817383	11397.340820
1550.797852	11772.400391
1549.777344	11584.911133
1548.757813	11568.316406
1547.737305	11772.325195
1546.716797	11682.180664
1545.696289	11682.171875
1544.675781	11762.761719
1543.654297	11646.601563
1542.632813	11739.012695
1541.611328	11831.384766
1540.589844	11658.431641
1539.568359	11570.802734
1538.545898	11577.914063
1537.523438	11727.054688
1536.500977	11585.028320
1535.478516	11542.440430
1534.455078	11596.865234
1533.432617	11334.322266
1532.409180	11525.921875
1531.385742	11535.393555
1530.361328	11473.945313
1529.337891	11447.971680
1528.313477	11355.848633
1527.289063	11185.803711
1526.264648	11275.634766
1525.239258	11332.369141
1524.214844	11230.898438
1523.189453	11306.500977
1522.164063	11268.793945
1521.138672	11405.703125
1520.112305	11429.324219
1519.085938	11101.516602
1518.060547	11471.819336
1517.033203	11419.968750
1516.006836	11766.482422
1514.980469	11665.103516
1513.953125	11665.077148
1512.925781	11799.321289
1511.898438	11947.640625
1510.870117	12022.904297
1509.842773	12060.468750
1508.814453	12220.410156
1507.786133	12545.011719
1506.756836	12857.714844
1505.728516	12803.337891
1504.699219	13127.619141
1503.669922	12997.965820
1502.640625	12844.857422
1501.611328	13227.686523
1500.581055	13189.734375
1499.550781	13191.737305
1498.520508	12970.592773
1497.490234	13066.574219
1496.459961	12991.116211
1495.428711	12943.857422
1494.397461	12612.634766
1493.366211	12659.331055
1492.334961	12508.942383
1491.302734	12304.667969
1490.271484	12257.594727
1489.239258	11952.636719
1488.207031	12036.922852
1487.173828	12036.802734
1486.141602	11863.291016
1485.108398	11963.939453
1484.075195	12020.045898
1483.041016	11947.333984
1482.007813	12001.077148
1480.973633	11979.894531
1479.939453	12129.558594
1478.905273	12127.075195
1477.871094	12381.915039
1476.835938	12440.188477
1475.801758	12472.715820
1474.766602	12554.324219
1473.731445	12979.493164
1472.695313	13631.167969
1471.660156	13649.403320
1470.624023	14069.413086
1469.587891	14169.291016
1468.550781	14539.985352
1467.514648	15062.271484
1466.477539	15399.953125
1465.440430	15863.507813
1464.403320	16483.187500
1463.366211	17053.626953
1462.328125	18043.613281
1461.290039	18587.849609
1460.251953	19579.445313
1459.213867	20491.390625
1458.175781	21475.195313
1457.136719	21992.650391
1456.097656	23245.935547
1455.058594	24186.650391
1454.019531	24619.408203
1452.979492	25049.658203
1451.939453	25267.943359
1450.899414	26028.296875
1449.859375	26767.398438
1448.819336	27413.160156
1447.778320	27984.240234
1446.737305	28138.917969
1445.696289	28077.353516
1444.655273	27583.550781
1443.613281	27301.386719
1442.571289	26385.148438
1441.530273	25216.123047
1440.487305	24282.107422
1439.445313	22498.765625
1438.402344	21419.457031
1437.359375	20373.080078
1436.316406	19459.382813
1435.273438	18773.390625
1434.230469	17987.953125
1433.186523	17239.937500
1432.142578	16696.236328
1431.098633	16328.909180
1430.054688	16107.724609
1429.009766	15863.461914
1427.964844	15767.545898
1426.919922	15456.291016
1425.875000	15249.355469
1424.829102	15091.119141
1423.784180	15013.953125
1422.738281	15038.633789
1421.692383	14843.518555
1420.645508	15007.004883
1419.599609	15198.173828
1418.552734	15248.225586
1417.505859	15148.000000
1416.458984	15202.662109
1415.411133	14943.050781
1414.364258	15032.383789
1413.316406	14969.237305
1412.268555	14855.313477
1411.219727	14965.384766
1410.171875	14833.040039
1409.123047	14742.290039
1408.074219	14796.938477
1407.025391	14380.963867
1405.975586	14569.432617
1404.925781	14356.594727
1403.876953	14153.065430
1402.827148	14092.526367
1401.776367	13741.646484
1400.726563	13621.311523
1399.675781	13593.166992
1398.625000	13237.998047
1397.574219	13140.864258
1396.522461	13057.582031
1395.471680	12804.012695
1394.419922	12644.895508
1393.368164	12681.400391
1392.315430	12524.671875
1391.263672	12296.715820
1390.210938	12402.246094
1389.158203	12560.604492
1388.105469	12367.254883
1387.051758	12364.704102
1385.999023	12297.828125
1384.945313	12361.902344
1383.891602	12288.163086
1382.836914	12480.784180
1381.783203	12583.801758
1380.728516	12590.385742
1379.673828	12865.425781
1378.619141	12894.887695
1377.563477	13055.071289
1376.508789	13100.532227
1375.453125	13095.536133
1374.397461	13195.980469
1373.340820	13298.674805
1372.285156	13609.825195
1371.228516	13698.645508
1370.171875	13663.753906
1369.115234	13752.524414
1368.057617	13770.288086
1367.000977	13536.270508
1365.943359	13757.735352
1364.885742	13969.957031
1363.827148	13827.538086
1362.769531	14115.125000
1361.710938	13956.727539
1360.652344	14390.473633
1359.593750	14394.356445
1358.534180	14583.327148
1357.475586	14900.157227
1356.416016	15100.365234
1355.355469	15229.696289
1354.295898	15799.626953
1353.236328	16371.603516
1352.175781	16671.755859
1351.115234	17183.988281
1350.053711	17675.476563
1348.993164	18330.978516
1347.931641	18703.445313
1346.870117	18957.203125
1345.808594	19304.310547
1344.747070	19446.169922
1343.684570	19494.550781
1342.622070	19968.896484
1341.559570	20156.076172
1340.497070	20584.544922
1339.433594	20896.730469
1338.371094	21520.611328
1337.307617	22214.777344
1336.244141	22753.943359
1335.179688	23176.875000
1334.116211	23638.292969
1333.051758	24620.208984
1331.987305	25024.300781
1330.921875	25219.126953
1329.857422	25425.230469
1328.791992	25308.642578
1327.726563	25169.388672
1326.661133	24941.623047
1325.594727	24289.375000
1324.529297	23812.183594
1323.462891	22770.080078
1322.396484	22581.568359
1321.329102	21816.916016
1320.262695	21222.685547
1319.195313	20349.781250
1318.127930	20039.496094
1317.060547	19387.066406
1315.992188	19170.021484
1314.923828	18964.394531
1313.855469	18604.810547
1312.787109	18494.505859
1311.718750	18585.773438
1310.649414	18477.781250
1309.580078	18609.751953
1308.510742	18578.736328
1307.441406	18507.007813
1306.372070	18469.238281
1305.301758	18777.498047
1304.231445	18886.654297
1303.161133	18833.001953
1302.089844	18600.820313
1301.019531	18831.962891
1299.948242	18660.875000
1298.875977	18772.195313
1297.804688	18384.396484
1296.733398	18111.902344
1295.661133	17785.347656
1294.588867	17892.238281
1293.515625	17376.326172
1292.443359	16898.976563
1291.370117	16848.103516
1290.296875	16373.315430
1289.223633	16167.008789
1288.150391	16120.823242
1287.076172	15937.188477
1286.001953	15974.432617
1284.927734	15838.208008
1283.853516	16174.992188
1282.778320	16338.254883
1281.704102	16825.625000
1280.628906	17227.263672
1279.552734	17543.222656
1278.477539	18117.777344
1277.401367	18437.916016
1276.325195	18955.822266
1275.249023	19055.308594
1274.172852	18781.591797
1273.095703	18977.710938
1272.018555	18960.279297
1270.941406	18877.707031
1269.864258	18274.076172
1268.786133	17917.714844
1267.708984	17541.292969
1266.630859	17227.876953
1265.551758	16867.462891
1264.473633	16590.214844
1263.394531	16227.837891
1262.315430	15659.272461
1261.236328	15413.839844
1260.157227	15130.396484
1259.077148	14661.034180
1257.998047	14330.803711
1256.917969	14251.643555
1255.836914	13885.793945
1254.756836	13421.556641
1253.675781	13380.696289
1252.594727	13163.002930
1251.513672	13198.308594
1250.431641	12944.939453
1249.350586	13000.409180
1248.268555	12507.854492
1247.186523	12386.724609
1246.103516	12480.283203
1245.021484	12511.211914
1243.938477	12519.777344
1242.855469	12503.760742
1241.772461	12527.961914
1240.688477	12322.102539
1239.604492	12140.892578
1238.520508	12133.895508
1237.436523	12408.142578
1236.352539	12474.734375
1235.267578	12425.278320
1234.182617	12317.843750
1233.097656	12232.755859
1232.012695	12413.042969
1230.926758	12361.408203
1229.840820	12338.769531
1228.754883	12235.917969
1227.668945	12505.167969
1226.582031	12698.571289
1225.495117	12575.664063
1224.408203	12659.872070
1223.321289	12781.886719
1222.234375	12995.097656
1221.146484	13056.912109
1220.058594	13180.990234
1218.970703	13387.309570
1217.882813	13597.989258
1216.793945	13450.637695
1215.705078	13612.313477
1214.616211	13520.577148
1213.527344	13653.285156
1212.437500	13528.255859
1211.347656	13427.708008
1210.257813	13502.618164
1209.167969	13384.355469
1208.078125	13390.436523
1206.987305	13216.768555
1205.896484	13060.921875
1204.805664	13546.181641
1203.713867	13246.180664
1202.623047	13145.853516
1201.531250	13149.754883
1200.439453	13093.813477
1199.346680	13243.966797
1198.254883	13077.259766
1197.162109	13176.409180
1196.069336	13093.932617
1194.976563	13040.271484
1193.882813	12955.642578
1192.789063	12939.653320
1191.695313	12908.181641
1190.601563	12980.692383
1189.507813	12929.318359
1188.413086	12847.008789
1187.318359	12842.108398
1186.223633	12859.312500
1185.127930	12737.290039
1184.033203	12591.016602
1182.937500	12645.809570
1181.841797	12667.454102
1180.745117	12554.403320
1179.649414	12529.698242
1178.552734	12666.116211
1177.456055	12736.279297
1176.359375	12576.977539
1175.261719	12477.293945
1174.164063	12415.138672
1173.066406	12423.560547
1171.968750	12264.455078
1170.871094	12499.892578
1169.772461	12459.816406
1168.673828	12584.969727
1167.575195	12639.593750
1166.476563	12786.675781
1165.376953	12733.360352
1164.277344	12620.638672
1163.177734	12668.604492
1162.078125	12738.549805
1160.977539	12881.053711
1159.876953	12931.131836
1158.776367	12935.014648
1157.675781	12872.947266
1156.574219	12960.355469
1155.472656	12711.535156
1154.371094	12798.938477
1153.269531	12504.130859
1152.167969	12562.992188
1151.065430	12336.416016
1149.962891	12386.505859
1148.860352	12383.905273
1147.756836	12499.786133
1146.654297	12565.164063
1145.550781	12637.092773
1144.447266	12904.143555
1143.342773	12675.629883
1142.239258	12782.557617
1141.134766	13121.719727
1140.030273	13000.656250
1138.924805	13114.015625
1137.820313	13249.227539
1136.714844	13237.684570
1135.609375	13175.798828
1134.503906	13048.280273
1133.397461	13240.280273
1132.291016	13200.306641
1131.184570	13293.767578
1130.078125	12993.576172
1128.971680	13076.108398
1127.864258	12848.219727
1126.756836	12699.098633
1125.649414	12845.000977
1124.541992	12685.019531
1123.433594	12850.516602
1122.325195	12935.154297
1121.216797	12814.546875
1120.107422	12910.067383
1118.999023	12743.690430
1117.889648	12987.538086
1116.780273	13181.114258
1115.670898	12997.336914
1114.560547	13112.336914
1113.450195	13321.021484
1112.339844	13586.281250
1111.229492	13912.437500
1110.118164	14282.025391
1109.006836	14723.332031
1107.895508	15434.466797
1106.784180	16519.761719
1105.672852	16805.773438
1104.560547	18060.060547
1103.448242	18787.294922
1102.335938	19477.244141
1101.222656	20451.798828
1100.110352	21312.875000
1098.997070	21684.464844
1097.883789	22047.203125
1096.769531	22279.408203
1095.655273	21829.347656
1094.541992	21431.605469
1093.426758	20944.992188
1092.312500	20308.777344
1091.197266	19195.279297
1090.083008	18470.718750
1088.966797	17154.119141
1087.851563	16209.023438
1086.736328	15706.769531
1085.620117	15074.624023
1084.503906	14601.002930
1083.386719	13967.187500
1082.270508	13725.868164
1081.153320	13274.494141
1080.036133	13189.380859
1078.918945	12954.873047
1077.800781	12763.767578
1076.682617	12869.309570
1075.564453	12375.302734
1074.446289	12448.422852
1073.328125	12672.947266
1072.208984	12373.953125
1071.089844	12457.837891
1069.970703	12576.277344
1068.850586	12506.613281
1067.731445	12806.521484
1066.611328	12738.997070
1065.491211	12684.461914
1064.370117	12861.037109
1063.250000	12959.803711
1062.128906	13108.180664
1061.007813	13057.926758
1059.885742	13318.427734
1058.763672	13255.204102
1057.642578	13217.890625
1056.519531	13297.042969
1055.397461	13257.578125
1054.275391	13373.333008
1053.152344	13409.296875
1052.029297	13531.432617
1050.905273	13354.078125
1049.782227	13290.947266
1048.658203	13574.527344
1047.534180	13278.865234
1046.410156	13390.133789
1045.285156	13073.114258
1044.160156	12990.742188
1043.035156	13170.832031
1041.910156	13135.785156
1040.784180	13087.851563
1039.659180	13070.033203
1038.533203	12923.268555
1037.406250	12877.556641
1036.280273	12870.533203
1035.153320	12942.982422
1034.026367	12968.157227
1032.899414	13025.525391
1031.771484	12936.906250
1030.644531	12882.661133
1029.516602	13100.926758
1028.387695	13293.357422
1027.259766	13157.571289
1026.130859	13210.532227
1025.001953	13214.164063
1023.873047	13157.780273
1022.744141	13154.991211
1021.614258	13246.467773
1020.484375	13462.138672
1019.354492	13191.597656
1018.223633	13338.672852
1017.093750	13507.091797
1015.962891	13544.889648
1014.832031	13317.350586
1013.700195	13130.552734
1012.569336	13266.787109
1011.437500	13105.737305
1010.305664	13271.847656
1009.172852	13333.154297
1008.041016	13332.461914
1006.908203	13321.085938
1005.775391	13410.108398
1004.641602	13400.855469
1003.508789	13547.470703
1002.375000	13723.908203
1001.241211	13714.591797
1000.106445	13747.954102
998.972656	13698.101563
997.837891	13718.654297
996.703125	13705.079102
995.567383	13732.015625
994.432617	13718.440430
993.296875	13545.041016
992.161133	13527.249023
991.025391	13398.696289
989.888672	13444.832031
988.751953	13390.873047
987.615234	13313.518555
986.478516	13344.742188
985.340820	13327.010742
984.203125	13028.462891
983.065430	13189.471680
981.927734	13290.867188
980.789063	13302.923828
979.651367	13155.551758
978.512695	13307.892578
977.373047	13404.923828
976.234375	13365.959961
975.094727	13273.916016
973.955078	13593.844727
972.815430	13671.624023
971.674805	13645.367188
970.534180	13695.514648
969.393555	14012.956055
968.252930	13982.399414
967.111328	14219.058594
965.970703	14186.348633
964.829102	14386.825195
963.686523	14197.262695
962.544922	14505.712891
961.402344	14167.915039
960.259766	14461.412109
959.117188	14471.037109
957.973633	14275.302734
956.830078	14270.145508
955.686523	14093.580078
954.542969	14175.206055
953.399414	14034.694336
952.254883	13866.749023
951.110352	13918.766602
949.964844	13687.499023
948.820313	13718.397461
947.674805	13690.117188
946.529297	13558.333008
945.383789	13428.716797
944.237305	13584.226563
943.091797	13661.555664
941.944336	13624.870117
940.797852	13832.994141
939.651367	13939.755859
938.503906	14291.160156
937.356445	14275.458008
936.208984	14548.625977
935.060547	14844.864258
933.912109	14940.753906
932.763672	15299.994141
931.615234	15781.269531
930.465820	16243.381836
929.317383	16635.804688
928.167969	16983.845703
927.017578	17679.046875
925.868164	17511.125000
924.717773	17972.371094
923.567383	17882.287109
922.416992	18090.880859
921.265625	17611.818359
920.114258	17370.505859
918.962891	17072.550781
917.811523	16383.876953
916.659180	16082.054688
915.507813	15553.516602
914.354492	15100.801758
913.202148	14677.672852
912.049805	14655.644531
910.896484	14484.623047
909.743164	14349.341797
908.588867	13926.731445
907.435547	14143.966797
906.281250	14143.039063
905.126953	13829.751953
903.972656	13728.286133
902.817383	13719.063477
901.662109	13825.070313
900.506836	13799.072266
899.351563	14016.003906
898.195313	13661.266602
897.039063	13834.174805
895.882813	13640.771484
894.726563	13683.883789
893.569336	13701.874023
892.412109	14000.108398
891.254883	13785.920898
890.097656	13864.500977
888.939453	13807.190430
887.781250	13965.136719
886.623047	13772.029297
885.464844	13764.902344
884.305664	13787.013672
883.146484	13767.357422
881.987305	14069.170898
880.828125	13721.807617
879.667969	13871.183594
878.507813	13797.285156
877.347656	13931.979492
876.186523	13801.797852
875.026367	13759.230469
873.865234	14062.670898
872.704102	14026.315430
871.541992	14000.390625
870.380859	13845.333984
869.218750	13786.138672
868.055664	14010.125977
866.893555	13836.429688
865.730469	14116.500000
864.567383	14113.471680
863.404297	13950.263672
862.240234	14128.215820
861.077148	14079.438477
859.913086	14251.046875
858.748047	14239.674805
857.583984	14298.959961
856.418945	14113.063477
855.253906	14438.222656
854.088867	14096.622070
852.922852	14421.643555
851.757813	14291.922852
850.591797	14303.381836
849.424805	13962.099609
848.258789	14172.771484
847.091797	14020.398438
845.924805	14069.226563
844.756836	13948.035156
843.589844	13889.076172
842.421875	14126.472656
841.253906	14094.432617
840.085938	14118.331055
838.916992	14061.454102
837.748047	13973.542969
836.579102	13941.558594
835.410156	13833.013672
834.240234	14041.090820
833.070313	14027.729492
831.900391	14293.583984
830.729492	14052.713867
829.559570	14146.857422
828.388672	14123.145508
827.217773	14159.371094
826.045898	14059.222656
824.874023	14188.394531
823.702148	14185.341797
822.530273	14291.717773
821.358398	13987.264648
820.185547	14312.397461
819.012695	14276.303711
817.839844	14427.948242
816.666016	14261.908203
815.492188	14058.822266
814.318359	14018.687500
813.144531	14190.865234
811.970703	14367.088867
810.795898	14343.392578
809.621094	14095.187500
808.445313	14403.114258
807.270508	14552.371094
806.094727	14660.393555
804.918945	14548.159180
803.742188	14542.967773
802.566406	14622.119141
801.389648	14686.838867
800.212891	14667.223633
799.035156	14832.638672
797.858398	14718.451172
796.680664	14594.038086
795.502930	14790.176758
794.324219	14813.689453
793.145508	14826.923828
791.967773	14733.388672
790.788086	14919.059570
789.609375	14761.921875
788.429688	14885.951172
787.250000	14644.780273
786.070313	14660.079102
784.889648	14572.845703
783.708984	14672.203125
782.528320	14654.689453
781.347656	14413.824219
780.166992	14570.513672
778.985352	14909.430664
777.803711	14797.676758
776.621094	14896.852539
775.439453	14549.747070
774.256836	14894.512695
773.074219	14782.854492
771.890625	14926.947266
770.708008	14942.129883
769.524414	15186.316406
768.339844	15136.016602
767.156250	15063.254883
765.971680	15243.908203
764.787109	15320.291016
763.602539	15368.042969
762.417969	15720.045898
761.232422	15508.400391
760.046875	15968.403320
758.860352	15860.871094
757.674805	16141.047852
756.488281	16372.145508
755.301758	16429.789063
754.115234	16797.333984
752.927734	17015.906250
751.740234	17745.949219
750.552734	18526.619141
749.365234	18983.029297
748.176758	19972.880859
746.988281	21654.666016
745.799805	23402.908203
744.611328	26037.861328
743.421875	28769.355469
742.232422	33001.199219
741.042969	37288.164063
739.852539	42144.746094
738.662109	46883.324219
737.471680	50633.925781
736.281250	53143.132813
735.089844	53617.261719
733.899414	52520.820313
732.708008	48845.378906
731.515625	44615.136719
730.324219	40445.593750
729.131836	36389.496094
727.939453	33640.003906
726.746094	31664.701172
725.553711	30414.406250
724.360352	30531.523438
723.166016	30518.822266
721.972656	30372.335938
720.778320	29638.173828
719.583984	28213.378906
718.389648	26594.722656
717.194336	25620.833984
716.000000	24414.498047
714.804688	23694.560547
713.608398	23029.582031
712.413086	22466.070313
711.216797	21918.988281
710.020508	21056.595703
708.823242	20629.369141
707.626953	19450.197266
706.429688	19021.480469
705.232422	18669.744141
704.034180	18071.656250
702.835938	17924.306641
701.637695	18045.632813
700.439453	17670.179688
699.241211	17329.207031
698.041992	17545.441406
696.842773	17107.783203
695.643555	17346.162109
694.443359	17150.777344
693.243164	17485.839844
692.042969	17348.974609
690.842773	17653.609375
689.641602	17798.904297
688.440430	17869.583984
687.239258	18238.365234
686.037109	18482.117188
684.835938	19146.589844
683.633789	19140.416016
682.430664	19701.808594
681.228516	19836.367188
680.025391	19809.923828
678.822266	20437.175781
677.619141	20141.150391
676.415039	20524.789063
675.210938	20516.304688
674.006836	20582.177734
672.802734	20465.187500
671.597656	20366.324219
670.392578	20337.792969
669.187500	20604.425781
667.982422	20391.171875
666.776367	20332.546875
665.570313	20769.556641
664.363281	21276.587891
663.157227	21608.904297
661.950195	22430.349609
660.743164	22978.785156
659.536133	24048.107422
658.328125	24433.632813
657.120117	24584.582031
655.912109	24957.798828
654.704102	24319.542969
653.495117	23839.732422
652.286133	23292.070313
651.077148	22552.521484
649.867188	22011.378906
648.657227	21384.451172
647.447266	21021.794922
646.237305	20679.289063
645.026367	20173.003906
643.816406	19469.070313
642.604492	19213.048828
641.393555	19140.933594
640.181641	18619.441406
638.969727	18160.080078
637.757813	18481.548828
636.545898	18046.367188
635.333008	18110.281250
634.120117	17902.822266
632.907227	17898.916016
631.693359	18110.396484
630.479492	18255.984375
629.265625	18419.449219
628.051758	18822.003906
626.836914	18985.271484
625.622070	18777.927734
624.407227	19028.767578
623.191406	18660.208984
621.976563	18616.318359
620.760742	18578.416016
619.543945	18335.560547
618.328125	18062.968750
617.111328	17909.841797
615.894531	17780.642578
614.676758	17733.017578
613.459961	17466.753906
612.242188	17351.644531
611.024414	17274.335938
609.805664	17169.250000
608.587891	17366.087891
607.369141	17141.886719
606.149414	17142.109375
604.930664	17009.353516
603.710938	17090.958984
602.491211	17085.238281
601.270508	16966.460938
600.050781	16631.585938
598.830078	16806.380859
597.609375	17185.259766
596.387695	16876.314453
595.166016	17052.919922
593.944336	16938.259766
592.722656	17279.146484
591.500977	16952.626953
590.278320	17184.482422
589.055664	17089.681641
587.832031	16961.283203
586.609375	17131.656250
585.385742	17369.199219
584.161133	17460.310547
582.937500	17375.431641
581.712891	17340.001953
580.488281	17387.582031
579.263672	17506.263672
578.038086	17607.115234
576.812500	17741.492188
575.586914	17599.400391
574.361328	17852.154297
573.134766	18270.568359
571.908203	18246.832031
570.681641	18461.794922
569.454102	18885.712891
568.227539	18838.195313
567.000000	19196.789063
565.771484	19257.619141
564.543945	19413.003906
563.315430	19365.404297
562.086914	19329.644531
560.857422	19183.623047
559.627930	19358.570313
558.398438	19000.029297
557.168945	19141.482422
555.939453	19082.193359
554.708984	18708.208984
553.478516	18609.707031
552.247070	18676.404297
551.016602	18802.041016
549.785156	18414.683594
548.552734	18581.583984
547.321289	18428.207031
546.088867	18380.953125
544.856445	18107.910156
543.624023	18294.355469
542.390625	18013.597656
541.157227	17935.074219
539.923828	18245.027344
538.690430	17980.152344
537.456055	18050.718750
536.221680	18427.095703
534.987305	18328.960938
533.751953	18093.691406
532.517578	18275.841797
531.281250	18524.511719
530.045898	18739.779297
528.809570	18485.041016
527.574219	18774.603516
526.336914	18837.017578
525.100586	18807.437500
523.863281	18875.681641
522.625977	18840.236328
521.388672	19598.687500
520.150391	20044.011719
518.912109	20694.363281
517.673828	20283.359375
516.435547	19751.410156
515.196289	19272.431641
513.957031	19039.712891
512.717773	18787.572266
511.477539	18982.533203
510.237305	18720.755859
508.997070	18517.623047
507.756836	18728.117188
506.515625	18564.076172
505.274414	18517.091797
504.033203	18612.429688
502.791016	18633.666016
501.549805	18456.144531
