1802.182617	3838.135254
1801.212891	4075.365479
1800.244141	3782.441895
1799.274414	4021.318115
1798.304688	3865.783447
1797.334961	3904.933838
1796.364258	3981.488281
1795.394531	3988.175293
1794.423828	3837.758057
1793.453125	3709.839355
1792.482422	3993.262695
1791.511719	3930.160156
1790.540039	3924.391113
1789.568359	4013.289063
1788.596680	4156.946289
1787.625000	4146.154297
1786.653320	3983.495850
1785.680664	4047.418213
1784.708984	4138.690430
1783.736328	4222.460938
1782.763672	4144.498047
1781.790039	4280.464844
1780.817383	4190.087402
1779.843750	4348.365723
1778.870117	4295.295898
1777.896484	4264.614258
1776.922852	4313.455078
1775.948242	4449.223633
1774.973633	4433.430664
1773.999023	4300.932617
1773.024414	4337.312988
1772.049805	4410.911133
1771.074219	4516.742188
1770.099609	4548.094238
1769.124023	4430.588867
1768.148438	4578.516113
1767.171875	4632.153320
1766.196289	4725.437012
1765.219727	4826.119141
1764.243164	4956.499512
1763.266602	4915.862793
1762.290039	5189.853516
1761.312500	5193.767090
1760.334961	5262.062012
1759.357422	5399.650879
1758.379883	5685.700195
1757.402344	5610.317383
1756.423828	5683.421387
1755.446289	5781.233398
1754.467773	5814.700684
1753.489258	5776.443359
1752.509766	5846.981934
1751.531250	5868.055664
1750.551758	5819.924316
1749.572266	6011.480469
1748.592773	5901.581055
1747.613281	5831.242188
1746.632813	5723.891602
1745.652344	5702.993164
1744.671875	5543.875488
1743.691406	5495.874512
1742.710938	5322.058105
1741.729492	5362.926270
1740.749023	5369.249512
1739.767578	5262.140137
1738.785156	5209.311035
1737.803711	5260.027832
1736.822266	5251.579102
1735.839844	5154.433594
1734.857422	5293.811523
1733.875000	5179.455566
1732.891602	5146.404785
1731.909180	5162.604492
1730.925781	5294.483887
1729.942383	5145.765625
1728.958984	5225.925781
1727.974609	5180.597656
1726.991211	4990.181152
1726.006836	5102.289551
1725.022461	5143.057617
1724.038086	5181.351563
1723.052734	5106.586914
1722.068359	5108.017578
1721.083008	5232.270996
1720.097656	4983.166016
1719.112305	5208.068359
1718.125977	5126.006836
1717.140625	5117.612793
1716.154297	5305.541992
1715.167969	5326.556641
1714.181641	5266.613281
1713.194336	5290.079590
1712.208008	5470.465332
1711.220703	5322.273438
1710.233398	5554.051270
1709.246094	5523.527344
1708.257813	5591.017578
1707.270508	5776.059570
1706.282227	5958.577148
1705.293945	6006.349609
1704.304688	5965.971680
1703.316406	6194.844238
1702.327148	6289.034180
1701.337891	6476.156738
1700.348633	6707.233398
1699.359375	6654.525391
1698.370117	6829.234375
1697.379883	7047.876465
1696.389648	7232.211914
1695.399414	7311.395996
1694.409180	7522.478516
1693.417969	7870.264160
1692.426758	7829.604004
1691.436523	7908.602539
1690.444336	8024.186523
1689.453125	8232.469727
1688.461914	8411.385742
1687.469727	8253.549805
1686.477539	8515.322266
1685.485352	8520.922852
1684.492188	8309.516602
1683.500000	8463.857422
1682.506836	8306.166992
1681.513672	8392.215820
1680.520508	8237.039063
1679.527344	8386.396484
1678.533203	8279.988281
1677.539063	8202.839844
1676.544922	8264.477539
1675.550781	8219.001953
1674.556641	7896.145508
1673.561523	8098.910645
1672.566406	8004.847656
1671.571289	7657.909668
1670.576172	7802.246582
1669.581055	7674.266602
1668.584961	7735.908203
1667.588867	7744.066406
1666.592773	7771.656250
1665.596680	7716.651855
1664.600586	7819.516113
1663.603516	7490.166992
1662.606445	7466.808105
1661.609375	7545.389648
1660.612305	7497.763184
1659.614258	7459.859863
1658.617188	7599.031250
1657.619141	7384.097168
1656.621094	7564.443359
1655.622070	7514.435059
1654.624023	7660.751953
1653.625000	7508.976563
1652.625977	7502.614258
1651.626953	7542.273438
1650.627930	7649.719727
1649.627930	7541.646484
1648.627930	7697.459961
1647.627930	7717.685059
1646.627930	7609.662598
1645.627930	7562.161133
1644.626953	7579.981445
1643.625977	7568.776367
1642.625000	7603.510742
1641.624023	7510.121094
1640.623047	7803.436035
1639.621094	7470.840820
1638.619141	7561.126465
1637.617188	7462.988770
1636.615234	7495.285156
1635.613281	7377.885742
1634.610352	7487.424805
1633.607422	7618.638672
1632.604492	7612.271484
1631.601563	7608.318848
1630.597656	7488.601563
1629.594727	7313.472168
1628.590820	7543.429688
1627.586914	7568.416504
1626.582031	7468.081055
1625.578125	7594.264160
1624.573242	7556.593750
1623.568359	7343.126953
1622.563477	7512.599609
1621.558594	7590.521973
1620.552734	7548.067383
1619.546875	7650.014648
1618.541016	7831.315918
1617.535156	7892.270996
1616.529297	7818.522949
1615.522461	7809.725586
1614.515625	7796.123047
1613.508789	7715.228027
1612.501953	7898.695801
1611.494141	7880.277344
1610.487305	8082.853027
1609.479492	7903.500000
1608.471680	8019.549805
1607.463867	8116.347656
1606.455078	7874.692871
1605.446289	7901.891113
1604.437500	8178.586426
1603.428711	7893.889160
1602.419922	7885.093750
1601.410156	8053.728027
1600.401367	8219.896484
1599.391602	8112.774414
1598.381836	8223.750000
1597.371094	8325.096680
1596.361328	8555.744141
1595.350586	8546.824219
1594.339844	8655.224609
1593.329102	8825.819336
1592.317383	9039.422852
1591.305664	8953.840820
1590.294922	9141.015625
1589.283203	9282.668945
1588.270508	9632.310547
1587.258789	9388.878906
1586.246094	9530.393555
1585.233398	9655.122070
1584.220703	9739.179688
1583.208008	9591.477539
1582.194336	9611.025391
1581.180664	9532.658203
1580.167969	9554.595703
1579.153320	9440.466797
1578.139648	9345.475586
1577.125000	9260.066406
1576.111328	9403.701172
1575.096680	8986.794922
1574.081055	9030.274414
1573.066406	9104.728516
1572.050781	9210.138672
1571.035156	9117.708008
1570.019531	9046.758789
1569.003906	9144.967773
1567.988281	9112.147461
1566.971680	9131.724609
1565.955078	8984.646484
1564.938477	8868.569336
1563.920898	9000.029297
1562.904297	8860.203125
1561.886719	9084.379883
1560.869141	8892.271484
1559.851563	8866.684570
1558.833984	8938.576172
1557.815430	8891.597656
1556.796875	8635.522461
1555.778320	8928.367188
1554.759766	8824.410156
1553.740234	8810.739258
1552.721680	8953.782227
1551.702148	8733.560547
1550.682617	8681.940430
1549.662109	8789.327148
1548.642578	8868.200195
1547.622070	8828.442383
1546.601563	8992.648438
1545.581055	9019.267578
1544.560547	8877.570313
1543.539063	9174.385742
1542.517578	9158.298828
1541.496094	9120.896484
1540.474609	9277.732422
1539.453125	9401.350586
1538.430664	9439.684570
1537.408203	9641.333008
1536.385742	9317.502930
1535.363281	9526.192383
1534.339844	9663.826172
1533.316406	9482.099609
1532.292969	9522.731445
1531.269531	9438.041016
1530.246094	9317.927734
1529.221680	9353.839844
1528.198242	9188.899414
1527.173828	9175.212891
1526.148438	9024.545898
1525.124023	9036.873047
1524.098633	9037.389648
1523.073242	8941.129883
1522.047852	8887.387695
1521.022461	8840.745117
1519.997070	8860.170898
1518.970703	8900.814453
1517.944336	9054.623047
1516.917969	8859.459961
1515.890625	8956.645508
1514.864258	8940.677734
1513.836914	9120.267578
1512.809570	9035.959961
1511.782227	8970.527344
1510.753906	9300.694336
1509.726563	9117.527344
1508.698242	9174.505859
1507.669922	9353.825195
1506.640625	9740.106445
1505.612305	9893.361328
1504.583008	9912.504883
1503.553711	10166.764648
1502.524414	10355.097656
1501.495117	10583.308594
1500.464844	10832.573242
1499.434570	11015.955078
1498.404297	11114.703125
1497.374023	11114.779297
1496.343750	11150.072266
1495.312500	11082.064453
1494.281250	10816.943359
1493.250000	10929.706055
1492.218750	10756.215820
1491.186523	10449.103516
1490.154297	10418.826172
1489.122070	10182.242188
1488.089844	10241.103516
1487.057617	9721.082031
1486.024414	9838.588867
1484.991211	9494.555664
1483.958008	9555.849609
1482.924805	9425.103516
1481.891602	9486.385742
1480.857422	9622.543945
1479.823242	9672.057617
1478.789063	9560.110352
1477.753906	9710.204102
1476.719727	9811.121094
1475.684570	9986.821289
1474.649414	10190.502930
1473.614258	10326.317383
1472.578125	10237.738281
1471.542969	10366.478516
1470.506836	11123.518555
1469.470703	11088.543945
1468.433594	11592.952148
1467.397461	11933.742188
1466.360352	12199.703125
1465.323242	12656.902344
1464.286133	13337.882813
1463.249023	13514.753906
1462.210938	14178.954102
1461.172852	14472.158203
1460.134766	14926.087891
1459.096680	15377.500000
1458.057617	15453.571289
1457.019531	15844.117188
1455.980469	16197.234375
1454.941406	16133.365234
1453.901367	16029.940430
1452.862305	16743.603516
1451.822266	17089.259766
1450.782227	17318.433594
1449.742188	17649.871094
1448.701172	18588.220703
1447.661133	19079.710938
1446.620117	19880.208984
1445.579102	20280.576172
1444.537109	21171.130859
1443.496094	21317.810547
1442.454102	22133.449219
1441.412109	22161.417969
1440.370117	22001.291016
1439.327148	21811.046875
1438.285156	21579.101563
1437.242188	20929.541016
1436.199219	20092.314453
1435.155273	19167.285156
1434.112305	18504.701172
1433.068359	17928.179688
1432.024414	17226.710938
1430.980469	16564.931641
1429.936523	15829.269531
1428.891602	15256.083984
1427.846680	14595.114258
1426.801758	14233.158203
1425.756836	13776.420898
1424.710938	13454.133789
1423.666016	13298.615234
1422.620117	13008.952148
1421.574219	13073.367188
1420.527344	12700.600586
1419.481445	12533.800781
1418.434570	12683.816406
1417.387695	12579.498047
1416.340820	12579.221680
1415.292969	12798.451172
1414.245117	12994.489258
1413.197266	12820.900391
1412.149414	12506.522461
1411.101563	12552.430664
1410.052734	12847.608398
1409.004883	12810.347656
1407.955078	12837.705078
1406.906250	13141.867188
1405.857422	13067.665039
1404.807617	13048.833008
1403.757813	12940.097656
1402.708008	12918.993164
1401.658203	12918.636719
1400.607422	12694.795898
1399.556641	12816.568359
1398.505859	12728.716797
1397.455078	12433.672852
1396.404297	12281.477539
1395.352539	12101.724609
1394.300781	11892.130859
1393.249023	11730.935547
1392.197266	11937.832031
1391.144531	11578.919922
1390.091797	11459.273438
1389.039063	10964.980469
1387.986328	11245.406250
1386.932617	11236.194336
1385.879883	10916.846680
1384.826172	10873.252930
1383.772461	10958.271484
1382.717773	10928.460938
1381.664063	10836.684570
1380.609375	10797.730469
1379.554688	11091.489258
1378.500000	11038.732422
1377.444336	11254.339844
1376.389648	11389.600586
1375.333984	11451.442383
1374.278320	11756.220703
1373.221680	11788.168945
1372.166016	11820.102539
1371.109375	11838.278320
1370.052734	11902.250977
1368.995117	12222.646484
1367.938477	12085.055664
1366.880859	11849.102539
1365.823242	12178.461914
1364.765625	11915.131836
1363.708008	11866.922852
1362.649414	12045.136719
1361.590820	11839.155273
1360.532227	11850.424805
1359.473633	11882.258789
1358.415039	12037.469727
1357.355469	11973.298828
1356.295898	12066.754883
1355.236328	12157.888672
1354.175781	12420.217773
1353.116211	12871.899414
1352.055664	13049.530273
1350.995117	13498.611328
1349.934570	13742.193359
1348.873047	14079.186523
1347.811523	14623.545898
1346.750000	15028.609375
1345.688477	15381.080078
1344.626953	15854.184570
1343.564453	16247.347656
1342.501953	16991.150391
1341.439453	17759.697266
1340.376953	18297.947266
1339.313477	18870.121094
1338.250977	19396.535156
1337.187500	19695.173828
1336.123047	20673.945313
1335.059570	20951.720703
1333.995117	21641.003906
1332.930664	21695.640625
1331.866211	22123.060547
1330.801758	21802.566406
1329.736328	21891.214844
1328.671875	21468.666016
1327.606445	20955.437500
1326.540039	20419.710938
1325.474609	19977.292969
1324.408203	18763.279297
1323.341797	18110.324219
1322.275391	17296.539063
1321.208984	16698.601563
1320.141602	15889.982422
1319.074219	15324.328125
1318.006836	14575.271484
1316.939453	14313.852539
1315.872070	13878.045898
1314.803711	13832.120117
1313.735352	13693.337891
1312.666992	13260.192383
1311.597656	13377.450195
1310.529297	13390.522461
1309.459961	13611.816406
1308.390625	13663.302734
1307.320313	13545.084961
1306.250977	13766.207031
1305.180664	13767.873047
1304.110352	13789.887695
1303.040039	13730.512695
1301.968750	13813.544922
1300.898438	13636.688477
1299.827148	13328.875000
1298.754883	13427.748047
1297.683594	13104.296875
1296.612305	12911.927734
1295.540039	12590.972656
1294.467773	12565.790039
1293.394531	12114.173828
1292.322266	12150.006836
1291.249023	12005.394531
1290.175781	11926.233398
1289.102539	11840.340820
1288.028320	11957.341797
1286.955078	11826.407227
1285.880859	11603.152344
1284.806641	11697.601563
1283.732422	11868.582031
1282.657227	11949.425781
1281.582031	11935.685547
1280.506836	11946.708984
1279.431641	12245.755859
1278.355469	12303.953125
1277.280273	12420.607422
1276.204102	12244.865234
1275.127930	12602.055664
1274.050781	12336.431641
1272.974609	12428.257813
1271.897461	12722.270508
1270.820313	12676.940430
1269.742188	12719.223633
1268.665039	13048.918945
1267.586914	13237.036133
1266.508789	13438.541992
1265.430664	13709.531250
1264.351563	13340.957031
1263.272461	13730.743164
1262.194336	13770.497070
1261.114258	13805.749023
1260.035156	13905.999023
1258.955078	13537.762695
1257.875977	13501.330078
1256.794922	13332.727539
1255.714844	12769.962891
1254.634766	12594.862305
1253.553711	12099.655273
1252.472656	11566.597656
1251.391602	11389.617188
1250.309570	11134.392578
1249.227539	10711.488281
1248.146484	10789.776367
1247.063477	10445.385742
1245.981445	10286.706055
1244.898438	10145.973633
1243.816406	10103.631836
1242.732422	10246.758789
1241.649414	9956.450195
1240.566406	9806.968750
1239.482422	10023.752930
1238.398438	9939.060547
1237.314453	9698.161133
1236.229492	9905.904297
1235.144531	9743.199219
1234.059570	9616.250977
1232.974609	9703.452148
1231.889648	9507.443359
1230.803711	9768.508789
1229.717773	9612.685547
1228.631836	9820.139648
1227.545898	9664.369141
1226.458984	9513.117188
1225.373047	9631.384766
1224.286133	9469.070313
1223.198242	9547.228516
1222.111328	9565.264648
1221.023438	9394.163086
1219.935547	9539.023438
1218.847656	9579.290039
1217.759766	9314.897461
1216.670898	9579.734375
1215.582031	9508.829102
1214.493164	9524.620117
1213.404297	9553.735352
1212.314453	9398.466797
1211.224609	9278.796875
1210.134766	9430.065430
1209.044922	9521.332031
1207.954102	9308.491211
1206.864258	9397.525391
1205.773438	9508.706055
1204.681641	9506.717773
1203.590820	9515.818359
1202.499023	9460.617188
1201.407227	9742.375000
1200.315430	9813.473633
1199.223633	9760.458008
1198.130859	9818.229492
1197.038086	9906.983398
1195.945313	9938.126953
1194.852539	9893.982422
1193.758789	9752.464844
1192.666016	9807.961914
1191.572266	9728.470703
1190.477539	9810.493164
1189.383789	9527.566406
1188.289063	9461.449219
1187.194336	9393.147461
1186.099609	9375.709961
1185.004883	9265.468750
1183.909180	9389.458008
1182.813477	9188.697266
1181.717773	8910.727539
1180.621094	9034.711914
1179.525391	9043.856445
1178.428711	8966.924805
1177.332031	8656.134766
1176.235352	8735.944336
1175.137695	8694.413086
1174.040039	8699.206055
1172.942383	8856.119141
1171.844727	8554.491211
1170.747070	8695.941406
1169.648438	8566.328125
1168.549805	8485.231445
1167.451172	8661.842773
1166.351563	8624.795898
1165.252930	8493.103516
1164.153320	8500.125977
1163.053711	8452.131836
1161.953125	8654.962891
1160.853516	8631.151367
1159.752930	8710.708008
1158.652344	8755.052734
1157.550781	8726.836914
1156.450195	8949.174805
1155.348633	8775.909180
1154.247070	8892.695313
1153.145508	8877.650391
1152.042969	8919.705078
1150.940430	8915.636719
1149.837891	8915.959961
1148.735352	8918.476563
1147.632813	8940.738281
1146.529297	8908.151367
1145.425781	9195.772461
1144.322266	9187.262695
1143.217773	9310.289063
1142.114258	9385.043945
1141.009766	9352.394531
1139.905273	9308.803711
1138.799805	9368.177734
1137.695313	9357.449219
1136.589844	9335.778320
1135.484375	9276.902344
1134.378906	9439.090820
1133.272461	9373.653320
1132.166016	9166.047852
1131.059570	9330.343750
1129.953125	9267.154297
1128.846680	9232.413086
1127.739258	9025.009766
1126.631836	9167.340820
1125.524414	9139.195313
1124.416016	9187.513672
1123.307617	9069.833008
1122.200195	9137.794922
1121.090820	9015.807617
1119.982422	9210.338867
1118.873047	9260.770508
1117.763672	9125.743164
1116.654297	9278.684570
1115.544922	9261.466797
1114.434570	9634.519531
1113.325195	9778.537109
1112.213867	10120.812500
1111.103516	10767.985352
1109.993164	11203.579102
1108.881836	11610.674805
1107.770508	12337.690430
1106.658203	13033.920898
1105.546875	13949.691406
1104.434570	14432.027344
1103.322266	14851.064453
1102.209961	15437.416016
1101.096680	15777.772461
1099.984375	16022.315430
1098.871094	16042.850586
1097.757813	16015.562500
1096.643555	15529.799805
1095.529297	15304.935547
1094.415039	14971.565430
1093.300781	14505.872070
1092.186523	13960.042969
1091.071289	13010.708008
1089.956055	12506.656250
1088.840820	11944.233398
1087.725586	11165.123047
1086.609375	10757.204102
1085.493164	10384.149414
1084.376953	10295.243164
1083.260742	9961.456055
1082.143555	9517.293945
1081.027344	9411.292969
1079.910156	9355.155273
1078.791992	9249.232422
1077.674805	9128.197266
1076.556641	8875.167969
1075.438477	8957.699219
1074.320313	8966.625977
1073.201172	9010.162109
1072.082031	9016.911133
1070.962891	8846.339844
1069.843750	9028.236328
1068.724609	8998.229492
1067.604492	9128.150391
1066.484375	9238.571289
1065.364258	9323.023438
1064.243164	9405.280273
1063.123047	9338.516602
1062.001953	9429.369141
1060.880859	9571.980469
1059.758789	9654.112305
1058.637695	9768.569336
1057.515625	9686.698242
1056.392578	9729.936523
1055.270508	9656.730469
1054.147461	9721.510742
1053.025391	9702.213867
1051.901367	9607.512695
1050.778320	9596.863281
1049.654297	9370.846680
1048.531250	9566.963867
1047.407227	9358.270508
1046.282227	9524.173828
1045.158203	9337.094727
1044.033203	9345.875977
1042.908203	9191.177734
1041.782227	9333.318359
1040.657227	9090.533203
1039.531250	9191.791016
1038.405273	9288.707031
1037.279297	9239.468750
1036.152344	9274.032227
1035.025391	9538.395508
1033.898438	9366.735352
1032.771484	9364.750977
1031.644531	9510.872070
1030.516602	9410.141602
1029.388672	9714.958984
1028.260742	9502.682617
1027.131836	9672.239258
1026.002930	9505.088867
1024.874023	9633.840820
1023.745117	9749.677734
1022.616211	9848.322266
1021.486328	9818.384766
1020.356445	9968.376953
1019.226563	9893.455078
1018.095703	10039.084961
1016.965820	9846.449219
1015.834961	10002.726563
1014.704102	9842.272461
1013.572266	9780.288086
1012.441406	10069.079102
1011.309570	9793.245117
1010.176758	9930.125000
1009.044922	9902.369141
1007.912109	9904.541992
1006.779297	9859.710938
1005.646484	9857.618164
1004.513672	10009.285156
1003.379883	10252.695313
1002.246094	10463.982422
1001.112305	10310.233398
999.978516	10197.090820
998.843750	9868.534180
997.708984	9744.867188
996.574219	9570.076172
995.439453	9367.642578
994.303711	9227.107422
993.167969	9248.588867
992.032227	9344.629883
990.896484	9199.926758
989.759766	9202.231445
988.623047	9112.978516
987.486328	9040.792969
986.349609	9028.229492
985.211914	9092.274414
984.075195	9143.525391
982.936523	9050.124023
981.798828	9316.136719
980.661133	9088.795898
979.522461	9110.244141
978.383789	9310.194336
977.244141	9592.920898
976.105469	9603.625977
974.965820	9567.602539
973.826172	9862.832031
972.685547	9992.351563
971.545898	10172.753906
970.405273	10537.689453
969.264648	10792.149414
968.124023	10700.768555
966.982422	11035.667969
965.840820	11162.648438
964.699219	11149.673828
963.557617	10954.447266
962.415039	11149.163086
961.273438	11127.723633
960.129883	11133.826172
958.987305	10765.134766
957.844727	10820.000977
956.701172	10728.800781
955.557617	10451.421875
954.413086	10461.889648
953.269531	10269.291992
952.125000	10273.448242
950.980469	10078.857422
949.835938	10226.792969
948.690430	10180.231445
947.544922	9920.282227
946.399414	10277.291992
945.253906	10118.809570
944.107422	10342.591797
942.961914	10319.275391
941.815430	10382.505859
940.667969	10618.749023
939.521484	10707.206055
938.374023	10888.434570
937.226563	10989.447266
936.078125	11132.585938
934.930664	11621.373047
933.782227	12331.243164
932.633789	12967.061523
931.485352	13756.392578
930.335938	14513.792969
929.186523	15420.376953
928.037109	16640.261719
926.887695	17348.148438
925.737305	18059.939453
924.587891	18815.607422
923.436523	18771.623047
922.286133	18961.095703
921.135742	18757.298828
919.984375	17792.607422
918.833008	16840.939453
917.680664	15948.511719
916.529297	14934.617188
915.376953	14158.495117
914.224609	13113.916016
913.071289	12435.087891
911.918945	11594.925781
910.765625	11277.663086
909.612305	10782.196289
908.458984	10580.613281
907.304688	10240.699219
906.150391	9894.639648
904.996094	9974.280273
903.841797	9726.930664
902.686523	9630.555664
901.531250	9831.708008
900.375977	9517.521484
899.220703	9456.850586
898.064453	9417.141602
896.908203	9339.772461
895.751953	9344.051758
894.595703	9352.513672
893.438477	9264.747070
892.281250	9325.505859
891.124023	9292.144531
889.966797	9189.811523
888.808594	9102.152344
887.650391	9121.099609
886.492188	9202.711914
885.333008	8981.427734
884.174805	9052.592773
883.015625	9019.336914
881.856445	9023.666992
880.696289	9038.428711
879.536133	8994.763672
878.376953	8886.449219
877.215820	8953.368164
876.055664	9005.663086
874.894531	8918.260742
873.733398	8976.791992
872.572266	8962.365234
871.410156	8920.860352
870.249023	8981.434570
869.086914	8862.891602
867.924805	8869.319336
866.761719	8913.210938
865.598633	8890.488281
864.435547	9005.098633
863.272461	8884.594727
862.109375	9007.474609
860.945313	8847.513672
859.781250	8806.117188
858.616211	8901.913086
857.452148	8976.888672
856.287109	8835.766602
855.122070	9051.964844
853.957031	8937.882813
852.791016	8981.640625
851.625000	8923.666992
850.458984	9046.269531
849.292969	9158.444336
848.125977	9160.625977
846.958984	9061.182617
845.791992	8874.692383
844.625000	8966.074219
843.457031	8924.768555
842.290039	8953.933594
841.121094	8962.368164
839.953125	9107.504883
838.784180	8933.666992
837.615234	9128.435547
836.446289	9029.185547
835.277344	8963.088867
834.107422	9201.174805
832.937500	9046.118164
831.767578	9184.809570
830.597656	9292.424805
829.426758	9083.697266
828.255859	8953.598633
827.084961	9218.239258
825.913086	9369.137695
824.742188	9003.590820
823.570313	9199.901367
822.397461	9280.506836
821.225586	9235.162109
820.052734	9346.680664
818.879883	9103.262695
817.707031	9095.115234
816.533203	9086.969727
815.359375	9183.988281
814.185547	9056.257813
813.011719	9074.918945
811.836914	9169.814453
810.662109	9071.010742
809.487305	9262.673828
808.312500	9373.940430
807.136719	9501.628906
805.961914	9606.619141
804.785156	9509.882813
803.609375	9559.272461
802.432617	9641.552734
801.255859	9464.661133
800.079102	9507.857422
798.902344	9522.253906
797.724609	9581.860352
796.546875	9472.942383
795.369141	9503.770508
794.190430	9592.096680
793.012695	9423.691406
791.833984	9577.694336
790.654297	9335.468750
789.475586	9511.997070
788.295898	9427.875000
787.116211	9393.019531
785.936523	9608.386719
784.755859	9522.245117
783.575195	9202.441406
782.394531	9382.865234
781.213867	9438.215820
780.032227	9448.470703
778.851563	9485.347656
777.668945	9591.833008
776.487305	9583.620117
775.304688	9477.158203
774.123047	9589.713867
772.939453	9581.504883
771.756836	9706.260742
770.573242	9851.414063
769.389648	9814.526367
768.206055	9971.858398
767.022461	9977.878906
765.837891	10063.587891
764.653320	10224.847656
763.468750	10492.246094
762.283203	10467.515625
761.097656	10912.364258
759.912109	10852.852539
758.726563	11150.492188
757.540039	11511.250977
756.353516	11506.722656
755.166992	11920.271484
753.980469	12201.108398
752.792969	12734.598633
751.605469	13363.646484
750.417969	14051.513672
749.230469	15258.565430
748.041992	16503.792969
746.853516	17939.892578
745.665039	20069.601563
744.476563	22528.128906
743.287109	25048.673828
742.097656	27537.607422
740.908203	29811.880859
739.717773	31041.896484
738.527344	32088.388672
737.336914	32034.685547
736.146484	31783.867188
734.955078	31157.253906
733.763672	30201.810547
732.572266	29585.960938
731.380859	28903.367188
730.188477	28629.125000
728.996094	27465.990234
727.803711	26816.761719
726.611328	26100.861328
725.417969	25799.060547
724.224609	24803.830078
723.031250	24119.238281
721.836914	23706.568359
720.643555	22165.244141
719.449219	21027.798828
718.253906	19327.685547
717.059570	18112.359375
715.864258	16968.427734
714.668945	16237.976563
713.473633	15396.521484
712.277344	14808.374023
711.081055	14030.307617
709.884766	13693.522461
708.687500	13389.237305
707.491211	12973.884766
706.293945	12918.513672
705.096680	12780.308594
703.898438	12710.858398
702.700195	12554.576172
701.501953	12341.811523
700.303711	12110.965820
699.105469	12312.227539
697.906250	12176.346680
696.707031	12131.328125
695.506836	12179.127930
694.307617	12198.669922
693.107422	12468.251953
691.907227	12646.992188
690.706055	13027.220703
689.505859	13145.302734
688.304688	13958.434570
687.102539	14307.912109
685.901367	14761.959961
684.699219	15304.402344
683.497070	16176.745117
682.294922	16450.966797
681.091797	17185.851563
679.889648	17292.759766
678.685547	17397.609375
677.482422	17148.501953
676.278320	16714.544922
675.075195	16351.124023
673.870117	15955.707031
672.666016	15829.681641
671.460938	15804.141602
670.255859	15324.753906
669.050781	15259.177734
667.845703	15211.695313
666.639648	15234.473633
665.433594	15213.099609
664.226563	15338.173828
663.020508	15477.232422
661.813477	15832.787109
660.606445	15945.614258
659.398438	16028.326172
658.191406	16211.194336
656.983398	16093.467773
655.775391	16502.576172
654.566406	16527.017578
653.358398	16185.060547
652.149414	16509.808594
650.939453	16224.036133
649.730469	16030.424805
648.520508	15722.875000
647.310547	15505.455078
646.099609	14778.258789
644.889648	14535.150391
643.678711	13808.480469
642.467773	13385.849609
641.255859	13301.023438
640.044922	12896.662109
638.833008	12670.199219
637.620117	12579.591797
636.408203	12502.995117
635.195313	12338.626953
633.982422	12503.526367
632.769531	12642.421875
631.555664	13058.458984
630.341797	13623.851563
629.127930	13487.320313
627.914063	14010.517578
626.699219	14557.396484
625.484375	14321.143555
624.269531	14274.201172
623.053711	14040.102539
621.838867	13837.958008
620.622070	13418.952148
619.406250	13045.896484
618.190430	12667.035156
616.973633	12298.283203
615.756836	11790.488281
614.539063	11855.510742
613.321289	11626.317383
612.104492	11309.781250
610.885742	11140.412109
609.667969	11094.275391
608.449219	11290.451172
607.230469	11061.627930
606.011719	10898.413086
604.791992	10822.595703
603.572266	10842.056641
602.352539	10857.540039
601.132813	10648.891602
599.912109	10630.698242
598.691406	10737.412109
597.470703	10735.063477
596.249023	10659.393555
595.028320	10902.734375
593.805664	10743.865234
592.583984	10723.690430
591.362305	10788.661133
590.139648	10843.705078
588.916992	10847.268555
587.693359	10724.197266
586.469727	10729.762695
585.246094	10646.324219
584.022461	10752.746094
582.798828	10724.692383
581.574219	10817.213867
580.349609	10735.802734
579.125000	10948.791992
577.899414	10944.417969
576.673828	11013.110352
575.448242	11160.744141
574.221680	11290.547852
572.996094	11380.825195
571.769531	11638.768555
570.541992	11306.796875
569.315430	11844.685547
568.087891	11761.248047
566.860352	11890.745117
565.632813	11665.432617
564.404297	11694.401367
563.175781	11681.986328
561.947266	11531.708008
560.717773	11472.074219
559.489258	11371.123047
558.259766	11104.882813
557.029297	11320.874023
555.799805	11105.912109
554.569336	11073.970703
553.338867	10835.556641
552.107422	10841.042969
550.876953	11131.546875
549.645508	10824.492188
548.413086	10941.968750
547.181641	10862.956055
545.949219	11009.829102
544.716797	10991.703125
543.484375	10834.207031
542.250977	10904.444336
541.017578	10900.086914
539.784180	10944.775391
538.550781	10954.138672
537.316406	11028.208008
536.082031	10923.838867
534.847656	10778.353516
533.612305	10860.249023
532.376953	10828.473633
531.141602	10781.041992
529.906250	10710.129883
528.669922	10895.733398
527.433594	10699.547852
526.197266	10611.084961
524.959961	10915.939453
523.722656	10837.248047
522.485352	11306.200195
521.248047	11829.694336
520.009766	12638.371094
518.771484	12770.448242
517.533203	12032.922852
516.294922	11694.255859
515.055664	11437.769531
513.816406	11050.561523
512.577148	11034.462891
511.336914	10889.546875
510.096680	11035.459961
508.856445	10892.555664
507.616211	11094.969727
506.375000	11020.370117
505.133789	10910.708008
503.892578	10843.977539
502.650391	10999.447266
