1802.219727	12298.595703
1801.250000	12600.753906
1800.281250	12693.110352
1799.311523	12640.651367
1798.341797	12615.665039
1797.372070	12505.851563
1796.402344	11874.693359
1795.431641	11393.436523
1794.460938	11306.375000
1793.491211	11428.774414
1792.519531	12012.272461
1791.548828	12276.536133
1790.578125	12161.956055
1789.606445	11833.177734
1788.634766	11688.842773
1787.663086	11631.720703
1786.690430	11801.184570
1785.718750	11953.155273
1784.746094	12324.071289
1783.773438	12794.365234
1782.800781	13271.934570
1781.828125	12978.276367
1780.854492	12945.838867
1779.880859	13403.199219
1778.908203	13790.776367
1777.933594	13867.543945
1776.959961	13320.614258
1775.986328	13049.651367
1775.011719	12150.413086
1774.037109	11986.571289
1773.062500	12046.240234
1772.086914	12351.625977
1771.112305	12798.349609
1770.136719	13584.823242
1769.161133	13795.447266
1768.185547	14100.236328
1767.209961	14340.428711
1766.233398	14503.666992
1765.257813	14406.569336
1764.281250	14790.292969
1763.304688	14264.521484
1762.327148	13568.027344
1761.350586	13250.757813
1760.373047	13275.341797
1759.395508	13205.835938
1758.417969	13616.562500
1757.440430	14611.174805
1756.461914	15162.489258
1755.483398	15236.137695
1754.504883	15455.681641
1753.526367	14681.066406
1752.547852	14198.494141
1751.568359	13978.127930
1750.589844	14059.349609
1749.610352	14273.962891
1748.630859	14992.437500
1747.650391	15285.810547
1746.670898	14803.692383
1745.690430	14437.802734
1744.709961	13919.021484
1743.729492	14032.218750
1742.749023	13950.447266
1741.767578	14256.006836
1740.786133	14401.127930
1739.804688	14144.252930
1738.823242	14311.525391
1737.841797	14113.926758
1736.859375	13763.615234
1735.876953	13312.422852
1734.895508	13548.700195
1733.912109	14178.947266
1732.929688	14712.905273
1731.946289	15059.542969
1730.963867	14839.914063
1729.980469	14071.584961
1728.997070	13338.009766
1728.012695	12941.740234
1727.029297	13079.329102
1726.044922	13740.618164
1725.060547	14431.142578
1724.076172	15096.809570
1723.090820	15361.639648
1722.106445	14827.845703
1721.121094	14390.068359
1720.135742	13778.091797
1719.150391	13731.123047
1718.164063	13463.222656
1717.178711	13588.150391
1716.192383	13847.998047
1715.206055	13845.213867
1714.219727	13876.772461
1713.232422	14281.102539
1712.246094	15043.266602
1711.258789	15346.684570
1710.271484	15265.164063
1709.284180	15499.797852
1708.295898	15043.416992
1707.307617	14851.773438
1706.320313	14557.344727
1705.332031	14534.826172
1704.342773	15033.761719
1703.354492	15400.324219
1702.365234	16385.857422
1701.375977	16964.855469
1700.386719	16954.101563
1699.397461	17302.859375
1698.408203	17463.201172
1697.417969	17616.142578
1696.427734	17116.431641
1695.437500	16841.738281
1694.447266	16672.208984
1693.456055	16983.957031
1692.464844	17681.445313
1691.474609	18156.455078
1690.482422	18479.919922
1689.491211	18488.400391
1688.500000	18279.697266
1687.507813	18566.341797
1686.515625	19274.857422
1685.523438	19378.277344
1684.530273	19323.167969
1683.538086	18902.416016
1682.544922	18574.449219
1681.551758	18002.935547
1680.558594	18228.316406
1679.565430	18570.525391
1678.571289	19005.134766
1677.577148	19673.312500
1676.583008	19669.345703
1675.588867	19957.437500
1674.594727	20043.447266
1673.599609	19540.667969
1672.604492	19595.103516
1671.609375	19557.103516
1670.614258	19348.921875
1669.619141	18980.384766
1668.623047	18405.410156
1667.626953	18238.892578
1666.630859	18356.683594
1665.634766	18459.849609
1664.638672	18664.970703
1663.641602	18862.720703
1662.644531	18230.203125
1661.647461	17612.498047
1660.650391	17611.369141
1659.652344	17556.867188
1658.655273	17958.378906
1657.657227	17874.726563
1656.659180	17963.248047
1655.660156	18495.330078
1654.662109	19073.244141
1653.663086	18955.507813
1652.664063	18602.828125
1651.665039	18025.039063
1650.666016	17849.464844
1649.666016	17954.806641
1648.666992	18599.898438
1647.666992	19138.244141
1646.666016	19458.605469
1645.666016	19442.576172
1644.666016	18831.566406
1643.665039	18997.029297
1642.664063	19169.677734
1641.663086	19127.126953
1640.661133	19147.425781
1639.660156	18752.128906
1638.658203	18501.933594
1637.656250	19237.250000
1636.653320	19496.564453
1635.651367	19323.623047
1634.648438	19054.199219
1633.646484	19064.824219
1632.642578	19613.492188
1631.639648	19180.136719
1630.636719	19031.546875
1629.632813	18803.441406
1628.628906	19267.335938
1627.625000	20099.824219
1626.621094	20654.839844
1625.616211	20966.285156
1624.611328	20894.591797
1623.607422	20871.093750
1622.601563	20368.431641
1621.596680	19545.785156
1620.590820	18810.121094
1619.585938	18327.429688
1618.580078	18287.628906
1617.574219	18483.576172
1616.567383	18289.839844
1615.561523	18120.224609
1614.554688	18412.244141
1613.547852	18456.583984
1612.540039	19130.496094
1611.533203	19960.300781
1610.525391	20972.322266
1609.518555	21133.779297
1608.509766	21400.816406
1607.501953	21014.783203
1606.494141	20180.085938
1605.485352	20274.378906
1604.476563	20817.269531
1603.467773	21810.882813
1602.458984	22233.332031
1601.449219	22255.197266
1600.439453	21637.001953
1599.429688	21778.812500
1598.419922	21714.488281
1597.410156	21983.195313
1596.399414	21990.710938
1595.388672	22333.486328
1594.377930	22676.123047
1593.367188	23157.458984
1592.356445	24016.738281
1591.344727	24600.494141
1590.333008	25121.812500
1589.321289	24853.609375
1588.309570	24599.861328
1587.297852	24252.972656
1586.285156	24530.113281
1585.272461	25189.521484
1584.259766	24818.826172
1583.247070	25153.011719
1582.233398	26091.337891
1581.219727	27077.039063
1580.206055	27902.376953
1579.192383	27636.527344
1578.178711	27638.070313
1577.164063	27940.250000
1576.149414	28325.798828
1575.134766	28491.763672
1574.120117	28140.210938
1573.105469	27848.402344
1572.089844	28033.427734
1571.074219	28921.392578
1570.058594	29022.730469
1569.042969	29347.947266
1568.026367	29468.205078
1567.010742	29447.925781
1565.994141	29556.208984
1564.977539	29666.826172
1563.959961	29170.570313
1562.943359	28964.779297
1561.925781	29520.271484
1560.908203	29740.199219
1559.890625	29375.103516
1558.872070	29435.689453
1557.854492	28728.539063
1556.835938	28508.822266
1555.817383	28049.232422
1554.798828	27962.759766
1553.779297	28130.433594
1552.760742	27991.740234
1551.741211	27997.910156
1550.721680	27308.662109
1549.701172	26584.097656
1548.681641	25876.435547
1547.661133	26003.996094
1546.640625	25979.726563
1545.620117	25765.785156
1544.599609	28979.712891
1543.578125	30113.800781
1542.556641	24761.931641
1541.535156	24993.792969
1540.513672	24803.949219
1539.492188	25293.830078
1538.469727	25527.804688
1537.447266	25657.529297
1536.424805	26234.498047
1535.402344	26082.447266
1534.378906	26126.808594
1533.356445	26287.046875
1532.333008	26080.683594
1531.308594	26110.828125
1530.285156	25930.583984
1529.261719	25724.414063
1528.237305	25868.023438
1527.212891	25513.123047
1526.188477	25748.826172
1525.163086	25889.976563
1524.137695	26481.996094
1523.113281	26752.759766
1522.087891	26936.093750
1521.061523	27003.738281
1520.036133	27165.710938
1519.009766	27412.523438
1517.983398	27329.113281
1516.957031	28113.298828
1515.930664	28223.052734
1514.903320	28080.611328
1513.875977	28286.921875
1512.848633	28976.042969
1511.821289	29648.394531
1510.793945	30143.873047
1509.765625	30010.591797
1508.737305	30858.839844
1507.708984	30932.542969
1506.680664	31093.263672
1505.651367	31439.742188
1504.622070	31644.974609
1503.593750	31586.779297
1502.563477	32290.257813
1501.534180	31973.417969
1500.503906	31830.593750
1499.474609	31770.050781
1498.444336	31563.902344
1497.413086	31475.255859
1496.382813	31546.300781
1495.351563	31528.111328
1494.320313	31230.644531
1493.289063	30801.894531
1492.257813	30342.820313
1491.225586	30242.794922
1490.194336	29859.060547
1489.162109	29573.951172
1488.129883	29396.783203
1487.096680	29060.324219
1486.064453	28991.113281
1485.031250	29008.607422
1483.998047	28730.980469
1482.963867	28575.234375
1481.930664	29065.714844
1480.896484	28870.166016
1479.862305	28838.513672
1478.828125	29089.980469
1477.793945	29479.357422
1476.758789	30305.925781
1475.724609	30921.708984
1474.689453	31079.021484
1473.653320	31764.509766
1472.618164	32190.322266
1471.582031	32592.595703
1470.545898	32880.242188
1469.509766	33714.257813
1468.473633	34494.230469
1467.437500	34636.566406
1466.400391	35633.085938
1465.363281	36290.832031
1464.326172	36754.667969
1463.288086	37521.539063
1462.250977	37786.703125
1461.212891	38807.191406
1460.174805	39715.363281
1459.136719	40096.437500
1458.097656	40183.753906
1457.058594	40753.273438
1456.019531	41080.320313
1454.980469	41227.917969
1453.941406	41873.703125
1452.901367	41534.566406
1451.862305	41970.558594
1450.822266	42117.843750
1449.781250	42737.312500
1448.741211	43798.441406
1447.700195	44617.292969
1446.659180	44684.855469
1445.618164	45512.480469
1444.577148	45249.824219
1443.535156	45103.449219
1442.494141	44518.082031
1441.452148	43814.503906
1440.410156	42530.699219
1439.367188	41509.757813
1438.324219	40500.839844
1437.282227	38865.761719
1436.239258	37813.714844
1435.195313	36836.324219
1434.152344	36211.851563
1433.108398	35511.113281
1432.064453	35014.667969
1431.020508	34337.640625
1429.976563	33883.347656
1428.931641	33623.851563
1427.886719	33054.070313
1426.841797	33288.121094
1425.796875	33061.316406
1424.750977	32809.140625
1423.706055	32677.414063
1422.660156	33075.636719
1421.613281	33272.421875
1420.567383	33258.636719
1419.521484	33483.050781
1418.474609	32951.328125
1417.427734	33515.507813
1416.379883	33878.386719
1415.333008	34185.660156
1414.285156	34488.183594
1413.237305	34227.023438
1412.189453	34298.492188
1411.141602	34397.632813
1410.092773	34369.777344
1409.043945	34385.781250
1407.995117	34330.250000
1406.946289	33914.875000
1405.897461	34097.011719
1404.847656	33790.226563
1403.797852	33206.917969
1402.748047	32921.183594
1401.698242	32746.177734
1400.647461	32426.093750
1399.596680	31990.962891
1398.545898	31880.736328
1397.495117	31717.593750
1396.444336	31236.832031
1395.392578	31085.392578
1394.340820	31028.361328
1393.289063	30446.804688
1392.237305	30408.326172
1391.184570	30052.503906
1390.131836	30048.607422
1389.079102	29644.726563
1388.026367	29813.285156
1386.973633	29117.794922
1385.919922	29254.224609
1384.866211	29367.628906
1383.812500	29680.767578
1382.758789	29922.603516
1381.704102	30015.134766
1380.649414	30594.158203
1379.594727	31345.027344
1378.540039	31416.556641
1377.484375	31293.103516
1376.429688	32059.410156
1375.374023	32050.500000
1374.318359	32399.164063
1373.261719	32536.849609
1372.206055	33052.523438
1371.149414	32867.023438
1370.092773	32915.203125
1369.036133	33155.699219
1367.978516	33309.101563
1366.921875	33679.878906
1365.864258	33739.285156
1364.806641	33647.664063
1363.748047	33750.507813
1362.690430	34136.886719
1361.631836	34385.914063
1360.573242	34806.289063
1359.513672	34883.660156
1358.455078	34442.296875
1357.395508	35458.660156
1356.335938	36077.171875
1355.276367	36282.089844
1354.216797	36975.515625
1353.156250	37182.441406
1352.095703	37701.941406
1351.035156	38422.019531
1349.974609	39324.292969
1348.914063	40723.406250
1347.852539	42327.164063
1346.791016	43127.753906
1345.729492	44030.578125
1344.666992	45393.367188
1343.605469	46470.785156
1342.542969	47798.328125
1341.480469	49004.613281
1340.416992	50353.851563
1339.354492	51893.753906
1338.291016	53401.152344
1337.227539	55028.531250
1336.164063	56134.226563
1335.099609	57410.062500
1334.036133	58187.316406
1332.971680	58775.531250
1331.907227	58517.847656
1330.842773	59180.742188
1329.777344	58827.640625
1328.711914	58438.332031
1327.646484	57835.675781
1326.581055	56613.308594
1325.514648	55289.277344
1324.449219	54018.000000
1323.382813	52792.632813
1322.316406	51297.761719
1321.249023	50304.855469
1320.182617	49251.117188
1319.115234	48345.207031
1318.047852	47040.652344
1316.980469	46294.238281
1315.912109	45532.265625
1314.843750	45024.367188
1313.775391	43948.097656
1312.707031	43719.300781
1311.638672	43477.007813
1310.569336	43171.429688
1309.500000	42657.742188
1308.430664	42232.519531
1307.361328	42051.812500
1306.291016	41805.582031
1305.221680	41265.457031
1304.151367	40350.222656
1303.080078	40090.929688
1302.009766	39397.800781
1300.938477	39267.605469
1299.867188	38543.304688
1298.795898	38146.808594
1297.724609	37296.578125
1296.652344	36342.839844
1295.580078	35362.410156
1294.507813	34883.394531
1293.435547	33596.808594
1292.363281	33580.808594
1291.290039	33197.183594
1290.216797	33145.187500
1289.143555	32570.177734
1288.069336	32491.283203
1286.996094	32049.601563
1285.921875	31513.474609
1284.847656	31603.787109
1283.772461	31392.275391
1282.698242	31797.802734
1281.623047	31924.013672
1280.547852	31768.830078
1279.472656	32003.000000
1278.396484	31726.373047
1277.321289	32115.654297
1276.245117	32126.966797
1275.167969	32288.914063
1274.091797	32500.246094
1273.014648	32421.566406
1271.938477	32046.320313
1270.860352	32192.414063
1269.783203	31895.978516
1268.706055	32421.541016
1267.627930	32327.236328
1266.549805	32484.367188
1265.471680	32246.457031
1264.392578	31600.291016
1263.313477	31950.386719
1262.235352	31631.990234
1261.155273	31118.646484
1260.076172	30601.029297
1258.996094	30502.759766
1257.916992	30093.046875
1256.835938	29658.857422
1255.755859	29527.242188
1254.675781	28824.607422
1253.594727	28256.605469
1252.513672	28214.900391
1251.432617	27958.355469
1250.350586	27643.736328
1249.269531	27400.835938
1248.187500	27267.634766
1247.104492	27434.140625
1246.022461	26663.789063
1244.939453	26515.171875
1243.857422	26780.060547
1242.774414	26535.398438
1241.690430	26543.269531
1240.607422	26321.091797
1239.523438	26262.011719
1238.439453	26229.744141
1237.355469	26128.296875
1236.270508	26642.804688
1235.186523	25945.601563
1234.101563	25911.189453
1233.015625	25375.001953
1231.930664	25331.800781
1230.844727	25643.068359
1229.759766	25829.392578
1228.673828	25821.773438
1227.586914	25433.193359
1226.500977	25543.708984
1225.414063	25449.298828
1224.327148	25742.332031
1223.240234	25761.443359
1222.152344	25858.439453
1221.064453	25688.384766
1219.977539	25609.607422
1218.888672	25613.154297
1217.800781	25654.501953
1216.711914	25726.955078
1215.623047	25414.841797
1214.534180	25669.539063
1213.445313	25199.816406
1212.355469	25563.294922
1211.266602	25842.226563
1210.176758	25350.552734
1209.085938	25491.771484
1207.996094	25453.150391
1206.905273	25720.769531
1205.814453	25832.976563
1204.723633	25561.402344
1203.631836	25544.970703
1202.541016	25399.945313
1201.449219	25596.355469
1200.357422	24919.478516
1199.264648	24896.539063
1198.172852	24570.109375
1197.080078	24164.082031
1195.987305	23968.587891
1194.893555	24375.363281
1193.800781	24620.384766
1192.707031	25137.500000
1191.613281	25132.240234
1190.519531	25469.851563
1189.424805	25513.175781
1188.331055	25824.029297
1187.236328	25380.906250
1186.141602	25415.376953
1185.045898	25341.550781
1183.950195	25245.664063
1182.855469	25514.271484
1181.758789	25290.298828
1180.663086	25176.814453
1179.566406	24966.248047
1178.470703	24941.154297
1177.374023	25094.798828
1176.276367	24948.351563
1175.179688	25373.216797
1174.082031	25235.589844
1172.984375	24683.541016
1171.886719	25141.251953
1170.788086	25078.685547
1169.689453	25046.988281
1168.590820	24995.478516
1167.492188	24543.156250
1166.393555	24584.250000
1165.293945	24475.626953
1164.194336	24620.160156
1163.094727	24399.345703
1161.995117	24348.027344
1160.894531	24789.437500
1159.793945	24845.812500
1158.693359	24328.308594
1157.592773	24575.998047
1156.491211	24533.478516
1155.390625	24453.623047
1154.289063	24514.394531
1153.186523	24656.406250
1152.084961	24578.765625
1150.982422	24584.582031
1149.879883	24588.201172
1148.777344	24609.373047
1147.673828	24843.357422
1146.571289	24717.492188
1145.467773	24859.242188
1144.364258	25294.748047
1143.259766	24975.947266
1142.156250	24983.851563
1141.051758	24901.906250
1139.947266	25260.353516
1138.841797	24727.166016
1137.737305	24916.871094
1136.631836	24977.318359
1135.526367	24961.125000
1134.420898	24758.908203
1133.314453	25112.548828
1132.208008	24669.746094
1131.101563	25091.054688
1129.995117	24836.496094
1128.887695	24890.300781
1127.781250	24771.406250
1126.673828	24984.728516
1125.566406	25213.251953
1124.458008	25275.666016
1123.349609	25211.380859
1122.242188	25441.892578
1121.132813	25344.853516
1120.024414	25466.109375
1118.915039	25438.927734
1117.805664	25745.548828
1116.696289	25857.914063
1115.586914	26227.554688
1114.476563	26464.042969
1113.367188	26737.486328
1112.255859	27074.015625
1111.145508	27532.417969
1110.035156	27881.703125
1108.923828	28644.654297
1107.812500	29363.732422
1106.700195	29988.892578
1105.588867	31140.523438
1104.476563	31593.126953
1103.364258	32245.701172
1102.251953	32578.240234
1101.139648	32825.820313
1100.026367	32871.085938
1098.913086	32594.603516
1097.799805	32674.667969
1096.685547	32237.541016
1095.572266	31605.074219
1094.458008	31146.632813
1093.342773	30145.494141
1092.228516	29548.599609
1091.113281	28786.986328
1089.999023	28134.201172
1088.882813	27494.708984
1087.767578	27061.564453
1086.651367	26452.927734
1085.536133	26213.166016
1084.419922	25399.011719
1083.302734	25770.785156
1082.186523	25643.996094
1081.069336	25044.958984
1079.952148	25284.437500
1078.834961	25157.826172
1077.716797	24957.652344
1076.598633	24781.373047
1075.480469	24706.884766
1074.362305	24714.650391
1073.243164	25178.873047
1072.125000	25089.203125
1071.005859	25695.865234
1069.886719	25493.701172
1068.766602	25847.123047
1067.646484	25904.332031
1066.526367	26328.814453
1065.406250	26783.357422
1064.286133	26712.908203
1063.165039	27160.697266
1062.043945	27446.388672
1060.922852	27544.185547
1059.801758	27842.619141
1058.679688	28039.527344
1057.557617	28141.445313
1056.435547	27883.187500
1055.313477	27700.498047
1054.190430	27657.996094
1053.067383	27656.457031
1051.944336	27420.060547
1050.821289	27330.246094
1049.697266	27076.785156
1048.573242	26868.648438
1047.449219	27267.695313
1046.325195	26876.652344
1045.200195	26530.960938
1044.075195	26518.892578
1042.950195	26678.906250
1041.825195	26066.804688
1040.699219	26009.685547
1039.574219	26152.503906
1038.448242	26329.646484
1037.321289	25832.013672
1036.195313	25562.304688
1035.068359	24916.841797
1033.941406	24829.964844
1032.814453	25002.900391
1031.686523	25628.660156
1030.559570	26318.535156
1029.431641	26531.804688
1028.302734	27066.746094
1027.174805	27133.927734
1026.045898	27364.037109
1024.916992	27894.169922
1023.788086	27581.769531
1022.658203	27740.919922
1021.529297	27846.441406
1020.399414	27658.476563
1019.269531	27772.533203
1018.138672	27184.292969
1017.008789	27195.652344
1015.877930	27031.517578
1014.746094	27021.503906
1013.615234	26705.591797
1012.483398	26633.625000
1011.351563	26638.666016
1010.219727	26530.398438
1009.087891	26182.791016
1007.955078	26098.167969
1006.822266	26462.238281
1005.689453	26471.574219
1004.556641	26446.734375
1003.422852	26315.150391
1002.289063	26548.644531
1001.155273	26555.812500
1000.021484	26426.416016
998.886719	26277.875000
997.751953	25818.000000
996.617188	25620.601563
995.482422	25497.904297
994.346680	25626.769531
993.210938	25259.050781
992.075195	25208.943359
990.939453	25540.146484
989.802734	25977.689453
988.666016	26010.494141
987.529297	26156.109375
986.392578	26278.248047
985.254883	26230.105469
984.118164	26333.027344
982.979492	26512.472656
981.841797	26594.023438
980.704102	26490.570313
979.565430	26546.578125
978.426758	26651.439453
977.287109	26945.353516
976.148438	26750.564453
975.008789	26434.800781
973.869141	26265.679688
972.729492	25933.166016
971.588867	26390.339844
970.448242	26705.142578
969.307617	26992.230469
968.166992	26929.216797
967.025391	27095.255859
965.883789	26811.744141
964.742188	26738.205078
963.600586	27109.742188
962.458008	26786.146484
961.316406	26742.312500
960.173828	26571.419922
959.030273	26229.082031
957.887695	26316.644531
956.744141	26215.792969
955.600586	26260.994141
954.457031	26255.400391
953.312500	26332.298828
952.167969	25603.439453
951.023438	25646.611328
949.878906	25556.591797
948.733398	25253.152344
947.588867	25127.330078
946.442383	25647.988281
945.296875	25640.408203
944.151367	25782.753906
943.004883	26193.154297
941.858398	26261.443359
940.710938	26395.119141
939.564453	26988.675781
938.416992	27126.355469
937.269531	27883.994141
936.122070	28670.824219
934.973633	30007.509766
933.825195	30435.263672
932.676758	31594.000000
931.528320	32665.867188
930.378906	34605.031250
929.230469	35981.128906
928.081055	37144.003906
926.930664	38630.523438
925.781250	39571.367188
924.630859	39215.761719
923.480469	39440.878906
922.330078	38357.789063
921.178711	37315.109375
920.027344	35934.425781
918.875977	34806.531250
917.724609	33376.539063
916.572266	32079.503906
915.419922	30902.744141
914.267578	29991.074219
913.115234	28672.494141
911.961914	28170.996094
910.809570	27518.613281
909.655273	27082.615234
908.501953	26478.986328
907.347656	26680.951172
906.194336	26115.406250
905.040039	26256.564453
903.884766	25882.072266
902.730469	25922.636719
901.575195	25533.708984
900.419922	25704.189453
899.263672	25353.164063
898.108398	25617.820313
896.952148	25650.015625
895.795898	25615.228516
894.638672	25166.179688
893.482422	25273.753906
892.325195	25492.123047
891.167969	25363.300781
890.009766	24887.505859
888.851563	25229.126953
887.694336	25056.556641
886.535156	24965.535156
885.376953	25095.955078
884.217773	25305.671875
883.058594	25713.640625
881.899414	25397.113281
880.740234	25185.066406
879.580078	25413.357422
878.419922	25038.683594
877.259766	25598.511719
876.099609	25495.025391
874.938477	25868.974609
873.777344	25623.742188
872.616211	25955.824219
871.454102	25846.091797
870.292969	25519.783203
869.130859	25878.742188
867.967773	25796.158203
866.805664	25980.048828
865.642578	25816.312500
864.479492	25869.033203
863.316406	25749.072266
862.152344	25188.246094
860.989258	25004.019531
859.825195	25555.796875
858.660156	25101.369141
857.496094	25289.236328
856.331055	25591.285156
855.166016	25828.814453
854.000977	25846.113281
852.834961	25576.884766
851.668945	25376.271484
850.502930	25026.320313
849.336914	24498.076172
848.169922	24538.453125
847.002930	24549.775391
845.835938	25149.976563
844.668945	24922.751953
843.500977	24639.662109
842.333008	25104.759766
841.165039	24867.328125
839.997070	25064.974609
838.828125	25353.650391
837.659180	25176.357422
836.490234	25268.234375
835.321289	25136.560547
834.151367	25422.898438
832.981445	24873.378906
831.811523	25043.828125
830.641602	24848.210938
829.470703	25229.453125
828.299805	24955.333984
827.128906	25297.125000
825.957031	25611.910156
824.786133	25980.261719
823.614258	26053.146484
822.441406	25915.404297
821.269531	25296.759766
820.096680	24985.880859
818.923828	24869.083984
817.750977	24871.982422
816.577148	24955.312500
815.403320	24455.066406
814.229492	24841.492188
813.055664	25011.335938
811.881836	25488.142578
810.707031	25663.951172
809.532227	26045.658203
808.356445	26322.175781
807.181641	26563.570313
806.005859	26267.609375
804.830078	25800.960938
803.653320	25529.978516
802.477539	25384.595703
801.300781	25502.523438
800.124023	25826.021484
798.946289	26108.263672
797.768555	26493.146484
796.590820	26910.742188
795.413086	27603.449219
794.235352	27311.992188
793.056641	27361.548828
791.877930	27643.083984
790.699219	27294.326172
789.519531	26808.218750
788.340820	26982.992188
787.161133	26862.296875
785.980469	26739.599609
784.800781	26719.478516
783.620117	26203.259766
782.439453	25183.066406
781.257813	25507.541016
780.077148	25622.908203
778.895508	25809.912109
777.713867	25552.460938
776.532227	25219.367188
775.349609	25091.107422
774.166992	24842.158203
772.984375	25252.138672
771.800781	25555.568359
770.618164	25247.367188
769.434570	25117.185547
768.250977	25678.021484
767.066406	26046.494141
765.881836	26102.167969
764.697266	25853.417969
763.512695	25939.742188
762.328125	26499.787109
761.142578	26794.175781
759.957031	27000.667969
758.770508	27362.162109
757.584961	27727.580078
756.398438	28166.271484
755.211914	27982.753906
754.025391	28678.107422
752.837891	29289.578125
751.650391	30182.041016
750.462891	31157.658203
749.274414	31827.269531
748.086914	33956.949219
746.898438	36325.992188
745.709961	38903.707031
744.520508	41793.757813
743.331055	44910.476563
742.141602	48473.449219
740.952148	51538.546875
739.762695	53384.140625
738.572266	55320.429688
737.381836	55798.355469
736.191406	54987.554688
735.000000	53252.578125
733.808594	51932.773438
732.617188	49766.589844
731.425781	47938.421875
730.233398	46309.996094
729.041016	44832.476563
727.848633	43743.183594
726.656250	42234.390625
725.462891	40393.593750
724.269531	38657.015625
723.076172	38291.792969
721.881836	37981.457031
720.687500	36816.007813
719.493164	35468.703125
718.298828	34115.906250
717.104492	33276.101563
715.909180	32961.101563
714.713867	32628.015625
713.517578	32620.939453
712.322266	31978.460938
711.125977	31160.250000
709.929688	30285.753906
708.732422	30186.158203
707.536133	30155.347656
706.338867	30375.197266
705.141602	30459.546875
703.943359	30119.552734
702.745117	29731.222656
701.546875	29290.550781
700.348633	28123.162109
699.150391	28500.617188
697.951172	29408.718750
696.751953	29888.638672
695.551758	29900.304688
694.352539	29565.039063
693.152344	29552.568359
691.952148	30066.304688
690.750977	31045.437500
689.550781	31760.146484
688.349609	32262.990234
687.147461	32431.228516
685.946289	32681.960938
684.744141	33063.460938
683.541992	34537.875000
682.339844	36015.675781
681.136719	36901.250000
679.934570	36877.132813
678.731445	36066.605469
677.527344	35324.796875
676.324219	34474.746094
675.120117	34181.828125
673.916016	34278.890625
672.710938	34838.000000
671.505859	34981.070313
670.300781	35007.601563
669.095703	34136.628906
667.890625	33215.847656
666.684570	32773.117188
665.478516	32836.207031
664.272461	33663.578125
663.065430	34452.480469
661.858398	34613.414063
660.651367	35610.253906
659.444336	35556.398438
658.236328	35821.179688
657.028320	35675.140625
655.820313	35286.800781
654.612305	34800.503906
653.403320	34436.542969
652.194336	34208.851563
650.985352	34505.589844
649.775391	34804.195313
648.565430	34104.476563
647.355469	34057.046875
646.145508	32949.890625
644.934570	32812.769531
643.723633	32050.130859
642.512695	31501.630859
641.301758	30423.958984
640.089844	29652.347656
638.877930	29180.603516
637.666016	29393.849609
636.453125	29090.031250
635.241211	28918.050781
634.028320	28708.236328
632.814453	28432.685547
631.601563	29066.644531
630.387695	28817.052734
629.173828	28750.960938
627.958984	29386.421875
626.744141	30272.666016
625.530273	30401.519531
624.314453	30008.498047
623.099609	29896.410156
621.883789	30465.222656
620.667969	30735.230469
619.452148	30394.208984
618.235352	29766.847656
617.018555	29477.898438
615.801758	29469.470703
614.584961	29524.664063
613.367188	29015.310547
612.149414	28653.238281
610.931641	27637.636719
609.712891	27162.792969
608.495117	27301.833984
607.276367	27877.644531
606.056641	27547.968750
604.837891	27492.328125
603.618164	27285.902344
602.398438	27093.455078
601.177734	26704.728516
599.958008	26663.195313
598.737305	26597.886719
597.516602	25939.951172
596.294922	25444.800781
595.073242	25381.777344
593.851563	25568.361328
592.629883	24909.240234
591.407227	24606.796875
590.184570	24755.812500
588.961914	24307.080078
587.739258	24337.373047
586.515625	24369.630859
585.291992	25078.275391
584.068359	25258.654297
582.844727	25917.365234
581.620117	25976.914063
580.395508	26301.224609
579.169922	27152.880859
577.945313	26730.167969
576.719727	26949.433594
575.494141	27342.339844
574.267578	27375.826172
573.041992	27446.791016
571.815430	27681.484375
570.587891	28474.314453
569.361328	28730.371094
568.133789	29017.857422
566.906250	28912.931641
565.678711	28563.662109
564.450195	28161.341797
563.221680	28486.125000
561.993164	28322.312500
560.763672	28629.191406
559.535156	28768.595703
558.305664	29071.300781
557.075195	29092.472656
555.845703	29178.556641
554.615234	28981.357422
553.384766	28615.119141
552.153320	28469.246094
550.922852	29021.248047
549.691406	28435.130859
548.459961	27937.683594
547.227539	26833.458984
545.995117	26206.958984
544.762695	26580.162109
543.530273	26264.156250
542.296875	26643.068359
541.063477	27200.375000
539.830078	27910.455078
538.596680	27857.250000
537.362305	27235.396484
536.127930	27115.701172
534.893555	27205.787109
533.658203	28254.093750
532.422852	28420.292969
531.187500	28261.261719
529.952148	28000.462891
528.715820	27992.347656
527.479492	28547.992188
526.243164	28696.322266
525.005859	28909.152344
523.769531	29489.652344
522.532227	30032.736328
521.293945	29785.623047
520.056641	29438.916016
518.818359	29035.681641
517.580078	28808.484375
516.340820	28057.818359
515.101563	26631.677734
513.862305	25963.832031
512.623047	26026.447266
511.382813	26188.580078
510.143555	26969.255859
508.902344	27659.837891
507.662109	27942.435547
506.420898	28059.144531
505.179688	27896.984375
503.938477	27678.363281
502.697266	27052.519531
