1802.182617	8814.975586
1801.212891	9207.029297
1800.244141	9050.397461
1799.274414	8993.673828
1798.304688	8974.408203
1797.334961	9299.481445
1796.364258	9070.608398
1795.394531	8729.589844
1794.423828	8543.313477
1793.453125	8793.416016
1792.482422	8891.366211
1791.511719	9111.392578
1790.540039	9236.646484
1789.568359	9125.188477
1788.596680	8988.867188
1787.625000	9089.166992
1786.653320	8825.932617
1785.680664	9018.324219
1784.708984	9305.208984
1783.736328	9689.017578
1782.763672	9731.858398
1781.790039	9871.681641
1780.817383	10091.023438
1779.843750	10069.115234
1778.870117	10203.813477
1777.896484	10562.126953
1776.922852	10388.568359
1775.948242	10528.089844
1774.973633	10374.476563
1773.999023	10191.125000
1773.024414	9930.881836
1772.049805	10013.290039
1771.074219	10323.982422
1770.099609	10545.226563
1769.124023	10977.243164
1768.148438	11364.442383
1767.171875	11493.592773
1766.196289	11818.550781
1765.219727	11937.642578
1764.243164	11848.512695
1763.266602	12235.146484
1762.290039	12559.693359
1761.312500	12557.176758
1760.334961	12522.469727
1759.357422	12544.717773
1758.379883	12873.890625
1757.402344	13094.040039
1756.423828	13672.872070
1755.446289	13687.448242
1754.467773	14045.803711
1753.489258	14307.577148
1752.509766	14008.033203
1751.531250	13646.813477
1750.551758	13589.708008
1749.572266	13268.249023
1748.592773	13539.792969
1747.613281	13564.245117
1746.632813	13709.683594
1745.652344	13346.485352
1744.671875	12702.041016
1743.691406	12657.540039
1742.710938	12506.959961
1741.729492	12432.911133
1740.749023	12292.300781
1739.767578	12452.580078
1738.785156	12166.564453
1737.803711	12329.268555
1736.822266	12016.283203
1735.839844	11853.718750
1734.857422	11720.779297
1733.875000	11656.854492
1732.891602	11836.730469
1731.909180	11898.363281
1730.925781	12161.805664
1729.942383	12033.856445
1728.958984	11785.398438
1727.974609	11546.877930
1726.991211	11138.752930
1726.006836	10993.896484
1725.022461	11281.784180
1724.038086	11417.162109
1723.052734	12071.007813
1722.068359	12039.098633
1721.083008	12058.787109
1720.097656	11692.879883
1719.112305	11526.012695
1718.125977	11592.435547
1717.140625	11617.104492
1716.154297	11450.350586
1715.167969	11872.504883
1714.181641	11686.141602
1713.194336	11821.132813
1712.208008	11934.000000
1711.220703	12267.459961
1710.233398	12666.962891
1709.246094	12779.589844
1708.257813	12762.318359
1707.270508	13009.606445
1706.282227	12632.281250
1705.293945	12512.208008
1704.304688	12754.498047
1703.316406	12844.939453
1702.327148	13341.561523
1701.337891	13759.692383
1700.348633	13893.904297
1699.359375	14165.016602
1698.370117	14565.610352
1697.379883	14450.224609
1696.389648	14652.623047
1695.399414	14630.123047
1694.409180	14290.021484
1693.417969	14604.689453
1692.426758	14653.033203
1691.436523	14904.016602
1690.444336	15316.016602
1689.453125	15535.034180
1688.461914	15719.799805
1687.469727	15587.327148
1686.477539	15715.904297
1685.485352	15849.305664
1684.492188	16277.679688
1683.500000	16466.980469
1682.506836	16156.567383
1681.513672	15680.578125
1680.520508	15879.627930
1679.527344	15905.655273
1678.533203	16029.083008
1677.539063	16176.808594
1676.544922	16163.809570
1675.550781	16394.195313
1674.556641	16819.154297
1673.561523	17119.867188
1672.566406	16790.478516
1671.571289	16821.136719
1670.576172	17036.566406
1669.581055	17127.931641
1668.584961	16740.476563
1667.588867	16219.530273
1666.592773	16568.519531
1665.596680	16895.507813
1664.600586	16498.693359
1663.603516	16585.197266
1662.606445	16885.277344
1661.609375	16495.984375
1660.612305	16138.389648
1659.614258	16183.650391
1658.617188	16032.427734
1657.619141	16502.062500
1656.621094	16168.998047
1655.622070	16442.068359
1654.624023	16945.263672
1653.625000	17145.375000
1652.625977	17260.615234
1651.626953	16971.326172
1650.627930	16900.091797
1649.627930	16770.781250
1648.627930	16832.748047
1647.627930	17228.662109
1646.627930	17440.523438
1645.627930	17695.843750
1644.626953	17709.197266
1643.625977	17548.437500
1642.625000	17428.841797
1641.624023	17778.222656
1640.623047	18023.544922
1639.621094	18073.056641
1638.619141	17499.296875
1637.617188	17556.136719
1636.615234	17740.933594
1635.613281	17872.541016
1634.610352	18057.197266
1633.607422	18309.347656
1632.604492	17649.371094
1631.601563	18034.175781
1630.597656	18274.117188
1629.594727	18116.095703
1628.590820	18040.103516
1627.586914	18323.281250
1626.582031	18656.947266
1625.578125	18889.287109
1624.573242	19123.939453
1623.568359	19173.050781
1622.563477	19241.404297
1621.558594	18941.398438
1620.552734	18655.953125
1619.546875	18464.474609
1618.541016	18066.160156
1617.535156	17930.201172
1616.529297	18017.957031
1615.522461	17879.654297
1614.515625	18082.775391
1613.508789	18170.443359
1612.501953	18051.416016
1611.494141	18078.990234
1610.487305	18262.683594
1609.479492	18688.859375
1608.471680	19078.845703
1607.463867	19247.818359
1606.455078	18775.898438
1605.446289	18503.335938
1604.437500	18465.996094
1603.428711	18999.542969
1602.419922	19329.031250
1601.410156	19313.123047
1600.401367	19477.007813
1599.391602	19576.113281
1598.381836	19337.314453
1597.371094	19448.384766
1596.361328	19643.242188
1595.350586	19502.755859
1594.339844	19625.693359
1593.329102	19655.222656
1592.317383	20077.236328
1591.305664	19783.632813
1590.294922	20810.701172
1589.283203	20942.810547
1588.270508	20967.253906
1587.258789	20740.646484
1586.246094	20557.158203
1585.233398	20732.224609
1584.220703	21076.865234
1583.208008	20735.748047
1582.194336	20841.402344
1581.180664	21462.808594
1580.167969	21584.982422
1579.153320	21673.689453
1578.139648	21645.419922
1577.125000	21531.265625
1576.111328	21333.662109
1575.096680	21386.568359
1574.081055	21153.304688
1573.066406	21067.945313
1572.050781	20784.783203
1571.035156	20709.066406
1570.019531	20797.777344
1569.003906	20900.742188
1567.988281	20758.357422
1566.971680	21247.035156
1565.955078	21321.275391
1564.938477	21169.367188
1563.920898	20974.683594
1562.904297	21056.068359
1561.886719	21284.900391
1560.869141	21451.802734
1559.851563	21447.437500
1558.833984	21630.878906
1557.815430	21747.693359
1556.796875	21443.851563
1555.778320	21380.089844
1554.759766	21577.642578
1553.740234	21668.244141
1552.721680	21946.382813
1551.702148	22402.451172
1550.682617	22293.458984
1549.662109	22279.425781
1548.642578	22315.220703
1547.622070	22320.164063
1546.601563	22249.214844
1545.581055	22391.683594
1544.560547	22524.611328
1543.539063	22716.736328
1542.517578	22802.150391
1541.496094	22686.156250
1540.474609	22762.064453
1539.453125	23020.285156
1538.430664	23313.912109
1537.408203	23347.035156
1536.385742	23595.505859
1535.363281	23888.833984
1534.339844	23770.410156
1533.316406	24021.003906
1532.292969	23862.398438
1531.269531	24030.123047
1530.246094	23840.847656
1529.221680	23732.001953
1528.198242	23658.638672
1527.173828	23642.001953
1526.148438	23478.935547
1525.124023	23717.363281
1524.098633	23837.650391
1523.073242	23839.867188
1522.047852	23603.730469
1521.022461	23995.296875
1519.997070	24155.523438
1518.970703	23744.937500
1517.944336	24001.826172
1516.917969	24282.181641
1515.890625	24355.005859
1514.864258	24463.146484
1513.836914	24780.929688
1512.809570	25044.404297
1511.782227	25453.783203
1510.753906	26105.519531
1509.726563	26206.123047
1508.698242	26767.996094
1507.669922	27266.105469
1506.640625	27740.480469
1505.612305	28546.322266
1504.583008	29140.177734
1503.553711	29896.023438
1502.524414	30726.785156
1501.495117	30960.232422
1500.464844	31604.796875
1499.434570	32260.843750
1498.404297	32914.273438
1497.374023	33464.101563
1496.343750	33581.699219
1495.312500	33929.285156
1494.281250	33286.332031
1493.250000	33237.289063
1492.218750	33319.636719
1491.186523	32667.814453
1490.154297	32271.861328
1489.122070	31779.943359
1488.089844	31276.503906
1487.057617	30250.656250
1486.024414	30169.486328
1484.991211	29526.125000
1483.958008	28756.550781
1482.924805	28247.210938
1481.891602	27625.703125
1480.857422	27194.042969
1479.823242	26884.250000
1478.789063	26630.734375
1477.753906	26473.230469
1476.719727	26025.781250
1475.684570	26186.468750
1474.649414	26660.355469
1473.614258	26460.896484
1472.578125	26675.140625
1471.542969	27050.503906
1470.506836	27110.365234
1469.470703	27443.445313
1468.433594	27748.367188
1467.397461	27924.769531
1466.360352	28833.964844
1465.323242	29143.078125
1464.286133	29323.744141
1463.249023	30334.722656
1462.210938	30347.160156
1461.172852	31026.423828
1460.134766	31884.902344
1459.096680	32475.005859
1458.057617	33123.117188
1457.019531	33712.722656
1455.980469	34132.050781
1454.941406	34877.222656
1453.901367	35854.914063
1452.862305	36585.460938
1451.822266	36947.992188
1450.782227	37396.464844
1449.742188	38365.847656
1448.701172	39311.574219
1447.661133	39775.554688
1446.620117	40218.421875
1445.579102	40698.292969
1444.537109	41233.742188
1443.496094	41576.121094
1442.454102	41460.726563
1441.412109	41210.671875
1440.370117	41011.800781
1439.327148	40831.582031
1438.285156	40064.199219
1437.242188	39385.316406
1436.199219	38391.171875
1435.155273	37346.398438
1434.112305	36348.437500
1433.068359	35782.160156
1432.024414	34824.335938
1430.980469	34457.929688
1429.936523	33623.582031
1428.891602	32546.312500
1427.846680	32004.552734
1426.801758	31557.964844
1425.756836	30697.107422
1424.710938	30070.404297
1423.666016	29520.333984
1422.620117	29023.708984
1421.574219	28693.855469
1420.527344	28047.257813
1419.481445	27928.175781
1418.434570	27552.503906
1417.387695	27112.263672
1416.340820	26766.955078
1415.292969	26682.888672
1414.245117	26240.783203
1413.197266	26179.951172
1412.149414	25966.736328
1411.101563	25762.841797
1410.052734	25727.533203
1409.004883	26031.476563
1407.955078	25456.218750
1406.906250	25446.363281
1405.857422	25858.570313
1404.807617	25839.410156
1403.757813	25573.580078
1402.708008	25745.791016
1401.658203	26212.896484
1400.607422	25672.978516
1399.556641	25557.123047
1398.505859	25510.404297
1397.455078	25689.349609
1396.404297	25532.121094
1395.352539	25319.716797
1394.300781	25418.048828
1393.249023	25491.031250
1392.197266	25393.769531
1391.144531	25786.380859
1390.091797	25567.238281
1389.039063	25996.429688
1387.986328	25910.628906
1386.932617	26298.208984
1385.879883	26368.597656
1384.826172	26103.615234
1383.772461	26008.673828
1382.717773	26343.099609
1381.664063	26580.980469
1380.609375	26164.701172
1379.554688	26755.867188
1378.500000	26651.703125
1377.444336	26875.556641
1376.389648	26860.837891
1375.333984	26896.560547
1374.278320	27250.869141
1373.221680	27497.324219
1372.166016	27260.240234
1371.109375	26746.080078
1370.052734	27281.048828
1368.995117	26870.130859
1367.938477	26855.425781
1366.880859	26815.546875
1365.823242	27324.880859
1364.765625	27246.025391
1363.708008	27949.484375
1362.649414	28112.941406
1361.590820	28447.812500
1360.532227	28707.105469
1359.473633	28794.878906
1358.415039	28882.615234
1357.355469	29463.773438
1356.295898	29654.113281
1355.236328	29707.357422
1354.175781	29646.421875
1353.116211	30261.175781
1352.055664	30574.423828
1350.995117	31051.824219
1349.934570	31246.152344
1348.873047	31711.810547
1347.811523	31894.515625
1346.750000	31653.097656
1345.688477	32414.691406
1344.626953	33164.574219
1343.564453	33077.968750
1342.501953	33449.261719
1341.439453	33727.027344
1340.376953	33924.976563
1339.313477	34639.613281
1338.250977	34805.425781
1337.187500	35521.855469
1336.123047	35676.035156
1335.059570	36034.867188
1333.995117	36056.968750
1332.930664	36670.222656
1331.866211	36724.007813
1330.801758	36557.308594
1329.736328	36836.046875
1328.671875	36508.089844
1327.606445	36073.515625
1326.540039	36247.710938
1325.474609	35711.199219
1324.408203	35118.156250
1323.341797	34107.777344
1322.275391	33642.371094
1321.208984	33472.066406
1320.141602	32578.320313
1319.074219	32093.107422
1318.006836	31714.648438
1316.939453	31014.480469
1315.872070	31112.292969
1314.803711	30920.054688
1313.735352	30385.843750
1312.666992	30495.044922
1311.597656	30459.285156
1310.529297	30658.976563
1309.459961	30700.146484
1308.390625	30551.216797
1307.320313	30669.310547
1306.250977	30615.447266
1305.180664	30256.304688
1304.110352	30308.812500
1303.040039	30659.687500
1301.968750	30045.365234
1300.898438	29758.937500
1299.827148	29983.191406
1298.754883	29800.792969
1297.683594	29239.089844
1296.612305	28695.679688
1295.540039	28414.335938
1294.467773	28169.216797
1293.394531	28018.960938
1292.322266	27970.281250
1291.249023	27468.287109
1290.175781	27313.757813
1289.102539	27438.839844
1288.028320	27473.710938
1286.955078	27544.621094
1285.880859	27489.332031
1284.806641	27706.623047
1283.732422	28031.923828
1282.657227	28372.849609
1281.582031	29098.580078
1280.506836	30280.900391
1279.431641	31086.937500
1278.355469	32160.361328
1277.280273	33791.160156
1276.204102	35281.851563
1275.127930	36888.835938
1274.050781	38211.917969
1272.974609	40107.539063
1271.897461	41317.042969
1270.820313	42773.160156
1269.742188	43424.593750
1268.665039	43880.386719
1267.586914	43772.472656
1266.508789	43615.218750
1265.430664	43188.726563
1264.351563	41838.015625
1263.272461	40774.992188
1262.194336	38952.117188
1261.114258	37403.558594
1260.035156	36160.527344
1258.955078	34498.882813
1257.875977	33991.980469
1256.794922	32752.671875
1255.714844	31970.826172
1254.634766	31334.871094
1253.553711	30014.041016
1252.472656	29566.792969
1251.391602	28884.730469
1250.309570	28196.238281
1249.227539	27787.675781
1248.146484	26741.826172
1247.063477	26257.701172
1245.981445	26001.824219
1244.898438	25059.818359
1243.816406	24482.480469
1242.732422	24213.720703
1241.649414	23719.451172
1240.566406	23468.828125
1239.482422	22963.751953
1238.398438	22809.384766
1237.314453	22505.535156
1236.229492	22099.160156
1235.144531	22099.013672
1234.059570	21795.498047
1232.974609	21766.417969
1231.889648	21686.068359
1230.803711	21400.658203
1229.717773	21496.486328
1228.631836	21175.582031
1227.545898	21309.287109
1226.458984	20892.775391
1225.373047	21189.046875
1224.286133	21222.472656
1223.198242	20632.609375
1222.111328	20879.783203
1221.023438	21040.078125
1219.935547	20815.449219
1218.847656	20966.791016
1217.759766	21029.121094
1216.670898	20313.306641
1215.582031	20940.316406
1214.493164	20951.498047
1213.404297	20593.853516
1212.314453	20631.755859
1211.224609	20645.210938
1210.134766	20614.251953
1209.044922	20632.142578
1207.954102	20654.462891
1206.864258	20765.535156
1205.773438	20716.822266
1204.681641	21020.804688
1203.590820	20774.687500
1202.499023	20907.808594
1201.407227	20389.162109
1200.315430	20571.060547
1199.223633	20659.820313
1198.130859	20593.470703
1197.038086	20420.833984
1195.945313	20602.568359
1194.852539	20372.439453
1193.758789	20702.406250
1192.666016	20968.058594
1191.572266	21049.958984
1190.477539	21147.308594
1189.383789	21056.628906
1188.289063	20826.685547
1187.194336	20548.201172
1186.099609	20349.400391
1185.004883	20230.232422
1183.909180	20332.042969
1182.813477	19678.390625
1181.717773	19866.396484
1180.621094	19720.929688
1179.525391	19827.169922
1178.428711	19564.800781
1177.332031	19547.462891
1176.235352	19298.496094
1175.137695	19294.451172
1174.040039	19244.099609
1172.942383	19233.453125
1171.844727	19035.451172
1170.747070	19022.646484
1169.648438	19113.400391
1168.549805	18798.796875
1167.451172	18874.138672
1166.351563	18757.884766
1165.252930	19139.201172
1164.153320	19172.603516
1163.053711	19076.160156
1161.953125	19138.160156
1160.853516	19219.929688
1159.752930	19075.154297
1158.652344	19528.472656
1157.550781	19493.599609
1156.450195	19702.689453
1155.348633	20056.710938
1154.247070	20278.771484
1153.145508	20491.955078
1152.042969	20876.326172
1150.940430	21278.097656
1149.837891	22169.175781
1148.735352	23389.056641
1147.632813	24136.703125
1146.529297	25322.751953
1145.425781	26552.162109
1144.322266	27129.833984
1143.217773	27724.798828
1142.114258	28148.556641
1141.009766	28171.128906
1139.905273	27586.833984
1138.799805	27009.351563
1137.695313	26009.460938
1136.589844	25351.541016
1135.484375	24678.574219
1134.378906	24137.199219
1133.272461	22998.708984
1132.166016	22965.435547
1131.059570	22212.603516
1129.953125	22273.535156
1128.846680	21929.986328
1127.739258	21870.730469
1126.631836	21682.564453
1125.524414	22029.763672
1124.416016	22064.449219
1123.307617	22262.912109
1122.200195	22081.367188
1121.090820	22406.355469
1119.982422	22608.982422
1118.873047	22645.683594
1117.763672	22296.220703
1116.654297	22003.613281
1115.544922	21665.333984
1114.434570	21538.679688
1113.325195	21584.279297
1112.213867	21592.810547
1111.103516	21505.466797
1109.993164	21906.123047
1108.881836	21864.484375
1107.770508	21829.394531
1106.658203	22421.304688
1105.546875	22804.011719
1104.434570	23014.644531
1103.322266	23059.835938
1102.209961	23526.996094
1101.096680	23700.367188
1099.984375	23201.808594
1098.871094	23362.130859
1097.757813	23259.404297
1096.643555	23041.556641
1095.529297	22997.593750
1094.415039	22695.181641
1093.300781	22273.460938
1092.186523	21773.759766
1091.071289	21506.521484
1089.956055	21083.144531
1088.840820	20874.746094
1087.725586	20733.679688
1086.609375	20425.673828
1085.493164	20557.970703
1084.376953	20302.160156
1083.260742	20787.712891
1082.143555	20503.787109
1081.027344	20783.271484
1079.910156	20618.597656
1078.791992	20780.996094
1077.674805	20796.095703
1076.556641	20863.138672
1075.438477	20683.433594
1074.320313	20685.556641
1073.201172	20534.083984
1072.082031	20363.208984
1070.962891	20601.095703
1069.843750	20162.195313
1068.724609	20730.728516
1067.604492	20413.000000
1066.484375	20320.103516
1065.364258	20307.169922
1064.243164	20482.130859
1063.123047	20758.498047
1062.001953	20851.253906
1060.880859	21058.357422
1059.758789	20734.548828
1058.637695	21060.242188
1057.515625	21040.691406
1056.392578	20570.447266
1055.270508	20665.273438
1054.147461	20708.326172
1053.025391	20544.470703
1051.901367	20359.134766
1050.778320	20240.658203
1049.654297	19896.087891
1048.531250	20083.519531
1047.407227	19650.861328
1046.282227	19801.671875
1045.158203	19717.861328
1044.033203	19298.458984
1042.908203	19223.392578
1041.782227	19064.484375
1040.657227	18716.437500
1039.531250	18865.097656
1038.405273	18613.949219
1037.279297	18481.085938
1036.152344	18258.048828
1035.025391	18005.037109
1033.898438	17913.183594
1032.771484	17978.089844
1031.644531	18051.552734
1030.516602	17961.888672
1029.388672	18560.978516
1028.260742	18237.429688
1027.131836	18435.158203
1026.002930	18285.449219
1024.874023	18296.580078
1023.745117	18357.000000
1022.616211	18447.390625
1021.486328	18143.550781
1020.356445	18351.751953
1019.226563	18418.529297
1018.095703	18530.236328
1016.965820	18250.179688
1015.834961	18565.179688
1014.704102	18732.412109
1013.572266	18818.283203
1012.441406	18953.308594
1011.309570	19190.912109
1010.176758	19509.648438
1009.044922	19667.947266
1007.912109	19928.750000
1006.779297	20394.539063
1005.646484	20588.859375
1004.513672	21056.443359
1003.379883	21730.931641
1002.246094	22134.033203
1001.112305	22223.238281
999.978516	22137.437500
998.843750	21443.689453
997.708984	20897.398438
996.574219	20374.792969
995.439453	19948.345703
994.303711	19492.238281
993.167969	19439.083984
992.032227	18697.781250
990.896484	18879.126953
989.759766	18545.019531
988.623047	18883.880859
987.486328	19099.126953
986.349609	18775.824219
985.211914	18520.748047
984.075195	18435.968750
982.936523	18385.257813
981.798828	18468.533203
980.661133	18222.238281
979.522461	18530.824219
978.383789	18473.755859
977.244141	18593.056641
976.105469	18457.400391
974.965820	18693.460938
973.826172	18829.623047
972.685547	18598.468750
971.545898	18840.712891
970.405273	19129.533203
969.264648	19755.552734
968.124023	19689.837891
966.982422	20067.357422
965.840820	20669.451172
964.699219	20696.845703
963.557617	20558.925781
962.415039	20804.568359
961.273438	20817.083984
960.129883	20672.869141
958.987305	20791.279297
957.844727	20505.289063
956.701172	20299.847656
955.557617	20513.482422
954.413086	20365.248047
953.269531	20132.466797
952.125000	19775.013672
950.980469	19662.970703
949.835938	19413.572266
948.690430	18826.136719
947.544922	18931.998047
946.399414	19213.148438
945.253906	19196.378906
944.107422	19274.638672
942.961914	19327.529297
941.815430	19561.916016
940.667969	19654.816406
939.521484	19958.654297
938.374023	20108.378906
937.226563	20785.261719
936.078125	21099.201172
934.930664	21183.236328
933.782227	21524.353516
932.633789	21405.976563
931.485352	21925.962891
930.335938	22730.060547
929.186523	22939.996094
928.037109	23663.531250
926.887695	23751.091797
925.737305	24213.197266
924.587891	24229.066406
923.436523	24699.283203
922.286133	24479.496094
921.135742	24009.593750
919.984375	24149.513672
918.833008	23494.929688
917.680664	22968.798828
916.529297	22625.662109
915.376953	22062.132813
914.224609	21561.839844
913.071289	20895.902344
911.918945	20610.169922
910.765625	20437.878906
909.612305	20051.654297
908.458984	19804.037109
907.304688	19797.707031
906.150391	19327.990234
904.996094	19416.095703
903.841797	19313.437500
902.686523	19537.707031
901.531250	19476.964844
900.375977	19537.728516
899.220703	19273.882813
898.064453	19257.197266
896.908203	19380.759766
895.751953	19303.367188
894.595703	19573.326172
893.438477	19550.310547
892.281250	19401.820313
891.124023	19621.396484
889.966797	19036.039063
888.808594	18925.371094
887.650391	18979.828125
886.492188	18720.886719
885.333008	18368.064453
884.174805	18685.720703
883.015625	18489.640625
881.856445	18489.855469
880.696289	18243.810547
879.536133	18429.771484
878.376953	18283.972656
877.215820	18071.498047
876.055664	18274.052734
874.894531	18265.966797
873.733398	18495.484375
872.572266	18952.037109
871.410156	18883.390625
870.249023	19081.382813
869.086914	19227.226563
867.924805	18844.179688
866.761719	18482.111328
865.598633	18449.013672
864.435547	18378.474609
863.272461	18181.072266
862.109375	18241.644531
860.945313	17952.863281
859.781250	18192.240234
858.616211	18325.513672
857.452148	18155.341797
856.287109	18072.498047
855.122070	18035.386719
853.957031	18531.986328
852.791016	18239.416016
851.625000	18393.257813
850.458984	18277.242188
849.292969	18418.556641
848.125977	17958.230469
846.958984	17776.011719
845.791992	18182.751953
844.625000	18288.718750
843.457031	18220.539063
842.290039	18071.570313
841.121094	18220.996094
839.953125	18345.501953
838.784180	18318.779297
837.615234	18362.462891
836.446289	18373.005859
835.277344	18325.595703
834.107422	18230.617188
832.937500	18528.716797
831.767578	18390.300781
830.597656	18353.263672
829.426758	18396.865234
828.255859	18279.230469
827.084961	18289.763672
825.913086	18380.863281
824.742188	18407.892578
823.570313	18465.884766
822.397461	18625.017578
821.225586	18251.519531
820.052734	18540.644531
818.879883	18109.550781
817.707031	18111.841797
816.533203	18128.566406
815.359375	18120.541016
814.185547	18289.806641
813.011719	18403.349609
811.836914	18498.298828
810.662109	18832.185547
809.487305	19635.548828
808.312500	19740.462891
807.136719	19952.390625
805.961914	20180.693359
804.785156	20133.128906
803.609375	19925.095703
802.432617	19787.091797
801.255859	19700.562500
800.079102	19745.664063
798.902344	20016.878906
797.724609	20238.648438
796.546875	20310.316406
795.369141	20464.128906
794.190430	21145.746094
793.012695	21126.810547
791.833984	21062.714844
790.654297	21037.646484
789.475586	20725.277344
788.295898	20675.667969
787.116211	20578.898438
785.936523	20172.484375
784.755859	20219.392578
783.575195	19837.830078
782.394531	19659.337891
781.213867	19239.125000
780.032227	19306.675781
778.851563	19269.736328
777.668945	19062.845703
776.487305	19083.298828
775.304688	18849.923828
774.123047	18964.548828
772.939453	19017.742188
771.756836	18892.945313
770.573242	19146.552734
769.389648	19081.076172
768.206055	19428.564453
767.022461	19876.048828
765.837891	20025.007813
764.653320	20120.783203
763.468750	20251.240234
762.283203	20528.664063
761.097656	20742.679688
759.912109	20770.853516
758.726563	20794.933594
757.540039	21133.205078
756.353516	21367.296875
755.166992	21540.103516
753.980469	22222.572266
752.792969	22215.728516
751.605469	23015.962891
750.417969	23750.644531
749.230469	24760.027344
748.041992	25897.287109
746.853516	27907.630859
745.665039	29794.951172
744.476563	31968.447266
743.287109	33571.203125
742.097656	34762.289063
740.908203	36203.046875
739.717773	37608.609375
738.527344	37663.496094
737.336914	38224.523438
736.146484	37856.519531
734.955078	37017.269531
733.763672	36141.816406
732.572266	35258.617188
731.380859	33896.578125
730.188477	33410.121094
728.996094	32747.287109
727.803711	31946.748047
726.611328	31043.083984
725.417969	30040.417969
724.224609	29318.041016
723.031250	28356.730469
721.836914	27316.779297
720.643555	27136.566406
719.449219	26820.675781
718.253906	26802.707031
717.059570	26201.453125
715.864258	25983.158203
714.668945	26127.332031
713.473633	26054.873047
712.277344	25854.958984
711.081055	25699.640625
709.884766	25269.302734
708.687500	25069.683594
707.491211	25353.361328
706.293945	25307.431641
705.096680	25619.224609
703.898438	25702.564453
702.700195	25834.347656
701.501953	26214.484375
700.303711	26150.236328
699.105469	25603.539063
697.906250	25585.869141
696.707031	25786.134766
695.506836	26422.070313
694.307617	26793.505859
693.107422	27182.927734
691.907227	27852.416016
690.706055	29182.748047
689.505859	30560.865234
688.304688	32073.373047
687.102539	33567.089844
685.901367	34935.296875
684.699219	36163.972656
683.497070	38020.183594
682.294922	39277.839844
681.091797	41068.171875
679.889648	42115.394531
678.685547	42323.453125
677.482422	42424.847656
676.278320	41651.664063
675.075195	40657.718750
673.870117	39857.117188
672.666016	39428.542969
671.460938	38546.195313
670.255859	38053.828125
669.050781	37427.148438
667.845703	36395.253906
666.639648	36162.558594
665.433594	35484.523438
664.226563	35252.125000
663.020508	34608.671875
661.813477	34184.062500
660.606445	33180.269531
659.398438	32732.099609
658.191406	32067.705078
656.983398	30806.580078
655.775391	29650.158203
654.566406	29020.906250
653.358398	28189.714844
652.149414	27567.056641
650.939453	26780.566406
649.730469	26548.640625
648.520508	25752.708984
647.310547	25333.111328
646.099609	24869.705078
644.889648	24040.669922
643.678711	23715.650391
642.467773	23340.814453
641.255859	22880.238281
640.044922	22731.441406
638.833008	21869.822266
637.620117	21944.910156
636.408203	21952.097656
635.195313	21751.744141
633.982422	21764.953125
632.769531	21750.230469
631.555664	21771.410156
630.341797	22095.640625
629.127930	21943.308594
627.914063	21980.371094
626.699219	21776.320313
625.484375	22448.876953
624.269531	22459.908203
623.053711	22518.722656
621.838867	22621.308594
620.622070	22881.083984
619.406250	23266.111328
618.190430	23497.777344
616.973633	23303.685547
615.756836	22950.585938
614.539063	23211.988281
613.321289	23407.677734
612.104492	23118.376953
610.885742	22662.304688
609.667969	22383.222656
608.449219	22026.806641
607.230469	21902.855469
606.011719	22100.552734
604.791992	21879.386719
603.572266	21491.638672
602.352539	21119.927734
601.132813	21285.882813
599.912109	21104.742188
598.691406	20834.466797
597.470703	20657.464844
596.249023	20549.898438
595.028320	20000.562500
593.805664	19920.916016
592.583984	19906.654297
591.362305	19541.949219
590.139648	19086.345703
588.916992	19274.138672
587.693359	18715.900391
586.469727	18585.199219
585.246094	18731.439453
584.022461	19146.533203
582.798828	19561.443359
581.574219	19903.041016
580.349609	20323.529297
579.125000	21275.267578
577.899414	21813.779297
576.673828	22142.730469
575.448242	22224.748047
574.221680	22024.464844
572.996094	21745.330078
571.769531	21166.417969
570.541992	21692.402344
569.315430	21904.582031
568.087891	21718.382813
566.860352	21950.173828
565.632813	21779.810547
564.404297	21974.044922
563.175781	21908.156250
561.947266	21726.091797
560.717773	22069.859375
559.489258	22131.953125
558.259766	23247.035156
557.029297	23196.673828
555.799805	23461.115234
554.569336	23577.917969
553.338867	23712.367188
552.107422	23950.958984
550.876953	24521.640625
549.645508	25367.201172
548.413086	25357.703125
547.181641	25340.349609
545.949219	24291.933594
544.716797	22806.115234
543.484375	21794.050781
542.250977	21384.958984
541.017578	20554.169922
539.784180	20757.603516
538.550781	20786.384766
537.316406	20444.539063
536.082031	20526.308594
534.847656	20662.921875
533.612305	20803.392578
532.376953	20934.003906
531.141602	20911.773438
529.906250	20627.134766
528.669922	20538.410156
527.433594	20490.828125
526.197266	20182.980469
524.959961	20262.675781
523.722656	20244.527344
522.485352	21452.638672
521.248047	22228.093750
520.009766	22846.812500
518.771484	22798.789063
517.533203	21928.136719
516.294922	21175.080078
515.055664	20518.062500
513.816406	19714.875000
512.577148	19786.673828
511.336914	19602.746094
510.096680	19920.419922
508.856445	20520.849609
507.616211	20916.203125
506.375000	21122.214844
505.133789	21577.699219
503.892578	21836.101563
502.650391	21597.427734
