1802.297852	12141.479492
1801.329102	12416.173828
1800.359375	12076.636719
1799.390625	12393.740234
1798.420898	12645.828125
1797.451172	12366.332031
1796.480469	12423.734375
1795.510742	12124.439453
1794.540039	12139.472656
1793.569336	12269.187500
1792.598633	12321.575195
1791.627930	12550.890625
1790.656250	12503.530273
1789.684570	12630.575195
1788.712891	12513.476563
1787.741211	12468.640625
1786.769531	12510.962891
1785.797852	12725.025391
1784.825195	12620.441406
1783.852539	12966.272461
1782.879883	13175.138672
1781.907227	13356.559570
1780.933594	13212.142578
1779.959961	13487.960938
1778.986328	13686.608398
1778.012695	13750.972656
1777.039063	13832.703125
1776.064453	13740.500977
1775.090820	13571.337891
1774.116211	13521.439453
1773.141602	13747.149414
1772.166016	13506.097656
1771.191406	13575.366211
1770.215820	13964.691406
1769.240234	14324.090820
1768.264648	14586.614258
1767.289063	14863.911133
1766.312500	14994.816406
1765.336914	15004.207031
1764.360352	15630.692383
1763.383789	15669.683594
1762.406250	15953.913086
1761.429688	15678.266602
1760.452148	15895.518555
1759.474609	15879.954102
1758.497070	15938.655273
1757.519531	16314.110352
1756.541016	16677.042969
1755.563477	16891.398438
1754.584961	17120.507813
1753.606445	17238.244141
1752.626953	17002.386719
1751.648438	16393.373047
1750.668945	16348.073242
1749.689453	16389.269531
1748.709961	16381.042969
1747.730469	16585.226563
1746.750000	16673.267578
1745.769531	16023.075195
1744.789063	15943.340820
1743.808594	15720.499023
1742.828125	15682.801758
1741.846680	15827.668945
1740.866211	15760.366211
1739.884766	15771.999023
1738.903320	15689.940430
1737.920898	15447.693359
1736.939453	15284.404297
1735.957031	15121.180664
1734.974609	15231.462891
1733.992188	15238.256836
1733.009766	15801.561523
1732.026367	15601.431641
1731.042969	15590.914063
1730.059570	15595.166016
1729.076172	15446.865234
1728.092773	15173.165039
1727.108398	14978.277344
1726.125000	15046.579102
1725.140625	15173.856445
1724.155273	15664.866211
1723.170898	15991.025391
1722.185547	16063.979492
1721.201172	15751.228516
1720.215820	15585.964844
1719.230469	15612.298828
1718.244141	15371.021484
1717.258789	15527.476563
1716.272461	15656.874023
1715.286133	15911.350586
1714.299805	15881.166992
1713.312500	15846.089844
1712.326172	16061.138672
1711.338867	16482.033203
1710.351563	16900.306641
1709.364258	17058.646484
1708.375977	16900.857422
1707.388672	16826.417969
1706.400391	16805.888672
1705.412109	16937.183594
1704.422852	17193.277344
1703.434570	17605.916016
1702.445313	18001.259766
1701.457031	18313.255859
1700.466797	18449.000000
1699.477539	19007.791016
1698.488281	19216.695313
1697.498047	19217.716797
1696.507813	19446.044922
1695.517578	19659.619141
1694.527344	19257.416016
1693.536133	19663.916016
1692.545898	19926.158203
1691.554688	20356.773438
1690.563477	20477.175781
1689.572266	20824.519531
1688.580078	20761.757813
1687.587891	20794.169922
1686.595703	21077.816406
1685.603516	21351.589844
1684.611328	21327.779297
1683.618164	21323.480469
1682.625977	20980.396484
1681.632813	20832.394531
1680.639648	21032.845703
1679.645508	21213.730469
1678.652344	21282.513672
1677.658203	21146.738281
1676.664063	21738.894531
1675.669922	21600.646484
1674.675781	21790.960938
1673.680664	21864.417969
1672.685547	21429.472656
1671.690430	21488.378906
1670.695313	21698.007813
1669.700195	21219.597656
1668.704102	21096.224609
1667.708008	20683.736328
1666.711914	20747.585938
1665.715820	20874.562500
1664.719727	20991.773438
1663.722656	21082.228516
1662.725586	20959.023438
1661.728516	20928.095703
1660.731445	20433.712891
1659.733398	20288.876953
1658.736328	20905.718750
1657.738281	20608.064453
1656.740234	20550.562500
1655.741211	21150.003906
1654.743164	20917.916016
1653.744141	21122.076172
1652.745117	21112.962891
1651.746094	20827.732422
1650.747070	20847.740234
1649.747070	20402.880859
1648.748047	20805.425781
1647.748047	21031.134766
1646.748047	21227.714844
1645.747070	21167.783203
1644.747070	21349.742188
1643.746094	21210.007813
1642.745117	21191.212891
1641.744141	21317.457031
1640.742188	21392.898438
1639.741211	21043.048828
1638.739258	20901.095703
1637.737305	21087.673828
1636.735352	21742.642578
1635.732422	21373.685547
1634.730469	21231.775391
1633.727539	21379.517578
1632.724609	21546.501953
1631.721680	21655.521484
1630.717773	21535.369141
1629.713867	21506.898438
1628.710938	21770.150391
1627.707031	21715.125000
1626.702148	22332.482422
1625.698242	22144.845703
1624.693359	22347.529297
1623.688477	22540.494141
1622.683594	22738.197266
1621.678711	22540.996094
1620.672852	22329.431641
1619.666992	22206.992188
1618.661133	22111.064453
1617.655273	22195.589844
1616.649414	22332.988281
1615.642578	22607.388672
1614.635742	22658.101563
1613.628906	22701.580078
1612.622070	22682.560547
1611.615234	23108.025391
1610.607422	23403.603516
1609.599609	23939.220703
1608.591797	24239.310547
1607.583984	24212.791016
1606.576172	24219.880859
1605.567383	24248.566406
1604.558594	24063.710938
1603.549805	24147.582031
1602.541016	24677.482422
1601.531250	25012.953125
1600.521484	25122.945313
1599.511719	24770.320313
1598.501953	24489.726563
1597.492188	24868.080078
1596.481445	25160.048828
1595.471680	24987.306641
1594.460938	25293.496094
1593.449219	25295.544922
1592.438477	25919.857422
1591.426758	25900.240234
1590.415039	26347.138672
1589.403320	26681.437500
1588.391602	26506.230469
1587.379883	26496.066406
1586.367188	26435.705078
1585.354492	26260.650391
1584.341797	26680.640625
1583.329102	26438.712891
1582.315430	26447.671875
1581.302734	26700.203125
1580.289063	26986.054688
1579.274414	27570.167969
1578.260742	26932.132813
1577.247070	27115.158203
1576.232422	26758.966797
1575.217773	27089.826172
1574.203125	26409.476563
1573.187500	26587.685547
1572.172852	26780.121094
1571.157227	26808.041016
1570.141602	26697.753906
1569.125000	26630.386719
1568.109375	26948.882813
1567.092773	27295.820313
1566.076172	27242.654297
1565.059570	27325.181641
1564.042969	26950.761719
1563.025391	27176.068359
1562.008789	27044.462891
1560.991211	27145.984375
1559.973633	27161.859375
1558.955078	27234.785156
1557.937500	26958.281250
1556.918945	26800.705078
1555.900391	26769.115234
1554.881836	27046.339844
1553.862305	26843.714844
1552.842773	26968.843750
1551.824219	27177.007813
1550.804688	27335.244141
1549.784180	27412.730469
1548.764648	27117.703125
1547.744141	26708.935547
1546.723633	26829.187500
1545.703125	27034.746094
1544.682617	27010.273438
1543.661133	27248.888672
1542.639648	27423.425781
1541.618164	27214.093750
1540.596680	26798.773438
1539.575195	27290.625000
1538.552734	27443.695313
1537.530273	27312.640625
1536.507813	27529.542969
1535.485352	27445.845703
1534.461914	27504.125000
1533.439453	27448.845703
1532.416016	27355.751953
1531.392578	27520.402344
1530.368164	27257.132813
1529.344727	27539.900391
1528.320313	27253.103516
1527.295898	27287.705078
1526.271484	27057.757813
1525.246094	26842.072266
1524.221680	27065.605469
1523.196289	27130.894531
1522.170898	27146.597656
1521.145508	26978.253906
1520.119141	27373.775391
1519.092773	26976.673828
1518.067383	27221.119141
1517.040039	27041.103516
1516.013672	27045.009766
1514.987305	27249.222656
1513.959961	27175.332031
1512.932617	27332.320313
1511.905273	27536.345703
1510.876953	27408.279297
1509.849609	27847.621094
1508.821289	27462.984375
1507.792969	27624.453125
1506.763672	27599.986328
1505.735352	27817.812500
1504.706055	27866.218750
1503.676758	28001.601563
1502.647461	28061.701172
1501.618164	28025.410156
1500.587891	28261.716797
1499.557617	27978.712891
1498.527344	28250.162109
1497.497070	28209.160156
1496.466797	28179.912109
1495.435547	28091.988281
1494.404297	27724.808594
1493.373047	28186.089844
1492.341797	28051.294922
1491.309570	27663.234375
1490.278320	27943.671875
1489.246094	27907.474609
1488.213867	27723.613281
1487.180664	27924.177734
1486.148438	28124.660156
1485.115234	27985.371094
1484.082031	28127.201172
1483.047852	28271.312500
1482.014648	28398.974609
1480.980469	28723.205078
1479.946289	29164.312500
1478.912109	28821.412109
1477.877930	29741.875000
1476.842773	29946.277344
1475.808594	29818.550781
1474.773438	30855.128906
1473.738281	31005.414063
1472.702148	31767.904297
1471.666992	31850.179688
1470.630859	32352.892578
1469.594727	32633.525391
1468.557617	33280.636719
1467.521484	33698.695313
1466.484375	33997.546875
1465.447266	34426.953125
1464.410156	34464.226563
1463.373047	34615.777344
1462.334961	35091.429688
1461.296875	35280.093750
1460.258789	36058.460938
1459.220703	36398.339844
1458.182617	36654.187500
1457.143555	37047.382813
1456.104492	37007.175781
1455.065430	37092.734375
1454.026367	37336.582031
1452.986328	37233.480469
1451.946289	37398.062500
1450.906250	37653.324219
1449.866211	37987.578125
1448.826172	38454.265625
1447.785156	38697.519531
1446.744141	38926.722656
1445.703125	38969.871094
1444.662109	39373.218750
1443.620117	39223.398438
1442.578125	39108.484375
1441.537109	38529.101563
1440.494141	38189.132813
1439.452148	37721.609375
1438.409180	37247.312500
1437.367188	36907.804688
1436.323242	36607.878906
1435.280273	35716.550781
1434.237305	35509.757813
1433.193359	35502.460938
1432.149414	34444.984375
1431.105469	34226.988281
1430.061523	33995.171875
1429.016602	33849.171875
1427.971680	33652.273438
1426.926758	33365.132813
1425.881836	33075.789063
1424.835938	32425.435547
1423.791016	32437.283203
1422.745117	32567.138672
1421.699219	32652.980469
1420.652344	32593.064453
1419.606445	32371.292969
1418.559570	32833.988281
1417.512695	32753.261719
1416.465820	32949.902344
1415.417969	32545.689453
1414.371094	32860.109375
1413.323242	33162.847656
1412.275391	33172.187500
1411.226563	33296.957031
1410.178711	33001.570313
1409.129883	32854.000000
1408.081055	32609.580078
1407.032227	32492.136719
1405.982422	32545.412109
1404.933594	32870.761719
1403.883789	32873.214844
1402.833984	32460.769531
1401.783203	32514.000000
1400.733398	32385.189453
1399.682617	32535.160156
1398.631836	32169.177734
1397.581055	32185.576172
1396.529297	32061.537109
1395.478516	31969.769531
1394.426758	32271.537109
1393.375000	31968.095703
1392.322266	31933.904297
1391.270508	31973.316406
1390.217773	31890.849609
1389.165039	31668.187500
1388.112305	31765.082031
1387.058594	31733.255859
1386.005859	32013.882813
1384.952148	32002.687500
1383.898438	31899.636719
1382.843750	32315.511719
1381.790039	32621.031250
1380.735352	32568.400391
1379.680664	32768.187500
1378.625977	33114.710938
1377.570313	33158.335938
1376.515625	33018.496094
1375.459961	33731.566406
1374.404297	33758.988281
1373.347656	33935.355469
1372.291992	34464.492188
1371.235352	34317.644531
1370.178711	34690.742188
1369.122070	34436.281250
1368.064453	34612.316406
1367.007813	34543.367188
1365.950195	34529.371094
1364.892578	35027.863281
1363.833984	34684.375000
1362.776367	35413.613281
1361.717773	35200.511719
1360.659180	35229.816406
1359.600586	35375.667969
1358.541016	35955.621094
1357.482422	35955.042969
1356.422852	36107.500000
1355.363281	36239.339844
1354.302734	36960.183594
1353.243164	37541.484375
1352.182617	37476.664063
1351.122070	38126.066406
1350.060547	38556.191406
1349.000000	39081.929688
1347.938477	39190.144531
1346.876953	39622.054688
1345.815430	40272.609375
1344.753906	41162.179688
1343.691406	41192.398438
1342.628906	41853.605469
1341.566406	42557.808594
1340.503906	42999.859375
1339.441406	43771.828125
1338.377930	44513.886719
1337.314453	44702.652344
1336.250977	46108.550781
1335.186523	46089.910156
1334.123047	46410.128906
1333.058594	46598.335938
1331.994141	46679.617188
1330.928711	46931.324219
1329.864258	45921.773438
1328.798828	46427.976563
1327.733398	45521.156250
1326.667969	45414.078125
1325.601563	44571.410156
1324.536133	43935.656250
1323.469727	43334.210938
1322.403320	42835.113281
1321.335938	42268.167969
1320.269531	41978.160156
1319.202148	40869.656250
1318.134766	40464.429688
1317.067383	39921.097656
1315.999023	39371.195313
1314.930664	39285.996094
1313.863281	39060.382813
1312.793945	38624.230469
1311.725586	38244.867188
1310.656250	37797.742188
1309.587891	37626.937500
1308.517578	37816.007813
1307.448242	37271.953125
1306.378906	36981.472656
1305.308594	36989.628906
1304.238281	36961.605469
1303.167969	36063.257813
1302.096680	35854.625000
1301.026367	35528.570313
1299.955078	35713.226563
1298.883789	35141.132813
1297.811523	34944.144531
1296.740234	34625.316406
1295.667969	34457.855469
1294.595703	33746.566406
1293.523438	33428.175781
1292.450195	33082.847656
1291.376953	33080.488281
1290.303711	33190.875000
1289.230469	32877.367188
1288.157227	32609.068359
1287.083008	32286.794922
1286.008789	32489.623047
1284.934570	32284.640625
1283.860352	32417.564453
1282.785156	32739.574219
1281.710938	32428.853516
1280.635742	32590.917969
1279.559570	32770.917969
1278.484375	32782.101563
1277.408203	33182.417969
1276.332031	33249.730469
1275.255859	33231.574219
1274.179688	33206.675781
1273.102539	33525.656250
1272.025391	33777.085938
1270.948242	34021.675781
1269.871094	33949.460938
1268.793945	33967.097656
1267.715820	34065.550781
1266.637695	33784.609375
1265.559570	34338.632813
1264.480469	33398.089844
1263.401367	33752.304688
1262.323242	32875.066406
1261.243164	33079.003906
1260.164063	32619.257813
1259.083984	32639.363281
1258.004883	32327.798828
1256.924805	32101.500000
1255.843750	31877.533203
1254.763672	31483.453125
1253.682617	31201.488281
1252.601563	31497.201172
1251.520508	31105.677734
1250.438477	30783.685547
1249.357422	30804.117188
1248.275391	30569.548828
1247.193359	30674.992188
1246.110352	30431.603516
1245.028320	29839.599609
1243.945313	30164.140625
1242.862305	29585.843750
1241.779297	29901.363281
1240.695313	29749.951172
1239.611328	29775.009766
1238.527344	29516.523438
1237.443359	29374.208984
1236.359375	29499.748047
1235.274414	29486.900391
1234.189453	29451.750000
1233.104492	29077.619141
1232.019531	28906.550781
1230.933594	28907.207031
1229.847656	28903.402344
1228.761719	28859.488281
1227.675781	28929.212891
1226.588867	28671.474609
1225.502930	28848.101563
1224.416016	28810.908203
1223.328125	28956.261719
1222.241211	29005.855469
1221.153320	28921.919922
1220.065430	28795.750000
1218.977539	28805.304688
1217.889648	28983.855469
1216.800781	28602.072266
1215.711914	28749.468750
1214.623047	28490.119141
1213.534180	28932.980469
1212.444336	28538.191406
1211.355469	28718.785156
1210.265625	28610.640625
1209.174805	27954.203125
1208.084961	28190.289063
1206.994141	28126.699219
1205.903320	28220.656250
1204.812500	28183.701172
1203.720703	28404.011719
1202.629883	28041.101563
1201.538086	27915.531250
1200.446289	27874.232422
1199.353516	28056.748047
1198.261719	27705.283203
1197.168945	27858.958984
1196.076172	27465.603516
1194.983398	27566.128906
1193.889648	27491.740234
1192.795898	27933.023438
1191.702148	27632.904297
1190.608398	27941.240234
1189.514648	28165.404297
1188.419922	28267.855469
1187.325195	28264.148438
1186.230469	28081.408203
1185.135742	27755.107422
1184.040039	27890.693359
1182.944336	28147.708984
1181.848633	28077.769531
1180.752930	28043.183594
1179.656250	28083.667969
1178.559570	27757.765625
1177.462891	27659.273438
1176.366211	27748.339844
1175.268555	27643.271484
1174.171875	27771.994141
1173.074219	27649.324219
1171.975586	27504.662109
1170.877930	27721.478516
1169.779297	27475.503906
1168.680664	27370.615234
1167.582031	27494.818359
1166.483398	27489.052734
1165.383789	27637.392578
1164.284180	27563.363281
1163.184570	27762.234375
1162.084961	27355.994141
1160.984375	27200.679688
1159.883789	27133.396484
1158.783203	27782.919922
1157.682617	27590.238281
1156.581055	27476.757813
1155.480469	27306.191406
1154.378906	27579.462891
1153.276367	27452.871094
1152.174805	27488.832031
1151.072266	27524.775391
1149.969727	27830.689453
1148.867188	27822.652344
1147.764648	27781.703125
1146.661133	28300.148438
1145.557617	27967.421875
1144.454102	28450.523438
1143.349609	28466.470703
1142.246094	28379.394531
1141.141602	28469.851563
1140.037109	28345.562500
1138.932617	28326.462891
1137.827148	28355.548828
1136.721680	28448.117188
1135.616211	27986.818359
1134.510742	28366.125000
1133.404297	27940.044922
1132.298828	28141.998047
1131.192383	27735.824219
1130.084961	27869.943359
1128.978516	27975.583984
1127.871094	27578.439453
1126.763672	27445.888672
1125.656250	27558.099609
1124.548828	27727.058594
1123.440430	27795.480469
1122.332031	27529.792969
1121.223633	27482.523438
1120.115234	27415.626953
1119.005859	27676.078125
1117.896484	27565.533203
1116.787109	27444.126953
1115.677734	28044.601563
1114.567383	27953.666016
1113.457031	28028.435547
1112.346680	28353.800781
1111.236328	28395.767578
1110.125000	28603.277344
1109.014648	28998.007813
1107.903320	29292.400391
1106.791016	29658.513672
1105.679688	29795.923828
1104.567383	30150.892578
1103.455078	30520.937500
1102.342773	30995.238281
1101.230469	30871.269531
1100.117188	31040.884766
1099.003906	31479.988281
1097.890625	31529.861328
1096.776367	31236.384766
1095.663086	31331.906250
1094.548828	30673.685547
1093.434570	30773.626953
1092.319336	30474.035156
1091.205078	30302.636719
1090.089844	29671.222656
1088.974609	28977.150391
1087.858398	29090.349609
1086.743164	28765.392578
1085.626953	28364.677734
1084.510742	28131.060547
1083.394531	28305.025391
1082.277344	27937.160156
1081.160156	27898.765625
1080.042969	28059.667969
1078.925781	27848.009766
1077.807617	27989.363281
1076.690430	27595.968750
1075.572266	27492.750000
1074.453125	27657.884766
1073.334961	27539.550781
1072.215820	27406.123047
1071.096680	28286.937500
1069.977539	27898.291016
1068.858398	28428.457031
1067.738281	27996.720703
1066.618164	28230.634766
1065.498047	28524.931641
1064.376953	28724.076172
1063.256836	28463.214844
1062.135742	28603.996094
1061.014648	28921.701172
1059.892578	29468.005859
1058.771484	29714.193359
1057.649414	29710.068359
1056.527344	29818.082031
1055.404297	30212.804688
1054.282227	30281.861328
1053.159180	30251.750000
1052.036133	30409.107422
1050.912109	30745.199219
1049.789063	30622.390625
1048.665039	30723.578125
1047.541016	30826.875000
1046.416992	30837.570313
1045.291992	30710.535156
1044.166992	30742.763672
1043.041992	30648.064453
1041.916992	30656.630859
1040.791992	30933.958984
1039.666016	30413.636719
1038.540039	30441.585938
1037.413086	30390.015625
1036.287109	29840.058594
1035.160156	30179.542969
1034.033203	29700.722656
1032.906250	29894.099609
1031.779297	29862.007813
1030.651367	29604.595703
1029.523438	30445.830078
1028.395508	29810.855469
1027.266602	30128.384766
1026.137695	29761.771484
1025.009766	29708.300781
1023.879883	29601.267578
1022.750977	29627.136719
1021.621094	29704.410156
1020.491211	29871.609375
1019.361328	29702.523438
1018.231445	29400.761719
1017.100586	29253.248047
1015.969727	29381.873047
1014.838867	29221.583984
1013.708008	29228.220703
1012.576172	29117.220703
1011.444336	29044.755859
1010.312500	29288.722656
1009.180664	28917.011719
1008.047852	28996.353516
1006.915039	28733.820313
1005.782227	29351.447266
1004.649414	29533.150391
1003.515625	29823.666016
1002.381836	30203.712891
1001.248047	29881.433594
1000.114258	29960.439453
998.979492	29356.746094
997.844727	28633.865234
996.709961	28269.537109
995.575195	28357.337891
994.439453	28308.683594
993.303711	27863.671875
992.167969	28053.767578
991.032227	28273.603516
989.895508	27750.078125
988.758789	28114.669922
987.622070	28296.029297
986.485352	27889.886719
985.347656	27815.865234
984.210938	27605.716797
983.073242	27684.927734
981.934570	27442.996094
980.796875	27715.677734
979.658203	27703.406250
978.519531	27629.509766
977.380859	27685.250000
976.241211	28010.748047
975.101563	27756.302734
973.961914	27650.597656
972.822266	27878.236328
971.681641	27993.285156
970.541992	28125.259766
969.400391	28490.548828
968.259766	28955.373047
967.119141	28785.917969
965.977539	28919.724609
964.835938	29392.634766
963.694336	29233.787109
962.551758	29471.230469
961.409180	29452.244141
960.266602	29778.492188
959.124023	28992.906250
957.980469	29490.589844
956.837891	29154.119141
955.694336	29035.751953
954.549805	28775.679688
953.406250	29017.033203
952.261719	28515.986328
951.117188	28598.712891
949.972656	28442.531250
948.827148	28419.560547
947.681641	28265.591797
946.536133	27989.160156
945.390625	28040.220703
944.245117	28380.550781
943.098633	28570.841797
941.952148	28602.742188
940.804688	28883.642578
939.658203	29014.621094
938.510742	29480.937500
937.363281	29915.417969
936.215820	30935.873047
935.067383	31334.017578
933.919922	31991.224609
932.770508	33025.328125
931.622070	34271.765625
930.473633	34732.039063
929.324219	36063.914063
928.174805	36668.871094
927.025391	37740.855469
925.875000	38252.597656
924.724609	38082.421875
923.574219	37817.656250
922.423828	37304.835938
921.272461	36773.304688
920.122070	35552.480469
918.969727	34613.808594
917.818359	33301.500000
916.666992	32430.933594
915.514648	31367.498047
914.362305	30816.906250
913.208984	29819.351563
912.056641	29552.693359
910.903320	28883.214844
909.750000	28694.500000
908.596680	28042.269531
907.442383	27696.515625
906.288086	27854.146484
905.133789	27902.695313
903.979492	27764.685547
902.824219	27660.259766
901.668945	27484.646484
900.513672	27570.927734
899.358398	27523.146484
898.202148	27423.042969
897.045898	27465.318359
895.889648	27356.894531
894.733398	27238.054688
893.576172	27290.796875
892.419922	27119.732422
891.261719	27268.660156
890.104492	27509.507813
888.946289	26999.904297
887.789063	27083.976563
886.629883	26965.361328
885.471680	26930.343750
884.312500	26891.162109
883.153320	26900.017578
881.994141	27105.083984
880.834961	27247.453125
879.674805	26845.175781
878.514648	27070.978516
877.354492	26985.923828
876.194336	26855.029297
875.033203	26915.984375
873.872070	27104.054688
872.710938	27114.914063
871.548828	27167.437500
870.387695	27065.796875
869.225586	27182.861328
868.063477	27187.443359
866.900391	27000.511719
865.737305	27148.726563
864.574219	26884.896484
863.411133	27249.416016
862.248047	26754.812500
861.083984	26788.580078
859.919922	27009.435547
858.755859	26637.828125
857.590820	27116.292969
856.425781	26881.939453
855.260742	27283.289063
854.095703	27262.896484
852.930664	27267.423828
851.764648	27491.984375
850.598633	27403.068359
849.431641	27019.548828
848.265625	27200.449219
847.098633	26960.242188
845.931641	27242.677734
844.764648	27039.878906
843.596680	27378.136719
842.428711	27633.357422
841.260742	27463.748047
840.092773	27604.912109
838.923828	27661.107422
837.754883	27539.216797
836.585938	27740.298828
835.416992	27628.789063
834.247070	28338.767578
833.077148	27875.496094
831.907227	27809.523438
830.737305	28041.339844
829.566406	27971.220703
828.395508	28140.892578
827.224609	28093.509766
826.052734	28033.750000
824.881836	28310.703125
823.709961	28445.041016
822.538086	28391.433594
821.365234	28350.232422
820.192383	28311.109375
819.019531	27927.423828
817.846680	27731.626953
816.673828	27950.464844
815.500000	27709.378906
814.326172	27480.763672
813.151367	27784.015625
811.977539	27942.886719
810.802734	28056.363281
809.627930	27922.613281
808.453125	28178.138672
807.277344	28250.306641
806.101563	28270.980469
804.925781	28408.951172
803.750000	28184.726563
802.573242	27242.658203
801.396484	27973.082031
800.219727	28026.685547
799.042969	27940.468750
797.865234	28065.988281
796.687500	28296.253906
795.509766	28877.734375
794.331055	28803.724609
793.153320	28659.923828
791.974609	29045.894531
790.795898	28873.361328
789.616211	28575.710938
788.436523	28608.533203
787.256836	28253.626953
786.077148	28688.482422
784.897461	28522.353516
783.716797	28331.695313
782.536133	27958.701172
781.354492	28325.615234
780.173828	28122.824219
778.992188	28045.064453
777.810547	28456.767578
776.628906	28276.595703
775.446289	28159.955078
774.263672	28209.130859
773.081055	28659.312500
771.898438	28516.066406
770.714844	28448.550781
769.531250	28583.494141
768.347656	28683.623047
767.163086	28920.644531
765.979492	29570.333984
764.794922	29038.898438
763.609375	29416.621094
762.424805	29449.062500
761.239258	29928.611328
760.053711	29840.494141
758.868164	30523.824219
757.681641	30945.693359
756.495117	30908.404297
755.308594	31036.324219
754.122070	31733.070313
752.934570	31381.689453
751.748047	32585.548828
750.559570	32511.255859
749.372070	33186.699219
748.183594	34155.148438
746.995117	35373.648438
745.806641	36807.425781
744.618164	38645.644531
743.428711	40067.914063
742.239258	41499.738281
741.049805	42981.792969
739.859375	44245.597656
738.669922	45201.824219
737.479492	46157.636719
736.288086	46074.472656
735.097656	46611.093750
733.906250	46525.832031
732.714844	46948.375000
731.523438	47041.769531
730.331055	46702.683594
729.138672	46603.257813
727.946289	46396.316406
726.753906	45637.605469
725.560547	45104.378906
724.367188	44084.660156
723.173828	43511.441406
721.979492	42989.148438
720.786133	41895.554688
719.591797	41497.433594
718.396484	40171.664063
717.202148	38812.035156
716.006836	37736.484375
714.811523	37357.816406
713.616211	36845.726563
712.419922	36837.734375
711.223633	36048.800781
710.027344	35468.546875
708.831055	35307.156250
707.633789	35180.207031
706.436523	34911.808594
705.239258	35045.699219
704.041016	34791.589844
702.843750	34226.488281
701.645508	34376.593750
700.447266	33844.132813
699.248047	33681.335938
698.048828	33930.351563
696.849609	34974.312500
695.650391	35511.433594
694.450195	35876.867188
693.250000	36209.878906
692.049805	37125.410156
690.849609	38129.230469
689.648438	39604.187500
688.447266	40939.480469
687.246094	41885.406250
686.044922	43257.882813
684.842773	44569.351563
683.640625	45954.730469
682.438477	47422.023438
681.235352	47922.816406
680.033203	48409.304688
678.829102	47849.679688
677.625977	47217.906250
676.422852	45595.246094
675.218750	45418.500000
674.014648	44321.433594
672.809570	43650.777344
671.604492	43814.031250
670.400391	42880.691406
669.194336	42991.828125
667.989258	42538.835938
666.783203	41837.175781
665.577148	41896.292969
664.371094	42513.070313
663.164063	42993.195313
661.957031	43170.320313
660.750000	43293.234375
659.542969	43464.199219
658.334961	43360.546875
657.127930	42782.117188
655.918945	41923.511719
654.710938	41702.105469
653.501953	40495.726563
652.292969	40739.121094
651.083984	39503.453125
649.875000	39684.925781
648.665039	38786.089844
647.455078	37809.644531
646.244141	37633.441406
645.034180	36587.699219
643.823242	36102.039063
642.612305	35214.945313
641.400391	34897.605469
640.189453	34232.863281
638.977539	33768.097656
637.765625	33776.707031
636.552734	33577.714844
635.339844	33388.789063
634.126953	33467.296875
632.914063	33587.660156
631.700195	33755.828125
630.487305	33810.273438
629.272461	34223.511719
628.058594	34329.644531
626.843750	34166.726563
625.628906	34527.816406
624.414063	34701.523438
623.199219	34439.062500
621.983398	33923.878906
620.767578	33952.296875
619.551758	33419.531250
618.334961	33362.492188
617.118164	32796.265625
615.901367	32194.492188
614.684570	31835.541016
613.466797	31607.939453
612.249023	30977.000000
611.031250	30419.851563
609.813477	30357.582031
608.594727	30241.712891
607.375977	30020.654297
606.157227	30238.417969
604.937500	29834.855469
603.717773	29905.718750
602.498047	29794.033203
601.278320	29452.314453
600.057617	29406.210938
598.836914	29334.353516
597.616211	29056.380859
596.395508	28532.794922
595.173828	28748.457031
593.952148	28454.943359
592.729492	28539.814453
591.507813	28299.929688
590.285156	28171.003906
589.062500	27757.138672
587.839844	28081.501953
586.616211	28198.005859
585.392578	27976.250000
584.168945	27995.830078
582.944336	28100.408203
581.720703	28542.923828
580.495117	28904.224609
579.270508	29257.460938
578.045898	29308.333984
576.820313	29278.214844
575.594727	29694.310547
574.368164	29741.099609
573.142578	30111.519531
571.916016	30091.107422
570.688477	29879.359375
569.461914	30450.662109
568.234375	30294.132813
567.006836	30279.605469
565.779297	30038.429688
564.550781	30035.783203
563.322266	29912.962891
562.093750	29333.250000
560.865234	29370.136719
559.635742	29511.349609
558.406250	29355.283203
557.176758	29388.199219
555.946289	29763.435547
554.715820	29154.998047
553.485352	29252.828125
552.254883	28992.775391
551.023438	28546.091797
549.791992	29031.144531
548.560547	28665.203125
547.328125	28790.525391
546.096680	28299.097656
544.864258	27849.121094
543.630859	27976.496094
542.398438	27899.695313
541.165039	28213.414063
539.931641	28446.560547
538.697266	28295.166016
537.463867	28400.724609
536.229492	28349.390625
534.994141	28245.156250
533.759766	28407.480469
532.524414	28608.916016
531.289063	28583.039063
530.053711	28729.509766
528.817383	28517.607422
527.581055	28838.242188
526.344727	28904.314453
525.107422	29181.673828
523.871094	29856.023438
522.632813	30774.550781
521.395508	32572.589844
520.158203	32751.142578
518.919922	32177.128906
517.681641	31044.496094
516.442383	29931.898438
515.203125	29407.707031
513.963867	28666.984375
512.724609	28322.916016
511.485352	28537.248047
510.245117	28642.201172
509.004883	29049.523438
507.763672	29645.875000
506.523438	29580.839844
505.282227	29548.976563
504.040039	29612.644531
502.798828	29134.482422
501.556641	29402.802734
