1802.318359	16049.675781
1801.348633	16509.166016
1800.379883	16331.097656
1799.410156	16115.655273
1798.440430	16012.607422
1797.470703	16263.921875
1796.500977	16163.377930
1795.530273	16287.353516
1794.559570	16658.160156
1793.588867	16412.986328
1792.618164	16452.082031
1791.647461	16428.855469
1790.675781	16231.216797
1789.705078	16310.182617
1788.733398	16553.505859
1787.761719	16664.748047
1786.789063	16790.882813
1785.817383	16638.169922
1784.844727	16724.437500
1783.872070	16855.458984
1782.899414	16906.818359
1781.926758	17032.773438
1780.953125	16892.595703
1779.980469	17001.097656
1779.006836	16848.550781
1778.033203	17098.675781
1777.058594	17077.861328
1776.084961	17071.958984
1775.110352	17175.345703
1774.135742	17539.433594
1773.161133	17270.265625
1772.186523	17348.722656
1771.210938	17561.166016
1770.236328	17709.009766
1769.260742	17407.767578
1768.285156	17726.720703
1767.308594	17879.400391
1766.333008	17935.322266
1765.356445	18045.755859
1764.379883	18426.279297
1763.403320	18472.144531
1762.426758	18374.306641
1761.449219	18608.400391
1760.472656	18926.595703
1759.495117	18994.601563
1758.517578	19010.597656
1757.539063	18964.716797
1756.561523	19554.757813
1755.583008	19268.820313
1754.604492	19383.677734
1753.625977	19120.142578
1752.647461	19217.675781
1751.667969	19253.373047
1750.688477	18975.189453
1749.709961	19146.818359
1748.729492	18967.580078
1747.750000	18986.005859
1746.770508	18982.197266
1745.790039	19156.150391
1744.809570	18804.263672
1743.829102	19190.419922
1742.847656	18838.664063
1741.867188	19042.105469
1740.885742	18475.941406
1739.904297	18778.007813
1738.922852	18786.566406
1737.941406	18541.232422
1736.958984	18813.527344
1735.977539	18696.410156
1734.995117	18729.607422
1734.011719	18893.328125
1733.029297	18695.000000
1732.046875	18834.041016
1731.063477	18810.566406
1730.080078	18848.625000
1729.096680	18923.574219
1728.112305	18656.554688
1727.128906	18952.865234
1726.144531	18624.470703
1725.160156	19188.642578
1724.175781	19042.222656
1723.191406	18905.691406
1722.206055	19140.222656
1721.220703	19116.724609
1720.235352	19201.298828
1719.250000	19354.593750
1718.264648	19080.648438
1717.278320	19120.994141
1716.291992	19200.587891
1715.305664	19422.457031
1714.319336	19732.544922
1713.333008	19635.378906
1712.345703	19628.978516
1711.358398	19958.447266
1710.371094	19983.845703
1709.383789	19965.123047
1708.396484	20220.818359
1707.408203	20162.857422
1706.419922	20401.265625
1705.431641	20196.373047
1704.443359	20814.136719
1703.455078	20704.699219
1702.465820	21055.371094
1701.476563	21310.478516
1700.487305	21452.960938
1699.498047	21392.390625
1698.507813	21923.580078
1697.518555	21836.046875
1696.528320	21777.876953
1695.538086	21900.564453
1694.547852	22243.091797
1693.556641	22443.802734
1692.565430	22510.105469
1691.575195	22881.601563
1690.583008	22759.810547
1689.591797	23018.828125
1688.600586	23267.978516
1687.608398	23219.375000
1686.616211	23473.259766
1685.624023	23502.671875
1684.631836	23658.863281
1683.638672	23556.582031
1682.645508	23534.773438
1681.652344	23685.986328
1680.659180	23800.591797
1679.666016	23915.148438
1678.671875	23462.220703
1677.678711	23469.664063
1676.684570	23693.763672
1675.690430	23379.880859
1674.695313	23759.640625
1673.701172	23475.064453
1672.706055	23837.623047
1671.710938	23793.904297
1670.715820	23631.060547
1669.719727	23543.640625
1668.724609	23446.533203
1667.728516	23573.017578
1666.732422	23631.427734
1665.736328	23811.259766
1664.739258	23621.888672
1663.743164	23500.576172
1662.746094	23592.931641
1661.749023	23432.839844
1660.751953	23864.882813
1659.753906	23801.839844
1658.755859	23590.861328
1657.758789	24039.582031
1656.759766	23809.242188
1655.761719	24228.646484
1654.763672	23894.144531
1653.764648	24158.281250
1652.765625	24654.878906
1651.766602	24078.277344
1650.767578	23986.234375
1649.767578	23974.123047
1648.767578	24136.302734
1647.768555	24063.660156
1646.767578	24194.296875
1645.767578	23901.523438
1644.766602	24298.195313
1643.766602	24382.755859
1642.765625	24358.484375
1641.764648	24626.705078
1640.762695	24268.880859
1639.761719	24350.958984
1638.759766	24652.833984
1637.757813	24906.283203
1636.755859	24674.253906
1635.752930	24985.535156
1634.750977	24760.824219
1633.748047	24801.667969
1632.745117	24912.464844
1631.741211	24933.958984
1630.738281	24943.382813
1629.734375	24947.980469
1628.730469	24800.689453
1627.726563	24824.593750
1626.722656	25103.935547
1625.718750	24951.878906
1624.713867	25264.804688
1623.708984	25148.900391
1622.704102	25254.574219
1621.698242	25215.755859
1620.693359	25559.658203
1619.687500	25484.693359
1618.681641	25166.751953
1617.675781	25435.880859
1616.669922	25464.398438
1615.663086	25711.714844
1614.656250	25788.242188
1613.649414	25963.283203
1612.642578	25926.781250
1611.635742	26488.539063
1610.627930	26283.794922
1609.620117	26105.550781
1608.612305	26532.460938
1607.604492	26078.162109
1606.595703	26658.511719
1605.587891	26691.500000
1604.579102	26753.265625
1603.570313	26745.441406
1602.560547	27150.109375
1601.551758	27319.636719
1600.541992	27522.654297
1599.532227	27759.142578
1598.522461	27703.189453
1597.512695	27877.250000
1596.501953	28343.466797
1595.491211	28541.273438
1594.480469	28736.603516
1593.469727	28606.291016
1592.458984	29256.261719
1591.447266	29750.429688
1590.435547	29603.240234
1589.423828	29862.730469
1588.412109	30222.550781
1587.400391	30264.232422
1586.387695	30286.771484
1585.375000	30340.369141
1584.362305	30327.039063
1583.349609	30339.990234
1582.335938	30032.876953
1581.323242	30373.037109
1580.309570	30345.378906
1579.294922	30184.054688
1578.281250	30407.031250
1577.267578	30474.818359
1576.252930	30296.863281
1575.238281	30400.419922
1574.223633	30425.240234
1573.208008	30264.087891
1572.193359	30813.324219
1571.177734	30835.656250
1570.162109	30772.203125
1569.145508	30639.689453
1568.129883	30776.361328
1567.113281	30503.404297
1566.096680	30556.718750
1565.080078	30771.867188
1564.063477	30054.056641
1563.045898	30036.046875
1562.029297	29875.314453
1561.011719	30237.873047
1559.994141	29546.906250
1558.975586	29438.667969
1557.958008	29430.298828
1556.939453	29400.544922
1555.920898	29316.156250
1554.902344	29110.654297
1553.882813	29107.101563
1552.864258	28999.074219
1551.844727	29361.134766
1550.825195	29302.939453
1549.804688	29714.617188
1548.785156	29535.373047
1547.764648	29583.914063
1546.744141	29822.156250
1545.723633	30084.011719
1544.703125	29930.906250
1543.681641	29848.964844
1542.660156	30136.714844
1541.638672	30012.117188
1540.617188	29762.031250
1539.595703	29961.994141
1538.573242	29690.707031
1537.550781	29897.703125
1536.528320	29782.740234
1535.505859	29457.226563
1534.482422	29593.166016
1533.459961	29757.431641
1532.436523	29734.808594
1531.413086	30021.917969
1530.388672	29476.843750
1529.365234	30047.486328
1528.340820	29306.509766
1527.316406	29491.882813
1526.291992	29698.435547
1525.267578	29453.875000
1524.242188	29478.556641
1523.216797	29725.109375
1522.191406	29780.402344
1521.166016	29691.742188
1520.139648	29751.732422
1519.114258	29623.017578
1518.087891	29749.019531
1517.061523	30077.718750
1516.034180	30271.929688
1515.007813	30202.121094
1513.980469	30047.517578
1512.953125	30430.060547
1511.925781	30821.865234
1510.897461	30704.900391
1509.870117	30611.523438
1508.841797	30647.636719
1507.813477	30973.179688
1506.785156	30860.978516
1505.755859	31042.853516
1504.726563	31311.667969
1503.697266	31119.515625
1502.667969	31160.171875
1501.638672	31240.765625
1500.608398	30961.794922
1499.579102	31134.019531
1498.548828	30838.738281
1497.517578	30794.857422
1496.487305	30748.646484
1495.456055	30883.205078
1494.424805	30642.191406
1493.393555	30488.093750
1492.362305	30479.511719
1491.331055	30468.585938
1490.298828	30359.169922
1489.266602	30141.945313
1488.234375	30121.714844
1487.201172	30270.228516
1486.168945	30446.800781
1485.135742	30410.113281
1484.102539	30345.335938
1483.069336	31111.886719
1482.035156	31526.937500
1481.001953	31504.097656
1479.967773	31450.841797
1478.933594	31917.039063
1477.898438	32263.740234
1476.864258	32823.128906
1475.829102	33634.828125
1474.793945	33812.632813
1473.758789	33957.636719
1472.722656	35133.156250
1471.687500	34960.074219
1470.651367	35852.253906
1469.615234	36690.347656
1468.579102	37070.441406
1467.541992	37700.167969
1466.504883	38621.390625
1465.468750	39173.527344
1464.430664	40315.707031
1463.393555	41172.839844
1462.355469	41850.046875
1461.318359	42237.843750
1460.280273	43250.238281
1459.241211	44036.136719
1458.203125	44681.894531
1457.164063	44966.277344
1456.125000	45648.843750
1455.085938	45651.125000
1454.046875	46160.972656
1453.006836	46437.824219
1451.967773	46740.160156
1450.927734	47419.324219
1449.886719	47686.433594
1448.846680	48400.003906
1447.805664	47878.476563
1446.764648	48247.617188
1445.723633	47263.753906
1444.682617	45927.039063
1443.641602	45253.082031
1442.599609	44709.488281
1441.557617	42902.632813
1440.515625	42016.066406
1439.472656	41248.269531
1438.430664	40269.558594
1437.387695	39579.007813
1436.344727	38863.218750
1435.301758	38119.886719
1434.257813	37870.851563
1433.213867	36780.207031
1432.169922	37004.480469
1431.125977	36644.566406
1430.082031	36015.992188
1429.037109	35818.605469
1427.993164	36070.675781
1426.948242	35639.453125
1425.902344	35942.390625
1424.857422	35367.839844
1423.811523	35721.625000
1422.765625	35598.578125
1421.719727	35653.722656
1420.673828	36044.234375
1419.626953	36217.199219
1418.580078	36182.003906
1417.533203	36673.871094
1416.486328	36737.972656
1415.439453	36492.414063
1414.391602	36909.980469
1413.343750	36773.039063
1412.295898	36615.371094
1411.248047	36889.503906
1410.199219	36618.765625
1409.150391	36599.687500
1408.101563	36603.691406
1407.052734	36328.558594
1406.003906	35887.476563
1404.954102	35755.566406
1403.904297	35441.578125
1402.854492	35171.511719
1401.804688	34963.777344
1400.753906	34910.496094
1399.703125	34398.828125
1398.652344	34067.007813
1397.601563	33825.121094
1396.550781	34214.117188
1395.499023	33592.527344
1394.447266	33281.851563
1393.395508	33438.339844
1392.343750	33028.910156
1391.291016	33054.296875
1390.239258	33288.906250
1389.186523	32893.546875
1388.132813	32875.273438
1387.080078	32868.492188
1386.026367	33312.000000
1384.972656	33380.929688
1383.918945	33335.003906
1382.865234	33472.773438
1381.810547	33716.078125
1380.756836	34175.007813
1379.702148	34374.464844
1378.646484	34096.671875
1377.591797	34651.566406
1376.536133	34983.796875
1375.480469	34809.214844
1374.424805	34873.085938
1373.369141	35383.812500
1372.312500	35163.421875
1371.256836	35245.503906
1370.200195	35432.898438
1369.142578	35501.148438
1368.085938	35866.976563
1367.028320	35667.304688
1365.970703	36124.480469
1364.913086	36084.988281
1363.855469	36365.753906
1362.796875	36623.527344
1361.739258	36561.085938
1360.680664	36683.835938
1359.621094	37487.625000
1358.562500	37868.343750
1357.502930	37348.765625
1356.443359	38167.902344
1355.383789	38808.574219
1354.324219	39156.726563
1353.263672	39717.031250
1352.203125	40555.531250
1351.142578	41293.285156
1350.082031	41898.417969
1349.021484	42286.617188
1347.959961	42629.046875
1346.898438	43165.125000
1345.836914	44186.492188
1344.774414	43981.363281
1343.712891	44833.523438
1342.650391	45530.429688
1341.587891	46083.558594
1340.525391	47665.687500
1339.461914	47828.843750
1338.398438	48574.613281
1337.335938	50162.062500
1336.271484	50738.675781
1335.208008	51792.734375
1334.143555	52107.226563
1333.079102	52514.808594
1332.014648	52638.058594
1330.950195	52286.234375
1329.885742	52232.230469
1328.820313	52073.738281
1327.754883	51476.929688
1326.689453	50916.699219
1325.623047	50259.066406
1324.556641	49783.304688
1323.491211	48962.769531
1322.423828	47886.164063
1321.357422	46986.957031
1320.291016	46618.855469
1319.223633	45715.742188
1318.156250	45454.605469
1317.087891	45082.511719
1316.020508	45018.773438
1314.952148	44368.230469
1313.883789	44189.132813
1312.815430	43695.296875
1311.747070	43760.957031
1310.677734	42932.351563
1309.608398	42531.875000
1308.539063	42864.757813
1307.469727	42152.234375
1306.399414	41953.480469
1305.330078	41591.976563
1304.259766	41454.464844
1303.189453	41231.105469
1302.118164	41138.921875
1301.046875	41030.957031
1299.976563	40471.199219
1298.904297	40187.230469
1297.833008	39968.871094
1296.761719	39118.417969
1295.689453	38485.019531
1294.617188	37614.910156
1293.543945	37325.050781
1292.471680	37439.117188
1291.398438	36590.058594
1290.325195	36519.320313
1289.251953	36412.535156
1288.178711	36290.011719
1287.104492	36428.957031
1286.030273	36268.175781
1284.956055	37058.070313
1283.881836	36816.144531
1282.806641	37020.148438
1281.732422	37368.148438
1280.657227	37538.191406
1279.581055	37962.441406
1278.505859	37997.296875
1277.429688	38353.792969
1276.353516	38408.785156
1275.277344	38585.167969
1274.201172	38066.855469
1273.124023	38169.066406
1272.046875	37758.910156
1270.969727	37411.824219
1269.892578	37318.691406
1268.814453	36870.785156
1267.737305	36167.117188
1266.659180	36047.355469
1265.581055	35586.523438
1264.501953	35392.882813
1263.422852	34699.074219
1262.344727	34364.398438
1261.264648	33964.832031
1260.185547	33675.285156
1259.105469	33574.132813
1258.026367	33253.410156
1256.946289	32663.958984
1255.865234	32446.595703
1254.785156	32901.183594
1253.704102	32280.822266
1252.623047	31846.521484
1251.541992	31727.978516
1250.459961	31602.771484
1249.378906	31708.046875
1248.296875	31643.283203
1247.214844	31755.210938
1246.131836	31466.880859
1245.049805	31198.785156
1243.966797	31169.931641
1242.883789	31284.091797
1241.800781	31179.275391
1240.716797	30837.751953
1239.632813	31025.593750
1238.548828	30543.589844
1237.464844	31235.863281
1236.380859	30608.957031
1235.295898	30301.365234
1234.210938	30767.951172
1233.125977	30389.083984
1232.041016	30824.236328
1230.955078	30909.205078
1229.869141	31083.289063
1228.783203	30818.312500
1227.697266	30702.712891
1226.610352	30858.906250
1225.524414	31055.119141
1224.437500	31360.345703
1223.349609	31024.343750
1222.262695	31345.027344
1221.174805	31347.380859
1220.086914	31329.710938
1218.999023	31627.880859
1217.911133	31441.154297
1216.822266	31523.515625
1215.733398	31456.916016
1214.644531	31681.464844
1213.555664	31461.546875
1212.465820	31357.230469
1211.376953	31268.503906
1210.287109	31162.046875
1209.196289	31186.615234
1208.106445	31240.023438
1207.015625	31162.482422
1205.924805	30847.580078
1204.833984	30830.039063
1203.743164	31338.095703
1202.651367	31049.955078
1201.559570	30890.505859
1200.467773	31056.916016
1199.375977	30822.189453
1198.283203	30804.664063
1197.190430	30705.195313
1196.097656	30718.701172
1195.004883	31011.160156
1193.911133	30812.095703
1192.818359	30540.080078
1191.724609	30774.861328
1190.629883	30626.843750
1189.536133	30896.890625
1188.441406	30768.806641
1187.346680	30636.353516
1186.251953	30769.185547
1185.157227	30404.753906
1184.061523	30802.697266
1182.965820	30250.652344
1181.870117	30348.111328
1180.774414	30202.654297
1179.677734	30308.910156
1178.581055	30057.578125
1177.484375	30035.835938
1176.387695	30230.298828
1175.291016	30325.423828
1174.193359	29924.339844
1173.095703	30308.304688
1171.998047	30361.466797
1170.899414	30169.982422
1169.800781	30033.662109
1168.702148	30432.693359
1167.603516	29681.898438
1166.504883	30208.544922
1165.405273	29867.583984
1164.305664	30321.333984
1163.206055	29850.656250
1162.106445	30093.005859
1161.005859	30172.480469
1159.906250	30436.648438
1158.804688	30078.468750
1157.704102	30144.699219
1156.603516	30024.087891
1155.501953	29921.103516
1154.400391	29563.324219
1153.298828	29860.224609
1152.196289	29985.712891
1151.093750	29377.853516
1149.992188	29975.320313
1148.888672	29854.908203
1147.786133	30309.402344
1146.682617	30175.804688
1145.579102	30202.365234
1144.475586	30097.349609
1143.372070	30235.716797
1142.267578	30481.421875
1141.163086	29981.966797
1140.058594	30001.957031
1138.954102	29932.130859
1137.848633	30184.255859
1136.744141	30405.621094
1135.638672	30055.550781
1134.532227	30156.474609
1133.426758	30314.244141
1132.320313	30342.873047
1131.213867	30268.691406
1130.107422	30172.669922
1129.000000	30454.914063
1127.893555	30013.531250
1126.786133	30212.642578
1125.677734	30228.136719
1124.570313	30429.300781
1123.461914	30451.291016
1122.354492	30198.146484
1121.245117	30357.705078
1120.136719	30325.125000
1119.027344	30746.445313
1117.918945	30438.900391
1116.808594	31071.593750
1115.699219	31121.753906
1114.589844	30995.285156
1113.479492	31416.009766
1112.369141	31923.732422
1111.257813	32531.470703
1110.147461	32670.576172
1109.036133	33545.792969
1107.924805	34172.398438
1106.813477	35055.632813
1105.701172	35760.007813
1104.589844	36322.632813
1103.477539	36963.347656
1102.364258	37512.425781
1101.251953	38339.644531
1100.138672	38231.546875
1099.025391	38145.230469
1097.912109	37948.101563
1096.798828	37661.960938
1095.684570	37080.476563
1094.570313	36762.054688
1093.456055	35881.320313
1092.341797	34809.898438
1091.226563	34696.191406
1090.111328	33762.187500
1088.996094	33106.308594
1087.880859	32615.568359
1086.764648	31910.318359
1085.648438	31704.093750
1084.532227	31840.488281
1083.416016	31094.658203
1082.299805	31053.425781
1081.182617	31051.205078
1080.065430	31090.138672
1078.947266	30834.527344
1077.830078	30903.800781
1076.711914	30639.671875
1075.593750	30832.316406
1074.475586	30492.578125
1073.357422	30804.154297
1072.238281	30953.376953
1071.119141	31078.750000
1070.000000	31184.609375
1068.879883	31052.652344
1067.760742	30970.455078
1066.640625	31195.097656
1065.519531	31082.658203
1064.399414	31473.478516
1063.278320	31505.693359
1062.157227	31907.048828
1061.036133	32334.130859
1059.915039	32499.927734
1058.792969	32581.511719
1057.670898	32471.087891
1056.548828	32748.882813
1055.426758	33358.593750
1054.303711	33317.046875
1053.181641	33210.863281
1052.057617	34022.625000
1050.934570	33843.089844
1049.811523	33891.929688
1048.687500	34278.816406
1047.563477	34017.527344
1046.438477	34182.519531
1045.314453	34280.734375
1044.189453	34125.023438
1043.064453	34513.597656
1041.939453	34256.820313
1040.813477	34056.058594
1039.687500	34089.691406
1038.561523	34017.996094
1037.435547	33920.546875
1036.309570	34325.839844
1035.182617	33934.105469
1034.055664	34045.023438
1032.928711	34143.015625
1031.800781	33807.367188
1030.673828	34317.402344
1029.545898	34342.316406
1028.416992	33318.246094
1027.289063	33294.027344
1026.160156	33724.394531
1025.031250	33333.511719
1023.902344	33637.226563
1022.773438	32813.667969
1021.643555	33151.636719
1020.513672	32947.550781
1019.383789	32809.933594
1018.252930	33008.515625
1017.123047	32374.322266
1015.992188	32144.882813
1014.861328	32405.525391
1013.729492	32405.070313
1012.598633	31679.566406
1011.466797	31920.890625
1010.334961	32183.490234
1009.202148	32014.216797
1008.070313	31943.314453
1006.937500	32154.458984
1005.804688	32203.173828
1004.670898	32593.558594
1003.538086	32879.156250
1002.404297	32761.171875
1001.270508	32604.820313
1000.135742	32322.636719
999.001953	32025.640625
997.867188	31771.423828
996.732422	31498.123047
995.596680	31630.011719
994.461914	31817.261719
993.326172	31267.078125
992.190430	31539.546875
991.054688	30964.091797
989.917969	31068.257813
988.781250	31070.171875
987.644531	30989.060547
986.507813	31118.687500
985.370117	30888.644531
984.232422	30871.439453
983.094727	31047.798828
981.957031	31175.169922
980.819336	30862.382813
979.680664	31106.646484
978.541992	31225.416016
977.402344	31405.751953
976.263672	31687.974609
975.124023	31377.525391
973.984375	31430.304688
972.844727	31608.312500
971.704102	31582.484375
970.563477	31853.750000
969.422852	31815.146484
968.282227	32171.087891
967.141602	31930.964844
966.000000	32314.289063
964.858398	32281.972656
963.715820	32459.480469
962.574219	32518.253906
961.431641	31979.605469
960.289063	32292.609375
959.146484	32541.949219
958.002930	32003.636719
956.860352	31725.892578
955.716797	31560.421875
954.572266	31314.623047
953.428711	31650.621094
952.284180	31385.871094
951.139648	31210.033203
949.995117	31378.835938
948.849609	31655.351563
947.704102	31363.347656
946.558594	31489.751953
945.413086	31609.765625
944.267578	31431.980469
943.121094	32092.419922
941.974609	32552.052734
940.827148	32561.992188
939.680664	33071.960938
938.533203	34128.046875
937.385742	34911.625000
936.238281	35663.234375
935.089844	36920.460938
933.942383	38288.847656
932.792969	40031.722656
931.644531	41194.503906
930.496094	42714.855469
929.346680	43925.000000
928.197266	45340.945313
927.047852	45828.023438
925.897461	46344.355469
924.747070	45410.800781
923.596680	44698.511719
922.446289	43202.070313
921.294922	41788.265625
920.144531	40169.046875
918.992188	38745.980469
917.840820	37560.964844
916.689453	35788.214844
915.537109	34616.937500
914.384766	33641.457031
913.231445	33042.203125
912.079102	32214.404297
910.925781	32131.968750
909.772461	31363.462891
908.619141	31371.443359
907.464844	31138.230469
906.310547	30825.435547
905.156250	30867.060547
904.001953	30755.662109
902.846680	30824.521484
901.691406	30503.673828
900.536133	30616.539063
899.380859	30802.650391
898.224609	30710.218750
897.069336	30642.943359
895.913086	31008.902344
894.755859	30878.818359
893.599609	30742.511719
892.442383	30850.960938
891.285156	30974.000000
890.126953	30762.494141
888.969727	30525.996094
887.811523	30619.763672
886.653320	30644.544922
885.494141	30784.195313
884.335938	30144.843750
883.176758	30666.617188
882.016602	30417.906250
880.857422	30200.605469
879.697266	30037.646484
878.538086	30477.630859
877.376953	30116.542969
876.216797	30278.988281
875.055664	30624.820313
873.894531	30422.332031
872.733398	30507.500000
871.572266	30055.113281
870.410156	29896.613281
869.248047	30233.816406
868.085938	30125.312500
866.922852	30789.130859
865.760742	30322.589844
864.597656	30451.333984
863.433594	30534.253906
862.270508	30352.998047
861.106445	30458.771484
859.942383	30813.970703
858.778320	30530.919922
857.613281	30173.179688
856.449219	30368.230469
855.284180	30370.019531
854.118164	30195.289063
852.953125	30325.839844
851.787109	30535.212891
850.621094	30873.167969
849.455078	30416.281250
848.288086	30598.525391
847.121094	30264.257813
845.954102	30672.474609
844.787109	30313.451172
843.619141	30404.355469
842.452148	30671.361328
841.283203	30784.935547
840.115234	31022.740234
838.947266	30912.529297
837.778320	30731.964844
836.609375	31247.005859
835.439453	30855.347656
834.269531	31185.982422
833.100586	31233.064453
831.929688	31373.195313
830.759766	31676.619141
829.588867	31789.712891
828.417969	31266.148438
827.247070	31112.705078
826.076172	31279.558594
824.904297	31615.714844
823.732422	31396.203125
822.560547	31195.367188
821.387695	31386.822266
820.215820	31068.435547
819.042969	31160.789063
817.869141	31259.291016
816.696289	31363.935547
815.522461	31093.244141
814.348633	31150.458984
813.174805	31265.359375
812.000000	31631.613281
810.825195	31668.066406
809.650391	31543.835938
808.475586	31777.988281
807.300781	31379.949219
806.125000	31614.029297
804.949219	31889.169922
803.772461	31765.015625
802.596680	31735.542969
801.419922	31928.203125
800.243164	31853.466797
799.065430	32068.628906
797.887695	32131.597656
796.710938	32132.890625
795.532227	32520.423828
794.354492	32751.681641
793.175781	32161.398438
791.997070	32253.013672
790.818359	32356.904297
789.639648	31750.662109
788.459961	32008.500000
787.280273	31406.693359
786.100586	31892.142578
784.919922	31957.029297
783.739258	31581.123047
782.558594	31574.308594
781.377930	31432.248047
780.196289	31302.541016
779.014648	31562.060547
777.833008	31078.099609
776.651367	31358.027344
775.468750	31480.214844
774.287109	31626.906250
773.103516	31894.250000
771.920898	31627.566406
770.737305	31686.181641
769.553711	31887.902344
768.370117	31874.880859
767.186523	31957.923828
766.001953	32545.656250
764.817383	32334.324219
763.632813	32799.164063
762.447266	32702.224609
761.262695	33060.613281
760.077148	33349.445313
758.890625	33566.718750
757.705078	33749.214844
756.518555	34251.890625
755.332031	34564.679688
754.145508	35572.632813
752.958008	36029.734375
751.770508	36835.156250
750.583008	37827.695313
749.395508	38730.160156
748.207031	40587.500000
747.018555	42279.085938
745.830078	45303.468750
744.640625	48184.058594
743.452148	51899.800781
742.262695	55422.679688
741.073242	58628.734375
739.882813	60324.371094
738.692383	62015.203125
737.501953	62568.937500
736.311523	61224.164063
735.120117	59774.308594
733.929688	57370.257813
732.738281	55111.453125
731.545898	53032.316406
730.354492	52231.078125
729.162109	51864.554688
727.969727	52324.121094
726.776367	53270.414063
725.583984	53832.921875
724.390625	53498.800781
723.196289	53037.085938
722.002930	51632.953125
720.808594	49193.789063
719.614258	47580.359375
718.419922	45436.867188
717.224609	43792.539063
716.030273	42541.761719
714.834961	41657.953125
713.638672	41118.617188
712.443359	40445.953125
711.247070	40145.839844
710.050781	39469.628906
708.853516	38737.082031
707.657227	38746.875000
706.459961	38293.753906
705.262695	38119.722656
704.064453	37549.738281
702.867188	37781.976563
701.668945	37325.410156
700.469727	37240.574219
699.271484	37557.515625
698.072266	37682.570313
696.873047	37454.433594
695.673828	37948.648438
694.473633	38283.304688
693.273438	38498.828125
692.073242	39292.894531
690.873047	39852.792969
689.671875	41170.187500
688.470703	41908.750000
687.269531	42673.171875
686.068359	43113.011719
684.866211	43989.593750
683.664063	45125.480469
682.461914	45518.203125
681.258789	45327.207031
680.055664	45196.644531
678.852539	45039.988281
677.649414	44489.257813
676.445313	43876.441406
675.242188	43093.035156
674.037109	42822.414063
672.833008	41943.132813
671.627930	41938.027344
670.422852	41418.796875
669.217773	40867.664063
668.012695	40866.800781
666.806641	40996.386719
665.600586	41077.757813
664.394531	41273.437500
663.187500	41832.054688
661.980469	42163.832031
660.773438	42886.398438
659.566406	42642.550781
658.358398	42733.460938
657.150391	43188.960938
655.942383	42262.160156
654.734375	42627.437500
653.525391	42199.699219
652.316406	41744.117188
651.107422	41580.921875
649.897461	40861.554688
648.688477	40750.628906
647.478516	40373.750000
646.267578	39383.167969
645.057617	39238.644531
643.846680	38426.617188
642.635742	38140.484375
641.423828	37904.417969
640.212891	37324.902344
639.000977	37172.984375
637.788086	36783.542969
636.576172	36837.398438
635.363281	36731.574219
634.150391	36994.906250
632.937500	37228.203125
631.723633	37932.050781
630.510742	37851.992188
629.295898	38170.660156
628.082031	38493.167969
626.867188	38650.148438
625.652344	38540.113281
624.437500	38079.578125
623.222656	38356.015625
622.006836	37835.996094
620.791016	37280.367188
619.575195	36585.683594
618.358398	36627.433594
617.141602	36163.925781
615.924805	35742.382813
614.708008	35692.820313
613.490234	35496.179688
612.272461	34924.011719
611.054688	35168.718750
609.836914	34588.917969
608.618164	34696.550781
607.399414	34651.238281
606.180664	34427.277344
604.960938	34181.578125
603.741211	34158.230469
602.521484	33827.386719
601.301758	33578.003906
600.081055	33907.773438
598.860352	33767.523438
597.639648	33113.953125
596.418945	33798.332031
595.197266	33525.441406
593.975586	33226.921875
592.753906	33304.808594
591.531250	33481.656250
590.308594	33717.816406
589.085938	33275.027344
587.863281	33154.957031
586.639648	33236.718750
585.416016	33140.441406
584.192383	33125.273438
582.967773	33230.707031
581.744141	33253.074219
580.519531	33471.066406
579.293945	33880.597656
578.069336	33762.562500
576.843750	33810.460938
575.618164	33891.898438
574.391602	34407.562500
573.166016	34656.578125
571.939453	34384.589844
570.711914	34824.839844
569.485352	34793.542969
568.257813	35050.128906
567.030273	34874.882813
565.802734	34896.796875
564.574219	35084.222656
563.345703	34584.019531
562.117188	34546.890625
560.888672	34271.503906
559.659180	34356.515625
558.429688	34004.523438
557.200195	33902.605469
555.969727	34040.757813
554.739258	33799.210938
553.508789	34014.019531
552.278320	33807.972656
551.046875	33822.171875
549.815430	33688.968750
548.583984	33650.136719
547.352539	33428.625000
546.120117	33397.714844
544.887695	33394.308594
543.655273	33494.945313
542.421875	33564.136719
541.188477	33552.835938
539.955078	33565.085938
538.721680	33726.390625
537.487305	33922.921875
536.252930	33488.070313
535.018555	33833.531250
533.783203	34065.175781
532.547852	34153.691406
531.312500	34359.695313
530.077148	34215.054688
528.840820	34464.023438
527.604492	34691.347656
526.368164	35088.839844
525.131836	35390.277344
523.894531	36567.972656
522.657227	38124.578125
521.419922	38108.367188
520.181641	37621.023438
518.943359	36187.902344
517.705078	34974.265625
516.465820	34476.203125
515.227539	34294.777344
513.988281	34412.207031
512.748047	34420.250000
511.508789	34520.031250
510.268555	34535.847656
509.028320	34161.441406
507.788086	34612.320313
506.546875	34421.378906
505.305664	34392.351563
504.064453	34803.886719
502.822266	34425.921875
501.580078	34619.035156
