1802.219727	13379.873047
1801.250000	13482.256836
1800.281250	13157.493164
1799.311523	13359.550781
1798.341797	13384.334961
1797.372070	13114.676758
1796.402344	12001.921875
1795.431641	11727.657227
1794.460938	11575.692383
1793.491211	11924.918945
1792.519531	12353.770508
1791.548828	12777.466797
1790.578125	12528.234375
1789.606445	12468.432617
1788.634766	11890.588867
1787.663086	11741.290039
1786.690430	11855.958008
1785.718750	12346.449219
1784.746094	13065.705078
1783.773438	13807.066406
1782.800781	14010.784180
1781.828125	13754.286133
1780.854492	13823.649414
1779.880859	14430.007813
1778.908203	14740.321289
1777.933594	15015.716797
1776.959961	14495.889648
1775.986328	13817.278320
1775.011719	12893.048828
1774.037109	12552.748047
1773.062500	12480.718750
1772.086914	12994.526367
1771.112305	13666.958984
1770.136719	14527.696289
1769.161133	15162.340820
1768.185547	15385.006836
1767.209961	15205.863281
1766.233398	15599.500000
1765.257813	15802.113281
1764.281250	15736.991211
1763.304688	15399.339844
1762.327148	14905.754883
1761.350586	14241.468750
1760.373047	13820.124023
1759.395508	13884.201172
1758.417969	14596.777344
1757.440430	15591.193359
1756.461914	16513.455078
1755.483398	16925.744141
1754.504883	16892.671875
1753.526367	16018.856445
1752.547852	15217.087891
1751.568359	14682.595703
1750.589844	14741.434570
1749.610352	15610.680664
1748.630859	16207.839844
1747.650391	16120.615234
1746.670898	15946.997070
1745.690430	15400.652344
1744.709961	14903.893555
1743.729492	14888.563477
1742.749023	15065.694336
1741.767578	15464.769531
1740.786133	15493.729492
1739.804688	15229.237305
1738.823242	15070.862305
1737.841797	15156.573242
1736.859375	14389.570313
1735.876953	14184.641602
1734.895508	14336.988281
1733.912109	15334.049805
1732.929688	16022.908203
1731.946289	16384.054688
1730.963867	15974.629883
1729.980469	15302.048828
1728.997070	14469.809570
1728.012695	13901.117188
1727.029297	14021.296875
1726.044922	14879.113281
1725.060547	15729.208008
1724.076172	16340.538086
1723.090820	16457.669922
1722.106445	16395.396484
1721.121094	15215.446289
1720.135742	14711.367188
1719.150391	14588.090820
1718.164063	14607.252930
1717.178711	14724.587891
1716.192383	14827.149414
1715.206055	14806.994141
1714.219727	15081.208984
1713.232422	15728.096680
1712.246094	16458.093750
1711.258789	17231.923828
1710.271484	16922.076172
1709.284180	16695.671875
1708.295898	16383.604492
1707.307617	15571.948242
1706.320313	15772.088867
1705.332031	15945.213867
1704.342773	16235.776367
1703.354492	16731.820313
1702.365234	17824.759766
1701.375977	18317.833984
1700.386719	18727.542969
1699.397461	19000.128906
1698.408203	19042.761719
1697.417969	19153.826172
1696.427734	18925.107422
1695.437500	18268.837891
1694.447266	17803.398438
1693.456055	18371.400391
1692.464844	19268.867188
1691.474609	19667.865234
1690.482422	19737.140625
1689.491211	20030.931641
1688.500000	20112.302734
1687.507813	20432.734375
1686.515625	20889.632813
1685.523438	21424.386719
1684.530273	20920.226563
1683.538086	20574.722656
1682.544922	19836.955078
1681.551758	19560.037109
1680.558594	19892.302734
1679.565430	20621.466797
1678.571289	20843.792969
1677.577148	21470.207031
1676.583008	22361.708984
1675.588867	21941.011719
1674.594727	22048.521484
1673.599609	21589.130859
1672.604492	21545.857422
1671.609375	21677.695313
1670.614258	21542.027344
1669.619141	20917.802734
1668.623047	19999.751953
1667.626953	20090.482422
1666.630859	20382.816406
1665.634766	20738.185547
1664.638672	21061.837891
1663.641602	20950.755859
1662.644531	20130.900391
1661.647461	19549.218750
1660.650391	19457.917969
1659.652344	19529.195313
1658.655273	19699.886719
1657.657227	19678.933594
1656.659180	20443.529297
1655.660156	21343.562500
1654.662109	21521.017578
1653.663086	21502.130859
1652.664063	20858.230469
1651.665039	20350.226563
1650.666016	20038.572266
1649.666016	20162.841797
1648.666992	20814.750000
1647.666992	21826.990234
1646.666016	21604.810547
1645.666016	21157.742188
1644.666016	20843.878906
1643.665039	21074.224609
1642.664063	21466.460938
1641.663086	21474.207031
1640.661133	21114.611328
1639.660156	20960.537109
1638.658203	20470.738281
1637.656250	21220.148438
1636.653320	21452.498047
1635.651367	21708.898438
1634.648438	21171.064453
1633.646484	21205.394531
1632.642578	21468.921875
1631.639648	21066.548828
1630.636719	20866.929688
1629.632813	20373.208984
1628.628906	21485.296875
1627.625000	22117.277344
1626.621094	23110.478516
1625.616211	23712.960938
1624.611328	23621.439453
1623.607422	23363.775391
1622.601563	22766.701172
1621.596680	21974.865234
1620.590820	21041.341797
1619.585938	20567.824219
1618.580078	20099.308594
1617.574219	20241.970703
1616.567383	20649.121094
1615.561523	20416.509766
1614.554688	20938.849609
1613.547852	21319.167969
1612.540039	21869.947266
1611.533203	23208.533203
1610.525391	24068.568359
1609.518555	24604.041016
1608.509766	24397.363281
1607.501953	23986.716797
1606.494141	23194.619141
1605.485352	22880.363281
1604.476563	23912.148438
1603.467773	25049.054688
1602.458984	25662.699219
1601.449219	25516.031250
1600.439453	25009.843750
1599.429688	24729.148438
1598.419922	24438.982422
1597.410156	24515.478516
1596.399414	25171.589844
1595.388672	24903.058594
1594.377930	24986.593750
1593.367188	25886.371094
1592.356445	27173.498047
1591.344727	27756.613281
1590.333008	28222.265625
1589.321289	27542.037109
1588.309570	27218.394531
1587.297852	26713.175781
1586.285156	27171.486328
1585.272461	27412.126953
1584.259766	27473.462891
1583.247070	27467.882813
1582.233398	28689.960938
1581.219727	29890.050781
1580.206055	30511.882813
1579.192383	30799.283203
1578.178711	30031.730469
1577.164063	30467.041016
1576.149414	31071.544922
1575.134766	30542.904297
1574.120117	29587.640625
1573.105469	29791.423828
1572.089844	30376.498047
1571.074219	30746.853516
1570.058594	30540.460938
1569.042969	30715.292969
1568.026367	31361.621094
1567.010742	31381.435547
1565.994141	30801.306641
1564.977539	30880.728516
1563.959961	30686.449219
1562.943359	30637.380859
1561.925781	31083.109375
1560.908203	31269.423828
1559.890625	31515.105469
1558.872070	30824.031250
1557.854492	30572.945313
1556.835938	30540.583984
1555.817383	30284.902344
1554.798828	30502.021484
1553.779297	31096.656250
1552.760742	30914.619141
1551.741211	30905.951172
1550.721680	31015.955078
1549.701172	30421.148438
1548.681641	29883.521484
1547.661133	29381.691406
1546.640625	29854.748047
1545.620117	30040.718750
1544.599609	29852.068359
1543.578125	29331.685547
1542.556641	29048.470703
1541.535156	29303.150391
1540.513672	30164.083984
1539.492188	30316.599609
1538.469727	30570.861328
1537.447266	30997.816406
1536.424805	31097.998047
1535.402344	30985.179688
1534.378906	31224.894531
1533.356445	31355.710938
1532.333008	31320.939453
1531.308594	31123.048828
1530.285156	30844.867188
1529.261719	30885.841797
1528.237305	30794.478516
1527.212891	30847.255859
1526.188477	30925.988281
1525.163086	31611.558594
1524.137695	31458.732422
1523.113281	32127.386719
1522.087891	32319.064453
1521.061523	32085.960938
1520.036133	31786.902344
1519.009766	32006.826172
1517.983398	32318.621094
1516.957031	32903.757813
1515.930664	32790.972656
1514.903320	32426.082031
1513.875977	32805.855469
1512.848633	32872.179688
1511.821289	33656.781250
1510.793945	33567.492188
1509.765625	33824.300781
1508.737305	34290.476563
1507.708984	34071.683594
1506.680664	34038.843750
1505.651367	34130.679688
1504.622070	34321.250000
1503.593750	34325.992188
1502.563477	34723.308594
1501.534180	34492.933594
1500.503906	34443.585938
1499.474609	35045.023438
1498.444336	34793.578125
1497.413086	34701.921875
1496.382813	34441.253906
1495.351563	34246.417969
1494.320313	34194.820313
1493.289063	33507.355469
1492.257813	33657.683594
1491.225586	33549.941406
1490.194336	33669.707031
1489.162109	33299.414063
1488.129883	33639.523438
1487.096680	33027.996094
1486.064453	33136.046875
1485.031250	33173.777344
1483.998047	33433.988281
1482.963867	33307.722656
1481.930664	33450.738281
1480.896484	34209.296875
1479.862305	33860.621094
1478.828125	34319.296875
1477.793945	34335.660156
1476.758789	35357.695313
1475.724609	35761.992188
1474.689453	36154.437500
1473.653320	36376.089844
1472.618164	37020.625000
1471.582031	37749.000000
1470.545898	38133.699219
1469.509766	38606.984375
1468.473633	38900.281250
1467.437500	39335.859375
1466.400391	39759.585938
1465.363281	40437.488281
1464.326172	40004.585938
1463.288086	41088.023438
1462.250977	41224.187500
1461.212891	42195.007813
1460.174805	42976.609375
1459.136719	43389.640625
1458.097656	43979.597656
1457.058594	44212.863281
1456.019531	44289.976563
1454.980469	44667.460938
1453.941406	45205.437500
1452.901367	45377.730469
1451.862305	45866.460938
1450.822266	45584.808594
1449.781250	47236.468750
1448.741211	48506.000000
1447.700195	48375.125000
1446.659180	48916.199219
1445.618164	49173.468750
1444.577148	49019.285156
1443.535156	48660.699219
1442.494141	47902.699219
1441.452148	47119.460938
1440.410156	46106.660156
1439.367188	44964.261719
1438.324219	44079.972656
1437.282227	42288.679688
1436.239258	41862.367188
1435.195313	41000.128906
1434.152344	40502.355469
1433.108398	40044.203125
1432.064453	39240.816406
1431.020508	38854.957031
1429.976563	38038.238281
1428.931641	38097.609375
1427.886719	37790.968750
1426.841797	37690.566406
1425.796875	37423.496094
1424.750977	37216.718750
1423.706055	37213.695313
1422.660156	37715.109375
1421.613281	37568.546875
1420.567383	37681.093750
1419.521484	37677.968750
1418.474609	37991.593750
1417.427734	37833.527344
1416.379883	38562.980469
1415.333008	38559.667969
1414.285156	38249.105469
1413.237305	38818.652344
1412.189453	38425.027344
1411.141602	39049.707031
1410.092773	38275.332031
1409.043945	38089.753906
1407.995117	38128.058594
1406.946289	37937.968750
1405.897461	37874.804688
1404.847656	37749.406250
1403.797852	37172.199219
1402.748047	36804.976563
1401.698242	36182.109375
1400.647461	36193.085938
1399.596680	35840.105469
1398.545898	35749.812500
1397.495117	35705.605469
1396.444336	35253.949219
1395.392578	34834.699219
1394.340820	34029.027344
1393.289063	33902.382813
1392.237305	33715.980469
1391.184570	34178.167969
1390.131836	33499.746094
1389.079102	32943.437500
1388.026367	33046.964844
1386.973633	32624.246094
1385.919922	32608.330078
1384.866211	32943.835938
1383.812500	32932.449219
1382.758789	33880.753906
1381.704102	33931.152344
1380.649414	34520.839844
1379.594727	34337.042969
1378.540039	34784.171875
1377.484375	34896.261719
1376.429688	35175.691406
1375.374023	35654.460938
1374.318359	35670.023438
1373.261719	35703.910156
1372.206055	36067.710938
1371.149414	36850.558594
1370.092773	36503.996094
1369.036133	36835.339844
1367.978516	36619.410156
1366.921875	37181.761719
1365.864258	37171.792969
1364.806641	37589.660156
1363.748047	37892.980469
1362.690430	37674.753906
1361.631836	38437.503906
1360.573242	38198.679688
1359.513672	38846.726563
1358.455078	39222.582031
1357.395508	39477.203125
1356.335938	39953.269531
1355.276367	40634.660156
1354.216797	41142.253906
1353.156250	41608.542969
1352.095703	42487.714844
1351.035156	43108.687500
1349.974609	44137.746094
1348.914063	45421.820313
1347.852539	46623.273438
1346.791016	47461.730469
1345.729492	48076.460938
1344.666992	48943.890625
1343.605469	49863.363281
1342.542969	51235.761719
1341.480469	52170.316406
1340.416992	53175.070313
1339.354492	54240.867188
1338.291016	55572.523438
1337.227539	56084.406250
1336.164063	56971.472656
1335.099609	57610.230469
1334.036133	58116.816406
1332.971680	57797.832031
1331.907227	58322.347656
1330.842773	57157.976563
1329.777344	57321.105469
1328.711914	57032.070313
1327.646484	55584.753906
1326.581055	54857.910156
1325.514648	53929.292969
1324.449219	52978.363281
1323.382813	51421.867188
1322.316406	50512.683594
1321.249023	49808.042969
1320.182617	48874.617188
1319.115234	48175.136719
1318.047852	47167.613281
1316.980469	46869.968750
1315.912109	46203.058594
1314.843750	45504.699219
1313.775391	45454.488281
1312.707031	44924.164063
1311.638672	44781.250000
1310.569336	44165.253906
1309.500000	43635.519531
1308.430664	43934.222656
1307.361328	43339.136719
1306.291016	43323.359375
1305.221680	42846.242188
1304.151367	42437.148438
1303.080078	41906.152344
1302.009766	41436.398438
1300.938477	40745.394531
1299.867188	40531.355469
1298.795898	40075.722656
1297.724609	39283.800781
1296.652344	38690.890625
1295.580078	37784.464844
1294.507813	36928.058594
1293.435547	36945.210938
1292.363281	36109.632813
1291.290039	36271.289063
1290.216797	35715.804688
1289.143555	35866.199219
1288.069336	35448.519531
1286.996094	35274.394531
1285.921875	34998.949219
1284.847656	34518.632813
1283.772461	34759.191406
1282.698242	34715.941406
1281.623047	35014.886719
1280.547852	34964.843750
1279.472656	35452.628906
1278.396484	35265.273438
1277.321289	35581.843750
1276.245117	35628.414063
1275.167969	35686.207031
1274.091797	35885.593750
1273.014648	36037.699219
1271.938477	35926.839844
1270.860352	35445.355469
1269.783203	35941.093750
1268.706055	35731.511719
1267.627930	35403.027344
1266.549805	35649.304688
1265.471680	35493.769531
1264.392578	35315.859375
1263.313477	35155.968750
1262.235352	34700.097656
1261.155273	34641.300781
1260.076172	33918.941406
1258.996094	33651.882813
1257.916992	33373.722656
1256.835938	32829.070313
1255.755859	32450.398438
1254.675781	31921.835938
1253.594727	31937.576172
1252.513672	31328.748047
1251.432617	30856.695313
1250.350586	30684.681641
1249.269531	30360.609375
1248.187500	30378.886719
1247.104492	29900.708984
1246.022461	30006.265625
1244.939453	29311.537109
1243.857422	29895.423828
1242.774414	29384.222656
1241.690430	29516.599609
1240.607422	29441.207031
1239.523438	29158.179688
1238.439453	29123.076172
1237.355469	28980.847656
1236.270508	29206.886719
1235.186523	29196.332031
1234.101563	28592.427734
1233.015625	28434.810547
1231.930664	28208.134766
1230.844727	28420.714844
1229.759766	28675.552734
1228.673828	28787.667969
1227.586914	28516.544922
1226.500977	28784.560547
1225.414063	28653.843750
1224.327148	28863.830078
1223.240234	28621.847656
1222.152344	28566.908203
1221.064453	28687.771484
1219.977539	28652.861328
1218.888672	28611.291016
1217.800781	28185.041016
1216.711914	28666.035156
1215.623047	28508.900391
1214.534180	28147.378906
1213.445313	27990.414063
1212.355469	28228.914063
1211.266602	28356.267578
1210.176758	28166.046875
1209.085938	28051.380859
1207.996094	27954.519531
1206.905273	27890.980469
1205.814453	27956.142578
1204.723633	27996.878906
1203.631836	27589.630859
1202.541016	27889.832031
1201.449219	27835.232422
1200.357422	27707.517578
1199.264648	27081.302734
1198.172852	26244.892578
1197.080078	25929.322266
1195.987305	25970.398438
1194.893555	26527.302734
1193.800781	27150.376953
1192.707031	27357.142578
1191.613281	27835.962891
1190.519531	27973.921875
1189.424805	27952.585938
1188.331055	27917.988281
1187.236328	28520.082031
1186.141602	27904.089844
1185.045898	28033.041016
1183.950195	27985.195313
1182.855469	28246.603516
1181.758789	27946.972656
1180.663086	27905.792969
1179.566406	27626.222656
1178.470703	27417.392578
1177.374023	27627.888672
1176.276367	27584.595703
1175.179688	27914.066406
1174.082031	27557.599609
1172.984375	27690.718750
1171.886719	27462.289063
1170.788086	27546.886719
1169.689453	27759.236328
1168.590820	27627.855469
1167.492188	27507.541016
1166.393555	27149.466797
1165.293945	27601.673828
1164.194336	27455.023438
1163.094727	27121.386719
1161.995117	27315.902344
1160.894531	27466.343750
1159.793945	27363.820313
1158.693359	27344.886719
1157.592773	27528.195313
1156.491211	27089.460938
1155.390625	27334.267578
1154.289063	27020.974609
1153.186523	27353.542969
1152.084961	27060.138672
1150.982422	27190.574219
1149.879883	26928.052734
1148.777344	26746.835938
1147.673828	26800.460938
1146.571289	26733.410156
1145.467773	26850.611328
1144.364258	27123.443359
1143.259766	27336.966797
1142.156250	27232.595703
1141.051758	27036.230469
1139.947266	26890.337891
1138.841797	27268.001953
1137.737305	26900.935547
1136.631836	26812.083984
1135.526367	26891.818359
1134.420898	27150.978516
1133.314453	26989.917969
1132.208008	27104.562500
1131.101563	26958.886719
1129.995117	26986.017578
1128.887695	26676.457031
1127.781250	26454.455078
1126.673828	26711.128906
1125.566406	27002.650391
1124.458008	26743.580078
1123.349609	27091.751953
1122.242188	27241.080078
1121.132813	27108.732422
1120.024414	27622.478516
1118.915039	27634.121094
1117.805664	27307.603516
1116.696289	27877.689453
1115.586914	28048.458984
1114.476563	28227.876953
1113.367188	28463.892578
1112.255859	28815.312500
1111.145508	29717.841797
1110.035156	30138.554688
1108.923828	30670.166016
1107.812500	31536.888672
1106.700195	31948.238281
1105.588867	32614.076172
1104.476563	33151.238281
1103.364258	33662.066406
1102.251953	33783.312500
1101.139648	33980.621094
1100.026367	33951.714844
1098.913086	33718.480469
1097.799805	33730.933594
1096.685547	33178.417969
1095.572266	32465.371094
1094.458008	31976.339844
1093.342773	31311.617188
1092.228516	30951.126953
1091.113281	30141.464844
1089.999023	29770.517578
1088.882813	28633.812500
1087.767578	28551.849609
1086.651367	28554.501953
1085.536133	28142.996094
1084.419922	27926.771484
1083.302734	27775.662109
1082.186523	27693.955078
1081.069336	27380.464844
1079.952148	27067.105469
1078.834961	27007.251953
1077.716797	27034.029297
1076.598633	27086.767578
1075.480469	27200.082031
1074.362305	27510.250000
1073.243164	27322.722656
1072.125000	27794.943359
1071.005859	28106.947266
1069.886719	28416.656250
1068.766602	28672.193359
1067.646484	28778.509766
1066.526367	29327.699219
1065.406250	29749.205078
1064.286133	29945.927734
1063.165039	29779.818359
1062.043945	30494.548828
1060.922852	30725.515625
1059.801758	31161.378906
1058.679688	31113.800781
1057.557617	31422.134766
1056.435547	31497.435547
1055.313477	31122.097656
1054.190430	31029.292969
1053.067383	31074.453125
1051.944336	30809.322266
1050.821289	30785.572266
1049.697266	30785.521484
1048.573242	30432.330078
1047.449219	30337.625000
1046.325195	30464.652344
1045.200195	30124.660156
1044.075195	29647.115234
1042.950195	29548.347656
1041.825195	29434.564453
1040.699219	29299.328125
1039.574219	29217.888672
1038.448242	28792.611328
1037.321289	28464.205078
1036.195313	27949.037109
1035.068359	27541.476563
1033.941406	27247.896484
1032.814453	27622.128906
1031.686523	28228.015625
1030.559570	28951.675781
1029.431641	29765.140625
1028.302734	29428.490234
1027.174805	29370.783203
1026.045898	29694.761719
1024.916992	29694.900391
1023.788086	29872.927734
1022.658203	30070.164063
1021.529297	30194.472656
1020.399414	29946.035156
1019.269531	29564.931641
1018.138672	29896.941406
1017.008789	29571.660156
1015.877930	29629.589844
1014.746094	29394.365234
1013.615234	29270.474609
1012.483398	29125.248047
1011.351563	29127.621094
1010.219727	28785.802734
1009.087891	29117.400391
1007.955078	29062.072266
1006.822266	28887.125000
1005.689453	29062.554688
1004.556641	29436.513672
1003.422852	28986.164063
1002.289063	29242.572266
1001.155273	29443.380859
1000.021484	29236.556641
998.886719	28991.419922
997.751953	28228.105469
996.617188	28177.330078
995.482422	28194.796875
994.346680	27711.357422
993.210938	27733.173828
992.075195	27644.187500
990.939453	28160.193359
989.802734	28301.158203
988.666016	28373.923828
987.529297	28425.371094
986.392578	28306.527344
985.254883	28011.123047
984.118164	28230.671875
982.979492	28616.031250
981.841797	28650.349609
980.704102	28531.576172
979.565430	28240.679688
978.426758	28666.078125
977.287109	28447.511719
976.148438	28118.576172
975.008789	27794.025391
973.869141	27155.357422
972.729492	27404.326172
971.588867	28039.470703
970.448242	28568.242188
969.307617	29086.181641
968.166992	29069.384766
967.025391	29309.189453
965.883789	29088.812500
964.742188	28949.078125
963.600586	28758.537109
962.458008	28936.751953
961.316406	29286.476563
960.173828	29170.107422
959.030273	28767.927734
957.887695	28768.150391
956.744141	28804.353516
955.600586	28933.648438
954.457031	28550.896484
953.312500	28705.568359
952.167969	28323.023438
951.023438	28217.615234
949.878906	28179.892578
948.733398	27785.019531
947.588867	27753.740234
946.442383	27895.699219
945.296875	27976.347656
944.151367	28217.439453
943.004883	28606.210938
941.858398	28819.623047
940.710938	29108.912109
939.564453	29412.845703
938.416992	30041.488281
937.269531	30960.890625
936.122070	31584.714844
934.973633	32155.570313
933.825195	33782.066406
932.676758	35081.265625
931.528320	36957.132813
930.378906	38752.160156
929.230469	40308.468750
928.081055	41927.269531
926.930664	42985.484375
925.781250	44190.550781
924.630859	44256.855469
923.480469	44142.230469
922.330078	42936.160156
921.178711	41318.488281
920.027344	40109.324219
918.875977	38577.011719
917.724609	36688.136719
916.572266	35285.355469
915.419922	33566.011719
914.267578	32641.173828
913.115234	31246.447266
911.961914	30738.101563
910.809570	29768.285156
909.655273	28968.830078
908.501953	28545.199219
907.347656	28377.609375
906.194336	28184.927734
905.040039	28141.166016
903.884766	27850.109375
902.730469	27921.683594
901.575195	27739.732422
900.419922	27574.613281
899.263672	27658.759766
898.108398	27795.208984
896.952148	27402.021484
895.795898	27226.644531
894.638672	27352.632813
893.482422	27181.521484
892.325195	27259.359375
891.167969	26962.880859
890.009766	26917.390625
888.851563	26844.744141
887.694336	26847.355469
886.535156	26415.416016
885.376953	26754.398438
884.217773	26913.640625
883.058594	27269.070313
881.899414	26935.509766
880.740234	26969.390625
879.580078	26721.582031
878.419922	26905.685547
877.259766	27371.261719
876.099609	26956.708984
874.938477	26821.679688
873.777344	27362.003906
872.616211	27070.658203
871.454102	27479.441406
870.292969	27486.048828
869.130859	27680.070313
867.967773	27363.916016
866.805664	27447.554688
865.642578	27560.291016
864.479492	27275.570313
863.316406	26839.111328
862.152344	26960.220703
860.989258	26521.933594
859.825195	26867.576172
858.660156	26818.164063
857.496094	26914.230469
856.331055	27253.328125
855.166016	27496.730469
854.000977	27443.064453
852.834961	27661.404297
851.668945	27337.873047
850.502930	27132.771484
849.336914	26375.839844
848.169922	26266.455078
847.002930	26934.859375
845.835938	27140.574219
844.668945	26927.435547
843.500977	27099.898438
842.333008	27081.642578
841.165039	27243.636719
839.997070	27608.546875
838.828125	27764.142578
837.659180	27457.964844
836.490234	27746.000000
835.321289	27591.029297
834.151367	27684.414063
832.981445	27527.451172
831.811523	27490.507813
830.641602	27430.835938
829.470703	27722.628906
828.299805	27722.867188
827.128906	27979.339844
825.957031	28105.544922
824.786133	28609.685547
823.614258	28264.855469
822.441406	27990.369141
821.269531	27790.312500
820.096680	27553.191406
818.923828	26911.761719
817.750977	26969.917969
816.577148	26695.998047
815.403320	26350.023438
814.229492	26711.304688
813.055664	27332.125000
811.881836	27614.730469
810.707031	27810.683594
809.532227	27977.712891
808.356445	28284.703125
807.181641	28476.261719
806.005859	28229.291016
804.830078	27908.337891
803.653320	27262.429688
802.477539	27384.095703
801.300781	27318.550781
800.124023	27380.517578
798.946289	27567.859375
797.768555	28012.033203
796.590820	28630.677734
795.413086	28805.296875
794.235352	28663.521484
793.056641	28733.322266
791.877930	28661.425781
790.699219	28452.031250
789.519531	28072.388672
788.340820	28103.265625
787.161133	28351.570313
785.980469	28778.191406
784.800781	28064.576172
783.620117	27439.416016
782.439453	27187.546875
781.257813	27364.050781
780.077148	27317.171875
778.895508	27557.064453
777.713867	27547.019531
776.532227	26976.001953
775.349609	26550.558594
774.166992	27058.490234
772.984375	27582.570313
771.800781	27425.238281
770.618164	27259.792969
769.434570	27266.173828
768.250977	28196.556641
767.066406	28347.839844
765.881836	28284.500000
764.697266	27765.609375
763.512695	27947.519531
762.328125	28601.064453
761.142578	29305.365234
759.957031	29174.519531
758.770508	29682.476563
757.584961	30267.744141
756.398438	30275.478516
755.211914	30546.292969
754.025391	30770.089844
752.837891	31733.775391
751.650391	32476.927734
750.462891	33162.703125
749.274414	34139.500000
748.086914	36417.363281
746.898438	38946.742188
745.709961	41705.082031
744.520508	44012.390625
743.331055	46562.898438
742.141602	49380.863281
740.952148	52256.593750
739.762695	54525.039063
738.572266	55879.570313
737.381836	55525.960938
736.191406	54158.351563
735.000000	52482.480469
733.808594	51565.074219
732.617188	49758.464844
731.425781	48015.585938
730.233398	46096.832031
729.041016	44966.437500
727.848633	44002.933594
726.656250	42561.035156
725.462891	41022.398438
724.269531	39279.597656
723.076172	38668.910156
721.881836	38705.125000
720.687500	37640.851563
719.493164	36354.156250
718.298828	35811.472656
717.104492	35206.234375
715.909180	35085.207031
714.713867	35344.824219
713.517578	35025.460938
712.322266	34386.507813
711.125977	33353.320313
709.929688	32751.414063
708.732422	32548.150391
707.536133	32712.941406
706.338867	32865.531250
705.141602	32862.437500
703.943359	32788.628906
702.745117	32189.634766
701.546875	31542.427734
700.348633	30489.642578
699.150391	30763.626953
697.951172	31707.568359
696.751953	32693.472656
695.551758	32988.988281
694.352539	32868.871094
693.152344	32980.707031
691.952148	33852.566406
690.750977	35492.019531
689.550781	36010.285156
688.349609	36463.847656
687.147461	36073.195313
685.946289	36417.789063
684.744141	37142.785156
683.541992	39133.667969
682.339844	40612.480469
681.136719	41637.906250
679.934570	41294.902344
678.731445	40559.843750
677.527344	39537.550781
676.324219	38929.843750
675.120117	38334.460938
673.916016	38711.953125
672.710938	39625.714844
671.505859	39590.980469
670.300781	38951.781250
669.095703	38497.570313
667.890625	37487.519531
666.684570	36855.203125
665.478516	37224.402344
664.272461	37551.308594
663.065430	38245.101563
661.858398	38383.152344
660.651367	39064.425781
659.444336	39003.804688
658.236328	38532.417969
657.028320	38131.351563
655.820313	38373.421875
654.612305	37582.058594
653.403320	37643.945313
652.194336	37705.804688
650.985352	37685.578125
649.775391	37895.457031
648.565430	37201.066406
647.355469	36848.968750
646.145508	36676.976563
644.934570	36017.281250
643.723633	35317.902344
642.512695	34538.894531
641.301758	33458.562500
640.089844	32298.808594
638.877930	32325.710938
637.666016	32222.830078
636.453125	32293.646484
635.241211	31843.580078
634.028320	31535.365234
632.814453	31690.056641
631.601563	31693.113281
630.387695	31835.734375
629.173828	31535.753906
627.958984	32784.445313
626.744141	33626.113281
625.530273	33584.906250
624.314453	33310.687500
623.099609	33373.109375
621.883789	33413.597656
620.667969	34079.046875
619.452148	33524.371094
618.235352	33513.070313
617.018555	32656.419922
615.801758	32484.228516
614.584961	32479.119141
613.367188	31990.984375
612.149414	31240.734375
610.931641	29932.494141
609.712891	29743.199219
608.495117	30548.980469
607.276367	30576.056641
606.056641	30156.460938
604.837891	30108.187500
603.618164	30294.080078
602.398438	29904.572266
601.177734	29537.048828
599.958008	29264.869141
598.737305	29153.392578
597.516602	28669.324219
596.294922	28122.052734
595.073242	28032.687500
593.851563	27347.132813
592.629883	26766.837891
591.407227	26586.744141
590.184570	26414.646484
588.961914	26086.273438
587.739258	25886.656250
586.515625	26456.648438
585.291992	26925.523438
584.068359	27520.740234
582.844727	27870.558594
581.620117	28540.412109
580.395508	28978.771484
579.169922	29284.570313
577.945313	29347.287109
576.719727	29682.490234
575.494141	29970.158203
574.267578	29862.923828
573.041992	29781.386719
571.815430	30530.527344
570.587891	31261.582031
569.361328	31520.970703
568.133789	31506.173828
566.906250	31203.572266
565.678711	30735.548828
564.450195	30482.505859
563.221680	30300.490234
561.993164	30478.984375
560.763672	30365.964844
559.535156	30603.421875
558.305664	31283.632813
557.075195	31327.933594
555.845703	31653.550781
554.615234	30806.707031
553.384766	30927.771484
552.153320	30716.507813
550.922852	31269.982422
549.691406	30730.535156
548.459961	29550.794922
547.227539	28638.726563
545.995117	27974.513672
544.762695	27956.589844
543.530273	28364.662109
542.296875	28656.755859
541.063477	29217.542969
539.830078	30311.691406
538.596680	29851.957031
537.362305	29298.296875
536.127930	28942.890625
534.893555	29381.464844
533.658203	29878.634766
532.422852	29854.433594
531.187500	29667.664063
529.952148	29314.513672
528.715820	29801.464844
527.479492	30133.556641
526.243164	30097.574219
525.005859	30286.617188
523.769531	31197.412109
522.532227	31618.861328
521.293945	31559.111328
520.056641	30957.876953
518.818359	30730.210938
517.580078	30262.294922
516.340820	29784.812500
515.101563	28547.751953
513.862305	27674.445313
512.623047	27672.257813
511.382813	28396.173828
510.143555	29385.169922
508.902344	30051.806641
507.662109	30345.583984
506.420898	30621.675781
505.179688	30860.599609
503.938477	30508.773438
502.697266	29564.636719
