1802.182617	11117.357422
1801.212891	11329.616211
1800.244141	11197.526367
1799.274414	11377.509766
1798.304688	11327.819336
1797.334961	11480.255859
1796.364258	11567.770508
1795.394531	11308.559570
1794.423828	11124.261719
1793.453125	10945.023438
1792.482422	11037.557617
1791.511719	11351.857422
1790.540039	11666.031250
1789.568359	11691.102539
1788.596680	11526.871094
1787.625000	11544.487305
1786.653320	11574.544922
1785.680664	11577.208984
1784.708984	11689.373047
1783.736328	12022.941406
1782.763672	12592.706055
1781.790039	12697.136719
1780.817383	12766.710938
1779.843750	12637.360352
1778.870117	12997.745117
1777.896484	13201.416016
1776.922852	13263.376953
1775.948242	13228.427734
1774.973633	13158.720703
1773.999023	12709.107422
1773.024414	12726.425781
1772.049805	12962.170898
1771.074219	13051.400391
1770.099609	13249.766602
1769.124023	13748.221680
1768.148438	14330.804688
1767.171875	14243.624023
1766.196289	14538.280273
1765.219727	14998.894531
1764.243164	15184.236328
1763.266602	15654.446289
1762.290039	15676.082031
1761.312500	15749.721680
1760.334961	15865.426758
1759.357422	15706.274414
1758.379883	16069.466797
1757.402344	16642.869141
1756.423828	17230.886719
1755.446289	17702.400391
1754.467773	18163.830078
1753.489258	17853.562500
1752.509766	17805.480469
1751.531250	17337.212891
1750.551758	17108.847656
1749.572266	17233.898438
1748.592773	17064.931641
1747.613281	17335.658203
1746.632813	17270.449219
1745.652344	16709.029297
1744.671875	16261.376953
1743.691406	16036.009766
1742.710938	15988.379883
1741.729492	15807.558594
1740.749023	15873.444336
1739.767578	15613.809570
1738.785156	15595.883789
1737.803711	15272.321289
1736.822266	15303.756836
1735.839844	15157.779297
1734.857422	14937.958984
1733.875000	14708.374023
1732.891602	15087.091797
1731.909180	15177.614258
1730.925781	15802.224609
1729.942383	15105.074219
1728.958984	15148.788086
1727.974609	14395.468750
1726.991211	14483.576172
1726.006836	14480.666016
1725.022461	14605.595703
1724.038086	14897.615234
1723.052734	15182.143555
1722.068359	15331.423828
1721.083008	15355.363281
1720.097656	14834.067383
1719.112305	14764.788086
1718.125977	14484.406250
1717.140625	14618.946289
1716.154297	14554.657227
1715.167969	14892.767578
1714.181641	14830.901367
1713.194336	15200.701172
1712.208008	15102.015625
1711.220703	15650.572266
1710.233398	15897.429688
1709.246094	16060.869141
1708.257813	16256.092773
1707.270508	16130.343750
1706.282227	15921.376953
1705.293945	15930.416016
1704.304688	15978.620117
1703.316406	16393.941406
1702.327148	16740.576172
1701.337891	17160.468750
1700.348633	17768.542969
1699.359375	18087.787109
1698.370117	18101.261719
1697.379883	18060.947266
1696.389648	18331.054688
1695.399414	18346.912109
1694.409180	18120.890625
1693.417969	18105.027344
1692.426758	18350.482422
1691.436523	18991.388672
1690.444336	19451.388672
1689.453125	19488.962891
1688.461914	19392.308594
1687.469727	19556.740234
1686.477539	19794.283203
1685.485352	20056.115234
1684.492188	20039.882813
1683.500000	20747.664063
1682.506836	20433.951172
1681.513672	19898.617188
1680.520508	19529.164063
1679.527344	20112.250000
1678.533203	20378.511719
1677.539063	20330.576172
1676.544922	20808.470703
1675.550781	20930.832031
1674.556641	20963.109375
1673.561523	21170.539063
1672.566406	20983.841797
1671.571289	21030.677734
1670.576172	21050.748047
1669.581055	20745.072266
1668.584961	20881.847656
1667.588867	20483.992188
1666.592773	20550.310547
1665.596680	20611.742188
1664.600586	20682.863281
1663.603516	20605.849609
1662.606445	20672.085938
1661.609375	20624.226563
1660.612305	20372.564453
1659.614258	20259.281250
1658.617188	20407.996094
1657.619141	20246.250000
1656.621094	20152.453125
1655.622070	20422.294922
1654.624023	21045.863281
1653.625000	21104.609375
1652.625977	21444.345703
1651.626953	21573.226563
1650.627930	21241.957031
1649.627930	21077.873047
1648.627930	21235.791016
1647.627930	21500.130859
1646.627930	22045.035156
1645.627930	22599.394531
1644.626953	22343.289063
1643.625977	22515.294922
1642.625000	22155.347656
1641.624023	22876.017578
1640.623047	22960.806641
1639.621094	22448.765625
1638.619141	22502.201172
1637.617188	22384.134766
1636.615234	22476.195313
1635.613281	22882.068359
1634.610352	22913.644531
1633.607422	22795.585938
1632.604492	22841.640625
1631.601563	22957.632813
1630.597656	22738.335938
1629.594727	22707.210938
1628.590820	23003.964844
1627.586914	23242.751953
1626.582031	23700.734375
1625.578125	23857.361328
1624.573242	24175.318359
1623.568359	24040.371094
1622.563477	24045.134766
1621.558594	23859.708984
1620.552734	24088.347656
1619.546875	23298.974609
1618.541016	23032.007813
1617.535156	23111.533203
1616.529297	23166.974609
1615.522461	22823.250000
1614.515625	23044.599609
1613.508789	22830.826172
1612.501953	23294.785156
1611.494141	23311.687500
1610.487305	23652.855469
1609.479492	24195.613281
1608.471680	24397.199219
1607.463867	24473.873047
1606.455078	24267.302734
1605.446289	24223.988281
1604.437500	24214.277344
1603.428711	24307.710938
1602.419922	24321.964844
1601.410156	24801.359375
1600.401367	24973.718750
1599.391602	24820.056641
1598.381836	24484.345703
1597.371094	24558.437500
1596.361328	24606.148438
1595.350586	25039.392578
1594.339844	24720.664063
1593.329102	25309.300781
1592.317383	25658.369141
1591.305664	25928.332031
1590.294922	26171.867188
1589.283203	26551.636719
1588.270508	26285.589844
1587.258789	26010.085938
1586.246094	25983.291016
1585.233398	25942.166016
1584.220703	25793.533203
1583.208008	26426.132813
1582.194336	25981.294922
1581.180664	26546.734375
1580.167969	26925.720703
1579.153320	27232.943359
1578.139648	27179.679688
1577.125000	27336.404297
1576.111328	27216.343750
1575.096680	27260.896484
1574.081055	26921.519531
1573.066406	26892.207031
1572.050781	26436.244141
1571.035156	26678.708984
1570.019531	27111.685547
1569.003906	26853.666016
1567.988281	26638.621094
1566.971680	27373.742188
1565.955078	27111.062500
1564.938477	26998.439453
1563.920898	27228.537109
1562.904297	26951.767578
1561.886719	26863.029297
1560.869141	26988.367188
1559.851563	27025.673828
1558.833984	27291.183594
1557.815430	27124.007813
1556.796875	27089.970703
1555.778320	26939.531250
1554.759766	26934.046875
1553.740234	27035.433594
1552.721680	27279.238281
1551.702148	27598.906250
1550.682617	27716.705078
1549.662109	27635.126953
1548.642578	27878.605469
1547.622070	27794.652344
1546.601563	28023.765625
1545.581055	27908.992188
1544.560547	28450.894531
1543.539063	28893.033203
1542.517578	28515.126953
1541.496094	29343.226563
1540.474609	29083.808594
1539.453125	29745.685547
1538.430664	30042.675781
1537.408203	30090.996094
1536.385742	30404.359375
1535.363281	30833.537109
1534.339844	30763.376953
1533.316406	31095.328125
1532.292969	30909.267578
1531.269531	31326.162109
1530.246094	31033.759766
1529.221680	30904.539063
1528.198242	30560.355469
1527.173828	30601.367188
1526.148438	30590.400391
1525.124023	30345.662109
1524.098633	30809.283203
1523.073242	30602.363281
1522.047852	30650.396484
1521.022461	30559.201172
1519.997070	30560.041016
1518.970703	30558.519531
1517.944336	30561.712891
1516.917969	30326.794922
1515.890625	30770.792969
1514.864258	31346.572266
1513.836914	30970.271484
1512.809570	31218.347656
1511.782227	31798.388672
1510.753906	32462.957031
1509.726563	33478.015625
1508.698242	33727.722656
1507.669922	34888.000000
1506.640625	35071.441406
1505.612305	36186.273438
1504.583008	36950.242188
1503.553711	37838.515625
1502.524414	38512.500000
1501.495117	39005.238281
1500.464844	40578.679688
1499.434570	41456.078125
1498.404297	41950.253906
1497.374023	42784.734375
1496.343750	42555.285156
1495.312500	43074.750000
1494.281250	42859.410156
1493.250000	43085.289063
1492.218750	42468.871094
1491.186523	42305.382813
1490.154297	41801.933594
1489.122070	40956.386719
1488.089844	40158.066406
1487.057617	39451.468750
1486.024414	38471.015625
1484.991211	37615.121094
1483.958008	37099.183594
1482.924805	36393.781250
1481.891602	35658.226563
1480.857422	34780.195313
1479.823242	34110.796875
1478.789063	34042.976563
1477.753906	33493.300781
1476.719727	33610.398438
1475.684570	33512.320313
1474.649414	33556.886719
1473.614258	33772.058594
1472.578125	33566.507813
1471.542969	34015.226563
1470.506836	34316.593750
1469.470703	34606.160156
1468.433594	34769.519531
1467.397461	35579.453125
1466.360352	36431.062500
1465.323242	36850.625000
1464.286133	37619.968750
1463.249023	38356.335938
1462.210938	38514.050781
1461.172852	39634.640625
1460.134766	40682.507813
1459.096680	41329.070313
1458.057617	42828.203125
1457.019531	43578.894531
1455.980469	44096.351563
1454.941406	45070.027344
1453.901367	46222.574219
1452.862305	47430.507813
1451.822266	47492.921875
1450.782227	47946.210938
1449.742188	48859.925781
1448.701172	49729.070313
1447.661133	50449.031250
1446.620117	51473.257813
1445.579102	51985.683594
1444.537109	52776.773438
1443.496094	52977.371094
1442.454102	52980.433594
1441.412109	53150.710938
1440.370117	52443.183594
1439.327148	51712.730469
1438.285156	51871.546875
1437.242188	50245.750000
1436.199219	49360.738281
1435.155273	48383.304688
1434.112305	47241.605469
1433.068359	46144.425781
1432.024414	45017.562500
1430.980469	44134.519531
1429.936523	43191.589844
1428.891602	42376.468750
1427.846680	41598.738281
1426.801758	41073.753906
1425.756836	39859.003906
1424.710938	39265.144531
1423.666016	38736.324219
1422.620117	37638.496094
1421.574219	37531.277344
1420.527344	37220.554688
1419.481445	36484.460938
1418.434570	36231.878906
1417.387695	35466.234375
1416.340820	34793.343750
1415.292969	34254.746094
1414.245117	34312.382813
1413.197266	33822.601563
1412.149414	33815.640625
1411.101563	33462.375000
1410.052734	33275.445313
1409.004883	33298.597656
1407.955078	33647.062500
1406.906250	32996.535156
1405.857422	33199.617188
1404.807617	33282.707031
1403.757813	33621.660156
1402.708008	33912.070313
1401.658203	33826.734375
1400.607422	34036.339844
1399.556641	34324.171875
1398.505859	34515.160156
1397.455078	34438.972656
1396.404297	34254.617188
1395.352539	33844.781250
1394.300781	33734.253906
1393.249023	33596.167969
1392.197266	32869.292969
1391.144531	32696.937500
1390.091797	32490.166016
1389.039063	32069.695313
1387.986328	31853.939453
1386.932617	31410.791016
1385.879883	31294.042969
1384.826172	31517.273438
1383.772461	31664.628906
1382.717773	31683.351563
1381.664063	32349.375000
1380.609375	32927.914063
1379.554688	33274.468750
1378.500000	33790.632813
1377.444336	34460.253906
1376.389648	34482.949219
1375.333984	35236.968750
1374.278320	35264.078125
1373.221680	36029.082031
1372.166016	35421.359375
1371.109375	35714.125000
1370.052734	35548.726563
1368.995117	35674.191406
1367.938477	35000.648438
1366.880859	34773.695313
1365.823242	35089.164063
1364.765625	34937.785156
1363.708008	34795.609375
1362.649414	34925.636719
1361.590820	35382.566406
1360.532227	35496.414063
1359.473633	35404.515625
1358.415039	35545.722656
1357.355469	35972.441406
1356.295898	36659.363281
1355.236328	37149.613281
1354.175781	37717.281250
1353.116211	38024.488281
1352.055664	38676.179688
1350.995117	38679.589844
1349.934570	39821.335938
1348.873047	40216.796875
1347.811523	40657.699219
1346.750000	40952.503906
1345.688477	40975.945313
1344.626953	41908.648438
1343.564453	41904.531250
1342.501953	42442.570313
1341.439453	42515.773438
1340.376953	43426.882813
1339.313477	43522.617188
1338.250977	43855.015625
1337.187500	44205.480469
1336.123047	44471.617188
1335.059570	45292.656250
1333.995117	45517.519531
1332.930664	45887.800781
1331.866211	46103.347656
1330.801758	45696.070313
1329.736328	46109.250000
1328.671875	45806.636719
1327.606445	45731.277344
1326.540039	45344.839844
1325.474609	44892.714844
1324.408203	44234.214844
1323.341797	43732.574219
1322.275391	43360.472656
1321.208984	42287.546875
1320.141602	42231.156250
1319.074219	41403.804688
1318.006836	40778.566406
1316.939453	40445.984375
1315.872070	40322.023438
1314.803711	40227.566406
1313.735352	40017.617188
1312.666992	39952.699219
1311.597656	40428.972656
1310.529297	40239.480469
1309.459961	40627.222656
1308.390625	40906.179688
1307.320313	40630.730469
1306.250977	40730.871094
1305.180664	40693.023438
1304.110352	40449.433594
1303.040039	40088.394531
1301.968750	39619.019531
1300.898438	39601.757813
1299.827148	39046.828125
1298.754883	38763.164063
1297.683594	38393.804688
1296.612305	37977.187500
1295.540039	37344.039063
1294.467773	36519.328125
1293.394531	36186.835938
1292.322266	35897.335938
1291.249023	35454.593750
1290.175781	35715.562500
1289.102539	35753.230469
1288.028320	35285.992188
1286.955078	35202.039063
1285.880859	35444.812500
1284.806641	35930.761719
1283.732422	36472.804688
1282.657227	36890.785156
1281.582031	37941.164063
1280.506836	39333.210938
1279.431641	40956.449219
1278.355469	41946.828125
1277.280273	43863.503906
1276.204102	46064.980469
1275.127930	48225.066406
1274.050781	50552.843750
1272.974609	51872.804688
1271.897461	54281.988281
1270.820313	55566.917969
1269.742188	56301.035156
1268.665039	56830.500000
1267.586914	57595.476563
1266.508789	56919.082031
1265.430664	56285.605469
1264.351563	54460.992188
1263.272461	52966.886719
1262.194336	50663.769531
1261.114258	48785.398438
1260.035156	46840.550781
1258.955078	45273.058594
1257.875977	43531.425781
1256.794922	41472.378906
1255.714844	39971.933594
1254.634766	39079.011719
1253.553711	38036.445313
1252.472656	36736.875000
1251.391602	36362.175781
1250.309570	35383.472656
1249.227539	34456.628906
1248.146484	34460.632813
1247.063477	33008.851563
1245.981445	32389.375000
1244.898438	31548.859375
1243.816406	30976.873047
1242.732422	30483.326172
1241.649414	29960.941406
1240.566406	29912.257813
1239.482422	29026.234375
1238.398438	28531.265625
1237.314453	28603.435547
1236.229492	28055.199219
1235.144531	28015.880859
1234.059570	27570.601563
1232.974609	27529.167969
1231.889648	27478.830078
1230.803711	26902.412109
1229.717773	27008.236328
1228.631836	26962.490234
1227.545898	26754.128906
1226.458984	26683.949219
1225.373047	26970.105469
1224.286133	26797.490234
1223.198242	26972.199219
1222.111328	26821.910156
1221.023438	27089.990234
1219.935547	26772.890625
1218.847656	27000.830078
1217.759766	26881.785156
1216.670898	26822.812500
1215.582031	26643.835938
1214.493164	26369.375000
1213.404297	26472.734375
1212.314453	26227.298828
1211.224609	25839.828125
1210.134766	26229.660156
1209.044922	26273.015625
1207.954102	26069.990234
1206.864258	26408.488281
1205.773438	25808.394531
1204.681641	25869.541016
1203.590820	26028.236328
1202.499023	26038.312500
1201.407227	26157.001953
1200.315430	26260.126953
1199.223633	26256.849609
1198.130859	26096.287109
1197.038086	25720.949219
1195.945313	25768.712891
1194.852539	25712.400391
1193.758789	25937.218750
1192.666016	25916.300781
1191.572266	26362.230469
1190.477539	26221.777344
1189.383789	25904.453125
1188.289063	25843.751953
1187.194336	25606.220703
1186.099609	25972.173828
1185.004883	25664.000000
1183.909180	25152.699219
1182.813477	25454.458984
1181.717773	25181.916016
1180.621094	24916.109375
1179.525391	24844.666016
1178.428711	24556.968750
1177.332031	24748.203125
1176.235352	24248.863281
1175.137695	24274.660156
1174.040039	24278.394531
1172.942383	24044.021484
1171.844727	23970.650391
1170.747070	23884.087891
1169.648438	24053.138672
1168.549805	23995.228516
1167.451172	23948.353516
1166.351563	24071.041016
1165.252930	24147.445313
1164.153320	24208.410156
1163.053711	24225.337891
1161.953125	24068.453125
1160.853516	24054.607422
1159.752930	24075.949219
1158.652344	24020.328125
1157.550781	24613.197266
1156.450195	24948.681641
1155.348633	25160.976563
1154.247070	25412.722656
1153.145508	26193.681641
1152.042969	26756.917969
1150.940430	27442.861328
1149.837891	28374.351563
1148.735352	29849.685547
1147.632813	31352.921875
1146.529297	32675.650391
1145.425781	34328.984375
1144.322266	35486.078125
1143.217773	36493.613281
1142.114258	36784.023438
1141.009766	36445.414063
1139.905273	36126.660156
1138.799805	35144.355469
1137.695313	34085.816406
1136.589844	33082.457031
1135.484375	31880.322266
1134.378906	30341.656250
1133.272461	29880.160156
1132.166016	29399.169922
1131.059570	28179.125000
1129.953125	28348.134766
1128.846680	27802.175781
1127.739258	27525.294922
1126.631836	27145.820313
1125.524414	27395.736328
1124.416016	27536.328125
1123.307617	27281.566406
1122.200195	27657.933594
1121.090820	27588.806641
1119.982422	27510.976563
1118.873047	27518.281250
1117.763672	27209.242188
1116.654297	27096.638672
1115.544922	27040.779297
1114.434570	26817.060547
1113.325195	26702.425781
1112.213867	26474.511719
1111.103516	26854.597656
1109.993164	27186.597656
1108.881836	27768.919922
1107.770508	28366.236328
1106.658203	28556.195313
1105.546875	29192.269531
1104.434570	29682.275391
1103.322266	29621.630859
1102.209961	29956.896484
1101.096680	30087.591797
1099.984375	29994.279297
1098.871094	30068.390625
1097.757813	29555.656250
1096.643555	29236.527344
1095.529297	29002.255859
1094.415039	28479.207031
1093.300781	28282.107422
1092.186523	27653.042969
1091.071289	27460.537109
1089.956055	26929.566406
1088.840820	26568.054688
1087.725586	26480.019531
1086.609375	26064.531250
1085.493164	26056.865234
1084.376953	26200.949219
1083.260742	26043.701172
1082.143555	25984.031250
1081.027344	26197.365234
1079.910156	26302.304688
1078.791992	26281.593750
1077.674805	26488.228516
1076.556641	26606.023438
1075.438477	26552.792969
1074.320313	26763.562500
1073.201172	26344.718750
1072.082031	26542.462891
1070.962891	26616.865234
1069.843750	26137.781250
1068.724609	25920.433594
1067.604492	26120.255859
1066.484375	26134.181641
1065.364258	26355.470703
1064.243164	26356.380859
1063.123047	26437.179688
1062.001953	26459.656250
1060.880859	26618.091797
1059.758789	26629.728516
1058.637695	26656.458984
1057.515625	26542.978516
1056.392578	26897.494141
1055.270508	26680.517578
1054.147461	26616.675781
1053.025391	26350.281250
1051.901367	25728.482422
1050.778320	25723.041016
1049.654297	25553.916016
1048.531250	25281.505859
1047.407227	25222.335938
1046.282227	24919.974609
1045.158203	24671.535156
1044.033203	24582.408203
1042.908203	24525.582031
1041.782227	24199.960938
1040.657227	23919.628906
1039.531250	23667.357422
1038.405273	23309.882813
1037.279297	23399.490234
1036.152344	23501.949219
1035.025391	23209.166016
1033.898438	23073.261719
1032.771484	22963.177734
1031.644531	22752.253906
1030.516602	23084.353516
1029.388672	23474.240234
1028.260742	23580.810547
1027.131836	23286.291016
1026.002930	23304.941406
1024.874023	23319.294922
1023.745117	23162.181641
1022.616211	23300.839844
1021.486328	23158.791016
1020.356445	23503.009766
1019.226563	23234.628906
1018.095703	23246.830078
1016.965820	23122.031250
1015.834961	23660.707031
1014.704102	23751.970703
1013.572266	23791.855469
1012.441406	24088.367188
1011.309570	24237.212891
1010.176758	24860.585938
1009.044922	25246.447266
1007.912109	25373.578125
1006.779297	25836.074219
1005.646484	26200.119141
1004.513672	27172.634766
1003.379883	27734.800781
1002.246094	27948.781250
1001.112305	28213.886719
999.978516	28269.775391
998.843750	27741.119141
997.708984	26570.707031
996.574219	25921.087891
995.439453	25476.406250
994.303711	25334.582031
993.167969	24681.373047
992.032227	24301.150391
990.896484	24223.562500
989.759766	23999.060547
988.623047	24313.341797
987.486328	24146.388672
986.349609	24073.152344
985.211914	24010.582031
984.075195	23541.707031
982.936523	23164.488281
981.798828	23827.279297
980.661133	23314.089844
979.522461	23413.287109
978.383789	23472.060547
977.244141	23454.320313
976.105469	23466.324219
974.965820	23505.931641
973.826172	23609.220703
972.685547	24045.753906
971.545898	24257.125000
970.405273	24358.060547
969.264648	24872.648438
968.124023	25283.083984
966.982422	25513.089844
965.840820	25702.712891
964.699219	25851.980469
963.557617	26094.429688
962.415039	26148.199219
961.273438	25926.558594
960.129883	26086.234375
958.987305	25636.013672
957.844727	25774.507813
956.701172	25229.296875
955.557617	25509.595703
954.413086	25214.316406
953.269531	24948.775391
952.125000	24550.115234
950.980469	24519.511719
949.835938	24510.058594
948.690430	24320.968750
947.544922	24269.298828
946.399414	24555.650391
945.253906	24558.863281
944.107422	24792.236328
942.961914	24987.507813
941.815430	25106.710938
940.667969	25189.986328
939.521484	25412.470703
938.374023	25759.310547
937.226563	25652.589844
936.078125	26151.033203
934.930664	26375.226563
933.782227	26864.871094
932.633789	27499.695313
931.485352	28043.660156
930.335938	28395.726563
929.186523	29389.894531
928.037109	29979.419922
926.887695	30347.681641
925.737305	30900.972656
924.587891	30829.152344
923.436523	30904.605469
922.286133	30559.414063
921.135742	30374.166016
919.984375	29833.730469
918.833008	29438.542969
917.680664	28747.244141
916.529297	28066.744141
915.376953	27411.738281
914.224609	26796.906250
913.071289	26474.162109
911.918945	25656.187500
910.765625	25147.048828
909.612305	25055.650391
908.458984	24637.052734
907.304688	24552.091797
906.150391	24249.101563
904.996094	24290.035156
903.841797	24402.208984
902.686523	24204.210938
901.531250	24249.312500
900.375977	24290.205078
899.220703	24067.224609
898.064453	24258.876953
896.908203	24169.958984
895.751953	23790.187500
894.595703	24075.923828
893.438477	23842.759766
892.281250	23785.371094
891.124023	23661.095703
889.966797	23555.687500
888.808594	23546.462891
887.650391	23390.970703
886.492188	22934.705078
885.333008	23046.761719
884.174805	23194.267578
883.015625	23036.888672
881.856445	23178.070313
880.696289	22709.808594
879.536133	22780.056641
878.376953	22595.777344
877.215820	22499.169922
876.055664	22425.539063
874.894531	22514.544922
873.733398	22480.539063
872.572266	22502.808594
871.410156	22906.320313
870.249023	22924.320313
869.086914	23110.990234
867.924805	22939.474609
866.761719	23098.998047
865.598633	22844.310547
864.435547	22743.701172
863.272461	22799.148438
862.109375	22783.857422
860.945313	22394.294922
859.781250	22813.580078
858.616211	22588.371094
857.452148	22290.529297
856.287109	22237.960938
855.122070	22349.505859
853.957031	22529.529297
852.791016	22709.474609
851.625000	22555.144531
850.458984	22583.505859
849.292969	22613.929688
848.125977	22221.156250
846.958984	22309.712891
845.791992	22485.318359
844.625000	22134.283203
843.457031	22386.535156
842.290039	21965.214844
841.121094	22043.365234
839.953125	21887.423828
838.784180	22096.019531
837.615234	21917.355469
836.446289	21962.324219
835.277344	21887.238281
834.107422	22043.921875
832.937500	22275.005859
831.767578	21780.056641
830.597656	21969.742188
829.426758	22335.062500
828.255859	21896.220703
827.084961	21914.240234
825.913086	21678.138672
824.742188	22158.873047
823.570313	22348.222656
822.397461	22351.671875
821.225586	22062.005859
820.052734	22222.357422
818.879883	21842.054688
817.707031	21872.421875
816.533203	21622.287109
815.359375	21972.289063
814.185547	22330.386719
813.011719	22267.869141
811.836914	22675.199219
810.662109	23154.460938
809.487305	23178.310547
808.312500	23614.009766
807.136719	23823.042969
805.961914	24184.308594
804.785156	24465.156250
803.609375	24192.406250
802.432617	24006.169922
801.255859	23702.785156
800.079102	23845.722656
798.902344	24046.158203
797.724609	24408.875000
796.546875	24796.093750
795.369141	25191.359375
794.190430	25526.890625
793.012695	25552.187500
791.833984	25786.890625
790.654297	25727.958984
789.475586	24854.326172
788.295898	24840.757813
787.116211	24591.291016
785.936523	24305.013672
784.755859	24158.289063
783.575195	23896.826172
782.394531	23567.839844
781.213867	22991.050781
780.032227	22852.925781
778.851563	23194.142578
777.668945	23277.191406
776.487305	22975.300781
775.304688	23072.683594
774.123047	22631.806641
772.939453	23011.570313
771.756836	23184.566406
770.573242	23177.513672
769.389648	23039.601563
768.206055	23003.960938
767.022461	23338.263672
765.837891	23856.322266
764.653320	23998.257813
763.468750	23895.033203
762.283203	23846.986328
761.097656	24172.570313
759.912109	24679.677734
758.726563	25368.185547
757.540039	25338.218750
756.353516	25697.871094
755.166992	26208.281250
753.980469	26506.417969
752.792969	27061.277344
751.605469	27921.605469
750.417969	29119.804688
749.230469	30382.675781
748.041992	31730.542969
746.853516	33851.621094
745.665039	35727.476563
744.476563	38939.792969
743.287109	40750.644531
742.097656	42454.914063
740.908203	44225.566406
739.717773	45369.082031
738.527344	45989.562500
737.336914	45934.882813
736.146484	45939.160156
734.955078	44246.792969
733.763672	43375.871094
732.572266	42507.351563
731.380859	41401.625000
730.188477	40050.730469
728.996094	38633.437500
727.803711	37318.218750
726.611328	36192.246094
725.417969	35099.214844
724.224609	33789.667969
723.031250	32429.994141
721.836914	31928.359375
720.643555	31846.453125
719.449219	31553.855469
718.253906	31516.626953
717.059570	31402.451172
715.864258	31045.339844
714.668945	31095.289063
713.473633	31033.896484
712.277344	30986.693359
711.081055	30488.355469
709.884766	30052.931641
708.687500	29953.388672
707.491211	29849.841797
706.293945	30213.273438
705.096680	30602.816406
703.898438	30511.314453
702.700195	30385.507813
701.501953	30336.500000
700.303711	29960.406250
699.105469	29217.064453
697.906250	29666.853516
696.707031	30110.390625
695.506836	30997.566406
694.307617	31757.283203
693.107422	32159.742188
691.907227	32626.539063
690.706055	34090.882813
689.505859	35588.847656
688.304688	37638.210938
687.102539	39199.207031
685.901367	40906.539063
684.699219	42538.625000
683.497070	44157.925781
682.294922	46329.980469
681.091797	48138.898438
679.889648	49291.207031
678.685547	49531.898438
677.482422	49388.410156
676.278320	48348.335938
675.075195	46926.820313
673.870117	46022.367188
672.666016	45092.191406
671.460938	44604.316406
670.255859	43672.835938
669.050781	43275.832031
667.845703	42306.898438
666.639648	41238.042969
665.433594	40514.757813
664.226563	39984.371094
663.020508	39105.234375
661.813477	39114.765625
660.606445	38154.000000
659.398438	37696.730469
658.191406	36612.449219
656.983398	35847.183594
655.775391	34110.800781
654.566406	33438.523438
653.358398	32870.648438
652.149414	32050.806641
650.939453	31423.439453
649.730469	30668.291016
648.520508	30461.570313
647.310547	29856.951172
646.099609	29270.589844
644.889648	28622.511719
643.678711	28052.660156
642.467773	27187.322266
641.255859	27001.597656
640.044922	26402.505859
638.833008	26051.287109
637.620117	25995.693359
636.408203	26015.970703
635.195313	26014.287109
633.982422	25637.515625
632.769531	25653.863281
631.555664	25720.058594
630.341797	26077.322266
629.127930	25589.230469
627.914063	26101.814453
626.699219	25964.609375
625.484375	26638.244141
624.269531	26676.244141
623.053711	26487.226563
621.838867	26487.416016
620.622070	26561.246094
619.406250	27170.328125
618.190430	27269.835938
616.973633	27291.726563
615.756836	27070.992188
614.539063	27279.800781
613.321289	27607.781250
612.104492	27226.146484
610.885742	27331.460938
609.667969	26582.558594
608.449219	26394.035156
607.230469	26177.794922
606.011719	26386.466797
604.791992	26380.697266
603.572266	26055.460938
602.352539	25553.804688
601.132813	25425.244141
599.912109	25150.000000
598.691406	24410.960938
597.470703	24207.410156
596.249023	23867.210938
595.028320	23436.023438
593.805664	23331.855469
592.583984	22998.007813
591.362305	22523.730469
590.139648	22526.718750
588.916992	22292.216797
587.693359	21897.544922
586.469727	21898.685547
585.246094	22376.464844
584.022461	22672.121094
582.798828	22775.884766
581.574219	22853.908203
580.349609	23218.421875
579.125000	23464.236328
577.899414	23668.464844
576.673828	23933.818359
575.448242	23944.367188
574.221680	24562.863281
572.996094	24650.232422
571.769531	24453.449219
570.541992	24734.111328
569.315430	25211.865234
568.087891	25539.556641
566.860352	25102.246094
565.632813	25522.445313
564.404297	25639.013672
563.175781	25483.671875
561.947266	25472.173828
560.717773	25104.269531
559.489258	25791.738281
558.259766	25605.001953
557.029297	25935.880859
555.799805	26083.646484
554.569336	26142.832031
553.338867	26337.679688
552.107422	26009.458984
550.876953	26282.873047
549.645508	26133.642578
548.413086	25955.001953
547.181641	25320.705078
545.949219	24971.455078
544.716797	24374.957031
543.484375	23794.421875
542.250977	23620.408203
541.017578	23560.277344
539.784180	23523.712891
538.550781	23432.246094
537.316406	23156.490234
536.082031	22759.304688
534.847656	22746.462891
533.612305	22488.671875
532.376953	22791.322266
531.141602	22780.435547
529.906250	22628.552734
528.669922	22484.566406
527.433594	22362.173828
526.197266	22733.007813
524.959961	22692.789063
523.722656	22889.285156
522.485352	23629.390625
521.248047	24648.781250
520.009766	25343.208984
518.771484	24819.701172
517.533203	24654.009766
516.294922	23996.080078
515.055664	23311.095703
513.816406	22950.566406
512.577148	22986.513672
511.336914	22583.269531
510.096680	22982.246094
508.856445	23740.037109
507.616211	24093.716797
506.375000	24162.517578
505.133789	24806.457031
503.892578	24995.923828
502.650391	25132.685547
