1802.297852	4946.991211
1801.329102	5411.474121
1800.359375	4950.996582
1799.390625	5022.397949
1798.420898	5201.086914
1797.451172	5165.114258
1796.480469	4981.967285
1795.510742	4739.031738
1794.540039	4660.779297
1793.569336	4629.929199
1792.598633	4671.380371
1791.627930	4949.576660
1790.656250	5015.864258
1789.684570	4902.755859
1788.712891	4859.433105
1787.741211	4860.951660
1786.769531	4675.738770
1785.797852	4819.180176
1784.825195	5099.444824
1783.852539	5304.949707
1782.879883	5465.592773
1781.907227	5459.524902
1780.933594	5475.839844
1779.959961	5467.285645
1778.986328	5515.907227
1778.012695	5909.960449
1777.039063	5938.595215
1776.064453	5611.967285
1775.090820	5459.333984
1774.116211	5090.716309
1773.141602	5164.181152
1772.166016	5133.359863
1771.191406	5333.356934
1770.215820	5597.786621
1769.240234	5814.975586
1768.264648	6168.493652
1767.289063	6214.374512
1766.312500	6297.426270
1765.336914	6536.608887
1764.360352	6386.601074
1763.383789	6420.011230
1762.406250	6507.908203
1761.429688	6271.306641
1760.452148	6104.136719
1759.474609	6253.938965
1758.497070	6220.506348
1757.519531	6464.268555
1756.541016	6928.148438
1755.563477	7409.159180
1754.584961	7568.441406
1753.606445	7203.415039
1752.626953	7098.132324
1751.648438	6911.319336
1750.668945	6652.912109
1749.689453	6723.232910
1748.709961	6803.407227
1747.730469	6979.873535
1746.750000	7183.432617
1745.769531	6846.223145
1744.789063	6442.501953
1743.808594	6379.511719
1742.828125	6449.786621
1741.846680	6386.819824
1740.866211	6471.862305
1739.884766	6601.257324
1738.903320	6511.177246
1737.920898	6487.686035
1736.939453	6217.760742
1735.957031	6103.171387
1734.974609	5988.627930
1733.992188	6248.498047
1733.009766	6348.204102
1732.026367	6664.521973
1731.042969	6695.182617
1730.059570	6440.357910
1729.076172	6325.882813
1728.092773	6066.313965
1727.108398	6097.068848
1726.125000	6204.039551
1725.140625	6384.722168
1724.155273	6582.537598
1723.170898	7028.481934
1722.185547	7061.467773
1721.201172	6836.504883
1720.215820	6535.495117
1719.230469	6568.559082
1718.244141	6419.936035
1717.258789	6526.645996
1716.272461	6687.301270
1715.286133	6825.809570
1714.299805	6969.168457
1713.312500	6999.650391
1712.326172	7437.165527
1711.338867	7577.861816
1710.351563	8118.029785
1709.364258	8202.167969
1708.375977	8244.620117
1707.388672	8211.116211
1706.400391	8106.600586
1705.412109	8496.750977
1704.422852	8597.862305
1703.434570	9252.101563
1702.445313	9526.767578
1701.457031	10080.242188
1700.466797	10746.016602
1699.477539	10966.410156
1698.488281	11289.412109
1697.498047	11563.388672
1696.507813	11864.140625
1695.517578	11812.877930
1694.527344	11553.960938
1693.536133	11346.445313
1692.545898	11847.259766
1691.554688	11737.436523
1690.563477	11661.834961
1689.572266	11852.304688
1688.580078	11561.965820
1687.587891	11398.611328
1686.595703	11357.286133
1685.603516	11362.313477
1684.611328	11294.189453
1683.618164	11279.724609
1682.625977	10677.871094
1681.632813	10312.632813
1680.639648	10120.519531
1679.645508	10091.684570
1678.652344	10036.072266
1677.658203	10063.266602
1676.664063	10129.399414
1675.669922	10319.632813
1674.675781	10183.715820
1673.680664	10040.553711
1672.685547	9960.691406
1671.690430	9586.598633
1670.695313	9728.118164
1669.700195	9463.615234
1668.704102	9191.926758
1667.708008	8932.497070
1666.711914	8889.393555
1665.715820	8831.732422
1664.719727	9082.511719
1663.722656	9083.106445
1662.725586	9006.020508
1661.728516	8763.927734
1660.731445	8551.051758
1659.733398	8566.306641
1658.736328	8550.023438
1657.738281	8482.820313
1656.740234	8655.675781
1655.741211	8646.655273
1654.743164	8855.759766
1653.744141	9042.971680
1652.745117	8987.847656
1651.746094	8884.302734
1650.747070	8453.880859
1649.747070	8314.167969
1648.748047	8295.542969
1647.748047	8760.956055
1646.748047	8943.079102
1645.747070	9105.775391
1644.747070	8963.651367
1643.746094	8652.309570
1642.745117	8652.977539
1641.744141	8796.260742
1640.742188	8869.401367
1639.741211	8737.129883
1638.739258	8566.260742
1637.737305	8566.943359
1636.735352	8618.334961
1635.732422	8720.406250
1634.730469	8766.916992
1633.727539	8603.452148
1632.724609	8575.169922
1631.721680	8544.486328
1630.717773	8629.583984
1629.713867	8386.701172
1628.710938	8580.284180
1627.707031	8783.429688
1626.702148	8926.245117
1625.698242	9088.277344
1624.693359	9279.150391
1623.688477	9330.256836
1622.683594	9140.548828
1621.678711	9117.030273
1620.672852	8758.952148
1619.666992	8280.695313
1618.661133	8293.454102
1617.655273	8301.395508
1616.649414	8220.348633
1615.642578	8334.100586
1614.635742	8212.208984
1613.628906	8239.387695
1612.622070	8333.840820
1611.615234	8577.214844
1610.607422	9041.482422
1609.599609	9580.011719
1608.591797	9309.143555
1607.583984	9391.278320
1606.576172	8976.548828
1605.567383	8845.147461
1604.558594	8982.505859
1603.549805	9134.200195
1602.541016	9693.526367
1601.531250	9703.548828
1600.521484	9814.250000
1599.511719	9548.617188
1598.501953	9534.698242
1597.492188	9724.425781
1596.481445	9765.567383
1595.471680	10091.672852
1594.460938	10154.271484
1593.449219	10417.924805
1592.438477	11035.684570
1591.426758	11748.907227
1590.415039	12076.668945
1589.403320	12363.634766
1588.391602	12153.073242
1587.379883	11935.422852
1586.367188	11782.402344
1585.354492	11794.349609
1584.341797	11703.543945
1583.329102	11383.434570
1582.315430	11156.604492
1581.302734	11591.341797
1580.289063	11624.798828
1579.274414	11868.300781
1578.260742	11586.664063
1577.247070	10940.073242
1576.232422	10782.788086
1575.217773	10809.217773
1574.203125	10444.560547
1573.187500	10142.039063
1572.172852	9965.971680
1571.157227	10137.915039
1570.141602	10257.370117
1569.125000	10233.844727
1568.109375	10286.541992
1567.092773	10384.460938
1566.076172	10420.440430
1565.059570	10254.083984
1564.042969	10363.846680
1563.025391	10337.945313
1562.008789	10228.796875
1560.991211	10426.493164
1559.973633	10450.527344
1558.955078	10476.928711
1557.937500	10415.375000
1556.918945	10054.423828
1555.900391	10109.398438
1554.881836	10078.834961
1553.862305	10387.897461
1552.842773	10447.518555
1551.824219	10621.063477
1550.804688	10711.465820
1549.784180	10483.850586
1548.764648	10277.680664
1547.744141	10209.170898
1546.723633	10415.786133
1545.703125	10418.406250
1544.682617	10776.610352
1543.661133	10589.547852
1542.639648	10393.083008
1541.618164	10440.716797
1540.596680	10639.922852
1539.575195	10974.032227
1538.552734	11308.005859
1537.530273	11163.668945
1536.507813	11227.661133
1535.485352	11525.882813
1534.461914	11570.847656
1533.439453	11547.201172
1532.416016	11547.210938
1531.392578	11483.384766
1530.368164	11284.845703
1529.344727	11162.013672
1528.320313	11247.163086
1527.295898	11086.589844
1526.271484	11181.165039
1525.246094	11049.006836
1524.221680	10964.120117
1523.196289	11294.704102
1522.170898	11271.160156
1521.145508	11311.330078
1520.119141	11162.763672
1519.092773	11094.446289
1518.067383	10962.489258
1517.040039	11056.911133
1516.013672	11132.436523
1514.987305	10946.349609
1513.959961	11113.753906
1512.932617	10880.632813
1511.905273	11000.877930
1510.876953	11323.575195
1509.849609	11365.991211
1508.821289	11410.743164
1507.792969	11674.326172
1506.763672	11601.358398
1505.735352	11617.805664
1504.706055	11928.217773
1503.676758	12104.479492
1502.647461	12330.034180
1501.618164	12626.006836
1500.587891	12870.160156
1499.557617	12813.494141
1498.527344	13362.864258
1497.497070	13245.059570
1496.466797	13463.057617
1495.435547	13408.660156
1494.404297	13384.794922
1493.373047	13163.833008
1492.341797	13252.635742
1491.309570	13052.899414
1490.278320	13045.539063
1489.246094	12773.244141
1488.213867	12775.318359
1487.180664	12615.681641
1486.148438	12158.532227
1485.115234	11849.155273
1484.082031	12022.393555
1483.047852	11881.772461
1482.014648	11965.964844
1480.980469	11827.752930
1479.946289	11797.248047
1478.912109	11701.241211
1477.877930	11804.113281
1476.842773	11981.785156
1475.808594	12210.827148
1474.773438	12554.330078
1473.738281	12642.916016
1472.702148	13056.295898
1471.666992	13619.036133
1470.630859	13660.628906
1469.594727	14164.626953
1468.557617	15063.031250
1467.521484	15424.127930
1466.484375	16389.591797
1465.447266	16736.265625
1464.410156	17570.410156
1463.373047	18063.650391
1462.334961	19137.388672
1461.296875	19737.359375
1460.258789	20159.916016
1459.220703	20990.167969
1458.182617	21458.894531
1457.143555	21570.980469
1456.104492	22169.832031
1455.065430	22237.476563
1454.026367	22291.121094
1452.986328	22507.691406
1451.946289	22561.255859
1450.906250	22319.287109
1449.866211	22880.019531
1448.826172	23512.623047
1447.785156	23965.906250
1446.744141	24435.277344
1445.703125	24730.119141
1444.662109	25031.810547
1443.620117	24956.964844
1442.578125	25256.160156
1441.537109	24969.943359
1440.494141	25090.208984
1439.452148	24481.435547
1438.409180	23301.910156
1437.367188	22552.191406
1436.323242	22083.521484
1435.280273	21007.279297
1434.237305	20390.685547
1433.193359	19215.525391
1432.149414	19012.205078
1431.105469	18241.103516
1430.061523	17780.841797
1429.016602	16850.447266
1427.971680	16506.476563
1426.926758	15648.517578
1425.881836	15689.292969
1424.835938	15181.409180
1423.791016	14967.670898
1422.745117	14774.845703
1421.699219	14612.173828
1420.652344	14565.220703
1419.606445	14261.591797
1418.559570	14552.292969
1417.512695	14500.755859
1416.465820	14377.592773
1415.417969	14432.401367
1414.371094	14577.283203
1413.323242	14528.089844
1412.275391	14557.428711
1411.226563	14614.459961
1410.178711	14544.511719
1409.129883	14758.452148
1408.081055	14540.831055
1407.032227	14722.386719
1405.982422	14823.142578
1404.933594	14882.349609
1403.883789	14835.481445
1402.833984	14491.291992
1401.783203	14382.300781
1400.733398	14121.288086
1399.682617	14300.359375
1398.631836	14154.623047
1397.581055	14054.998047
1396.529297	13999.153320
1395.478516	14051.507813
1394.426758	13878.325195
1393.375000	13978.996094
1392.322266	13667.885742
1391.270508	13313.208008
1390.217773	13275.974609
1389.165039	13114.620117
1388.112305	13008.492188
1387.058594	12789.811523
1386.005859	12564.329102
1384.952148	12423.923828
1383.898438	12478.772461
1382.843750	12836.662109
1381.790039	12762.854492
1380.735352	12962.181641
1379.680664	13099.473633
1378.625977	13589.993164
1377.570313	13298.197266
1376.515625	13630.247070
1375.459961	13654.945313
1374.404297	13725.476563
1373.347656	13532.432617
1372.291992	13738.140625
1371.235352	13815.480469
1370.178711	13684.372070
1369.122070	13592.244141
1368.064453	13577.991211
1367.007813	13543.142578
1365.950195	13437.369141
1364.892578	13301.894531
1363.833984	13537.040039
1362.776367	13694.331055
1361.717773	13805.826172
1360.659180	13999.571289
1359.600586	13864.116211
1358.541016	13911.523438
1357.482422	13972.617188
1356.422852	14433.407227
1355.363281	14380.182617
1354.302734	14731.103516
1353.243164	14942.633789
1352.182617	15215.695313
1351.122070	15561.659180
1350.060547	15743.226563
1349.000000	16348.951172
1347.938477	16979.507813
1346.876953	17548.246094
1345.815430	17961.748047
1344.753906	18721.476563
1343.691406	18915.830078
1342.628906	19290.062500
1341.566406	19743.853516
1340.503906	20434.269531
1339.441406	20978.697266
1338.377930	21702.708984
1337.314453	22615.300781
1336.250977	22906.390625
1335.186523	23975.304688
1334.123047	24475.218750
1333.058594	24349.642578
1331.994141	24701.505859
1330.928711	24448.654297
1329.864258	24048.203125
1328.798828	23154.919922
1327.733398	22668.585938
1326.667969	22025.759766
1325.601563	21401.361328
1324.536133	20636.480469
1323.469727	19606.380859
1322.403320	18923.871094
1321.335938	18116.873047
1320.269531	17827.335938
1319.202148	17011.826172
1318.134766	16790.652344
1317.067383	16408.632813
1315.999023	16239.795898
1314.930664	16150.330078
1313.863281	15766.413086
1312.793945	15844.676758
1311.725586	15682.885742
1310.656250	16123.353516
1309.587891	15950.253906
1308.517578	16125.716797
1307.448242	16052.235352
1306.378906	16173.314453
1305.308594	16312.435547
1304.238281	16171.125977
1303.167969	15871.631836
1302.096680	15714.649414
1301.026367	15503.499023
1299.955078	15376.025391
1298.883789	15422.525391
1297.811523	15240.921875
1296.740234	15264.850586
1295.667969	14760.558594
1294.595703	14432.507813
1293.523438	14172.284180
1292.450195	14169.339844
1291.376953	14028.815430
1290.303711	14325.811523
1289.230469	14034.259766
1288.157227	14026.835938
1287.083008	14228.996094
1286.008789	14467.120117
1284.934570	14301.924805
1283.860352	14670.558594
1282.785156	14903.936523
1281.710938	14885.080078
1280.635742	14929.250977
1279.559570	15328.949219
1278.484375	15460.750977
1277.408203	15567.753906
1276.332031	15407.094727
1275.255859	15543.292969
1274.179688	15715.399414
1273.102539	15494.125000
1272.025391	15785.260742
1270.948242	15781.976563
1269.871094	15940.411133
1268.793945	15907.901367
1267.715820	15906.835938
1266.637695	16056.164063
1265.559570	16189.718750
1264.480469	16053.968750
1263.401367	16234.575195
1262.323242	15997.944336
1261.243164	15716.563477
1260.164063	15233.530273
1259.083984	14898.629883
1258.004883	14888.804688
1256.924805	14404.001953
1255.843750	13926.121094
1254.763672	13676.870117
1253.682617	13174.708008
1252.601563	13030.931641
1251.520508	12674.589844
1250.438477	12692.088867
1249.357422	12172.648438
1248.275391	12288.659180
1247.193359	11928.293945
1246.110352	11657.510742
1245.028320	11735.552734
1243.945313	11576.665039
1242.862305	11610.001953
1241.779297	11549.499023
1240.695313	11493.487305
1239.611328	11600.508789
1238.527344	11372.601563
1237.443359	11397.014648
1236.359375	11584.325195
1235.274414	11075.437500
1234.189453	11322.963867
1233.104492	11429.881836
1232.019531	11262.495117
1230.933594	11126.387695
1229.847656	11043.828125
1228.761719	11282.185547
1227.675781	11339.984375
1226.588867	11348.754883
1225.502930	11007.886719
1224.416016	11441.982422
1223.328125	11334.969727
1222.241211	11268.061523
1221.153320	11274.609375
1220.065430	11298.950195
1218.977539	11309.935547
1217.889648	11151.913086
1216.800781	11262.968750
1215.711914	11442.884766
1214.623047	11213.817383
1213.534180	11089.272461
1212.444336	11213.574219
1211.355469	11169.033203
1210.265625	11344.335938
1209.174805	11359.724609
1208.084961	11472.765625
1206.994141	11277.308594
1205.903320	11319.323242
1204.812500	11325.829102
1203.720703	11540.792969
1202.629883	11411.999023
1201.538086	11427.345703
1200.446289	11254.301758
1199.353516	11608.695313
1198.261719	11267.317383
1197.168945	11249.455078
1196.076172	11224.958008
1194.983398	10817.452148
1193.889648	11145.000977
1192.795898	11456.920898
1191.702148	11427.972656
1190.608398	11465.398438
1189.514648	11719.549805
1188.419922	11761.320313
1187.325195	11632.846680
1186.230469	11422.646484
1185.135742	11329.652344
1184.040039	11336.117188
1182.944336	11274.103516
1181.848633	11172.364258
1180.752930	11121.449219
1179.656250	10969.009766
1178.559570	11046.165039
1177.462891	10884.977539
1176.366211	10785.628906
1175.268555	10794.396484
1174.171875	11023.677734
1173.074219	10955.226563
1171.975586	10886.802734
1170.877930	10809.591797
1169.779297	10593.602539
1168.680664	10763.205078
1167.582031	10833.627930
1166.483398	10679.421875
1165.383789	10848.898438
1164.284180	10754.179688
1163.184570	10826.743164
1162.084961	10883.875000
1160.984375	11037.765625
1159.883789	11103.625000
1158.783203	11132.077148
1157.682617	11248.446289
1156.581055	11068.065430
1155.480469	11083.321289
1154.378906	11153.491211
1153.276367	11291.720703
1152.174805	11098.302734
1151.072266	10988.394531
1149.969727	11170.469727
1148.867188	11014.504883
1147.764648	11042.909180
1146.661133	11238.017578
1145.557617	11297.066406
1144.454102	11349.511719
1143.349609	11524.700195
1142.246094	11478.443359
1141.141602	11482.606445
1140.037109	11537.156250
1138.932617	11403.306641
1137.827148	11470.989258
1136.721680	11451.062500
1135.616211	11457.412109
1134.510742	11303.992188
1133.404297	11196.585938
1132.298828	11314.553711
1131.192383	11250.932617
1130.084961	11301.048828
1128.978516	11209.035156
1127.871094	11152.032227
1126.763672	11171.541016
1125.656250	11180.115234
1124.548828	11129.706055
1123.440430	11448.409180
1122.332031	11260.401367
1121.223633	11417.395508
1120.115234	11554.679688
1119.005859	11608.983398
1117.896484	11493.092773
1116.787109	11684.802734
1115.677734	11743.404297
1114.567383	12272.926758
1113.457031	12422.931641
1112.346680	12808.246094
1111.236328	13596.500000
1110.125000	14066.364258
1109.014648	14812.636719
1107.903320	15645.696289
1106.791016	16465.341797
1105.679688	17319.466797
1104.567383	18469.189453
1103.455078	19372.572266
1102.342773	19786.138672
1101.230469	20399.613281
1100.117188	20756.253906
1099.003906	20991.005859
1097.890625	21130.027344
1096.776367	20677.943359
1095.663086	20486.748047
1094.548828	19891.630859
1093.434570	19153.439453
1092.319336	18639.183594
1091.205078	17756.128906
1090.089844	16793.148438
1088.974609	15776.328125
1087.858398	15130.886719
1086.743164	14409.807617
1085.626953	13918.879883
1084.510742	13163.671875
1083.394531	12772.916016
1082.277344	12469.005859
1081.160156	12095.892578
1080.042969	11569.143555
1078.925781	11566.702148
1077.807617	11341.246094
1076.690430	11100.731445
1075.572266	10990.173828
1074.453125	11018.146484
1073.334961	10894.671875
1072.215820	10820.996094
1071.096680	10900.882813
1069.977539	11032.624023
1068.858398	10883.309570
1067.738281	10950.164063
1066.618164	11181.198242
1065.498047	11047.065430
1064.376953	11079.286133
1063.256836	11038.078125
1062.135742	11100.509766
1061.014648	11281.622070
1059.892578	11356.920898
1058.771484	11373.936523
1057.649414	11490.165039
1056.527344	11222.485352
1055.404297	11461.589844
1054.282227	11215.583984
1053.159180	11206.746094
1052.036133	11148.354492
1050.912109	11270.941406
1049.789063	11272.865234
1048.665039	11386.759766
1047.541016	11263.790039
1046.416992	11263.558594
1045.291992	11411.812500
1044.166992	11409.397461
1043.041992	11181.123047
1041.916992	11374.459961
1040.791992	11318.298828
1039.666016	11427.685547
1038.540039	11332.849609
1037.413086	11220.863281
1036.287109	11444.059570
1035.160156	10831.644531
1034.033203	10825.055664
1032.906250	10702.534180
1031.779297	11095.221680
1030.651367	11172.274414
1029.523438	11481.016602
1028.395508	11470.003906
1027.266602	11407.522461
1026.137695	11583.075195
1025.009766	11752.122070
1023.879883	11882.516602
1022.750977	11770.711914
1021.621094	11853.913086
1020.491211	11898.522461
1019.361328	11955.961914
1018.231445	11929.875000
1017.100586	12085.748047
1015.969727	12102.446289
1014.838867	12012.152344
1013.708008	11735.784180
1012.576172	11974.975586
1011.444336	11807.785156
1010.312500	11792.452148
1009.180664	11894.683594
1008.047852	11870.790039
1006.915039	11784.947266
1005.782227	12040.907227
1004.649414	11803.436523
1003.515625	11841.498047
1002.381836	11885.947266
1001.248047	11928.243164
1000.114258	11829.690430
998.979492	11748.245117
997.844727	11398.090820
996.709961	11414.862305
995.575195	11374.062500
994.439453	11094.548828
993.303711	10934.493164
992.167969	10881.035156
991.032227	10972.450195
989.895508	11170.311523
988.758789	11268.012695
987.622070	11276.261719
986.485352	11273.865234
985.347656	11294.875000
984.210938	11143.552734
983.073242	11158.200195
981.934570	11498.200195
980.796875	11310.786133
979.658203	11397.657227
978.519531	11786.266602
977.380859	11885.747070
976.241211	11859.851563
975.101563	11931.663086
973.961914	12113.858398
972.822266	12255.639648
971.681641	12575.647461
970.541992	12895.518555
969.400391	13325.574219
968.259766	13488.185547
967.119141	13841.585938
965.977539	13726.268555
964.835938	13967.119141
963.694336	13817.913086
962.551758	13931.507813
961.409180	13905.238281
960.266602	13624.825195
959.124023	13604.983398
957.980469	13345.920898
956.837891	13186.449219
955.694336	12883.146484
954.549805	12897.327148
953.406250	12968.613281
952.261719	12599.989258
951.117188	12514.843750
949.972656	12505.834961
948.827148	12408.064453
947.681641	12437.114258
946.536133	12265.458984
945.390625	12307.198242
944.245117	12623.432617
943.098633	12491.958008
941.952148	12696.147461
940.804688	12701.880859
939.658203	12726.599609
938.510742	13168.967773
937.363281	13332.764648
936.215820	13713.666992
935.067383	13997.435547
933.919922	14704.708984
932.770508	14983.928711
931.622070	16023.546875
930.473633	16837.351563
929.324219	17261.234375
928.174805	18044.949219
927.025391	18422.083984
925.875000	18706.460938
924.724609	18464.714844
923.574219	18696.369141
922.423828	18183.425781
921.272461	17607.619141
920.122070	17208.644531
918.969727	16225.550781
917.818359	15711.466797
916.666992	15214.408203
915.514648	14503.319336
914.362305	13939.531250
913.208984	13525.047852
912.056641	13125.434570
910.903320	12658.834961
909.750000	12597.380859
908.596680	12384.916016
907.442383	12162.054688
906.288086	12058.806641
905.133789	11840.301758
903.979492	11963.525391
902.824219	12109.745117
901.668945	11864.131836
900.513672	11714.973633
899.358398	11827.644531
898.202148	11676.462891
897.045898	11613.260742
895.889648	11778.198242
894.733398	11570.627930
893.576172	11576.519531
892.419922	11655.607422
891.261719	11525.562500
890.104492	11403.933594
888.946289	11328.338867
887.789063	11261.133789
886.629883	11068.604492
885.471680	11147.696289
884.312500	11235.105469
883.153320	11397.640625
881.994141	11558.016602
880.834961	11444.931641
879.674805	11114.895508
878.514648	11116.686523
877.354492	11130.989258
876.194336	10943.023438
875.033203	11205.438477
873.872070	11207.205078
872.710938	11079.772461
871.548828	11287.820313
870.387695	11041.695313
869.225586	11285.062500
868.063477	11111.915039
866.900391	11392.629883
865.737305	11150.853516
864.574219	11335.725586
863.411133	10952.605469
862.248047	10914.898438
861.083984	10970.779297
859.919922	11010.003906
858.755859	10791.479492
857.590820	10901.377930
856.425781	11063.167969
855.260742	11114.798828
854.095703	11340.849609
852.930664	11234.602539
851.764648	11196.901367
850.598633	11225.627930
849.431641	10806.159180
848.265625	11021.658203
847.098633	10923.885742
845.931641	11247.091797
844.764648	11060.166992
843.596680	11155.207031
842.428711	10968.380859
841.260742	11189.778320
840.092773	11396.580078
838.923828	11265.735352
837.754883	11329.568359
836.585938	11176.022461
835.416992	11107.393555
834.247070	11359.508789
833.077148	11386.028320
831.907227	11329.805664
830.737305	11358.386719
829.566406	11560.611328
828.395508	11473.381836
827.224609	11375.856445
826.052734	11530.426758
824.881836	11972.043945
823.709961	11866.211914
822.538086	11719.130859
821.365234	11850.785156
820.192383	11695.513672
819.019531	11633.160156
817.846680	11362.478516
816.673828	11341.470703
815.500000	11151.385742
814.326172	11266.494141
813.151367	11311.474609
811.977539	11465.650391
810.802734	11570.314453
809.627930	11777.921875
808.453125	11876.292969
807.277344	11916.972656
806.101563	12019.386719
804.925781	11839.807617
803.750000	11608.865234
802.573242	11540.535156
801.396484	11573.011719
800.219727	11786.423828
799.042969	11730.432617
797.865234	12023.876953
796.687500	12008.955078
795.509766	12195.377930
794.331055	12289.288086
793.153320	12376.996094
791.974609	12343.529297
790.795898	11985.750000
789.616211	12077.568359
788.436523	11703.583984
787.256836	11832.347656
786.077148	11969.257813
784.897461	11862.100586
783.716797	12136.297852
782.536133	11666.368164
781.354492	11528.605469
780.173828	11507.678711
778.992188	11703.877930
777.810547	11762.786133
776.628906	11700.872070
775.446289	11649.218750
774.263672	11534.145508
773.081055	11748.538086
771.898438	11739.864258
770.714844	11792.547852
769.531250	11902.461914
768.347656	12090.010742
767.163086	12077.179688
765.979492	12485.297852
764.794922	12836.035156
763.609375	12363.477539
762.424805	12689.583008
761.239258	13046.171875
760.053711	13251.555664
758.868164	13575.213867
757.681641	14092.563477
756.495117	14266.986328
755.308594	14512.714844
754.122070	15011.171875
752.934570	15415.638672
751.748047	16451.748047
750.559570	17222.509766
749.372070	18200.734375
748.183594	19644.964844
746.995117	21668.931641
745.806641	24585.789063
744.618164	26884.632813
743.428711	30092.144531
742.239258	32297.240234
741.049805	34759.718750
739.859375	35972.425781
738.669922	36845.046875
737.479492	36550.441406
736.288086	36219.375000
735.097656	35126.464844
733.906250	34850.695313
732.714844	35109.218750
731.523438	35785.937500
730.331055	35530.503906
729.138672	36645.261719
727.946289	37773.738281
726.753906	38293.062500
725.560547	38840.558594
724.367188	37848.558594
723.173828	36412.953125
721.979492	34779.308594
720.786133	32599.167969
719.591797	29439.267578
718.396484	26432.669922
717.202148	23879.031250
716.006836	21966.375000
714.811523	20099.085938
713.616211	18934.947266
712.419922	17668.109375
711.223633	17103.859375
710.027344	16003.829102
708.831055	15680.834961
707.633789	15434.810547
706.436523	15449.653320
705.239258	15070.399414
704.041016	14984.286133
702.843750	14688.119141
701.645508	14163.859375
700.447266	13555.018555
699.248047	13362.309570
698.048828	13381.609375
696.849609	13768.159180
695.650391	13928.583008
694.450195	13998.170898
693.250000	14017.312500
692.049805	13982.008789
690.849609	14416.380859
689.648438	15154.870117
688.447266	15336.941406
687.246094	15585.408203
686.044922	15785.431641
684.842773	15830.324219
683.640625	16521.398438
682.438477	17089.398438
681.235352	17729.589844
680.033203	17862.535156
678.829102	17532.814453
677.625977	17020.244141
676.422852	16465.675781
675.218750	16007.830078
674.014648	16092.769531
672.809570	16031.002930
671.604492	16093.802734
670.400391	16275.061523
669.194336	16018.532227
667.989258	15746.054688
666.783203	15535.910156
665.577148	15508.450195
664.371094	15637.475586
663.164063	16117.434570
661.957031	16252.285156
660.750000	16473.281250
659.542969	16980.802734
658.334961	16836.830078
657.127930	16736.996094
655.918945	16693.289063
654.710938	16571.500000
653.501953	16718.052734
652.292969	16822.501953
651.083984	16792.820313
649.875000	16913.212891
648.665039	16773.498047
647.455078	16657.843750
646.244141	16384.273438
645.034180	16092.831055
643.823242	15863.471680
642.612305	15570.268555
641.400391	15239.233398
640.189453	14393.021484
638.977539	14423.831055
637.765625	14452.628906
636.552734	14643.093750
635.339844	14883.365234
634.126953	14834.228516
632.914063	14864.903320
631.700195	15382.175781
630.487305	15745.693359
629.272461	16296.435547
628.058594	16838.964844
626.843750	17672.169922
625.628906	17975.103516
624.414063	18206.199219
623.199219	17475.410156
621.983398	17107.269531
620.767578	16795.021484
619.551758	16383.410156
618.334961	15743.180664
617.118164	15035.600586
615.901367	14515.262695
614.684570	14273.503906
613.466797	13944.386719
612.249023	13700.869141
611.031250	13306.450195
609.813477	12729.445313
608.594727	12643.248047
607.375977	12588.858398
606.157227	12800.506836
604.937500	12611.140625
603.717773	12473.449219
602.498047	12643.319336
601.278320	12414.440430
600.057617	12316.540039
598.836914	12143.343750
597.616211	12067.347656
596.395508	11878.425781
595.173828	11978.853516
593.952148	11740.511719
592.729492	11359.681641
591.507813	11539.354492
590.285156	11194.366211
589.062500	11290.872070
587.839844	11149.891602
586.616211	11418.471680
585.392578	11319.058594
584.168945	11575.617188
582.944336	11810.316406
581.720703	12159.550781
580.495117	12388.088867
579.270508	12466.376953
578.045898	12823.136719
576.820313	12889.444336
575.594727	13082.082031
574.368164	13290.424805
573.142578	13486.834961
571.916016	13710.780273
570.688477	14062.847656
569.461914	14351.649414
568.234375	14368.220703
567.006836	14102.883789
565.779297	13778.535156
564.550781	13708.517578
563.322266	13691.721680
562.093750	13472.062500
560.865234	13413.970703
559.635742	13572.463867
558.406250	13408.085938
557.176758	13401.208008
555.946289	13614.685547
554.715820	13597.928711
553.485352	13311.757813
552.254883	13352.090820
551.023438	13329.502930
549.791992	13367.847656
548.560547	13203.794922
547.328125	12872.837891
546.096680	12657.900391
544.864258	12494.109375
543.630859	12326.462891
542.398438	12502.360352
541.165039	12703.689453
539.931641	13012.830078
538.697266	13298.296875
537.463867	13113.004883
536.229492	12786.633789
534.994141	12517.249023
533.759766	12722.223633
532.524414	12739.020508
531.289063	12841.996094
530.053711	12617.875000
528.817383	12493.708008
527.581055	12665.179688
526.344727	12668.266602
525.107422	13154.645508
523.871094	13623.205078
522.632813	14920.816406
521.395508	16339.089844
520.158203	16920.023438
518.919922	16599.669922
517.681641	15241.837891
516.442383	13896.325195
515.203125	13151.041992
513.963867	12546.687500
512.724609	12174.929688
511.485352	12113.691406
510.245117	12343.252930
509.004883	12510.278320
507.763672	12971.777344
506.523438	12822.654297
505.282227	13081.101563
504.040039	13076.270508
502.798828	12855.110352
501.556641	12515.188477
