1802.297852	7281.891113
1801.329102	7281.891113
1800.359375	7295.416992
1799.390625	7301.448242
1798.420898	7372.365723
1797.451172	7293.541016
1796.480469	7411.830566
1795.510742	7270.672852
1794.540039	7468.718262
1793.569336	7340.070801
1792.598633	7520.573242
1791.627930	7421.873047
1790.656250	7597.302734
1789.684570	7560.906738
1788.712891	7559.395020
1787.741211	7759.593262
1786.769531	7670.900391
1785.797852	7823.699707
1784.825195	7637.967773
1783.852539	7800.665039
1782.879883	7933.443359
1781.907227	7902.009277
1780.933594	8146.617676
1779.959961	7943.600586
1778.986328	8230.360352
1778.012695	8171.552246
1777.039063	8326.457031
1776.064453	8277.589844
1775.090820	8161.679688
1774.116211	8189.845215
1773.141602	8138.550781
1772.166016	8437.277344
1771.191406	8457.924805
1770.215820	8314.797852
1769.240234	8670.367188
1768.264648	9035.714844
1767.289063	9157.894531
1766.312500	9339.529297
1765.336914	9327.743164
1764.360352	9486.964844
1763.383789	9472.675781
1762.406250	9936.513672
1761.429688	9897.370117
1760.452148	9984.535156
1759.474609	10264.778320
1758.497070	10339.457031
1757.519531	10411.629883
1756.541016	10862.346680
1755.563477	10926.963867
1754.584961	11135.007813
1753.606445	11103.101563
1752.626953	10779.469727
1751.648438	10767.420898
1750.668945	10817.160156
1749.689453	10832.287109
1748.709961	10827.644531
1747.730469	10825.472656
1746.750000	10845.526367
1745.769531	10532.270508
1744.789063	10157.430664
1743.808594	10254.109375
1742.828125	10182.964844
1741.846680	10003.303711
1740.866211	10082.688477
1739.884766	9856.266602
1738.903320	9962.766602
1737.920898	9916.398438
1736.939453	10032.701172
1735.957031	9808.932617
1734.974609	9925.208984
1733.992188	9876.419922
1733.009766	9911.374023
1732.026367	10074.334961
1731.042969	10018.159180
1730.059570	9998.920898
1729.076172	9935.400391
1728.092773	9768.585938
1727.108398	9928.950195
1726.125000	10131.051758
1725.140625	10050.343750
1724.155273	10124.523438
1723.170898	10208.500977
1722.185547	10014.802734
1721.201172	10290.376953
1720.215820	10342.341797
1719.230469	10404.106445
1718.244141	10382.375000
1717.258789	10434.288086
1716.272461	10844.471680
1715.286133	10604.294922
1714.299805	10972.576172
1713.312500	11014.516602
1712.326172	11387.469727
1711.338867	11662.208984
1710.351563	11824.086914
1709.364258	11833.960938
1708.375977	12054.541016
1707.388672	12417.108398
1706.400391	12644.828125
1705.412109	12742.676758
1704.422852	12997.167969
1703.434570	13726.398438
1702.445313	14423.521484
1701.457031	14567.417969
1700.466797	15109.980469
1699.477539	15723.249023
1698.488281	16030.622070
1697.498047	16631.232422
1696.507813	17226.712891
1695.517578	17228.130859
1694.527344	17644.894531
1693.536133	18093.244141
1692.545898	18314.285156
1691.554688	18579.187500
1690.563477	18951.396484
1689.572266	19174.570313
1688.580078	19012.089844
1687.587891	19118.048828
1686.595703	18980.035156
1685.603516	19044.496094
1684.611328	19116.246094
1683.618164	18892.990234
1682.625977	18735.630859
1681.632813	18624.632813
1680.639648	18457.644531
1679.645508	18368.667969
1678.652344	18399.060547
1677.658203	18224.910156
1676.664063	18282.093750
1675.669922	17940.097656
1674.675781	17834.277344
1673.680664	17833.113281
1672.685547	17642.220703
1671.690430	17665.412109
1670.695313	17603.494141
1669.700195	17509.998047
1668.704102	17309.597656
1667.708008	17067.970703
1666.711914	17428.945313
1665.715820	17340.412109
1664.719727	17261.628906
1663.722656	17479.091797
1662.725586	17414.876953
1661.728516	17302.144531
1660.731445	17378.726563
1659.733398	17052.554688
1658.736328	17204.345703
1657.738281	16948.666016
1656.740234	17345.294922
1655.741211	17244.828125
1654.743164	17040.187500
1653.744141	17206.361328
1652.745117	17207.730469
1651.746094	17223.630859
1650.747070	17178.982422
1649.747070	17272.357422
1648.748047	17198.667969
1647.748047	17308.937500
1646.748047	17201.394531
1645.747070	17628.529297
1644.747070	17554.824219
1643.746094	17471.474609
1642.745117	17545.308594
1641.744141	17570.767578
1640.742188	17451.210938
1639.741211	17464.595703
1638.739258	17323.365234
1637.737305	17351.259766
1636.735352	16973.458984
1635.732422	17245.253906
1634.730469	17369.697266
1633.727539	16975.226563
1632.724609	17172.054688
1631.721680	17108.271484
1630.717773	16962.509766
1629.713867	17212.269531
1628.710938	16965.287109
1627.707031	17214.943359
1626.702148	17098.193359
1625.698242	17371.814453
1624.693359	16997.322266
1623.688477	17176.921875
1622.683594	16918.201172
1621.678711	16991.814453
1620.672852	16817.476563
1619.666992	16777.974609
1618.661133	16562.847656
1617.655273	16427.189453
1616.649414	16409.431641
1615.642578	16586.447266
1614.635742	16412.398438
1613.628906	16473.968750
1612.622070	16708.533203
1611.615234	16601.835938
1610.607422	16800.246094
1609.599609	17049.009766
1608.591797	16786.232422
1607.583984	17109.316406
1606.576172	17007.439453
1605.567383	17171.968750
1604.558594	16978.951172
1603.549805	17320.917969
1602.541016	17149.531250
1601.531250	17548.869141
1600.521484	17681.951172
1599.511719	17649.603516
1598.501953	17912.005859
1597.492188	17879.623047
1596.481445	18446.072266
1595.471680	18607.570313
1594.460938	18776.183594
1593.449219	19277.468750
1592.438477	19888.644531
1591.426758	20241.142578
1590.415039	20435.599609
1589.403320	21122.705078
1588.391602	21237.984375
1587.379883	21446.462891
1586.367188	21088.326172
1585.354492	21507.062500
1584.341797	21552.873047
1583.329102	21335.876953
1582.315430	21350.650391
1581.302734	21090.796875
1580.289063	21334.812500
1579.274414	21134.742188
1578.260742	20753.373047
1577.247070	20436.582031
1576.232422	20513.539063
1575.217773	20471.207031
1574.203125	20610.123047
1573.187500	20307.917969
1572.172852	20303.789063
1571.157227	20192.419922
1570.141602	20121.599609
1569.125000	20431.955078
1568.109375	20484.960938
1567.092773	20187.906250
1566.076172	20426.634766
1565.059570	20524.830078
1564.042969	20413.566406
1563.025391	20433.205078
1562.008789	20562.259766
1560.991211	20351.164063
1559.973633	20261.421875
1558.955078	20430.843750
1557.937500	20212.767578
1556.918945	20282.322266
1555.900391	20038.228516
1554.881836	20319.197266
1553.862305	20312.685547
1552.842773	20382.158203
1551.824219	20399.373047
1550.804688	20383.351563
1549.784180	20459.882813
1548.764648	20647.888672
1547.744141	20719.587891
1546.723633	20933.548828
1545.703125	21017.013672
1544.682617	21197.634766
1543.661133	21224.128906
1542.639648	21435.437500
1541.618164	21262.861328
1540.596680	21495.392578
1539.575195	21718.353516
1538.552734	21799.164063
1537.530273	22175.837891
1536.507813	22336.986328
1535.485352	22498.068359
1534.461914	22145.716797
1533.439453	21963.806641
1532.416016	22008.988281
1531.392578	21917.021484
1530.368164	21780.177734
1529.344727	21558.308594
1528.320313	21466.486328
1527.295898	21301.464844
1526.271484	21063.292969
1525.246094	21025.935547
1524.221680	20915.404297
1523.196289	20774.230469
1522.170898	20963.507813
1521.145508	20706.765625
1520.119141	20412.382813
1519.092773	20391.705078
1518.067383	20691.728516
1517.040039	20795.951172
1516.013672	20836.490234
1514.987305	20667.273438
1513.959961	20783.214844
1512.932617	20840.216797
1511.905273	21109.156250
1510.876953	21147.228516
1509.849609	21171.160156
1508.821289	21456.339844
1507.792969	21764.935547
1506.763672	21922.826172
1505.735352	22388.798828
1504.706055	22762.859375
1503.676758	22802.882813
1502.647461	23228.421875
1501.618164	23334.138672
1500.587891	23728.843750
1499.557617	24031.761719
1498.527344	24198.318359
1497.497070	23956.179688
1496.466797	23955.976563
1495.435547	23474.544922
1494.404297	23239.740234
1493.373047	23594.000000
1492.341797	22765.724609
1491.309570	22395.164063
1490.278320	22397.617188
1489.246094	21982.734375
1488.213867	21821.181641
1487.180664	21132.380859
1486.148438	21289.732422
1485.115234	21100.304688
1484.082031	20880.505859
1483.047852	21012.050781
1482.014648	20946.876953
1480.980469	20809.166016
1479.946289	21354.867188
1478.912109	21549.375000
1477.877930	21201.085938
1476.842773	21699.589844
1475.808594	22197.890625
1474.773438	22616.496094
1473.738281	23058.304688
1472.702148	23679.871094
1471.666992	24490.433594
1470.630859	25130.138672
1469.594727	25680.830078
1468.557617	26866.414063
1467.521484	27115.369141
1466.484375	28176.466797
1465.447266	29591.826172
1464.410156	30414.003906
1463.373047	31427.113281
1462.334961	32519.099609
1461.296875	33428.769531
1460.258789	34554.859375
1459.220703	35270.285156
1458.182617	36330.289063
1457.143555	36460.292969
1456.104492	37319.296875
1455.065430	38289.726563
1454.026367	39071.164063
1452.986328	39416.976563
1451.946289	40302.585938
1450.906250	41553.152344
1449.866211	42365.839844
1448.826172	44062.035156
1447.785156	45541.269531
1446.744141	46343.328125
1445.703125	47921.433594
1444.662109	48566.964844
1443.620117	48847.433594
1442.578125	49406.550781
1441.537109	49103.761719
1440.494141	48060.347656
1439.452148	46996.460938
1438.409180	45322.550781
1437.367188	44742.359375
1436.323242	42501.152344
1435.280273	41017.085938
1434.237305	39825.847656
1433.193359	38243.230469
1432.149414	36570.847656
1431.105469	35499.460938
1430.061523	34284.835938
1429.016602	33174.968750
1427.971680	32130.416016
1426.926758	31139.554688
1425.881836	30035.642578
1424.835938	29522.494141
1423.791016	28472.597656
1422.745117	28177.494141
1421.699219	27676.605469
1420.652344	27293.886719
1419.606445	27228.146484
1418.559570	26878.044922
1417.512695	26370.894531
1416.465820	26515.693359
1415.417969	26403.947266
1414.371094	26511.712891
1413.323242	26032.765625
1412.275391	26565.460938
1411.226563	26640.798828
1410.178711	26427.570313
1409.129883	26779.839844
1408.081055	26455.914063
1407.032227	26854.167969
1405.982422	26903.992188
1404.933594	26580.236328
1403.883789	26890.607422
1402.833984	26571.593750
1401.783203	26043.001953
1400.733398	26095.238281
1399.682617	25608.423828
1398.631836	25499.509766
1397.581055	25123.539063
1396.529297	25272.603516
1395.478516	25175.330078
1394.426758	24949.230469
1393.375000	24760.033203
1392.322266	24340.890625
1391.270508	24174.890625
1390.217773	24192.898438
1389.165039	24431.583984
1388.112305	24178.328125
1387.058594	23773.517578
1386.005859	23529.687500
1384.952148	23853.291016
1383.898438	23901.189453
1382.843750	23923.810547
1381.790039	23969.375000
1380.735352	24207.701172
1379.680664	24457.400391
1378.625977	24993.750000
1377.570313	25117.033203
1376.515625	25013.246094
1375.459961	25682.119141
1374.404297	25915.203125
1373.347656	25589.017578
1372.291992	25902.214844
1371.235352	26380.212891
1370.178711	25930.455078
1369.122070	26078.515625
1368.064453	26389.058594
1367.007813	26264.587891
1365.950195	25776.314453
1364.892578	26166.798828
1363.833984	25962.386719
1362.776367	26549.345703
1361.717773	26374.660156
1360.659180	26636.675781
1359.600586	27197.986328
1358.541016	27329.470703
1357.482422	27620.820313
1356.422852	28035.390625
1355.363281	28774.068359
1354.302734	29279.552734
1353.243164	30376.050781
1352.182617	30550.066406
1351.122070	31330.958984
1350.060547	32351.064453
1349.000000	33395.835938
1347.938477	34597.515625
1346.876953	35367.796875
1345.815430	35900.703125
1344.753906	36941.585938
1343.691406	37685.835938
1342.628906	38623.410156
1341.566406	39371.554688
1340.503906	40634.003906
1339.441406	40937.484375
1338.377930	42230.945313
1337.314453	43196.179688
1336.250977	44331.644531
1335.186523	44988.953125
1334.123047	45912.074219
1333.058594	46332.304688
1331.994141	46049.917969
1330.928711	46274.480469
1329.864258	45555.925781
1328.798828	44971.707031
1327.733398	44121.972656
1326.667969	42811.589844
1325.601563	41040.843750
1324.536133	40224.222656
1323.469727	38622.687500
1322.403320	37768.328125
1321.335938	36785.011719
1320.269531	35278.167969
1319.202148	34658.593750
1318.134766	33787.617188
1317.067383	33148.203125
1315.999023	32663.156250
1314.930664	32352.773438
1313.863281	32087.820313
1312.793945	32053.988281
1311.725586	31714.482422
1310.656250	31893.542969
1309.587891	32312.447266
1308.517578	32043.244141
1307.448242	32256.056641
1306.378906	32314.960938
1305.308594	32294.687500
1304.238281	31783.769531
1303.167969	31849.511719
1302.096680	31634.970703
1301.026367	31312.052734
1299.955078	30980.228516
1298.883789	30400.083984
1297.811523	30079.875000
1296.740234	28910.873047
1295.667969	28900.355469
1294.595703	28194.732422
1293.523438	27633.810547
1292.450195	27461.132813
1291.376953	26959.232422
1290.303711	26924.318359
1289.230469	26893.925781
1288.157227	26572.773438
1287.083008	26459.082031
1286.008789	26550.466797
1284.934570	26763.453125
1283.860352	26920.046875
1282.785156	26826.634766
1281.710938	27278.056641
1280.635742	27222.869141
1279.559570	27840.539063
1278.484375	27796.503906
1277.408203	28409.294922
1276.332031	28601.289063
1275.255859	28348.015625
1274.179688	28551.179688
1273.102539	28886.857422
1272.025391	29413.390625
1270.948242	29380.312500
1269.871094	29176.544922
1268.793945	29372.578125
1267.715820	29644.865234
1266.637695	30145.992188
1265.559570	29870.414063
1264.480469	29927.021484
1263.401367	29766.005859
1262.323242	29580.384766
1261.243164	29002.429688
1260.164063	28664.593750
1259.083984	27728.441406
1258.004883	27182.599609
1256.924805	26347.964844
1255.843750	25553.994141
1254.763672	24464.734375
1253.682617	23982.714844
1252.601563	23003.925781
1251.520508	22381.406250
1250.438477	22112.697266
1249.357422	21750.136719
1248.275391	21271.414063
1247.193359	21351.958984
1246.110352	20987.542969
1245.028320	20609.867188
1243.945313	20388.787109
1242.862305	20855.998047
1241.779297	20471.878906
1240.695313	20425.173828
1239.611328	20099.359375
1238.527344	19929.958984
1237.443359	19776.253906
1236.359375	20189.441406
1235.274414	19937.572266
1234.189453	19935.642578
1233.104492	19871.267578
1232.019531	20156.990234
1230.933594	19914.250000
1229.847656	20206.527344
1228.761719	19981.703125
1227.675781	20022.089844
1226.588867	19995.636719
1225.502930	20078.314453
1224.416016	20118.652344
1223.328125	20085.513672
1222.241211	20390.673828
1221.153320	20252.910156
1220.065430	20079.607422
1218.977539	20322.296875
1217.889648	20206.867188
1216.800781	20331.593750
1215.711914	20136.187500
1214.623047	20060.865234
1213.534180	20216.648438
1212.444336	19774.808594
1211.355469	20194.873047
1210.265625	19802.072266
1209.174805	20108.732422
1208.084961	20270.994141
1206.994141	20513.074219
1205.903320	20522.097656
1204.812500	20318.173828
1203.720703	20440.332031
1202.629883	20637.824219
1201.538086	20655.675781
1200.446289	20908.445313
1199.353516	20463.123047
1198.261719	20760.130859
1197.168945	20481.140625
1196.076172	20691.656250
1194.983398	20851.160156
1193.889648	20831.302734
1192.795898	21026.117188
1191.702148	21010.654297
1190.608398	20858.044922
1189.514648	21112.441406
1188.419922	20630.404297
1187.325195	20568.607422
1186.230469	20584.191406
1185.135742	20356.691406
1184.040039	20127.076172
1182.944336	19939.525391
1181.848633	20050.185547
1180.752930	19697.130859
1179.656250	19399.408203
1178.559570	19313.683594
1177.462891	19278.746094
1176.366211	19102.630859
1175.268555	19160.384766
1174.171875	18830.003906
1173.074219	18839.285156
1171.975586	18643.566406
1170.877930	18569.136719
1169.779297	18527.787109
1168.680664	18285.994141
1167.582031	18183.052734
1166.483398	18181.441406
1165.383789	18631.132813
1164.284180	18198.027344
1163.184570	18403.263672
1162.084961	18298.199219
1160.984375	18355.949219
1159.883789	18490.646484
1158.783203	18875.939453
1157.682617	18852.193359
1156.581055	19002.083984
1155.480469	18644.326172
1154.378906	19016.076172
1153.276367	19069.191406
1152.174805	19434.107422
1151.072266	19601.275391
1149.969727	19687.156250
1148.867188	19553.542969
1147.764648	19777.625000
1146.661133	20231.941406
1145.557617	20398.759766
1144.454102	20613.748047
1143.349609	20751.914063
1142.246094	20596.320313
1141.141602	20730.048828
1140.037109	20548.232422
1138.932617	20532.962891
1137.827148	20491.417969
1136.721680	19760.199219
1135.616211	19812.960938
1134.510742	19642.464844
1133.404297	19450.156250
1132.298828	19303.871094
1131.192383	19048.285156
1130.084961	19000.544922
1128.978516	18723.265625
1127.871094	18822.060547
1126.763672	18630.162109
1125.656250	18648.091797
1124.548828	18532.763672
1123.440430	18175.060547
1122.332031	18282.595703
1121.223633	18152.130859
1120.115234	18543.361328
1119.005859	18423.806641
1117.896484	18581.373047
1116.787109	18913.371094
1115.677734	19186.345703
1114.567383	19690.318359
1113.457031	20246.392578
1112.346680	20970.044922
1111.236328	21876.419922
1110.125000	23246.425781
1109.014648	24733.466797
1107.903320	26076.160156
1106.791016	27598.986328
1105.679688	28849.089844
1104.567383	30466.437500
1103.455078	31641.431641
1102.342773	32348.250000
1101.230469	32935.152344
1100.117188	33265.234375
1099.003906	33284.308594
1097.890625	33238.171875
1096.776367	32375.017578
1095.663086	31983.660156
1094.548828	30866.998047
1093.434570	29509.759766
1092.319336	28233.423828
1091.205078	26777.458984
1090.089844	25719.255859
1088.974609	24466.218750
1087.858398	23326.513672
1086.743164	22076.675781
1085.626953	21048.539063
1084.510742	20632.191406
1083.394531	19871.388672
1082.277344	19165.083984
1081.160156	18582.568359
1080.042969	18411.855469
1078.925781	18169.748047
1077.807617	17880.109375
1076.690430	17742.121094
1075.572266	17446.197266
1074.453125	17394.910156
1073.334961	17440.994141
1072.215820	16978.775391
1071.096680	17109.261719
1069.977539	17006.195313
1068.858398	16974.503906
1067.738281	17467.964844
1066.618164	17347.601563
1065.498047	17467.064453
1064.376953	17433.138672
1063.256836	17723.111328
1062.135742	17810.035156
1061.014648	17864.546875
1059.892578	17903.927734
1058.771484	17716.761719
1057.649414	18336.380859
1056.527344	17978.835938
1055.404297	18100.083984
1054.282227	18307.505859
1053.159180	18075.189453
1052.036133	18164.017578
1050.912109	18130.015625
1049.789063	18322.173828
1048.665039	18130.958984
1047.541016	18163.722656
1046.416992	18407.406250
1045.291992	18386.294922
1044.166992	18201.677734
1043.041992	18066.611328
1041.916992	18006.873047
1040.791992	18291.179688
1039.666016	18164.775391
1038.540039	18345.761719
1037.413086	18520.224609
1036.287109	18273.544922
1035.160156	18295.449219
1034.033203	18405.386719
1032.906250	18317.757813
1031.779297	18017.660156
1030.651367	17975.214844
1029.523438	18027.191406
1028.395508	18207.853516
1027.266602	18180.404297
1026.137695	18030.744141
1025.009766	17825.408203
1023.879883	17813.058594
1022.750977	17867.138672
1021.621094	17702.671875
1020.491211	18050.197266
1019.361328	17680.175781
1018.231445	17785.619141
1017.100586	17931.689453
1015.969727	17737.414063
1014.838867	17795.703125
1013.708008	17687.105469
1012.576172	17813.818359
1011.444336	17638.974609
1010.312500	17720.746094
1009.180664	17595.154297
1008.047852	17869.224609
1006.915039	17923.117188
1005.782227	18154.279297
1004.649414	17966.765625
1003.515625	18524.494141
1002.381836	18264.398438
1001.248047	18249.849609
1000.114258	18068.869141
998.979492	17954.099609
997.844727	17638.886719
996.709961	17449.621094
995.575195	17185.814453
994.439453	17133.138672
993.303711	17246.707031
992.167969	17281.394531
991.032227	17294.763672
989.895508	17248.494141
988.758789	17117.074219
987.622070	17087.890625
986.485352	17339.660156
985.347656	17031.685547
984.210938	17270.591797
983.073242	17585.970703
981.934570	17339.804688
980.796875	17625.265625
979.658203	17453.591797
978.519531	17730.404297
977.380859	18245.068359
976.241211	18638.427734
975.101563	18897.816406
973.961914	19329.089844
972.822266	19978.837891
971.681641	20180.464844
970.541992	21010.125000
969.400391	21120.218750
968.259766	21877.205078
967.119141	21965.857422
965.977539	22086.273438
964.835938	22327.464844
963.694336	22316.353516
962.551758	22277.699219
961.409180	22281.429688
960.266602	21937.810547
959.124023	21736.210938
957.980469	21657.482422
956.837891	21307.863281
955.694336	21017.642578
954.549805	20340.371094
953.406250	20101.244141
952.261719	19917.203125
951.117188	19678.265625
949.972656	19538.781250
948.827148	19300.023438
947.681641	18974.734375
946.536133	18865.062500
945.390625	19160.957031
944.245117	18907.697266
943.098633	19152.787109
941.952148	19119.152344
940.804688	19218.478516
939.658203	19642.679688
938.510742	19885.289063
937.363281	20357.667969
936.215820	20928.945313
935.067383	21563.218750
933.919922	22414.300781
932.770508	23347.199219
931.622070	24412.419922
930.473633	25755.207031
929.324219	27101.632813
928.174805	28173.787109
927.025391	28502.451172
925.875000	29525.441406
924.724609	29683.248047
923.574219	29420.277344
922.423828	28984.960938
921.272461	28097.757813
920.122070	27221.443359
918.969727	25971.388672
917.818359	25032.861328
916.666992	23970.781250
915.514648	22993.169922
914.362305	21703.082031
913.208984	21001.406250
912.056641	20514.132813
910.903320	20006.080078
909.750000	19607.349609
908.596680	19189.906250
907.442383	18929.937500
906.288086	18552.656250
905.133789	18626.253906
903.979492	18416.871094
902.824219	18106.992188
901.668945	18013.033203
900.513672	17870.937500
899.358398	18114.222656
898.202148	18018.224609
897.045898	17526.646484
895.889648	17631.720703
894.733398	18109.183594
893.576172	17774.789063
892.419922	17511.646484
891.261719	17407.529297
890.104492	17522.964844
888.946289	17523.392578
887.789063	17553.076172
886.629883	17641.242188
885.471680	17219.712891
884.312500	17293.291016
883.153320	17464.968750
881.994141	17482.101563
880.834961	17255.050781
879.674805	17076.085938
878.514648	17351.960938
877.354492	17408.724609
876.194336	17236.095703
875.033203	17253.248047
873.872070	17191.189453
872.710938	17285.445313
871.548828	17473.412109
870.387695	17344.689453
869.225586	17601.283203
868.063477	17358.072266
866.900391	17770.671875
865.737305	17552.500000
864.574219	17515.443359
863.411133	17422.236328
862.248047	17476.732422
861.083984	17443.873047
859.919922	17423.498047
858.755859	17723.216797
857.590820	17513.689453
856.425781	17890.128906
855.260742	18033.765625
854.095703	17826.378906
852.930664	17722.890625
851.764648	17727.390625
850.598633	17684.152344
849.431641	17819.373047
848.265625	17286.556641
847.098633	17264.177734
845.931641	17223.146484
844.764648	17204.933594
843.596680	17418.871094
842.428711	17315.660156
841.260742	17197.990234
840.092773	17045.158203
838.923828	17157.466797
837.754883	17373.248047
836.585938	17406.773438
835.416992	17442.353516
834.247070	17415.843750
833.077148	17368.658203
831.907227	17598.632813
830.737305	17222.646484
829.566406	17380.197266
828.395508	17616.218750
827.224609	17633.095703
826.052734	17604.509766
824.881836	17813.476563
823.709961	17886.052734
822.538086	17958.597656
821.365234	17878.357422
820.192383	17794.021484
819.019531	17717.974609
817.846680	17895.697266
816.673828	18009.406250
815.500000	18168.427734
814.326172	17981.037109
813.151367	18191.521484
811.977539	18321.548828
810.802734	18430.917969
809.627930	18538.177734
808.453125	18948.113281
807.277344	19106.687500
806.101563	19193.142578
804.925781	19125.208984
803.750000	19217.794922
802.573242	19380.281250
801.396484	19306.177734
800.219727	19499.417969
799.042969	19770.693359
797.865234	20346.042969
796.687500	20590.302734
795.509766	20881.708984
794.331055	20712.882813
793.153320	20821.365234
791.974609	20720.376953
790.795898	20401.843750
789.616211	19857.697266
788.436523	19674.906250
787.256836	19664.507813
786.077148	19375.185547
784.897461	18866.583984
783.716797	19034.716797
782.536133	18911.732422
781.354492	18684.291016
780.173828	18360.658203
778.992188	18811.412109
777.810547	18567.753906
776.628906	18674.304688
775.446289	18647.757813
774.263672	18774.707031
773.081055	19124.623047
771.898438	18815.693359
770.714844	19161.357422
769.531250	19294.216797
768.347656	19625.314453
767.163086	19525.011719
765.979492	19933.564453
764.794922	20495.162109
763.609375	20378.394531
762.424805	20923.312500
761.239258	21365.914063
760.053711	21822.609375
758.868164	22024.009766
757.681641	22884.347656
756.495117	23760.632813
755.308594	24583.509766
754.122070	25577.306641
752.934570	26892.767578
751.748047	28639.738281
750.559570	30685.492188
749.372070	33537.105469
748.183594	36613.570313
746.995117	41101.937500
745.806641	46125.839844
744.618164	51322.617188
743.428711	56106.066406
742.239258	61304.535156
741.049805	64879.519531
739.859375	67265.265625
738.669922	67305.601563
737.479492	66583.601563
736.288086	64496.132813
735.097656	61795.917969
733.906250	60439.703125
732.714844	58555.988281
731.523438	57540.167969
730.331055	56898.339844
729.138672	56819.031250
727.946289	56622.050781
726.753906	56346.027344
725.560547	56384.527344
724.367188	55317.750000
723.173828	53405.933594
721.979492	51217.230469
720.786133	48060.718750
719.591797	44836.679688
718.396484	41466.152344
717.202148	38560.890625
716.006836	35966.699219
714.811523	33778.527344
713.616211	31878.718750
712.419922	30698.113281
711.223633	29176.099609
710.027344	28221.111328
708.831055	27486.962891
707.633789	26840.072266
706.436523	26852.439453
705.239258	26086.724609
704.041016	25741.613281
702.843750	25390.589844
701.645508	24785.238281
700.447266	24266.976563
699.248047	24243.537109
698.048828	24159.558594
696.849609	24263.277344
695.650391	24249.937500
694.450195	24498.816406
693.250000	25239.632813
692.049805	25375.279297
690.849609	26704.167969
689.648438	27270.705078
688.447266	28189.589844
687.246094	29196.705078
686.044922	30610.203125
684.842773	31261.970703
683.640625	32205.351563
682.438477	33007.437500
681.235352	33946.000000
680.033203	34582.382813
678.829102	34584.921875
677.625977	34402.453125
676.422852	33918.488281
675.218750	33438.757813
674.014648	33268.707031
672.809570	32970.140625
671.604492	33169.863281
670.400391	33208.835938
669.194336	33229.722656
667.989258	33806.644531
666.783203	34064.203125
665.577148	35391.128906
664.371094	36512.855469
663.164063	37642.109375
661.957031	38482.121094
660.750000	39580.382813
659.542969	39684.003906
658.334961	39763.535156
657.127930	39324.128906
655.918945	38596.472656
654.710938	37386.503906
653.501953	36483.394531
652.292969	35246.386719
651.083984	34310.105469
649.875000	33124.128906
648.665039	32208.718750
647.455078	30581.712891
646.244141	29429.308594
645.034180	28545.283203
643.823242	27535.724609
642.612305	26710.443359
641.400391	25867.541016
640.189453	25204.765625
638.977539	24644.123047
637.765625	24367.222656
636.552734	24407.818359
635.339844	24428.435547
634.126953	24638.585938
632.914063	24776.832031
631.700195	25098.494141
630.487305	25894.558594
629.272461	26710.207031
628.058594	27439.798828
626.843750	28123.240234
625.628906	27802.341797
624.414063	27748.470703
623.199219	27334.201172
621.983398	26340.777344
620.767578	25863.298828
619.551758	25189.021484
618.334961	24479.222656
617.118164	23731.941406
615.901367	22941.234375
614.684570	22292.035156
613.466797	22006.886719
612.249023	21612.554688
611.031250	21291.910156
609.813477	21108.470703
608.594727	20506.054688
607.375977	20737.859375
606.157227	20503.044922
604.937500	20506.500000
603.717773	19980.140625
602.498047	20025.367188
601.278320	19987.269531
600.057617	20113.777344
598.836914	19960.683594
597.616211	20075.246094
596.395508	20070.853516
595.173828	20127.882813
593.952148	19980.857422
592.729492	20128.976563
591.507813	20280.990234
590.285156	20258.734375
589.062500	20149.406250
587.839844	20129.166016
586.616211	20104.976563
585.392578	20233.087891
584.168945	20339.390625
582.944336	20582.056641
581.720703	20796.941406
580.495117	20997.900391
579.270508	21536.605469
578.045898	22075.072266
576.820313	22244.017578
575.594727	22497.785156
574.368164	22986.335938
573.142578	23156.937500
571.916016	23270.246094
570.688477	23636.000000
569.461914	23686.039063
568.234375	23603.947266
567.006836	23663.826172
565.779297	23199.419922
564.550781	22995.314453
563.322266	22834.638672
562.093750	22679.941406
560.865234	22405.189453
559.635742	22201.433594
558.406250	21871.792969
557.176758	21682.013672
555.946289	21645.777344
554.715820	21288.931641
553.485352	21073.835938
552.254883	20974.835938
551.023438	20732.380859
549.791992	20448.757813
548.560547	20304.765625
547.328125	20382.812500
546.096680	20266.388672
544.864258	20010.603516
543.630859	20147.552734
542.398438	20264.814453
541.165039	20291.759766
539.931641	19926.324219
538.697266	20312.265625
537.463867	20245.050781
536.229492	20091.601563
534.994141	19832.373047
533.759766	19863.287109
532.524414	19851.083984
531.289063	19950.537109
530.053711	19946.152344
528.817383	20010.294922
527.581055	20238.839844
526.344727	20324.416016
525.107422	20429.519531
523.871094	21037.326172
522.632813	21683.980469
521.395508	22379.234375
520.158203	22702.742188
518.919922	22318.570313
517.681641	21752.837891
516.442383	21204.935547
515.203125	21147.531250
513.963867	21365.496094
512.724609	20823.892578
511.485352	20989.126953
510.245117	20707.392578
509.004883	20915.500000
507.763672	21115.712891
506.523438	21062.306641
505.282227	21285.792969
504.040039	21244.066406
502.798828	21143.888672
501.556641	21082.724609
