1802.318359	19093.794922
1801.348633	18988.912109
1800.379883	18780.386719
1799.410156	19076.183594
1798.440430	18992.509766
1797.470703	19093.513672
1796.500977	19194.478516
1795.530273	19120.804688
1794.559570	19501.019531
1793.588867	19170.507813
1792.618164	19363.603516
1791.647461	19397.115234
1790.675781	19311.011719
1789.705078	19202.517578
1788.733398	19500.060547
1787.761719	19267.058594
1786.789063	19698.912109
1785.817383	19836.861328
1784.844727	19621.349609
1783.872070	19866.251953
1782.899414	19824.960938
1781.926758	19776.224609
1780.953125	19894.121094
1779.980469	19915.003906
1779.006836	20169.539063
1778.033203	19989.048828
1777.058594	20191.285156
1776.084961	20289.099609
1775.110352	20232.880859
1774.135742	20102.183594
1773.161133	20185.056641
1772.186523	20411.869141
1771.210938	20507.054688
1770.236328	20738.671875
1769.260742	20883.367188
1768.285156	21000.720703
1767.308594	21118.025391
1766.333008	21289.828125
1765.356445	21446.685547
1764.379883	21799.267578
1763.403320	22064.984375
1762.426758	22199.292969
1761.449219	22011.560547
1760.472656	22116.109375
1759.495117	22398.875000
1758.517578	22656.771484
1757.539063	22931.888672
1756.561523	22499.230469
1755.583008	22977.121094
1754.604492	22955.203125
1753.625977	22876.414063
1752.647461	22866.882813
1751.667969	22820.277344
1750.688477	22894.785156
1749.709961	22771.591797
1748.729492	22665.740234
1747.750000	22629.085938
1746.770508	22533.179688
1745.790039	22407.683594
1744.809570	22524.140625
1743.829102	22100.078125
1742.847656	22194.339844
1741.867188	22236.757813
1740.885742	22010.318359
1739.904297	22176.050781
1738.922852	22361.437500
1737.941406	22213.982422
1736.958984	22152.841797
1735.977539	21906.929688
1734.995117	21969.044922
1734.011719	22129.650391
1733.029297	22031.634766
1732.046875	22093.683594
1731.063477	22409.238281
1730.080078	21816.564453
1729.096680	22127.123047
1728.112305	22230.917969
1727.128906	22221.535156
1726.144531	22246.578125
1725.160156	22483.042969
1724.175781	22444.113281
1723.191406	22483.837891
1722.206055	22437.550781
1721.220703	22663.955078
1720.235352	22850.970703
1719.250000	22799.722656
1718.264648	22792.683594
1717.278320	22446.917969
1716.291992	22933.218750
1715.305664	22403.542969
1714.319336	23036.837891
1713.333008	23181.812500
1712.345703	23250.714844
1711.358398	23682.421875
1710.371094	23746.289063
1709.383789	23756.216797
1708.396484	23871.492188
1707.408203	23986.722656
1706.419922	24199.869141
1705.431641	24363.955078
1704.443359	24425.152344
1703.455078	24640.525391
1702.465820	24750.583984
1701.476563	24919.314453
1700.487305	25195.609375
1699.498047	25591.628906
1698.507813	25459.326172
1697.518555	25644.886719
1696.528320	26502.527344
1695.538086	26619.376953
1694.547852	26709.302734
1693.556641	26718.578125
1692.565430	26923.230469
1691.575195	26949.548828
1690.583008	27083.271484
1689.591797	27407.318359
1688.600586	27997.222656
1687.608398	27854.953125
1686.616211	27842.023438
1685.624023	27870.554688
1684.631836	28150.218750
1683.638672	28327.380859
1682.645508	28129.123047
1681.652344	28467.044922
1680.659180	28544.142578
1679.666016	28401.980469
1678.671875	28474.183594
1677.678711	28371.048828
1676.684570	28499.216797
1675.690430	28646.804688
1674.695313	28782.162109
1673.701172	28552.529297
1672.706055	28021.369141
1671.710938	28667.470703
1670.715820	28238.619141
1669.719727	28473.583984
1668.724609	28526.167969
1667.728516	28092.740234
1666.732422	28242.556641
1665.736328	28460.320313
1664.739258	28311.294922
1663.743164	28079.777344
1662.746094	28146.933594
1661.749023	28114.552734
1660.751953	28169.539063
1659.753906	28044.976563
1658.755859	28318.250000
1657.758789	28433.783203
1656.759766	28508.050781
1655.761719	28366.544922
1654.763672	28472.298828
1653.764648	28580.433594
1652.765625	28480.177734
1651.766602	28488.955078
1650.767578	28691.458984
1649.767578	28782.505859
1648.767578	28658.078125
1647.768555	28974.166016
1646.767578	28849.746094
1645.767578	29192.277344
1644.766602	28891.294922
1643.766602	29035.380859
1642.765625	29266.447266
1641.764648	29316.125000
1640.762695	28848.599609
1639.761719	29282.523438
1638.759766	29423.960938
1637.757813	29536.357422
1636.755859	29846.720703
1635.752930	29736.867188
1634.750977	29701.884766
1633.748047	29744.142578
1632.745117	29612.656250
1631.741211	29454.685547
1630.738281	29393.251953
1629.734375	29710.425781
1628.730469	29931.035156
1627.726563	29816.507813
1626.722656	29940.607422
1625.718750	29924.908203
1624.713867	30128.423828
1623.708984	29953.732422
1622.704102	29906.732422
1621.698242	30216.052734
1620.693359	29923.503906
1619.687500	29948.726563
1618.681641	30269.875000
1617.675781	30477.833984
1616.669922	30404.318359
1615.663086	30653.039063
1614.656250	30630.000000
1613.649414	30729.548828
1612.642578	30672.855469
1611.635742	30861.250000
1610.627930	31176.875000
1609.620117	31598.042969
1608.612305	31322.710938
1607.604492	31438.792969
1606.595703	32030.056641
1605.587891	31723.603516
1604.579102	31861.121094
1603.570313	32286.423828
1602.560547	32464.537109
1601.551758	33004.632813
1600.541992	32801.363281
1599.532227	33295.632813
1598.522461	33221.781250
1597.512695	33670.238281
1596.501953	34317.320313
1595.491211	34231.328125
1594.480469	34368.039063
1593.469727	34760.832031
1592.458984	35048.160156
1591.447266	35545.937500
1590.435547	35890.398438
1589.423828	36258.640625
1588.412109	36258.453125
1587.400391	36430.410156
1586.387695	36638.148438
1585.375000	37211.464844
1584.362305	36855.046875
1583.349609	36780.667969
1582.335938	36486.578125
1581.323242	36617.671875
1580.309570	37128.320313
1579.294922	36719.757813
1578.281250	37237.335938
1577.267578	36967.300781
1576.252930	37477.460938
1575.238281	37612.949219
1574.223633	37083.074219
1573.208008	37225.734375
1572.193359	37344.500000
1571.177734	37220.132813
1570.162109	37083.898438
1569.145508	37047.773438
1568.129883	37592.792969
1567.113281	37108.906250
1566.096680	37141.828125
1565.080078	36920.050781
1564.063477	36957.757813
1563.045898	36590.964844
1562.029297	36602.550781
1561.011719	36219.332031
1559.994141	36150.136719
1558.975586	35893.160156
1557.958008	36140.179688
1556.939453	35465.062500
1555.920898	35788.089844
1554.902344	35486.253906
1553.882813	35690.398438
1552.864258	35581.031250
1551.844727	35540.550781
1550.825195	35428.882813
1549.804688	35419.292969
1548.785156	35459.531250
1547.764648	35696.625000
1546.744141	35997.656250
1545.723633	35755.585938
1544.703125	36179.746094
1543.681641	36475.750000
1542.660156	36364.054688
1541.638672	36697.796875
1540.617188	37393.804688
1539.595703	37461.964844
1538.573242	37409.343750
1537.550781	37846.753906
1536.528320	37292.324219
1535.505859	37724.843750
1534.482422	37688.761719
1533.459961	37650.328125
1532.436523	37588.261719
1531.413086	37611.332031
1530.388672	37608.386719
1529.365234	37071.328125
1528.340820	36865.285156
1527.316406	36886.113281
1526.291992	36519.582031
1525.267578	36004.425781
1524.242188	35992.359375
1523.216797	36391.011719
1522.191406	36216.027344
1521.166016	35793.367188
1520.139648	35868.625000
1519.114258	35906.117188
1518.087891	35974.242188
1517.061523	35639.199219
1516.034180	35919.484375
1515.007813	36039.406250
1513.980469	36305.355469
1512.953125	36439.277344
1511.925781	36351.761719
1510.897461	36605.703125
1509.870117	36659.437500
1508.841797	36894.378906
1507.813477	37103.335938
1506.785156	37274.566406
1505.755859	37208.140625
1504.726563	37127.632813
1503.697266	37171.773438
1502.667969	37244.105469
1501.638672	37417.468750
1500.608398	37586.058594
1499.579102	37373.980469
1498.548828	37354.593750
1497.517578	36663.566406
1496.487305	37022.347656
1495.456055	37326.988281
1494.424805	36857.000000
1493.393555	36671.125000
1492.362305	36661.277344
1491.331055	36623.289063
1490.298828	36716.632813
1489.266602	36364.468750
1488.234375	36589.093750
1487.201172	36724.566406
1486.168945	36801.402344
1485.135742	37267.089844
1484.102539	37320.359375
1483.069336	37696.757813
1482.035156	38051.933594
1481.001953	37994.984375
1479.967773	38766.515625
1478.933594	39121.246094
1477.898438	39581.093750
1476.864258	40073.500000
1475.829102	40729.382813
1474.793945	41038.992188
1473.758789	41991.253906
1472.722656	42646.335938
1471.687500	42943.671875
1470.651367	43752.457031
1469.615234	44495.515625
1468.579102	45691.253906
1467.541992	46358.902344
1466.504883	46657.496094
1465.468750	48080.738281
1464.430664	49043.781250
1463.393555	50085.730469
1462.355469	50994.320313
1461.318359	51888.546875
1460.280273	52621.550781
1459.241211	53785.429688
1458.203125	54769.402344
1457.164063	55636.476563
1456.125000	55839.359375
1455.085938	56165.578125
1454.046875	56421.808594
1453.006836	57110.910156
1451.967773	57203.921875
1450.927734	58204.375000
1449.886719	58715.867188
1448.846680	59038.750000
1447.805664	59163.832031
1446.764648	58963.367188
1445.723633	58786.222656
1444.682617	57728.351563
1443.641602	57247.144531
1442.599609	56296.878906
1441.557617	54343.644531
1440.515625	52955.480469
1439.472656	51444.835938
1438.430664	49797.859375
1437.387695	48984.679688
1436.344727	47092.941406
1435.301758	46832.738281
1434.257813	45992.828125
1433.213867	45162.535156
1432.169922	44870.421875
1431.125977	44012.882813
1430.082031	43487.070313
1429.037109	43899.800781
1427.993164	43559.535156
1426.948242	43286.566406
1425.902344	42951.191406
1424.857422	42923.839844
1423.811523	43083.972656
1422.765625	43019.578125
1421.719727	43427.164063
1420.673828	43214.683594
1419.626953	43608.183594
1418.580078	43966.835938
1417.533203	43967.035156
1416.486328	44246.882813
1415.439453	44369.488281
1414.391602	44101.617188
1413.343750	44268.078125
1412.295898	44161.980469
1411.248047	44046.687500
1410.199219	44037.621094
1409.150391	43920.085938
1408.101563	43361.898438
1407.052734	43592.882813
1406.003906	43124.937500
1404.954102	43376.625000
1403.904297	42676.058594
1402.854492	42261.593750
1401.804688	42096.183594
1400.753906	41594.453125
1399.703125	41475.312500
1398.652344	41287.128906
1397.601563	41046.062500
1396.550781	40858.039063
1395.499023	40612.550781
1394.447266	39826.382813
1393.395508	40032.140625
1392.343750	39621.347656
1391.291016	39707.472656
1390.239258	39733.773438
1389.186523	39389.957031
1388.132813	39749.566406
1387.080078	39858.562500
1386.026367	39765.339844
1384.972656	39623.917969
1383.918945	40026.808594
1382.865234	40117.277344
1381.810547	40299.527344
1380.756836	40975.125000
1379.702148	41053.863281
1378.646484	41205.976563
1377.591797	41871.789063
1376.536133	41693.457031
1375.480469	41771.972656
1374.424805	42315.765625
1373.369141	42549.949219
1372.312500	42726.753906
1371.256836	42530.093750
1370.200195	42782.402344
1369.142578	42775.859375
1368.085938	42863.179688
1367.028320	43211.386719
1365.970703	43342.054688
1364.913086	43696.878906
1363.855469	43868.562500
1362.796875	43726.855469
1361.739258	44524.953125
1360.680664	44275.722656
1359.621094	44488.273438
1358.562500	44858.402344
1357.502930	45445.414063
1356.443359	45883.710938
1355.383789	46618.699219
1354.324219	46857.929688
1353.263672	48151.675781
1352.203125	48872.039063
1351.142578	49030.785156
1350.082031	49992.484375
1349.021484	50707.449219
1347.959961	51369.667969
1346.898438	52179.800781
1345.836914	52766.214844
1344.774414	53434.425781
1343.712891	54403.113281
1342.650391	55052.480469
1341.587891	56084.195313
1340.525391	57026.679688
1339.461914	57675.085938
1338.398438	59311.058594
1337.335938	59881.347656
1336.271484	61700.468750
1335.208008	62829.597656
1334.143555	63007.625000
1333.079102	63042.324219
1332.014648	63186.128906
1330.950195	63182.136719
1329.885742	63023.621094
1328.820313	62449.410156
1327.754883	62197.976563
1326.689453	61537.875000
1325.623047	60421.679688
1324.556641	60166.273438
1323.491211	59615.925781
1322.423828	58053.808594
1321.357422	57554.031250
1320.291016	56437.531250
1319.223633	55951.894531
1318.156250	55187.593750
1317.087891	54743.210938
1316.020508	54448.582031
1314.952148	53845.929688
1313.883789	53642.210938
1312.815430	53121.503906
1311.747070	52671.199219
1310.677734	52021.859375
1309.608398	52228.355469
1308.539063	52335.195313
1307.469727	51392.199219
1306.399414	51304.625000
1305.330078	51273.628906
1304.259766	50480.656250
1303.189453	50194.386719
1302.118164	49960.218750
1301.046875	49219.976563
1299.976563	48342.230469
1298.904297	47720.078125
1297.833008	47608.550781
1296.761719	46810.699219
1295.689453	45740.039063
1294.617188	45917.859375
1293.543945	44895.207031
1292.471680	45064.101563
1291.398438	44705.144531
1290.325195	43771.320313
1289.251953	43530.011719
1288.178711	43566.046875
1287.104492	43176.144531
1286.030273	42860.750000
1284.956055	43228.031250
1283.881836	43412.734375
1282.806641	43890.078125
1281.732422	43795.406250
1280.657227	44306.230469
1279.581055	44492.792969
1278.505859	44596.035156
1277.429688	44681.234375
1276.353516	44874.343750
1275.277344	45040.386719
1274.201172	44585.925781
1273.124023	44751.953125
1272.046875	44115.726563
1270.969727	43875.156250
1269.892578	43392.101563
1268.814453	43374.089844
1267.737305	42491.703125
1266.659180	42085.550781
1265.581055	41811.976563
1264.501953	41542.996094
1263.422852	40468.792969
1262.344727	40132.917969
1261.264648	39559.488281
1260.185547	39073.730469
1259.105469	38496.277344
1258.026367	38152.117188
1256.946289	38262.917969
1255.865234	38069.027344
1254.785156	37599.753906
1253.704102	37430.707031
1252.623047	37169.945313
1251.541992	36998.816406
1250.459961	36829.996094
1249.378906	36683.613281
1248.296875	36264.406250
1247.214844	36205.414063
1246.131836	36258.234375
1245.049805	36141.144531
1243.966797	35778.265625
1242.883789	35855.710938
1241.800781	35919.722656
1240.716797	35673.250000
1239.632813	35770.761719
1238.548828	35765.535156
1237.464844	35483.531250
1236.380859	35710.449219
1235.295898	35493.269531
1234.210938	35137.878906
1233.125977	35480.691406
1232.041016	35736.402344
1230.955078	35494.867188
1229.869141	35703.660156
1228.783203	35809.851563
1227.697266	35722.175781
1226.610352	35761.496094
1225.524414	35484.566406
1224.437500	36131.750000
1223.349609	36064.101563
1222.262695	35845.144531
1221.174805	36449.562500
1220.086914	36259.531250
1218.999023	36316.457031
1217.911133	36257.726563
1216.822266	36259.046875
1215.733398	35978.070313
1214.644531	36083.890625
1213.555664	35814.171875
1212.465820	36295.394531
1211.376953	36012.414063
1210.287109	35576.335938
1209.196289	35713.203125
1208.106445	36071.960938
1207.015625	35769.285156
1205.924805	35708.558594
1204.833984	35632.332031
1203.743164	36055.109375
1202.651367	35553.128906
1201.559570	35871.558594
1200.467773	35744.375000
1199.375977	35646.050781
1198.283203	35463.578125
1197.190430	35345.414063
1196.097656	35592.679688
1195.004883	35208.859375
1193.911133	35491.460938
1192.818359	35315.839844
1191.724609	35330.574219
1190.629883	35723.574219
1189.536133	36001.402344
1188.441406	35657.761719
1187.346680	35621.558594
1186.251953	35536.742188
1185.157227	35500.570313
1184.061523	35022.546875
1182.965820	34765.609375
1181.870117	34566.195313
1180.774414	34600.906250
1179.677734	34692.996094
1178.581055	34776.214844
1177.484375	34512.964844
1176.387695	34346.894531
1175.291016	34077.226563
1174.193359	34453.785156
1173.095703	34219.480469
1171.998047	34331.335938
1170.899414	34648.097656
1169.800781	34484.398438
1168.702148	34660.007813
1167.603516	34278.328125
1166.504883	34471.519531
1165.405273	34462.089844
1164.305664	34360.218750
1163.206055	34033.929688
1162.106445	34528.414063
1161.005859	34041.648438
1159.906250	34280.816406
1158.804688	33957.007813
1157.704102	34007.035156
1156.603516	34329.570313
1155.501953	34212.500000
1154.400391	34137.214844
1153.298828	33908.210938
1152.196289	33822.039063
1151.093750	34302.339844
1149.992188	33965.882813
1148.888672	33870.968750
1147.786133	34524.281250
1146.682617	34477.546875
1145.579102	34461.531250
1144.475586	34329.308594
1143.372070	34666.285156
1142.267578	34135.160156
1141.163086	34307.679688
1140.058594	34495.457031
1138.954102	34586.781250
1137.848633	34345.183594
1136.744141	34399.273438
1135.638672	34280.402344
1134.532227	34032.453125
1133.426758	34305.378906
1132.320313	34711.632813
1131.213867	34192.531250
1130.107422	34465.246094
1129.000000	34086.328125
1127.893555	34396.105469
1126.786133	34338.609375
1125.677734	34722.484375
1124.570313	34780.710938
1123.461914	34648.906250
1122.354492	34796.648438
1121.245117	34804.609375
1120.136719	34989.355469
1119.027344	34628.484375
1117.918945	34922.269531
1116.808594	35632.542969
1115.699219	35293.566406
1114.589844	35689.492188
1113.479492	35923.941406
1112.369141	36594.167969
1111.257813	37320.765625
1110.147461	37644.035156
1109.036133	38539.980469
1107.924805	39751.296875
1106.813477	40248.011719
1105.701172	41371.382813
1104.589844	42170.031250
1103.477539	43059.718750
1102.364258	43507.453125
1101.251953	44283.390625
1100.138672	44619.777344
1099.025391	44386.464844
1097.912109	44209.753906
1096.798828	43774.531250
1095.684570	42863.710938
1094.570313	42079.250000
1093.456055	41314.660156
1092.341797	40435.324219
1091.226563	39321.917969
1090.111328	38651.707031
1088.996094	37573.859375
1087.880859	37166.781250
1086.764648	36840.117188
1085.648438	36164.480469
1084.532227	36011.597656
1083.416016	35468.632813
1082.299805	35623.675781
1081.182617	35520.828125
1080.065430	35281.558594
1078.947266	35237.292969
1077.830078	35199.542969
1076.711914	35131.500000
1075.593750	35502.832031
1074.475586	35726.863281
1073.357422	35872.917969
1072.238281	35333.265625
1071.119141	35403.652344
1070.000000	35742.093750
1068.879883	35494.613281
1067.760742	35951.746094
1066.640625	36024.093750
1065.519531	36346.988281
1064.399414	36121.175781
1063.278320	36802.347656
1062.157227	36915.460938
1061.036133	36668.082031
1059.915039	37327.117188
1058.792969	37209.199219
1057.670898	37667.238281
1056.548828	37872.769531
1055.426758	38091.148438
1054.303711	38731.929688
1053.181641	38997.445313
1052.057617	39155.105469
1050.934570	38862.464844
1049.811523	39552.070313
1048.687500	39130.261719
1047.563477	39246.851563
1046.438477	39367.691406
1045.314453	39413.160156
1044.189453	39443.546875
1043.064453	39146.957031
1041.939453	39295.664063
1040.813477	39345.402344
1039.687500	39554.187500
1038.561523	39298.652344
1037.435547	39694.300781
1036.309570	39108.000000
1035.182617	39346.722656
1034.055664	39306.175781
1032.928711	39510.398438
1031.800781	39175.761719
1030.673828	38847.703125
1029.545898	39232.117188
1028.416992	39142.289063
1027.289063	38838.027344
1026.160156	38518.882813
1025.031250	38611.476563
1023.902344	37711.675781
1022.773438	37967.253906
1021.643555	37888.503906
1020.513672	37799.078125
1019.383789	37803.914063
1018.252930	37613.906250
1017.123047	37154.265625
1015.992188	37133.546875
1014.861328	36853.929688
1013.729492	36405.429688
1012.598633	36566.671875
1011.466797	36310.867188
1010.334961	36527.640625
1009.202148	36470.730469
1008.070313	36443.757813
1006.937500	36577.035156
1005.804688	37045.609375
1004.670898	37375.171875
1003.538086	37478.265625
1002.404297	37523.675781
1001.270508	37455.953125
1000.135742	36912.417969
999.001953	36727.511719
997.867188	36591.742188
996.732422	36586.101563
995.596680	36205.234375
994.461914	36457.589844
993.326172	36458.367188
992.190430	36214.125000
991.054688	36389.625000
989.917969	35783.441406
988.781250	35956.824219
987.644531	35804.425781
986.507813	35471.175781
985.370117	35342.343750
984.232422	35777.343750
983.094727	35286.906250
981.957031	35464.414063
980.819336	35788.542969
979.680664	35887.214844
978.541992	35675.562500
977.402344	36063.179688
976.263672	36480.363281
975.124023	36326.058594
973.984375	36515.804688
972.844727	36429.488281
971.704102	35838.054688
970.563477	36467.035156
969.422852	36291.671875
968.282227	36602.117188
967.141602	36496.773438
966.000000	36467.800781
964.858398	36453.679688
963.715820	36804.082031
962.574219	36622.500000
961.431641	36432.515625
960.289063	36435.347656
959.146484	36586.402344
958.002930	36007.000000
956.860352	36206.757813
955.716797	36429.707031
954.572266	35962.835938
953.428711	35974.210938
952.284180	35915.789063
951.139648	36058.253906
949.995117	36088.621094
948.849609	35491.273438
947.704102	35661.203125
946.558594	35765.566406
945.413086	35692.464844
944.267578	36297.234375
943.121094	36388.718750
941.974609	36794.667969
940.827148	37506.433594
939.680664	38051.214844
938.533203	38950.144531
937.385742	39682.078125
936.238281	41048.355469
935.089844	42504.695313
933.942383	44185.921875
932.792969	45870.648438
931.644531	47529.367188
930.496094	49143.144531
929.346680	50579.343750
928.197266	51838.074219
927.047852	52664.761719
925.897461	53206.988281
924.747070	52181.496094
923.596680	51408.863281
922.446289	50245.382813
921.294922	48611.398438
920.144531	46784.703125
918.992188	44624.605469
917.840820	42543.179688
916.689453	40874.406250
915.537109	39609.625000
914.384766	38234.082031
913.231445	37612.851563
912.079102	36958.300781
910.925781	36241.066406
909.772461	35918.593750
908.619141	35577.375000
907.464844	35357.945313
906.310547	35285.382813
905.156250	35416.199219
904.001953	35075.371094
902.846680	35090.921875
901.691406	35102.269531
900.536133	34776.382813
899.380859	34741.718750
898.224609	34801.285156
897.069336	35124.570313
895.913086	35313.777344
894.755859	34672.238281
893.599609	35225.445313
892.442383	34745.238281
891.285156	34940.628906
890.126953	35332.445313
888.969727	35243.367188
887.811523	35219.101563
886.653320	35013.085938
885.494141	34982.609375
884.335938	34599.222656
883.176758	34238.960938
882.016602	34778.531250
880.857422	34739.777344
879.697266	34690.601563
878.538086	34151.218750
877.376953	34656.964844
876.216797	34430.593750
875.055664	34558.722656
873.894531	34609.675781
872.733398	34706.449219
871.572266	34180.242188
870.410156	34427.035156
869.248047	34180.164063
868.085938	34072.898438
866.922852	34307.058594
865.760742	34016.660156
864.597656	33924.054688
863.433594	34041.593750
862.270508	34157.000000
861.106445	34582.183594
859.942383	34574.765625
858.778320	34559.031250
857.613281	34655.515625
856.449219	34531.734375
855.284180	34395.539063
854.118164	34712.121094
852.953125	34642.382813
851.787109	34396.226563
850.621094	34405.445313
849.455078	34443.703125
848.288086	34320.136719
847.121094	34551.277344
845.954102	34533.488281
844.787109	34627.656250
843.619141	34417.093750
842.452148	34623.140625
841.283203	34694.429688
840.115234	34649.691406
838.947266	34863.832031
837.778320	34903.960938
836.609375	34807.445313
835.439453	34951.042969
834.269531	35156.652344
833.100586	34743.628906
831.929688	35160.148438
830.759766	35295.265625
829.588867	35188.445313
828.417969	35234.617188
827.247070	35150.578125
826.076172	35204.996094
824.904297	35573.359375
823.732422	35404.625000
822.560547	35279.320313
821.387695	35224.250000
820.215820	35243.500000
819.042969	35254.484375
817.869141	35387.175781
816.696289	34962.941406
815.522461	35392.562500
814.348633	35114.875000
813.174805	35241.289063
812.000000	35066.785156
810.825195	35244.656250
809.650391	35443.046875
808.475586	35600.160156
807.300781	35683.085938
806.125000	35510.718750
804.949219	35667.710938
803.772461	35139.457031
802.596680	35588.570313
801.419922	35510.972656
800.243164	35959.808594
799.065430	36217.257813
797.887695	36310.164063
796.710938	36109.175781
795.532227	36389.019531
794.354492	36091.550781
793.175781	36013.945313
791.997070	36351.109375
790.818359	36123.632813
789.639648	36567.339844
788.459961	36231.160156
787.280273	35827.425781
786.100586	35838.156250
784.919922	35637.675781
783.739258	35318.375000
782.558594	35306.656250
781.377930	35290.839844
780.196289	34768.992188
779.014648	35459.953125
777.833008	35218.843750
776.651367	35258.328125
775.468750	35754.269531
774.287109	35646.269531
773.103516	35521.945313
771.920898	35315.847656
770.737305	35559.777344
769.553711	35648.199219
768.370117	36390.761719
767.186523	36507.574219
766.001953	36434.296875
764.817383	36491.800781
763.632813	36994.550781
762.447266	37060.070313
761.262695	37519.601563
760.077148	37676.828125
758.890625	38446.218750
757.705078	38554.207031
756.518555	39508.703125
755.332031	40505.609375
754.145508	41479.656250
752.958008	43172.894531
751.770508	45317.859375
750.583008	47417.066406
749.395508	48828.812500
748.207031	49822.394531
747.018555	51298.164063
745.830078	54041.671875
744.640625	57174.804688
743.452148	60658.644531
742.262695	64779.832031
741.073242	68941.953125
739.882813	71646.117188
738.692383	73944.484375
737.501953	73954.906250
736.311523	72707.250000
735.120117	70501.046875
733.929688	67607.109375
732.738281	65606.062500
731.545898	62527.613281
730.354492	61247.218750
729.162109	60986.316406
727.969727	61056.304688
726.776367	62004.765625
725.583984	62618.121094
724.390625	62699.863281
723.196289	62126.667969
722.002930	59998.906250
720.808594	57446.460938
719.614258	54449.339844
718.419922	52130.140625
717.224609	50502.589844
716.030273	48855.492188
714.834961	47822.531250
713.638672	46943.839844
712.443359	46061.480469
711.247070	45652.921875
710.050781	45232.402344
708.853516	44860.593750
707.657227	44434.359375
706.459961	43907.230469
705.262695	43594.554688
704.064453	42987.011719
702.867188	42545.378906
701.668945	42647.226563
700.469727	42520.851563
699.271484	42654.953125
698.072266	42427.707031
696.873047	42763.554688
695.673828	42556.554688
694.473633	43414.636719
693.273438	44185.628906
692.073242	44432.082031
690.873047	45486.726563
689.671875	47347.027344
688.470703	47810.226563
687.269531	48726.460938
686.068359	49845.707031
684.866211	50648.339844
683.664063	51561.339844
682.461914	52272.671875
681.258789	52281.429688
680.055664	51865.691406
678.852539	51572.828125
677.649414	51052.851563
676.445313	50034.503906
675.242188	49022.625000
674.037109	48179.988281
672.833008	47237.257813
671.627930	46983.925781
670.422852	46790.949219
669.217773	46517.738281
668.012695	45919.445313
666.806641	45945.578125
665.600586	46276.687500
664.394531	46970.753906
663.187500	47451.914063
661.980469	47678.199219
660.773438	48191.066406
659.566406	48234.687500
658.358398	48598.914063
657.150391	48896.867188
655.942383	48774.042969
654.734375	48533.121094
653.525391	48042.027344
652.316406	47569.160156
651.107422	47426.707031
649.897461	46527.988281
648.688477	46135.769531
647.478516	45821.714844
646.267578	45127.878906
645.057617	44302.402344
643.846680	43751.101563
642.635742	42962.246094
641.423828	42651.210938
640.212891	42264.406250
639.000977	41941.667969
637.788086	41978.441406
636.576172	41891.437500
635.363281	42209.582031
634.150391	42250.250000
632.937500	42604.078125
631.723633	42660.593750
630.510742	43171.691406
629.295898	43132.367188
628.082031	43613.234375
626.867188	43231.101563
625.652344	43795.402344
624.437500	43090.730469
623.222656	42989.722656
622.006836	42337.292969
620.791016	42025.503906
619.575195	41417.343750
618.358398	40823.371094
617.141602	40659.304688
615.924805	39791.316406
614.708008	39836.304688
613.490234	39332.636719
612.272461	39310.128906
611.054688	39363.132813
609.836914	39078.406250
608.618164	38980.492188
607.399414	38455.707031
606.180664	38465.167969
604.960938	38563.933594
603.741211	38190.386719
602.521484	37896.351563
601.301758	38074.511719
600.081055	37738.984375
598.860352	37800.117188
597.639648	37526.238281
596.418945	37422.906250
595.197266	37747.574219
593.975586	37291.640625
592.753906	37818.195313
591.531250	37833.679688
590.308594	38003.558594
589.085938	37635.039063
587.863281	37794.988281
586.639648	37525.582031
585.416016	37289.917969
584.192383	37493.332031
582.967773	37959.593750
581.744141	37358.320313
580.519531	37508.226563
579.293945	37628.425781
578.069336	37890.789063
576.843750	38058.246094
575.618164	38051.878906
574.391602	38416.613281
573.166016	38575.941406
571.939453	39125.863281
570.711914	39213.945313
569.485352	38966.714844
568.257813	39425.480469
567.030273	39140.851563
565.802734	39447.613281
564.574219	38922.699219
563.345703	39296.347656
562.117188	39096.679688
560.888672	38727.742188
559.659180	38894.464844
558.429688	38372.203125
557.200195	38501.535156
555.969727	38554.078125
554.739258	38142.378906
553.508789	37760.359375
552.278320	37873.972656
551.046875	37710.367188
549.815430	37949.714844
548.583984	37794.019531
547.352539	37563.738281
546.120117	37176.441406
544.887695	37637.566406
543.655273	37648.933594
542.421875	37727.023438
541.188477	37695.187500
539.955078	37600.585938
538.721680	37904.187500
537.487305	37968.414063
536.252930	37895.375000
535.018555	37381.335938
533.783203	38305.929688
532.547852	37815.535156
531.312500	38161.769531
530.077148	38617.515625
528.840820	38325.121094
527.604492	38731.691406
526.368164	38353.281250
525.131836	38984.679688
523.894531	39899.449219
522.657227	41105.230469
521.419922	41874.425781
520.181641	41141.882813
518.943359	39704.078125
517.705078	38958.652344
516.465820	38231.132813
515.227539	38867.285156
513.988281	38226.023438
512.748047	37914.992188
511.508789	38033.519531
510.268555	38358.855469
509.028320	38752.332031
507.788086	38591.644531
506.546875	38577.296875
505.305664	38463.511719
504.064453	38384.863281
502.822266	38664.847656
501.580078	38668.023438
