1802.318359	19088.800781
1801.348633	19073.818359
1800.379883	19070.007813
1799.410156	18938.890625
1798.440430	19272.031250
1797.470703	19123.457031
1796.500977	19309.236328
1795.530273	19415.125000
1794.559570	19363.863281
1793.588867	19290.183594
1792.618164	19460.820313
1791.647461	19427.023438
1790.675781	19378.289063
1789.705078	19394.343750
1788.733398	19542.402344
1787.761719	19423.943359
1786.789063	19497.242188
1785.817383	19784.585938
1784.844727	19800.539063
1783.872070	19998.128906
1782.899414	19941.886719
1781.926758	19878.203125
1780.953125	19635.496094
1779.980469	20076.611328
1779.006836	20206.826172
1778.033203	19931.886719
1777.058594	20186.316406
1776.084961	20395.923828
1775.110352	20329.748047
1774.135742	20246.212891
1773.161133	20547.542969
1772.186523	20091.654297
1771.210938	20454.937500
1770.236328	20530.242188
1769.260742	20873.445313
1768.285156	20889.107422
1767.308594	21058.509766
1766.333008	21490.652344
1765.356445	21498.742188
1764.379883	21722.439453
1763.403320	21544.640625
1762.426758	21911.923828
1761.449219	21986.792969
1760.472656	22061.628906
1759.495117	21963.126953
1758.517578	22421.615234
1757.539063	22224.083984
1756.561523	22679.857422
1755.583008	22519.458984
1754.604492	22509.998047
1753.625977	22799.755859
1752.647461	22901.496094
1751.667969	22642.302734
1750.688477	22795.929688
1749.709961	22368.839844
1748.729492	22416.232422
1747.750000	22666.134766
1746.770508	22493.669922
1745.790039	22136.105469
1744.809570	22158.816406
1743.829102	22082.802734
1742.847656	22450.951172
1741.867188	22036.937500
1740.885742	22059.646484
1739.904297	22015.765625
1738.922852	22060.656250
1737.941406	22100.595703
1736.958984	21977.867188
1735.977539	22074.476563
1734.995117	22151.339844
1734.011719	22225.707031
1733.029297	21893.736328
1732.046875	22243.863281
1731.063477	21983.404297
1730.080078	22239.851563
1729.096680	21989.335938
1728.112305	22240.759766
1727.128906	21896.880859
1726.144531	22303.134766
1725.160156	22163.435547
1724.175781	22431.822266
1723.191406	22542.818359
1722.206055	22292.585938
1721.220703	22283.193359
1720.235352	22524.318359
1719.250000	22622.923828
1718.264648	22795.138672
1717.278320	23085.103516
1716.291992	22790.882813
1715.305664	22810.835938
1714.319336	22968.152344
1713.333008	23294.632813
1712.345703	23434.621094
1711.358398	23599.068359
1710.371094	23537.945313
1709.383789	23501.353516
1708.396484	23778.388672
1707.408203	24224.335938
1706.419922	24087.208984
1705.431641	24657.791016
1704.443359	23871.871094
1703.455078	24268.482422
1702.465820	24733.453125
1701.476563	25012.289063
1700.487305	25039.052734
1699.498047	25305.484375
1698.507813	25584.031250
1697.518555	25375.970703
1696.528320	25703.273438
1695.538086	26079.316406
1694.547852	26394.126953
1693.556641	26349.726563
1692.565430	26310.228516
1691.575195	26729.792969
1690.583008	26848.912109
1689.591797	27048.527344
1688.600586	27221.216797
1687.608398	27362.119141
1686.616211	27349.287109
1685.624023	27582.777344
1684.631836	27460.179688
1683.638672	27571.660156
1682.645508	27887.828125
1681.652344	27738.433594
1680.659180	27784.003906
1679.666016	27956.218750
1678.671875	27792.285156
1677.678711	28220.085938
1676.684570	27973.392578
1675.690430	28057.804688
1674.695313	28074.044922
1673.701172	28107.308594
1672.706055	27890.019531
1671.710938	28258.908203
1670.715820	27873.904297
1669.719727	27924.191406
1668.724609	28251.527344
1667.728516	28061.150391
1666.732422	28235.267578
1665.736328	28069.255859
1664.739258	28607.570313
1663.743164	28463.400391
1662.746094	28127.513672
1661.749023	28315.996094
1660.751953	28487.414063
1659.753906	28166.277344
1658.755859	28614.166016
1657.758789	28358.607422
1656.759766	28231.650391
1655.761719	28356.849609
1654.763672	28307.496094
1653.764648	28107.929688
1652.765625	28128.898438
1651.766602	27832.560547
1650.767578	28134.484375
1649.767578	28419.335938
1648.767578	28495.894531
1647.768555	28313.462891
1646.767578	28748.119141
1645.767578	28314.113281
1644.766602	28586.539063
1643.766602	28179.337891
1642.765625	28850.599609
1641.764648	28823.011719
1640.762695	28677.011719
1639.761719	28830.683594
1638.759766	28977.046875
1637.757813	28930.125000
1636.755859	29233.365234
1635.752930	28964.292969
1634.750977	29214.296875
1633.748047	28839.148438
1632.745117	29361.722656
1631.741211	29037.351563
1630.738281	29335.367188
1629.734375	29153.400391
1628.730469	29229.468750
1627.726563	29071.697266
1626.722656	29571.892578
1625.718750	29476.755859
1624.713867	29687.591797
1623.708984	29599.693359
1622.704102	29798.375000
1621.698242	29876.601563
1620.693359	30096.804688
1619.687500	30059.423828
1618.681641	30433.484375
1617.675781	29936.593750
1616.669922	30678.490234
1615.663086	30852.615234
1614.656250	31118.021484
1613.649414	30635.810547
1612.642578	31002.078125
1611.635742	30892.482422
1610.627930	31006.326172
1609.620117	31991.908203
1608.612305	31181.044922
1607.604492	31736.472656
1606.595703	31768.439453
1605.587891	31829.189453
1604.579102	32084.244141
1603.570313	32315.208984
1602.560547	32193.541016
1601.551758	32469.941406
1600.541992	33168.140625
1599.532227	32900.167969
1598.522461	33355.972656
1597.512695	33603.156250
1596.501953	33411.898438
1595.491211	34025.375000
1594.480469	34157.339844
1593.469727	34509.480469
1592.458984	34634.109375
1591.447266	34481.113281
1590.435547	34639.187500
1589.423828	34873.738281
1588.412109	35603.207031
1587.400391	35703.570313
1586.387695	35481.179688
1585.375000	35129.820313
1584.362305	35748.726563
1583.349609	35488.234375
1582.335938	35347.269531
1581.323242	35894.105469
1580.309570	35521.519531
1579.294922	35578.753906
1578.281250	35442.652344
1577.267578	36101.160156
1576.252930	35993.628906
1575.238281	35714.410156
1574.223633	35633.230469
1573.208008	35637.906250
1572.193359	35911.929688
1571.177734	36014.253906
1570.162109	36652.636719
1569.145508	36511.781250
1568.129883	36644.875000
1567.113281	36920.789063
1566.096680	37358.476563
1565.080078	37288.992188
1564.063477	38021.511719
1563.045898	37437.992188
1562.029297	37806.222656
1561.011719	37475.082031
1559.994141	36780.261719
1558.975586	36516.023438
1557.958008	36484.824219
1556.939453	36360.957031
1555.920898	35897.382813
1554.902344	35624.027344
1553.882813	35414.906250
1552.864258	35400.574219
1551.844727	35400.488281
1550.825195	35398.027344
1549.804688	35269.792969
1548.785156	35305.316406
1547.764648	34816.605469
1546.744141	35328.878906
1545.723633	35158.078125
1544.703125	35162.769531
1543.681641	35117.683594
1542.660156	35475.449219
1541.638672	35371.085938
1540.617188	35442.042969
1539.595703	35569.804688
1538.573242	35313.949219
1537.550781	35231.000000
1536.528320	35488.890625
1535.505859	35618.894531
1534.482422	35540.660156
1533.459961	35322.906250
1532.436523	35341.714844
1531.413086	35171.371094
1530.388672	34932.542969
1529.365234	34908.875000
1528.340820	35445.210938
1527.316406	35369.468750
1526.291992	34963.093750
1525.267578	34958.324219
1524.242188	34986.601563
1523.216797	35215.507813
1522.191406	34892.085938
1521.166016	35045.410156
1520.139648	34693.843750
1519.114258	34599.496094
1518.087891	35304.558594
1517.061523	34679.671875
1516.034180	35092.152344
1515.007813	34974.226563
1513.980469	35466.578125
1512.953125	35612.453125
1511.925781	35404.992188
1510.897461	35755.667969
1509.870117	35786.031250
1508.841797	35842.269531
1507.813477	35818.476563
1506.785156	36131.128906
1505.755859	36384.847656
1504.726563	36311.562500
1503.697266	36518.113281
1502.667969	36733.976563
1501.638672	36425.625000
1500.608398	36690.761719
1499.579102	36485.914063
1498.548828	36039.207031
1497.517578	36240.847656
1496.487305	35956.382813
1495.456055	35789.402344
1494.424805	35763.304688
1493.393555	35826.386719
1492.362305	35666.566406
1491.331055	35305.093750
1490.298828	35546.445313
1489.266602	35473.527344
1488.234375	35313.902344
1487.201172	35803.523438
1486.168945	35765.734375
1485.135742	35697.503906
1484.102539	35987.656250
1483.069336	35914.722656
1482.035156	36214.070313
1481.001953	36576.496094
1479.967773	37137.691406
1478.933594	37464.675781
1477.898438	37915.507813
1476.864258	38377.847656
1475.829102	39055.125000
1474.793945	39596.523438
1473.758789	40072.253906
1472.722656	40776.804688
1471.687500	41340.875000
1470.651367	42110.277344
1469.615234	42631.804688
1468.579102	43799.906250
1467.541992	44549.648438
1466.504883	45252.402344
1465.468750	45541.824219
1464.430664	47011.664063
1463.393555	47645.824219
1462.355469	48547.917969
1461.318359	48911.027344
1460.280273	49838.128906
1459.241211	50580.722656
1458.203125	50882.601563
1457.164063	51435.960938
1456.125000	52303.542969
1455.085938	52677.062500
1454.046875	52640.644531
1453.006836	53097.734375
1451.967773	53498.781250
1450.927734	53915.949219
1449.886719	54612.109375
1448.846680	54405.523438
1447.805664	54608.296875
1446.764648	54627.312500
1445.723633	53944.320313
1444.682617	53456.824219
1443.641602	52386.320313
1442.599609	51009.609375
1441.557617	49598.621094
1440.515625	48634.050781
1439.472656	47516.648438
1438.430664	46190.800781
1437.387695	45538.488281
1436.344727	45109.175781
1435.301758	43752.156250
1434.257813	43416.152344
1433.213867	42658.269531
1432.169922	42387.539063
1431.125977	42033.472656
1430.082031	41992.390625
1429.037109	41499.539063
1427.993164	41398.351563
1426.948242	41192.988281
1425.902344	41330.394531
1424.857422	40953.816406
1423.811523	41172.214844
1422.765625	41253.996094
1421.719727	41604.105469
1420.673828	41886.992188
1419.626953	42077.257813
1418.580078	41892.882813
1417.533203	42348.902344
1416.486328	42189.964844
1415.439453	42691.941406
1414.391602	42999.652344
1413.343750	42320.984375
1412.295898	42497.015625
1411.248047	42767.628906
1410.199219	42456.437500
1409.150391	42016.136719
1408.101563	42300.519531
1407.052734	41931.941406
1406.003906	41914.078125
1404.954102	41617.210938
1403.904297	40930.839844
1402.854492	40945.457031
1401.804688	40655.875000
1400.753906	40730.445313
1399.703125	39934.242188
1398.652344	40462.632813
1397.601563	39851.015625
1396.550781	39370.867188
1395.499023	39289.101563
1394.447266	39391.460938
1393.395508	38996.824219
1392.343750	39016.390625
1391.291016	38796.769531
1390.239258	38818.664063
1389.186523	38755.488281
1388.132813	38763.585938
1387.080078	38829.125000
1386.026367	38793.546875
1384.972656	39088.738281
1383.918945	39257.503906
1382.865234	39373.386719
1381.810547	39904.703125
1380.756836	40114.496094
1379.702148	39950.191406
1378.646484	40171.355469
1377.591797	40789.214844
1376.536133	41216.488281
1375.480469	41164.421875
1374.424805	41133.003906
1373.369141	41349.101563
1372.312500	41390.972656
1371.256836	41975.730469
1370.200195	41983.097656
1369.142578	41935.500000
1368.085938	41981.785156
1367.028320	42366.796875
1365.970703	42319.144531
1364.913086	42525.468750
1363.855469	42496.097656
1362.796875	42480.457031
1361.739258	42505.976563
1360.680664	43036.695313
1359.621094	43434.632813
1358.562500	43361.675781
1357.502930	44088.355469
1356.443359	44625.152344
1355.383789	44940.207031
1354.324219	46161.558594
1353.263672	46425.941406
1352.203125	46909.308594
1351.142578	47716.484375
1350.082031	48130.937500
1349.021484	48517.851563
1347.959961	49793.937500
1346.898438	49756.281250
1345.836914	50420.695313
1344.774414	50594.859375
1343.712891	51247.429688
1342.650391	52116.132813
1341.587891	52426.480469
1340.525391	54007.296875
1339.461914	54799.757813
1338.398438	55475.800781
1337.335938	56306.308594
1336.271484	57348.058594
1335.208008	58120.957031
1334.143555	58829.855469
1333.079102	58669.882813
1332.014648	59010.093750
1330.950195	58752.406250
1329.885742	58090.347656
1328.820313	58414.554688
1327.754883	57373.507813
1326.689453	57061.859375
1325.623047	56141.847656
1324.556641	55533.207031
1323.491211	54604.812500
1322.423828	54144.222656
1321.357422	53486.457031
1320.291016	52606.683594
1319.223633	52344.070313
1318.156250	51916.058594
1317.087891	51374.886719
1316.020508	51339.308594
1314.952148	50630.804688
1313.883789	50470.796875
1312.815430	50181.757813
1311.747070	49736.593750
1310.677734	49302.929688
1309.608398	49224.800781
1308.539063	49158.015625
1307.469727	48781.296875
1306.399414	48544.976563
1305.330078	48152.703125
1304.259766	48158.539063
1303.189453	47190.050781
1302.118164	47279.699219
1301.046875	46607.804688
1299.976563	45904.558594
1298.904297	45689.484375
1297.833008	44950.582031
1296.761719	44304.554688
1295.689453	43990.617188
1294.617188	43200.613281
1293.543945	42769.695313
1292.471680	42399.867188
1291.398438	41739.238281
1290.325195	41859.101563
1289.251953	41424.304688
1288.178711	41325.535156
1287.104492	41395.824219
1286.030273	41601.265625
1284.956055	41696.242188
1283.881836	41944.324219
1282.806641	42140.507813
1281.732422	42509.957031
1280.657227	43054.804688
1279.581055	42667.804688
1278.505859	43178.644531
1277.429688	43358.613281
1276.353516	43641.949219
1275.277344	43394.542969
1274.201172	43300.093750
1273.124023	43041.617188
1272.046875	42506.859375
1270.969727	42396.921875
1269.892578	42322.964844
1268.814453	41986.300781
1267.737305	41535.269531
1266.659180	41048.507813
1265.581055	40485.644531
1264.501953	40353.812500
1263.422852	39966.296875
1262.344727	39148.320313
1261.264648	38873.332031
1260.185547	38293.558594
1259.105469	38191.445313
1258.026367	37573.953125
1256.946289	37256.941406
1255.865234	37094.621094
1254.785156	36773.359375
1253.704102	37016.476563
1252.623047	36384.191406
1251.541992	36522.089844
1250.459961	36713.636719
1249.378906	35909.535156
1248.296875	36056.386719
1247.214844	35950.476563
1246.131836	36244.820313
1245.049805	35935.492188
1243.966797	35753.679688
1242.883789	35681.429688
1241.800781	35539.953125
1240.716797	35668.785156
1239.632813	35576.492188
1238.548828	35218.558594
1237.464844	35302.730469
1236.380859	35427.031250
1235.295898	35334.859375
1234.210938	35184.722656
1233.125977	35027.957031
1232.041016	35462.140625
1230.955078	35657.609375
1229.869141	35269.035156
1228.783203	35506.796875
1227.697266	35684.300781
1226.610352	35630.074219
1225.524414	35718.398438
1224.437500	36002.613281
1223.349609	35609.992188
1222.262695	35934.167969
1221.174805	36153.625000
1220.086914	36123.828125
1218.999023	35816.019531
1217.911133	36155.437500
1216.822266	35909.996094
1215.733398	35626.867188
1214.644531	35974.996094
1213.555664	35945.261719
1212.465820	35751.152344
1211.376953	35650.402344
1210.287109	35447.550781
1209.196289	35602.203125
1208.106445	35670.222656
1207.015625	35387.601563
1205.924805	35559.910156
1204.833984	35057.828125
1203.743164	35553.914063
1202.651367	35397.925781
1201.559570	35168.847656
1200.467773	35341.011719
1199.375977	35025.617188
1198.283203	35000.566406
1197.190430	35103.992188
1196.097656	35382.308594
1195.004883	35346.125000
1193.911133	35367.503906
1192.818359	34811.265625
1191.724609	35056.214844
1190.629883	35256.816406
1189.536133	35289.246094
1188.441406	35173.511719
1187.346680	35263.417969
1186.251953	34884.710938
1185.157227	34822.160156
1184.061523	35035.804688
1182.965820	34728.058594
1181.870117	35102.839844
1180.774414	34607.531250
1179.677734	34604.695313
1178.581055	34515.785156
1177.484375	34387.191406
1176.387695	34335.863281
1175.291016	34348.519531
1174.193359	34180.343750
1173.095703	34545.777344
1171.998047	34525.312500
1170.899414	34178.691406
1169.800781	34372.027344
1168.702148	34177.578125
1167.603516	34309.164063
1166.504883	34231.507813
1165.405273	34479.703125
1164.305664	34395.433594
1163.206055	34049.332031
1162.106445	34308.402344
1161.005859	34184.625000
1159.906250	34021.312500
1158.804688	34080.136719
1157.704102	34147.726563
1156.603516	33905.394531
1155.501953	34186.128906
1154.400391	33941.695313
1153.298828	33899.425781
1152.196289	34039.437500
1151.093750	33604.171875
1149.992188	33946.128906
1148.888672	33585.675781
1147.786133	34263.183594
1146.682617	33887.457031
1145.579102	34119.394531
1144.475586	34434.558594
1143.372070	34232.214844
1142.267578	34135.160156
1141.163086	33733.546875
1140.058594	34030.992188
1138.954102	33806.988281
1137.848633	34356.136719
1136.744141	34079.605469
1135.638672	34046.175781
1134.532227	34238.179688
1133.426758	33913.703125
1132.320313	33985.332031
1131.213867	34028.492188
1130.107422	33730.500000
1129.000000	34084.144531
1127.893555	34289.000000
1126.786133	33709.222656
1125.677734	33743.644531
1124.570313	33976.835938
1123.461914	34035.207031
1122.354492	34150.324219
1121.245117	34060.183594
1120.136719	34273.460938
1119.027344	34368.808594
1117.918945	34723.734375
1116.808594	34513.570313
1115.699219	35289.203125
1114.589844	35240.347656
1113.479492	35038.921875
1112.369141	35818.304688
1111.257813	36270.519531
1110.147461	37040.597656
1109.036133	37568.585938
1107.924805	38189.988281
1106.813477	39115.917969
1105.701172	39664.898438
1104.589844	40263.699219
1103.477539	40949.269531
1102.364258	41486.632813
1101.251953	42347.812500
1100.138672	42325.843750
1099.025391	42266.921875
1097.912109	42603.589844
1096.798828	41271.269531
1095.684570	41114.835938
1094.570313	40504.507813
1093.456055	39753.281250
1092.341797	38846.046875
1091.226563	38212.699219
1090.111328	36995.824219
1088.996094	36786.234375
1087.880859	36123.343750
1086.764648	35395.664063
1085.648438	35841.390625
1084.532227	35046.867188
1083.416016	34883.414063
1082.299805	34828.378906
1081.182617	34697.531250
1080.065430	34705.371094
1078.947266	34574.605469
1077.830078	34521.835938
1076.711914	34456.101563
1075.593750	34427.183594
1074.475586	34530.269531
1073.357422	34445.097656
1072.238281	34744.957031
1071.119141	34514.886719
1070.000000	34721.632813
1068.879883	34729.429688
1067.760742	34648.613281
1066.640625	34706.113281
1065.519531	34977.441406
1064.399414	34760.558594
1063.278320	35472.246094
1062.157227	35615.863281
1061.036133	35429.195313
1059.915039	35840.335938
1058.792969	36158.531250
1057.670898	36457.175781
1056.548828	36507.695313
1055.426758	37101.515625
1054.303711	37076.425781
1053.181641	37322.890625
1052.057617	37620.964844
1050.934570	37367.421875
1049.811523	37277.675781
1048.687500	37726.292969
1047.563477	37707.546875
1046.438477	37949.250000
1045.314453	37586.144531
1044.189453	38057.976563
1043.064453	37733.718750
1041.939453	37801.000000
1040.813477	37429.625000
1039.687500	37866.687500
1038.561523	37850.074219
1037.435547	37676.601563
1036.309570	37889.902344
1035.182617	37654.203125
1034.055664	37766.484375
1032.928711	37928.093750
1031.800781	38222.714844
1030.673828	37570.804688
1029.545898	37526.371094
1028.416992	37245.988281
1027.289063	37341.039063
1026.160156	37127.281250
1025.031250	36913.609375
1023.902344	36933.648438
1022.773438	36741.535156
1021.643555	36699.468750
1020.513672	36411.089844
1019.383789	36324.136719
1018.252930	36008.121094
1017.123047	36295.886719
1015.992188	35877.285156
1014.861328	36149.972656
1013.729492	35868.484375
1012.598633	35952.843750
1011.466797	35757.042969
1010.334961	35185.058594
1009.202148	35840.191406
1008.070313	35443.660156
1006.937500	35854.894531
1005.804688	35734.074219
1004.670898	36358.625000
1003.538086	36470.476563
1002.404297	36356.000000
1001.270508	35912.894531
1000.135742	35647.082031
999.001953	35409.109375
997.867188	35420.789063
996.732422	35074.207031
995.596680	35019.855469
994.461914	34605.296875
993.326172	34540.406250
992.190430	34277.390625
991.054688	34583.242188
989.917969	34754.789063
988.781250	34594.097656
987.644531	34542.039063
986.507813	34530.441406
985.370117	34893.359375
984.232422	34441.300781
983.094727	34416.964844
981.957031	34532.988281
980.819336	34395.953125
979.680664	34590.574219
978.541992	34763.859375
977.402344	34892.445313
976.263672	34865.906250
975.124023	34663.097656
973.984375	34676.957031
972.844727	34758.742188
971.704102	34965.714844
970.563477	35149.257813
969.422852	35122.683594
968.282227	35081.269531
967.141602	35495.816406
966.000000	35297.441406
964.858398	35476.464844
963.715820	35369.304688
962.574219	35092.675781
961.431641	35801.230469
960.289063	35418.722656
959.146484	35500.117188
958.002930	35117.835938
956.860352	35281.800781
955.716797	35011.878906
954.572266	35213.875000
953.428711	34901.773438
952.284180	34659.593750
951.139648	34726.210938
949.995117	34906.945313
948.849609	34457.792969
947.704102	34761.062500
946.558594	34584.644531
945.413086	34972.234375
944.267578	35047.132813
943.121094	34925.656250
941.974609	35384.683594
940.827148	36461.832031
939.680664	36973.082031
938.533203	37642.312500
937.385742	38378.742188
936.238281	39123.292969
935.089844	40967.921875
933.942383	42544.101563
932.792969	43757.171875
931.644531	45439.515625
930.496094	46699.890625
929.346680	48102.917969
928.197266	49033.742188
927.047852	49818.929688
925.897461	50004.003906
924.747070	49898.648438
923.596680	48802.554688
922.446289	47408.289063
921.294922	45718.136719
920.144531	44043.417969
918.992188	42609.015625
917.840820	40519.613281
916.689453	39084.468750
915.537109	37519.710938
914.384766	36825.003906
913.231445	35796.769531
912.079102	35388.195313
910.925781	35170.769531
909.772461	34605.136719
908.619141	34455.093750
907.464844	34168.789063
906.310547	34176.164063
905.156250	34095.480469
904.001953	33727.687500
902.846680	33976.125000
901.691406	34019.136719
900.536133	33714.429688
899.380859	33648.582031
898.224609	33846.562500
897.069336	33575.574219
895.913086	34070.660156
894.755859	33701.390625
893.599609	33432.691406
892.442383	33806.179688
891.285156	33982.949219
890.126953	33333.875000
888.969727	33289.117188
887.811523	33883.808594
886.653320	33579.886719
885.494141	33171.652344
884.335938	33110.250000
883.176758	33176.234375
882.016602	33244.277344
880.857422	33022.195313
879.697266	33278.023438
878.538086	33393.972656
877.376953	32884.179688
876.216797	33106.500000
875.055664	33410.031250
873.894531	33311.160156
872.733398	33128.976563
871.572266	32923.953125
870.410156	32806.500000
869.248047	32664.101563
868.085938	32865.300781
866.922852	32943.601563
865.760742	32813.746094
864.597656	32769.253906
863.433594	32853.757813
862.270508	32651.207031
861.106445	32802.234375
859.942383	32576.908203
858.778320	32925.339844
857.613281	32822.683594
856.449219	33164.675781
855.284180	33427.585938
854.118164	33117.210938
852.953125	33155.781250
851.787109	33460.035156
850.621094	32942.308594
849.455078	33234.023438
848.288086	33575.398438
847.121094	33292.343750
845.954102	33548.535156
844.787109	33555.843750
843.619141	33822.230469
842.452148	33810.820313
841.283203	33855.347656
840.115234	33821.148438
838.947266	33673.054688
837.778320	34231.058594
836.609375	34014.628906
835.439453	34056.984375
834.269531	34120.015625
833.100586	34247.144531
831.929688	33995.726563
830.759766	34296.519531
829.588867	33747.496094
828.417969	34228.031250
827.247070	34138.011719
826.076172	34169.921875
824.904297	34352.601563
823.732422	34287.390625
822.560547	33970.308594
821.387695	34239.609375
820.215820	34013.476563
819.042969	33944.253906
817.869141	33895.691406
816.696289	33888.394531
815.522461	33874.914063
814.348633	33661.464844
813.174805	34157.132813
812.000000	34003.468750
810.825195	34156.843750
809.650391	34065.035156
808.475586	34387.199219
807.300781	34509.500000
806.125000	34467.074219
804.949219	34342.339844
803.772461	34734.113281
802.596680	34510.628906
801.419922	34494.964844
800.243164	34520.429688
799.065430	34449.257813
797.887695	34951.566406
796.710938	35165.964844
795.532227	35076.203125
794.354492	35019.343750
793.175781	35440.992188
791.997070	34981.656250
790.818359	34859.160156
789.639648	35054.816406
788.459961	34883.109375
787.280273	34399.664063
786.100586	34714.238281
784.919922	34337.660156
783.739258	34279.000000
782.558594	34527.800781
781.377930	34508.054688
780.196289	34392.023438
779.014648	34466.531250
777.833008	34225.636719
776.651367	34341.093750
775.468750	34155.593750
774.287109	33961.984375
773.103516	34586.886719
771.920898	34483.273438
770.737305	34717.156250
769.553711	34961.164063
768.370117	34984.277344
767.186523	35136.140625
766.001953	35251.152344
764.817383	35212.890625
763.632813	35366.640625
762.447266	36065.566406
761.262695	35969.980469
760.077148	35982.617188
758.890625	37076.859375
757.705078	36679.136719
756.518555	37236.257813
755.332031	37603.464844
754.145508	38241.703125
752.958008	39034.589844
751.770508	39975.917969
750.583008	40916.832031
749.395508	42611.125000
748.207031	44459.472656
747.018555	46268.332031
745.830078	48597.601563
744.640625	51902.894531
743.452148	55025.632813
742.262695	58773.675781
741.073242	62021.722656
739.882813	64383.687500
738.692383	66220.039063
737.501953	66376.460938
736.311523	65963.734375
735.120117	63742.734375
733.929688	61504.410156
732.738281	59332.046875
731.545898	57319.007813
730.354492	56029.593750
729.162109	55824.625000
727.969727	56145.339844
726.776367	57084.718750
725.583984	57944.582031
724.390625	57569.007813
723.196289	56788.082031
722.002930	55855.457031
720.808594	53184.335938
719.614258	51077.664063
718.419922	49111.683594
717.224609	47561.753906
716.030273	46496.449219
714.834961	45941.777344
713.638672	44591.890625
712.443359	43671.589844
711.247070	43219.042969
710.050781	42770.730469
708.853516	42079.937500
707.657227	41860.535156
706.459961	41265.238281
705.262695	41662.500000
704.064453	40895.753906
702.867188	40478.816406
701.668945	40534.656250
700.469727	40340.085938
699.271484	40670.484375
698.072266	40332.660156
696.873047	40477.265625
695.673828	40999.066406
694.473633	41663.851563
693.273438	42070.218750
692.073242	42853.429688
690.873047	43471.007813
689.671875	44197.140625
688.470703	45098.246094
687.269531	46196.367188
686.068359	46774.406250
684.866211	47754.894531
683.664063	48618.195313
682.461914	48201.070313
681.258789	48987.429688
680.055664	48695.128906
678.852539	48175.667969
677.649414	48283.835938
676.445313	47597.816406
675.242188	46954.304688
674.037109	46196.519531
672.833008	45523.449219
671.627930	45051.539063
670.422852	44489.460938
669.217773	44544.027344
668.012695	44191.066406
666.806641	43936.597656
665.600586	44496.890625
664.394531	44655.718750
663.187500	45233.652344
661.980469	45374.195313
660.773438	46148.187500
659.566406	46013.867188
658.358398	46067.972656
657.150391	45693.304688
655.942383	45981.804688
654.734375	46053.894531
653.525391	45767.562500
652.316406	45195.105469
651.107422	45265.308594
649.897461	44655.187500
648.688477	43933.300781
647.478516	43355.730469
646.267578	42840.394531
645.057617	42275.300781
643.846680	42276.078125
642.635742	41727.332031
641.423828	41162.843750
640.212891	40548.664063
639.000977	40194.347656
637.788086	40501.027344
636.576172	40188.792969
635.363281	40407.527344
634.150391	40670.058594
632.937500	40964.386719
631.723633	40967.414063
630.510742	41241.605469
629.295898	41762.863281
628.082031	41843.433594
626.867188	41856.218750
625.652344	41910.828125
624.437500	41533.210938
623.222656	40906.847656
622.006836	41112.925781
620.791016	40472.984375
619.575195	40131.820313
618.358398	39725.144531
617.141602	39384.289063
615.924805	39049.542969
614.708008	38864.058594
613.490234	38720.394531
612.272461	38423.765625
611.054688	38131.234375
609.836914	38178.523438
608.618164	37939.792969
607.399414	37840.160156
606.180664	37677.042969
604.960938	37234.144531
603.741211	37652.632813
602.521484	37077.003906
601.301758	37441.785156
600.081055	36755.402344
598.860352	36953.550781
597.639648	36654.089844
596.418945	36834.335938
595.197266	36606.351563
593.975586	36435.910156
592.753906	36687.375000
591.531250	36548.664063
590.308594	36629.746094
589.085938	36708.808594
587.863281	36295.140625
586.639648	36643.281250
585.416016	36783.593750
584.192383	36846.726563
582.967773	36852.496094
581.744141	36808.847656
580.519531	37012.226563
579.293945	37288.613281
578.069336	37144.152344
576.843750	37288.074219
575.618164	37315.441406
574.391602	37463.207031
573.166016	37922.714844
571.939453	37969.648438
570.711914	38148.726563
569.485352	38485.500000
568.257813	37952.570313
567.030273	38163.066406
565.802734	38192.148438
564.574219	38148.304688
563.345703	38295.570313
562.117188	38017.335938
560.888672	37703.773438
559.659180	37695.503906
558.429688	37275.855469
557.200195	37448.722656
555.969727	37379.511719
554.739258	37599.484375
553.508789	36999.292969
552.278320	36877.132813
551.046875	37238.593750
549.815430	36921.867188
548.583984	37135.792969
547.352539	37005.843750
546.120117	36854.343750
544.887695	37095.625000
543.655273	36814.601563
542.421875	36886.988281
541.188477	36931.863281
539.955078	37023.804688
538.721680	36688.117188
537.487305	37103.625000
536.252930	37450.332031
535.018555	37406.820313
533.783203	37398.597656
532.547852	37484.421875
531.312500	37824.851563
530.077148	37742.117188
528.840820	37937.445313
527.604492	37860.589844
526.368164	38458.964844
525.131836	39033.593750
523.894531	40005.085938
522.657227	41109.140625
521.419922	41706.265625
520.181641	41179.027344
518.943359	40106.710938
517.705078	38774.968750
516.465820	38344.445313
515.227539	38050.832031
513.988281	37860.847656
512.748047	37809.562500
511.508789	38111.597656
510.268555	37601.667969
509.028320	37790.449219
507.788086	38164.453125
506.546875	37923.972656
505.305664	37880.523438
504.064453	38039.824219
502.822266	38107.453125
501.580078	37986.046875
