1802.182617	13070.136719
1801.212891	13204.983398
1800.244141	13234.801758
1799.274414	13359.462891
1798.304688	13384.246094
1797.334961	13608.631836
1796.364258	13221.734375
1795.394531	13363.753906
1794.423828	12952.122070
1793.453125	12665.311523
1792.482422	13036.681641
1791.511719	13163.668945
1790.540039	13474.989258
1789.568359	13584.398438
1788.596680	13511.943359
1787.625000	13290.105469
1786.653320	13419.401367
1785.680664	13790.095703
1784.708984	13690.279297
1783.736328	14030.912109
1782.763672	14520.668945
1781.790039	14395.891602
1780.817383	14706.335938
1779.843750	14636.266602
1778.870117	15095.678711
1777.896484	15363.545898
1776.922852	15633.790039
1775.948242	15111.460938
1774.973633	14892.353516
1773.999023	14750.312500
1773.024414	14737.428711
1772.049805	14843.696289
1771.074219	15036.781250
1770.099609	15450.617188
1769.124023	15933.748047
1768.148438	16329.875000
1767.171875	16765.519531
1766.196289	17017.523438
1765.219727	17217.371094
1764.243164	17498.921875
1763.266602	17990.966797
1762.290039	17781.751953
1761.312500	18298.308594
1760.334961	18056.919922
1759.357422	18412.289063
1758.379883	18547.214844
1757.402344	19290.878906
1756.423828	19658.156250
1755.446289	20064.863281
1754.467773	20805.300781
1753.489258	20749.201172
1752.509766	20401.392578
1751.531250	20253.937500
1750.551758	20029.929688
1749.572266	19862.839844
1748.592773	19826.742188
1747.613281	19714.093750
1746.632813	20068.191406
1745.652344	19565.462891
1744.671875	18988.884766
1743.691406	18530.994141
1742.710938	18357.029297
1741.729492	18637.033203
1740.749023	18186.882813
1739.767578	18535.851563
1738.785156	18327.505859
1737.803711	17729.794922
1736.822266	17723.771484
1735.839844	17722.677734
1734.857422	17406.269531
1733.875000	17348.591797
1732.891602	17497.775391
1731.909180	17890.628906
1730.925781	18029.796875
1729.942383	17701.335938
1728.958984	17496.025391
1727.974609	16975.927734
1726.991211	16933.167969
1726.006836	16966.648438
1725.022461	16985.367188
1724.038086	17419.468750
1723.052734	17654.339844
1722.068359	17894.031250
1721.083008	17271.406250
1720.097656	17385.822266
1719.112305	17070.482422
1718.125977	16917.296875
1717.140625	17016.984375
1716.154297	17234.421875
1715.167969	17191.701172
1714.181641	17036.158203
1713.194336	17329.486328
1712.208008	17588.367188
1711.220703	17881.464844
1710.233398	18385.232422
1709.246094	18629.039063
1708.257813	18564.041016
1707.270508	18359.441406
1706.282227	18421.873047
1705.293945	18435.306641
1704.304688	18304.296875
1703.316406	18777.892578
1702.327148	19150.964844
1701.337891	19824.820313
1700.348633	19727.876953
1699.359375	20308.408203
1698.370117	20695.539063
1697.379883	21001.841797
1696.389648	20968.283203
1695.399414	20722.138672
1694.409180	21150.404297
1693.417969	20801.728516
1692.426758	21217.591797
1691.436523	21455.044922
1690.444336	21824.224609
1689.453125	22132.236328
1688.461914	22035.050781
1687.469727	22206.269531
1686.477539	22635.976563
1685.485352	22465.580078
1684.492188	22948.701172
1683.500000	23056.210938
1682.506836	23019.878906
1681.513672	22537.632813
1680.520508	22869.294922
1679.527344	22984.037109
1678.533203	23239.978516
1677.539063	23395.990234
1676.544922	23561.673828
1675.550781	23956.066406
1674.556641	24172.667969
1673.561523	24063.179688
1672.566406	24036.435547
1671.571289	23997.539063
1670.576172	24221.246094
1669.581055	24206.634766
1668.584961	23684.080078
1667.588867	23771.634766
1666.592773	23817.855469
1665.596680	23604.162109
1664.600586	23514.402344
1663.603516	24021.949219
1662.606445	23944.275391
1661.609375	23599.667969
1660.612305	23655.564453
1659.614258	23677.474609
1658.617188	23728.478516
1657.619141	24031.660156
1656.621094	23985.589844
1655.622070	24058.312500
1654.624023	24559.968750
1653.625000	24843.347656
1652.625977	25172.640625
1651.626953	24995.587891
1650.627930	24513.488281
1649.627930	24588.429688
1648.627930	24755.322266
1647.627930	25161.734375
1646.627930	25514.750000
1645.627930	25734.570313
1644.626953	25932.533203
1643.625977	25453.333984
1642.625000	25907.541016
1641.624023	26255.208984
1640.623047	26491.566406
1639.621094	26314.660156
1638.619141	26287.595703
1637.617188	26086.646484
1636.615234	26421.845703
1635.613281	26892.103516
1634.610352	26891.490234
1633.607422	26975.339844
1632.604492	26861.306641
1631.601563	27183.939453
1630.597656	27407.558594
1629.594727	27291.091797
1628.590820	27324.140625
1627.586914	27783.800781
1626.582031	28460.160156
1625.578125	28878.443359
1624.573242	29021.945313
1623.568359	29107.585938
1622.563477	29183.560547
1621.558594	29134.316406
1620.552734	28784.226563
1619.546875	28359.679688
1618.541016	27805.380859
1617.535156	27725.179688
1616.529297	27587.289063
1615.522461	27485.521484
1614.515625	27547.263672
1613.508789	27657.048828
1612.501953	27307.812500
1611.494141	27576.166016
1610.487305	27945.294922
1609.479492	28066.912109
1608.471680	28243.701172
1607.463867	28120.347656
1606.455078	27961.041016
1605.446289	27605.027344
1604.437500	27318.734375
1603.428711	27692.175781
1602.419922	28403.605469
1601.410156	28369.072266
1600.401367	28588.650391
1599.391602	28681.115234
1598.381836	28033.115234
1597.371094	27965.138672
1596.361328	27930.720703
1595.350586	28205.236328
1594.339844	28448.515625
1593.329102	28282.359375
1592.317383	28786.386719
1591.305664	29247.138672
1590.294922	29387.130859
1589.283203	29455.312500
1588.270508	29604.767578
1587.258789	29660.917969
1586.246094	29487.570313
1585.233398	29359.697266
1584.220703	29523.380859
1583.208008	29918.720703
1582.194336	29965.189453
1581.180664	30102.376953
1580.167969	30915.158203
1579.153320	31360.013672
1578.139648	31282.046875
1577.125000	31149.232422
1576.111328	31224.009766
1575.096680	31561.107422
1574.081055	31557.076172
1573.066406	31159.675781
1572.050781	30705.228516
1571.035156	31232.796875
1570.019531	31302.691406
1569.003906	31274.886719
1567.988281	31313.777344
1566.971680	31512.187500
1565.955078	31536.726563
1564.938477	31239.929688
1563.920898	31523.898438
1562.904297	31360.457031
1561.886719	31247.033203
1560.869141	31473.744141
1559.851563	31923.869141
1558.833984	31967.294922
1557.815430	31858.587891
1556.796875	31928.144531
1555.778320	31888.384766
1554.759766	31292.806641
1553.740234	31785.158203
1552.721680	32220.320313
1551.702148	32125.925781
1550.682617	32166.851563
1549.662109	32131.826172
1548.642578	31959.210938
1547.622070	32147.201172
1546.601563	32126.423828
1545.581055	32224.203125
1544.560547	32751.003906
1543.539063	32777.511719
1542.517578	32917.746094
1541.496094	32965.527344
1540.474609	33027.496094
1539.453125	33560.691406
1538.430664	34257.031250
1537.408203	34148.261719
1536.385742	34706.929688
1535.363281	34801.601563
1534.339844	34796.871094
1533.316406	34960.070313
1532.292969	34837.070313
1531.269531	34640.824219
1530.246094	35045.054688
1529.221680	34626.695313
1528.198242	34267.578125
1527.173828	34749.585938
1526.148438	34444.906250
1525.124023	34496.910156
1524.098633	35205.214844
1523.073242	35257.039063
1522.047852	35167.246094
1521.022461	35542.292969
1519.997070	35181.199219
1518.970703	35603.257813
1517.944336	35419.140625
1516.917969	35548.644531
1515.890625	35588.527344
1514.864258	36021.929688
1513.836914	36471.648438
1512.809570	36874.066406
1511.782227	37186.828125
1510.753906	38057.500000
1509.726563	38638.257813
1508.698242	39134.042969
1507.669922	40267.332031
1506.640625	41087.250000
1505.612305	42073.835938
1504.583008	42860.121094
1503.553711	43695.457031
1502.524414	44876.007813
1501.495117	46053.726563
1500.464844	47019.480469
1499.434570	47383.410156
1498.404297	48449.488281
1497.374023	48232.925781
1496.343750	48756.031250
1495.312500	48809.441406
1494.281250	48876.906250
1493.250000	48963.113281
1492.218750	49039.898438
1491.186523	48265.242188
1490.154297	47868.441406
1489.122070	47162.328125
1488.089844	46053.324219
1487.057617	45054.917969
1486.024414	44070.976563
1484.991211	43588.750000
1483.958008	42249.503906
1482.924805	41610.953125
1481.891602	40984.371094
1480.857422	40013.957031
1479.823242	39100.109375
1478.789063	38780.917969
1477.753906	38506.304688
1476.719727	38722.937500
1475.684570	37941.035156
1474.649414	38365.757813
1473.614258	38177.925781
1472.578125	38730.949219
1471.542969	39078.140625
1470.506836	39376.136719
1469.470703	39407.769531
1468.433594	39885.359375
1467.397461	40115.300781
1466.360352	41183.042969
1465.323242	41543.292969
1464.286133	42857.601563
1463.249023	43359.640625
1462.210938	44400.183594
1461.172852	45832.000000
1460.134766	46484.636719
1459.096680	47372.394531
1458.057617	48870.289063
1457.019531	49864.355469
1455.980469	50888.289063
1454.941406	52081.800781
1453.901367	52492.527344
1452.862305	53666.585938
1451.822266	54905.328125
1450.782227	55622.351563
1449.742188	56718.273438
1448.701172	57485.792969
1447.661133	58883.171875
1446.620117	60389.242188
1445.579102	59979.371094
1444.537109	60836.210938
1443.496094	61495.203125
1442.454102	62270.070313
1441.412109	61688.265625
1440.370117	61742.937500
1439.327148	60985.035156
1438.285156	60315.644531
1437.242188	59379.652344
1436.199219	58720.136719
1435.155273	56975.292969
1434.112305	55713.550781
1433.068359	54651.734375
1432.024414	53787.398438
1430.980469	52095.976563
1429.936523	51220.929688
1428.891602	50079.804688
1427.846680	49451.054688
1426.801758	48357.074219
1425.756836	47476.554688
1424.710938	46881.125000
1423.666016	45742.054688
1422.620117	44816.328125
1421.574219	43840.085938
1420.527344	43548.882813
1419.481445	42439.171875
1418.434570	41903.296875
1417.387695	41087.941406
1416.340820	40480.917969
1415.292969	40474.898438
1414.245117	39854.386719
1413.197266	39451.234375
1412.149414	39590.902344
1411.101563	39370.351563
1410.052734	38579.757813
1409.004883	38661.820313
1407.955078	38360.835938
1406.906250	38013.835938
1405.857422	37978.332031
1404.807617	38071.968750
1403.757813	38087.183594
1402.708008	37689.808594
1401.658203	37716.613281
1400.607422	38054.437500
1399.556641	37754.054688
1398.505859	37898.277344
1397.455078	37169.773438
1396.404297	37392.320313
1395.352539	37018.664063
1394.300781	36872.968750
1393.249023	36520.273438
1392.197266	36673.757813
1391.144531	36427.031250
1390.091797	36587.363281
1389.039063	36303.968750
1387.986328	36004.605469
1386.932617	36151.132813
1385.879883	36171.246094
1384.826172	36152.300781
1383.772461	36551.300781
1382.717773	36996.054688
1381.664063	37071.058594
1380.609375	37492.562500
1379.554688	37803.761719
1378.500000	38447.457031
1377.444336	38441.816406
1376.389648	38837.460938
1375.333984	39019.730469
1374.278320	38894.777344
1373.221680	38831.750000
1372.166016	39153.660156
1371.109375	38733.253906
1370.052734	38260.343750
1368.995117	38708.101563
1367.938477	38175.863281
1366.880859	37847.550781
1365.823242	38066.277344
1364.765625	37898.261719
1363.708008	38283.863281
1362.649414	37644.769531
1361.590820	38384.656250
1360.532227	38856.777344
1359.473633	38992.734375
1358.415039	39699.886719
1357.355469	40319.929688
1356.295898	40487.468750
1355.236328	41522.707031
1354.175781	42491.300781
1353.116211	42982.417969
1352.055664	43966.281250
1350.995117	44253.812500
1349.934570	44607.378906
1348.873047	45045.183594
1347.811523	45747.320313
1346.750000	45842.730469
1345.688477	46738.152344
1344.626953	47726.632813
1343.564453	47807.894531
1342.501953	48602.117188
1341.439453	48715.042969
1340.376953	49875.339844
1339.313477	50076.734375
1338.250977	50671.800781
1337.187500	51223.378906
1336.123047	51451.664063
1335.059570	52080.183594
1333.995117	52358.222656
1332.930664	52436.054688
1331.866211	52904.847656
1330.801758	53134.804688
1329.736328	52601.175781
1328.671875	52908.332031
1327.606445	52633.898438
1326.540039	51728.269531
1325.474609	51694.847656
1324.408203	51330.027344
1323.341797	50402.527344
1322.275391	49797.609375
1321.208984	48934.324219
1320.141602	48180.257813
1319.074219	47499.066406
1318.006836	47022.195313
1316.939453	46482.054688
1315.872070	46019.183594
1314.803711	45903.152344
1313.735352	45728.273438
1312.666992	45460.605469
1311.597656	45068.511719
1310.529297	45437.222656
1309.459961	45957.421875
1308.390625	46076.875000
1307.320313	45929.308594
1306.250977	46399.308594
1305.180664	46538.941406
1304.110352	46294.136719
1303.040039	46151.160156
1301.968750	45436.437500
1300.898438	45515.132813
1299.827148	45390.468750
1298.754883	44848.000000
1297.683594	44402.859375
1296.612305	44452.339844
1295.540039	43395.742188
1294.467773	43285.175781
1293.394531	42391.710938
1292.322266	41843.757813
1291.249023	41474.203125
1290.175781	40935.683594
1289.102539	40809.949219
1288.028320	40733.851563
1286.955078	41088.203125
1285.880859	40892.660156
1284.806641	40643.136719
1283.732422	41641.382813
1282.657227	42562.652344
1281.582031	42781.171875
1280.506836	43960.648438
1279.431641	45564.921875
1278.355469	47042.542969
1277.280273	49025.636719
1276.204102	51043.882813
1275.127930	53522.203125
1274.050781	55808.417969
1272.974609	58311.675781
1271.897461	60382.476563
1270.820313	61830.132813
1269.742188	63787.027344
1268.665039	64517.035156
1267.586914	64377.886719
1266.508789	63899.851563
1265.430664	63738.437500
1264.351563	61586.937500
1263.272461	59815.433594
1262.194336	57688.066406
1261.114258	55205.058594
1260.035156	52732.050781
1258.955078	50385.582031
1257.875977	48680.980469
1256.794922	47413.964844
1255.714844	45524.773438
1254.634766	44429.140625
1253.553711	43054.082031
1252.472656	42536.960938
1251.391602	41346.390625
1250.309570	40937.242188
1249.227539	40165.843750
1248.146484	39206.878906
1247.063477	38418.269531
1245.981445	37978.761719
1244.898438	37336.023438
1243.816406	36447.718750
1242.732422	36111.667969
1241.649414	35241.859375
1240.566406	34915.128906
1239.482422	34657.757813
1238.398438	33757.531250
1237.314453	33188.019531
1236.229492	32817.355469
1235.144531	32743.576172
1234.059570	32288.386719
1232.974609	32332.945313
1231.889648	32034.107422
1230.803711	31354.193359
1229.717773	31296.388672
1228.631836	31432.468750
1227.545898	31365.755859
1226.458984	31316.888672
1225.373047	31408.335938
1224.286133	30943.130859
1223.198242	30685.134766
1222.111328	30816.708984
1221.023438	30707.921875
1219.935547	30456.804688
1218.847656	30635.044922
1217.759766	30657.552734
1216.670898	30448.837891
1215.582031	30660.304688
1214.493164	30622.787109
1213.404297	30323.111328
1212.314453	30127.960938
1211.224609	30268.242188
1210.134766	30255.255859
1209.044922	30395.449219
1207.954102	30351.363281
1206.864258	30373.865234
1205.773438	30877.783203
1204.681641	30906.816406
1203.590820	31257.390625
1202.499023	31556.822266
1201.407227	31508.105469
1200.315430	31448.326172
1199.223633	32212.833984
1198.130859	31596.886719
1197.038086	31782.968750
1195.945313	31021.214844
1194.852539	30959.376953
1193.758789	30862.146484
1192.666016	30727.335938
1191.572266	30902.332031
1190.477539	30754.291016
1189.383789	30670.447266
1188.289063	30097.976563
1187.194336	30368.009766
1186.099609	30182.623047
1185.004883	29953.119141
1183.909180	29688.361328
1182.813477	29852.222656
1181.717773	29720.093750
1180.621094	29588.017578
1179.525391	29268.363281
1178.428711	29182.781250
1177.332031	29125.917969
1176.235352	29340.419922
1175.137695	29563.652344
1174.040039	29372.226563
1172.942383	29191.902344
1171.844727	28908.054688
1170.747070	29045.236328
1169.648438	28790.177734
1168.549805	28579.281250
1167.451172	28478.587891
1166.351563	28655.373047
1165.252930	28127.625000
1164.153320	28355.027344
1163.053711	28463.507813
1161.953125	28472.937500
1160.853516	28614.335938
1159.752930	28676.505859
1158.652344	29066.246094
1157.550781	29236.003906
1156.450195	29098.003906
1155.348633	29821.392578
1154.247070	30283.054688
1153.145508	30303.054688
1152.042969	31623.011719
1150.940430	32351.839844
1149.837891	33183.527344
1148.735352	34657.851563
1147.632813	36423.363281
1146.529297	38001.675781
1145.425781	39395.101563
1144.322266	40334.058594
1143.217773	41763.671875
1142.114258	41428.328125
1141.009766	41601.500000
1139.905273	40782.156250
1138.799805	40368.367188
1137.695313	39197.046875
1136.589844	38196.992188
1135.484375	36286.742188
1134.378906	35399.328125
1133.272461	34656.699219
1132.166016	33778.746094
1131.059570	33058.636719
1129.953125	32410.988281
1128.846680	31853.244141
1127.739258	31857.474609
1126.631836	31957.853516
1125.524414	31402.736328
1124.416016	31723.789063
1123.307617	31850.333984
1122.200195	31594.718750
1121.090820	31352.306641
1119.982422	31437.375000
1118.873047	30957.248047
1117.763672	31035.816406
1116.654297	31118.710938
1115.544922	31014.029297
1114.434570	31149.216797
1113.325195	31249.468750
1112.213867	31046.748047
1111.103516	31473.806641
1109.993164	31671.949219
1108.881836	31595.583984
1107.770508	32157.255859
1106.658203	32683.857422
1105.546875	33464.894531
1104.434570	33914.828125
1103.322266	34294.949219
1102.209961	34711.890625
1101.096680	35174.320313
1099.984375	34769.011719
1098.871094	34850.812500
1097.757813	34445.738281
1096.643555	34201.628906
1095.529297	34103.175781
1094.415039	33607.289063
1093.300781	33120.292969
1092.186523	32757.251953
1091.071289	32361.802734
1089.956055	31736.480469
1088.840820	31317.542969
1087.725586	31111.365234
1086.609375	31122.152344
1085.493164	30289.451172
1084.376953	30322.082031
1083.260742	30187.806641
1082.143555	30473.976563
1081.027344	30430.714844
1079.910156	30905.154297
1078.791992	30586.785156
1077.674805	30907.263672
1076.556641	30747.046875
1075.438477	30788.167969
1074.320313	30522.015625
1073.201172	30498.263672
1072.082031	30264.724609
1070.962891	30532.955078
1069.843750	29819.554688
1068.724609	29882.421875
1067.604492	30334.246094
1066.484375	30198.203125
1065.364258	30444.554688
1064.243164	30924.042969
1063.123047	30811.707031
1062.001953	31198.085938
1060.880859	30621.705078
1059.758789	31456.785156
1058.637695	31260.285156
1057.515625	31493.093750
1056.392578	31324.701172
1055.270508	31132.662109
1054.147461	31438.632813
1053.025391	30785.457031
1051.901367	30516.080078
1050.778320	29846.138672
1049.654297	29788.134766
1048.531250	29536.361328
1047.407227	29325.593750
1046.282227	29007.296875
1045.158203	28835.462891
1044.033203	28257.076172
1042.908203	27902.634766
1041.782227	28023.611328
1040.657227	27499.509766
1039.531250	27442.095703
1038.405273	27507.208984
1037.279297	27032.964844
1036.152344	26926.273438
1035.025391	26911.978516
1033.898438	26566.998047
1032.771484	26460.466797
1031.644531	26439.837891
1030.516602	26603.769531
1029.388672	26816.976563
1028.260742	27130.910156
1027.131836	26925.710938
1026.002930	26945.736328
1024.874023	26612.037109
1023.745117	27000.755859
1022.616211	26875.035156
1021.486328	26792.212891
1020.356445	26867.925781
1019.226563	26988.574219
1018.095703	26736.636719
1016.965820	27077.734375
1015.834961	27200.396484
1014.704102	27348.679688
1013.572266	27732.207031
1012.441406	27608.695313
1011.309570	28379.027344
1010.176758	28753.537109
1009.044922	29277.500000
1007.912109	29416.595703
1006.779297	29700.910156
1005.646484	30771.148438
1004.513672	31172.505859
1003.379883	31955.871094
1002.246094	32817.882813
1001.112305	32827.988281
999.978516	32400.673828
998.843750	32127.134766
997.708984	31070.962891
996.574219	30347.886719
995.439453	29509.994141
994.303711	29422.730469
993.167969	28628.005859
992.032227	28381.169922
990.896484	28247.332031
989.759766	28317.998047
988.623047	28256.621094
987.486328	28163.335938
986.349609	28123.298828
985.211914	28061.996094
984.075195	27628.425781
982.936523	27456.650391
981.798828	27508.226563
980.661133	27334.421875
979.522461	27570.923828
978.383789	27556.560547
977.244141	27948.013672
976.105469	27967.560547
974.965820	27766.222656
973.826172	27756.070313
972.685547	27898.765625
971.545898	28232.416016
970.405273	28705.972656
969.264648	29421.177734
968.124023	29909.125000
966.982422	29898.515625
965.840820	30661.769531
964.699219	30742.150391
963.557617	30589.376953
962.415039	31307.496094
961.273438	31057.216797
960.129883	31031.542969
958.987305	30664.964844
957.844727	30304.894531
956.701172	30055.035156
955.557617	29875.113281
954.413086	30023.189453
953.269531	29348.388672
952.125000	29270.234375
950.980469	29109.652344
949.835938	29319.060547
948.690430	28718.947266
947.544922	28833.263672
946.399414	28539.816406
945.253906	28749.160156
944.107422	29066.105469
942.961914	28840.347656
941.815430	29013.605469
940.667969	29117.150391
939.521484	29566.656250
938.374023	29891.515625
937.226563	29897.792969
936.078125	30093.824219
934.930664	30749.314453
933.782227	31016.734375
932.633789	31703.347656
931.485352	32176.898438
930.335938	32999.871094
929.186523	33790.902344
928.037109	34280.539063
926.887695	35140.417969
925.737305	35536.960938
924.587891	36103.750000
923.436523	35854.136719
922.286133	35674.031250
921.135742	35645.382813
919.984375	34670.781250
918.833008	34644.457031
917.680664	33380.507813
916.529297	32810.359375
915.376953	32080.828125
914.224609	31414.601563
913.071289	30927.111328
911.918945	30114.482422
910.765625	29973.736328
909.612305	29495.253906
908.458984	29048.439453
907.304688	28725.548828
906.150391	28820.050781
904.996094	28432.359375
903.841797	28371.785156
902.686523	28208.560547
901.531250	28342.890625
900.375977	27959.812500
899.220703	27704.636719
898.064453	27748.955078
896.908203	27705.339844
895.751953	27820.791016
894.595703	27729.052734
893.438477	27585.056641
892.281250	27788.291016
891.124023	27284.699219
889.966797	27255.861328
888.808594	27114.173828
887.650391	27296.431641
886.492188	26755.763672
885.333008	26871.177734
884.174805	26813.216797
883.015625	26456.720703
881.856445	26676.488281
880.696289	26587.296875
879.536133	26402.164063
878.376953	26171.216797
877.215820	26034.218750
876.055664	25968.169922
874.894531	26171.072266
873.733398	25886.175781
872.572266	25824.365234
871.410156	25739.662109
870.249023	25884.111328
869.086914	26047.240234
867.924805	25979.193359
866.761719	26019.416016
865.598633	25809.888672
864.435547	26137.257813
863.272461	26379.197266
862.109375	26134.363281
860.945313	26195.294922
859.781250	25890.316406
858.616211	25965.820313
857.452148	26141.031250
856.287109	26376.416016
855.122070	26246.128906
853.957031	26751.349609
852.791016	26585.740234
851.625000	26559.273438
850.458984	26568.097656
849.292969	26120.447266
848.125977	25795.378906
846.958984	25464.224609
845.791992	25885.900391
844.625000	25590.109375
843.457031	25331.750000
842.290039	25417.484375
841.121094	25434.812500
839.953125	25561.910156
838.784180	25649.605469
837.615234	26000.203125
836.446289	25781.408203
835.277344	25887.621094
834.107422	25453.757813
832.937500	25959.236328
831.767578	25688.927734
830.597656	25273.990234
829.426758	25936.291016
828.255859	25414.000000
827.084961	25493.257813
825.913086	25531.158203
824.742188	25445.111328
823.570313	25668.859375
822.397461	25617.914063
821.225586	25583.503906
820.052734	25336.541016
818.879883	25180.466797
817.707031	25220.429688
816.533203	25305.748047
815.359375	25358.035156
814.185547	25457.712891
813.011719	25681.011719
811.836914	25972.212891
810.662109	26391.017578
809.487305	26455.365234
808.312500	27028.330078
807.136719	27483.693359
805.961914	28050.011719
804.785156	27990.460938
803.609375	27706.664063
802.432617	27725.378906
801.255859	28017.617188
800.079102	27886.150391
798.902344	28404.357422
797.724609	28242.031250
796.546875	28480.472656
795.369141	29495.380859
794.190430	29696.472656
793.012695	29679.802734
791.833984	29675.455078
790.654297	29693.687500
789.475586	29153.707031
788.295898	28847.859375
787.116211	28529.835938
785.936523	28240.658203
784.755859	28171.001953
783.575195	27455.623047
782.394531	26804.087891
781.213867	26915.103516
780.032227	26673.697266
778.851563	26770.349609
777.668945	26629.417969
776.487305	26527.443359
775.304688	26386.619141
774.123047	26288.832031
772.939453	26164.484375
771.756836	26522.947266
770.573242	26599.023438
769.389648	26660.751953
768.206055	26481.232422
767.022461	27002.814453
765.837891	27697.853516
764.653320	27422.203125
763.468750	27379.511719
762.283203	27671.732422
761.097656	28251.691406
759.912109	28757.916016
758.726563	28719.048828
757.540039	29380.009766
756.353516	29767.345703
755.166992	30156.552734
753.980469	30355.964844
752.792969	31311.578125
751.605469	32215.824219
750.417969	33333.628906
749.230469	34823.753906
748.041992	36307.121094
746.853516	38753.019531
745.665039	41193.785156
744.476563	44240.050781
743.287109	46326.511719
742.097656	49398.824219
740.908203	51054.066406
739.717773	52454.378906
738.527344	53394.574219
737.336914	53301.699219
736.146484	52668.261719
734.955078	51202.011719
733.763672	49451.984375
732.572266	48795.406250
731.380859	47728.933594
730.188477	45842.738281
728.996094	44170.476563
727.803711	43091.480469
726.611328	41367.785156
725.417969	40040.367188
724.224609	38216.675781
723.031250	37105.429688
721.836914	36136.554688
720.643555	36005.097656
719.449219	35869.640625
718.253906	35428.351563
717.059570	35256.621094
715.864258	35107.234375
714.668945	35599.652344
713.473633	35371.316406
712.277344	35039.875000
711.081055	34763.199219
709.884766	34167.058594
708.687500	33929.109375
707.491211	33911.636719
706.293945	34126.628906
705.096680	34333.437500
703.898438	34746.246094
702.700195	34276.113281
701.501953	34644.320313
700.303711	34002.777344
699.105469	33617.894531
697.906250	33552.062500
696.707031	34408.417969
695.506836	34800.390625
694.307617	35615.757813
693.107422	36126.273438
691.907227	37003.492188
690.706055	38658.371094
689.505859	39967.929688
688.304688	41722.179688
687.102539	43725.445313
685.901367	45323.042969
684.699219	46954.171875
683.497070	48602.703125
682.294922	51248.765625
681.091797	53700.507813
679.889648	55129.222656
678.685547	56179.191406
677.482422	55426.980469
676.278320	54427.816406
675.075195	53358.730469
673.870117	52286.089844
672.666016	51099.390625
671.460938	50397.292969
670.255859	49464.554688
669.050781	48401.710938
667.845703	47405.566406
666.639648	46468.054688
665.433594	45593.148438
664.226563	45226.148438
663.020508	44014.945313
661.813477	44318.167969
660.606445	43181.863281
659.398438	42515.050781
658.191406	41646.136719
656.983398	40376.914063
655.775391	39434.730469
654.566406	38553.027344
653.358398	37635.671875
652.149414	36994.941406
650.939453	36124.347656
649.730469	35424.195313
648.520508	35098.417969
647.310547	34254.796875
646.099609	33545.507813
644.889648	32460.703125
643.678711	31552.246094
642.467773	31305.583984
641.255859	30835.279297
640.044922	30287.283203
638.833008	29933.220703
637.620117	29946.656250
636.408203	29638.726563
635.195313	30173.060547
633.982422	29883.167969
632.769531	29978.376953
631.555664	30272.970703
630.341797	30316.208984
629.127930	30108.259766
627.914063	30450.455078
626.699219	30910.060547
625.484375	31534.804688
624.269531	31276.970703
623.053711	31660.419922
621.838867	31627.626953
620.622070	31628.681641
619.406250	31639.681641
618.190430	31754.128906
616.973633	31888.416016
615.756836	31382.306641
614.539063	31743.263672
613.321289	31754.216797
612.104492	31339.878906
610.885742	31541.652344
609.667969	31397.693359
608.449219	31023.417969
607.230469	30871.689453
606.011719	30819.283203
604.791992	30929.640625
603.572266	30529.992188
602.352539	30156.306641
601.132813	29711.378906
599.912109	29191.291016
598.691406	28913.298828
597.470703	28332.164063
596.249023	27856.310547
595.028320	27673.884766
593.805664	27333.074219
592.583984	26782.490234
591.362305	26430.140625
590.139648	26010.640625
588.916992	25731.835938
587.693359	25500.638672
586.469727	25734.416016
585.246094	26007.646484
584.022461	26231.322266
582.798828	26476.644531
581.574219	26476.775391
580.349609	27184.324219
579.125000	27535.955078
577.899414	27739.289063
576.673828	28047.195313
575.448242	28370.759766
574.221680	28463.236328
572.996094	28559.617188
571.769531	28713.169922
570.541992	28797.615234
569.315430	29104.873047
568.087891	29335.097656
566.860352	29391.746094
565.632813	29499.609375
564.404297	29428.117188
563.175781	29504.402344
561.947266	29281.281250
560.717773	29550.535156
559.489258	29439.710938
558.259766	29384.046875
557.029297	29920.718750
555.799805	30287.957031
554.569336	30190.830078
553.338867	30351.357422
552.107422	30328.966797
550.876953	30349.830078
549.645508	29977.632813
548.413086	29888.531250
547.181641	29524.453125
545.949219	28435.839844
544.716797	28009.406250
543.484375	27612.601563
542.250977	27164.941406
541.017578	26866.605469
539.784180	27076.498047
538.550781	26768.501953
537.316406	26927.337891
536.082031	26250.933594
534.847656	25935.474609
533.612305	26180.607422
532.376953	26147.423828
531.141602	26703.841797
529.906250	26041.927734
528.669922	25950.054688
527.433594	26040.265625
526.197266	26173.488281
524.959961	26363.394531
523.722656	26541.476563
522.485352	27173.212891
521.248047	27601.316406
520.009766	28263.816406
518.771484	28308.414063
517.533203	27751.148438
516.294922	27948.214844
515.055664	27647.136719
513.816406	27240.738281
512.577148	26781.806641
511.336914	26731.017578
510.096680	27445.216797
508.856445	27866.447266
507.616211	28108.037109
506.375000	28125.248047
505.133789	28501.201172
503.892578	28668.412109
502.650391	28439.925781
