1802.182617	11559.354492
1801.212891	11963.894531
1800.244141	11746.791992
1799.274414	11786.879883
1798.304688	12076.518555
1797.334961	12303.660156
1796.364258	12076.682617
1795.394531	11702.637695
1794.423828	11570.628906
1793.453125	11456.124023
1792.482422	11471.282227
1791.511719	11877.706055
1790.540039	12326.326172
1789.568359	12308.915039
1788.596680	12166.975586
1787.625000	12176.994141
1786.653320	12079.951172
1785.680664	12316.497070
1784.708984	12458.377930
1783.736328	12667.382813
1782.763672	13209.654297
1781.790039	13264.217773
1780.817383	13157.123047
1779.843750	13557.254883
1778.870117	13465.057617
1777.896484	13867.452148
1776.922852	14065.938477
1775.948242	13906.618164
1774.973633	13585.918945
1773.999023	13362.193359
1773.024414	13312.347656
1772.049805	13520.671875
1771.074219	13793.436523
1770.099609	14205.040039
1769.124023	14648.727539
1768.148438	15007.909180
1767.171875	15091.694336
1766.196289	15755.588867
1765.219727	15854.061523
1764.243164	16019.407227
1763.266602	16350.694336
1762.290039	16483.667969
1761.312500	16482.841797
1760.334961	16722.214844
1759.357422	16753.523438
1758.379883	16995.218750
1757.402344	17412.525391
1756.423828	18121.626953
1755.446289	18776.021484
1754.467773	18782.150391
1753.489258	19008.355469
1752.509766	18697.980469
1751.531250	18637.378906
1750.551758	18005.931641
1749.572266	17925.724609
1748.592773	18072.820313
1747.613281	18101.302734
1746.632813	18228.546875
1745.652344	17597.806641
1744.671875	17485.669922
1743.691406	17087.308594
1742.710938	16681.703125
1741.729492	16880.636719
1740.749023	16398.777344
1739.767578	16555.767578
1738.785156	16461.226563
1737.803711	16351.932617
1736.822266	16267.326172
1735.839844	16118.692383
1734.857422	15620.316406
1733.875000	15535.904297
1732.891602	16165.620117
1731.909180	16329.783203
1730.925781	16432.343750
1729.942383	16480.724609
1728.958984	15842.625977
1727.974609	15372.058594
1726.991211	15182.053711
1726.006836	15341.292969
1725.022461	15293.958984
1724.038086	15453.110352
1723.052734	16037.336914
1722.068359	16201.187500
1721.083008	16183.192383
1720.097656	15691.201172
1719.112305	15467.054688
1718.125977	15230.721680
1717.140625	15208.024414
1716.154297	15501.900391
1715.167969	15547.853516
1714.181641	15839.087891
1713.194336	15904.573242
1712.208008	16068.112305
1711.220703	16555.187500
1710.233398	16956.277344
1709.246094	17114.603516
1708.257813	17096.460938
1707.270508	16737.833984
1706.282227	16817.734375
1705.293945	17039.619141
1704.304688	17041.085938
1703.316406	17365.634766
1702.327148	17594.613281
1701.337891	18090.177734
1700.348633	18541.513672
1699.359375	18535.335938
1698.370117	19226.019531
1697.379883	19187.923828
1696.389648	19081.406250
1695.399414	19224.181641
1694.409180	19232.527344
1693.417969	19245.751953
1692.426758	19752.289063
1691.436523	19565.183594
1690.444336	19917.656250
1689.453125	20135.748047
1688.461914	20278.101563
1687.469727	20266.697266
1686.477539	20601.666016
1685.485352	20956.005859
1684.492188	20978.603516
1683.500000	21622.816406
1682.506836	21218.748047
1681.513672	20749.048828
1680.520508	20791.154297
1679.527344	21140.150391
1678.533203	21435.429688
1677.539063	21450.583984
1676.544922	21650.740234
1675.550781	22091.763672
1674.556641	21902.375000
1673.561523	22143.671875
1672.566406	21849.755859
1671.571289	21937.759766
1670.576172	22249.410156
1669.581055	22106.361328
1668.584961	21751.925781
1667.588867	21689.218750
1666.592773	21434.611328
1665.596680	21512.869141
1664.600586	21476.957031
1663.603516	21618.296875
1662.606445	22016.888672
1661.609375	21801.298828
1660.612305	21306.751953
1659.614258	21278.189453
1658.617188	21613.458984
1657.619141	21422.369141
1656.621094	21842.330078
1655.622070	21690.054688
1654.624023	22177.646484
1653.625000	22640.812500
1652.625977	22490.884766
1651.626953	22873.869141
1650.627930	22484.218750
1649.627930	22087.460938
1648.627930	22615.525391
1647.627930	22925.566406
1646.627930	23400.015625
1645.627930	23591.232422
1644.626953	23591.300781
1643.625977	23630.058594
1642.625000	23543.080078
1641.624023	23780.035156
1640.623047	23833.226563
1639.621094	23816.326172
1638.619141	23958.865234
1637.617188	23811.521484
1636.615234	23751.167969
1635.613281	23908.115234
1634.610352	24074.654297
1633.607422	23623.330078
1632.604492	23840.525391
1631.601563	24002.148438
1630.597656	24021.408203
1629.594727	23719.955078
1628.590820	23813.998047
1627.586914	24124.929688
1626.582031	24134.503906
1625.578125	24669.312500
1624.573242	24965.423828
1623.568359	24774.923828
1622.563477	24456.882813
1621.558594	24637.298828
1620.552734	24620.275391
1619.546875	24179.724609
1618.541016	23859.650391
1617.535156	23583.000000
1616.529297	23919.726563
1615.522461	23934.115234
1614.515625	23842.722656
1613.508789	23931.626953
1612.501953	24078.166016
1611.494141	24416.847656
1610.487305	24642.494141
1609.479492	24966.509766
1608.471680	24942.240234
1607.463867	25266.062500
1606.455078	25100.132813
1605.446289	24917.472656
1604.437500	24972.398438
1603.428711	25132.839844
1602.419922	25967.091797
1601.410156	26321.472656
1600.401367	26071.621094
1599.391602	26018.398438
1598.381836	26238.363281
1597.371094	26177.937500
1596.361328	26031.306641
1595.350586	26219.998047
1594.339844	26173.974609
1593.329102	26034.611328
1592.317383	26567.814453
1591.305664	27194.119141
1590.294922	27573.761719
1589.283203	27697.320313
1588.270508	28291.923828
1587.258789	28030.357422
1586.246094	27912.318359
1585.233398	28248.402344
1584.220703	28053.902344
1583.208008	27950.257813
1582.194336	28171.480469
1581.180664	28428.431641
1580.167969	28656.625000
1579.153320	28782.085938
1578.139648	28800.103516
1577.125000	28670.177734
1576.111328	28616.640625
1575.096680	28713.380859
1574.081055	28554.933594
1573.066406	28360.787109
1572.050781	28509.955078
1571.035156	28606.630859
1570.019531	28307.753906
1569.003906	28299.615234
1567.988281	28367.691406
1566.971680	28483.361328
1565.955078	28082.375000
1564.938477	28143.308594
1563.920898	27949.587891
1562.904297	28419.744141
1561.886719	27724.128906
1560.869141	27865.939453
1559.851563	28533.177734
1558.833984	28318.169922
1557.815430	28222.087891
1556.796875	27916.927734
1555.778320	27958.761719
1554.759766	28173.978516
1553.740234	28567.218750
1552.721680	28936.554688
1551.702148	28921.166016
1550.682617	29214.328125
1549.662109	29281.939453
1548.642578	29463.398438
1547.622070	29414.701172
1546.601563	29446.654297
1545.581055	30083.195313
1544.560547	30169.515625
1543.539063	30355.341797
1542.517578	30252.003906
1541.496094	30243.470703
1540.474609	30175.724609
1539.453125	30842.115234
1538.430664	31127.044922
1537.408203	31203.548828
1536.385742	31462.253906
1535.363281	31496.064453
1534.339844	31962.779297
1533.316406	32289.755859
1532.292969	32254.794922
1531.269531	32260.037109
1530.246094	32180.181641
1529.221680	32428.851563
1528.198242	32249.751953
1527.173828	32387.273438
1526.148438	32385.390625
1525.124023	32359.890625
1524.098633	32216.357422
1523.073242	32419.857422
1522.047852	32498.199219
1521.022461	32781.773438
1519.997070	32605.238281
1518.970703	32362.738281
1517.944336	32653.236328
1516.917969	32703.148438
1515.890625	32984.027344
1514.864258	33146.960938
1513.836914	33288.625000
1512.809570	33621.027344
1511.782227	33995.683594
1510.753906	34699.832031
1509.726563	35342.484375
1508.698242	35980.160156
1507.669922	36761.121094
1506.640625	37513.523438
1505.612305	37590.539063
1504.583008	38864.542969
1503.553711	40013.414063
1502.524414	40926.730469
1501.495117	41846.726563
1500.464844	42841.535156
1499.434570	43427.156250
1498.404297	43927.976563
1497.374023	44557.746094
1496.343750	45114.472656
1495.312500	45126.375000
1494.281250	45236.835938
1493.250000	44957.746094
1492.218750	44728.027344
1491.186523	44181.765625
1490.154297	43574.750000
1489.122070	43143.824219
1488.089844	42598.210938
1487.057617	41907.515625
1486.024414	40863.300781
1484.991211	39789.054688
1483.958008	38883.878906
1482.924805	38318.609375
1481.891602	37275.968750
1480.857422	36919.578125
1479.823242	36769.265625
1478.789063	35802.449219
1477.753906	35261.769531
1476.719727	35179.710938
1475.684570	35270.710938
1474.649414	35254.136719
1473.614258	35651.273438
1472.578125	35922.054688
1471.542969	35676.386719
1470.506836	36094.207031
1469.470703	36775.757813
1468.433594	37263.226563
1467.397461	37960.597656
1466.360352	38410.277344
1465.323242	38941.441406
1464.286133	39761.683594
1463.249023	40334.335938
1462.210938	40731.843750
1461.172852	41896.281250
1460.134766	42862.093750
1459.096680	43708.644531
1458.057617	44857.765625
1457.019531	45666.281250
1455.980469	46870.425781
1454.941406	47394.085938
1453.901367	48460.011719
1452.862305	49572.050781
1451.822266	50213.519531
1450.782227	51229.339844
1449.742188	51928.355469
1448.701172	52692.207031
1447.661133	54023.136719
1446.620117	54846.683594
1445.579102	55030.675781
1444.537109	55844.378906
1443.496094	56076.878906
1442.454102	56121.113281
1441.412109	56504.417969
1440.370117	56149.152344
1439.327148	55610.625000
1438.285156	55346.207031
1437.242188	53909.984375
1436.199219	52557.875000
1435.155273	51788.550781
1434.112305	50135.933594
1433.068359	49339.593750
1432.024414	47409.968750
1430.980469	47140.636719
1429.936523	45856.449219
1428.891602	45374.398438
1427.846680	44348.207031
1426.801758	43204.328125
1425.756836	42841.195313
1424.710938	41934.210938
1423.666016	41411.785156
1422.620117	40338.859375
1421.574219	39407.492188
1420.527344	39084.820313
1419.481445	38586.531250
1418.434570	37986.710938
1417.387695	37634.476563
1416.340820	36695.367188
1415.292969	36533.003906
1414.245117	35966.433594
1413.197266	36065.277344
1412.149414	35891.593750
1411.101563	35505.578125
1410.052734	35392.093750
1409.004883	35200.187500
1407.955078	35121.414063
1406.906250	34728.945313
1405.857422	35106.953125
1404.807617	35332.613281
1403.757813	35117.851563
1402.708008	34861.691406
1401.658203	34859.117188
1400.607422	34925.664063
1399.556641	34526.878906
1398.505859	34282.554688
1397.455078	34197.207031
1396.404297	33909.308594
1395.352539	34160.097656
1394.300781	33092.246094
1393.249023	33718.101563
1392.197266	32952.097656
1391.144531	33037.292969
1390.091797	32968.402344
1389.039063	32589.208984
1387.986328	32456.085938
1386.932617	32750.404297
1385.879883	32647.162109
1384.826172	32789.722656
1383.772461	32950.597656
1382.717773	33421.343750
1381.664063	33866.648438
1380.609375	33834.417969
1379.554688	34093.593750
1378.500000	34758.703125
1377.444336	34604.746094
1376.389648	34946.148438
1375.333984	34952.691406
1374.278320	35197.609375
1373.221680	35465.339844
1372.166016	35341.167969
1371.109375	35045.246094
1370.052734	35111.296875
1368.995117	35172.738281
1367.938477	34833.531250
1366.880859	34899.578125
1365.823242	35128.066406
1364.765625	35127.675781
1363.708008	35003.761719
1362.649414	35291.542969
1361.590820	35929.023438
1360.532227	36079.332031
1359.473633	36307.281250
1358.415039	36932.730469
1357.355469	37260.925781
1356.295898	38141.726563
1355.236328	38656.789063
1354.175781	39477.570313
1353.116211	40069.750000
1352.055664	40579.519531
1350.995117	40892.851563
1349.934570	41527.703125
1348.873047	41792.808594
1347.811523	42076.042969
1346.750000	42970.152344
1345.688477	43113.980469
1344.626953	43759.097656
1343.564453	44050.796875
1342.501953	44522.328125
1341.439453	44699.867188
1340.376953	45330.453125
1339.313477	45569.210938
1338.250977	46593.109375
1337.187500	46972.589844
1336.123047	46826.359375
1335.059570	47458.113281
1333.995117	47241.339844
1332.930664	47611.265625
1331.866211	47635.503906
1330.801758	47698.367188
1329.736328	48199.753906
1328.671875	47701.332031
1327.606445	47459.773438
1326.540039	46982.140625
1325.474609	46336.691406
1324.408203	46165.925781
1323.341797	44944.468750
1322.275391	44642.453125
1321.208984	44281.582031
1320.141602	43369.718750
1319.074219	42474.101563
1318.006836	42297.531250
1316.939453	42213.964844
1315.872070	41708.921875
1314.803711	40703.363281
1313.735352	41453.777344
1312.666992	40906.164063
1311.597656	40619.171875
1310.529297	40846.187500
1309.459961	41134.214844
1308.390625	41428.906250
1307.320313	41307.191406
1306.250977	41266.953125
1305.180664	40896.554688
1304.110352	41211.390625
1303.040039	40515.636719
1301.968750	40631.531250
1300.898438	40571.125000
1299.827148	40025.031250
1298.754883	39865.390625
1297.683594	39405.476563
1296.612305	39446.964844
1295.540039	38813.515625
1294.467773	38873.156250
1293.394531	38438.640625
1292.322266	37821.578125
1291.249023	37414.519531
1290.175781	37217.332031
1289.102539	36887.214844
1288.028320	37287.523438
1286.955078	37511.886719
1285.880859	37353.136719
1284.806641	37473.769531
1283.732422	37947.933594
1282.657227	38685.335938
1281.582031	39377.406250
1280.506836	40602.605469
1279.431641	42198.578125
1278.355469	43204.445313
1277.280273	45152.351563
1276.204102	47047.718750
1275.127930	49000.750000
1274.050781	50863.054688
1272.974609	53356.105469
1271.897461	55484.109375
1270.820313	57811.160156
1269.742188	58520.105469
1268.665039	59891.191406
1267.586914	59472.367188
1266.508789	59543.042969
1265.430664	58857.406250
1264.351563	57272.332031
1263.272461	55515.183594
1262.194336	53675.785156
1261.114258	51619.644531
1260.035156	49048.742188
1258.955078	46972.003906
1257.875977	44878.199219
1256.794922	43703.835938
1255.714844	41752.695313
1254.634766	40642.171875
1253.553711	39608.234375
1252.472656	38632.929688
1251.391602	38049.691406
1250.309570	37574.101563
1249.227539	36828.011719
1248.146484	35675.152344
1247.063477	34985.671875
1245.981445	34267.406250
1244.898438	33844.500000
1243.816406	33111.128906
1242.732422	32516.589844
1241.649414	32105.476563
1240.566406	31520.324219
1239.482422	31152.011719
1238.398438	30676.691406
1237.314453	30444.859375
1236.229492	30056.912109
1235.144531	29985.939453
1234.059570	29819.078125
1232.974609	29576.458984
1231.889648	29068.605469
1230.803711	28654.589844
1229.717773	29043.103516
1228.631836	28967.962891
1227.545898	29082.220703
1226.458984	28730.906250
1225.373047	28738.271484
1224.286133	28438.380859
1223.198242	28416.861328
1222.111328	28880.511719
1221.023438	28458.396484
1219.935547	28739.423828
1218.847656	28524.353516
1217.759766	28251.556641
1216.670898	28252.324219
1215.582031	28502.037109
1214.493164	27951.626953
1213.404297	27983.556641
1212.314453	27775.568359
1211.224609	27618.744141
1210.134766	27670.703125
1209.044922	28282.062500
1207.954102	28182.933594
1206.864258	28274.677734
1205.773438	28262.111328
1204.681641	28247.330078
1203.590820	28192.636719
1202.499023	28251.037109
1201.407227	28045.626953
1200.315430	28387.708984
1199.223633	27705.962891
1198.130859	27952.710938
1197.038086	27734.238281
1195.945313	27438.353516
1194.852539	27423.755859
1193.758789	27152.402344
1192.666016	27799.552734
1191.572266	27428.667969
1190.477539	27739.251953
1189.383789	27569.787109
1188.289063	27369.435547
1187.194336	27105.056641
1186.099609	27159.056641
1185.004883	26932.394531
1183.909180	26736.755859
1182.813477	26662.683594
1181.717773	26456.138672
1180.621094	26349.033203
1179.525391	26182.371094
1178.428711	26410.826172
1177.332031	26202.292969
1176.235352	25914.429688
1175.137695	25869.298828
1174.040039	25711.722656
1172.942383	25384.453125
1171.844727	25603.960938
1170.747070	25215.144531
1169.648438	25538.146484
1168.549805	25279.468750
1167.451172	25536.248047
1166.351563	25651.996094
1165.252930	25532.142578
1164.153320	25473.964844
1163.053711	25365.199219
1161.953125	25500.681641
1160.853516	25594.312500
1159.752930	25778.066406
1158.652344	26199.197266
1157.550781	26457.484375
1156.450195	26326.662109
1155.348633	26525.482422
1154.247070	27266.832031
1153.145508	27638.880859
1152.042969	28234.751953
1150.940430	29504.369141
1149.837891	30714.187500
1148.735352	31798.408203
1147.632813	33119.128906
1146.529297	34533.617188
1145.425781	35943.121094
1144.322266	37277.484375
1143.217773	38203.531250
1142.114258	38537.417969
1141.009766	38619.164063
1139.905273	37888.078125
1138.799805	37183.582031
1137.695313	36599.824219
1136.589844	35206.214844
1135.484375	33795.679688
1134.378906	32825.628906
1133.272461	31641.550781
1132.166016	30772.982422
1131.059570	30445.003906
1129.953125	29841.638672
1128.846680	29559.898438
1127.739258	29619.255859
1126.631836	29171.593750
1125.524414	29115.207031
1124.416016	29034.814453
1123.307617	29491.697266
1122.200195	29424.355469
1121.090820	29525.130859
1119.982422	29772.093750
1118.873047	29449.425781
1117.763672	28941.455078
1116.654297	29096.769531
1115.544922	28654.501953
1114.434570	28631.029297
1113.325195	28720.912109
1112.213867	28976.384766
1111.103516	29445.277344
1109.993164	29476.109375
1108.881836	29716.009766
1107.770508	30406.550781
1106.658203	30774.595703
1105.546875	31292.667969
1104.434570	31788.759766
1103.322266	31973.519531
1102.209961	32410.525391
1101.096680	32318.878906
1099.984375	32253.363281
1098.871094	32248.738281
1097.757813	32076.765625
1096.643555	31665.841797
1095.529297	31313.746094
1094.415039	30601.246094
1093.300781	30451.472656
1092.186523	30130.244141
1091.071289	29611.625000
1089.956055	28865.353516
1088.840820	28353.722656
1087.725586	28365.095703
1086.609375	27873.302734
1085.493164	27683.115234
1084.376953	27525.521484
1083.260742	27508.876953
1082.143555	27654.759766
1081.027344	28207.880859
1079.910156	27892.183594
1078.791992	28027.058594
1077.674805	28387.048828
1076.556641	28378.892578
1075.438477	28314.466797
1074.320313	27957.958984
1073.201172	28053.730469
1072.082031	28127.830078
1070.962891	27862.402344
1069.843750	27888.947266
1068.724609	27344.847656
1067.604492	27654.580078
1066.484375	27789.173828
1065.364258	27729.298828
1064.243164	27922.128906
1063.123047	28086.804688
1062.001953	28119.724609
1060.880859	28133.207031
1059.758789	28649.453125
1058.637695	28863.449219
1057.515625	28894.013672
1056.392578	28915.937500
1055.270508	28616.607422
1054.147461	28589.000000
1053.025391	28248.916016
1051.901367	28628.621094
1050.778320	28383.451172
1049.654297	28370.986328
1048.531250	28141.042969
1047.407227	28158.769531
1046.282227	27944.033203
1045.158203	27389.386719
1044.033203	27310.439453
1042.908203	26805.630859
1041.782227	26204.257813
1040.657227	26306.214844
1039.531250	25784.736328
1038.405273	25549.316406
1037.279297	25563.246094
1036.152344	25250.630859
1035.025391	25079.902344
1033.898438	24894.212891
1032.771484	24624.873047
1031.644531	24608.923828
1030.516602	24882.689453
1029.388672	24671.447266
1028.260742	24968.673828
1027.131836	24929.070313
1026.002930	24904.490234
1024.874023	24545.498047
1023.745117	24553.156250
1022.616211	24753.660156
1021.486328	24572.740234
1020.356445	24935.937500
1019.226563	24787.173828
1018.095703	25015.285156
1016.965820	24785.224609
1015.834961	25169.460938
1014.704102	25557.814453
1013.572266	25646.515625
1012.441406	25724.486328
1011.309570	26204.414063
1010.176758	26761.097656
1009.044922	27078.160156
1007.912109	27275.419922
1006.779297	28271.626953
1005.646484	28669.328125
1004.513672	29500.376953
1003.379883	29889.105469
1002.246094	30625.613281
1001.112305	30864.541016
999.978516	30149.589844
998.843750	29801.863281
997.708984	28982.929688
996.574219	28000.148438
995.439453	27324.779297
994.303711	27112.222656
993.167969	26358.478516
992.032227	26056.730469
990.896484	26059.714844
989.759766	25883.804688
988.623047	25861.269531
987.486328	25696.117188
986.349609	25622.550781
985.211914	25378.785156
984.075195	25298.931641
982.936523	25270.156250
981.798828	24828.853516
980.661133	25093.582031
979.522461	24858.681641
978.383789	25065.908203
977.244141	25043.580078
976.105469	25339.892578
974.965820	25619.087891
973.826172	25203.835938
972.685547	25408.636719
971.545898	25509.351563
970.405273	25921.951172
969.264648	26548.646484
968.124023	27242.947266
966.982422	27491.621094
965.840820	27282.234375
964.699219	27611.339844
963.557617	27891.560547
962.415039	28021.224609
961.273438	27816.132813
960.129883	27899.160156
958.987305	27689.943359
957.844727	27383.431641
956.701172	27265.419922
955.557617	26963.357422
954.413086	27243.226563
953.269531	26731.888672
952.125000	26601.421875
950.980469	26246.892578
949.835938	26361.789063
948.690430	25832.046875
947.544922	26065.304688
946.399414	25901.310547
945.253906	25988.716797
944.107422	26658.886719
942.961914	26404.085938
941.815430	27080.210938
940.667969	27232.703125
939.521484	26996.927734
938.374023	27237.960938
937.226563	27343.921875
936.078125	27806.162109
934.930664	28238.693359
933.782227	28637.316406
932.633789	29320.224609
931.485352	29718.443359
930.335938	30440.843750
929.186523	31015.531250
928.037109	31823.660156
926.887695	32625.126953
925.737305	33041.144531
924.587891	33294.980469
923.436523	33824.261719
922.286133	33535.226563
921.135742	33086.519531
919.984375	32602.263672
918.833008	32013.126953
917.680664	31163.685547
916.529297	30516.281250
915.376953	29629.712891
914.224609	29134.103516
913.071289	28477.044922
911.918945	27738.404297
910.765625	27468.056641
909.612305	27134.878906
908.458984	26724.228516
907.304688	26301.167969
906.150391	26316.513672
904.996094	25885.332031
903.841797	26081.000000
902.686523	25800.921875
901.531250	26086.603516
900.375977	25618.132813
899.220703	26131.984375
898.064453	25977.746094
896.908203	25790.080078
895.751953	25656.904297
894.595703	25630.490234
893.438477	25604.085938
892.281250	25667.623047
891.124023	25699.763672
889.966797	25579.285156
888.808594	25437.955078
887.650391	25125.337891
886.492188	24837.921875
885.333008	24607.023438
884.174805	24555.810547
883.015625	24890.865234
881.856445	24534.855469
880.696289	24204.041016
879.536133	24048.628906
878.376953	24072.679688
877.215820	23781.798828
876.055664	24058.193359
874.894531	24007.175781
873.733398	24035.376953
872.572266	24136.498047
871.410156	24322.990234
870.249023	24217.796875
869.086914	24414.601563
867.924805	24484.318359
866.761719	24452.007813
865.598633	24486.304688
864.435547	24260.501953
863.272461	24307.302734
862.109375	24293.769531
860.945313	24313.509766
859.781250	24154.455078
858.616211	24406.998047
857.452148	24630.337891
856.287109	24751.781250
855.122070	24873.171875
853.957031	24830.453125
852.791016	24953.845703
851.625000	24691.095703
850.458984	24789.558594
849.292969	24686.716797
848.125977	24046.644531
846.958984	23946.076172
845.791992	23938.859375
844.625000	23877.744141
843.457031	23957.593750
842.290039	23770.093750
841.121094	23767.058594
839.953125	24000.150391
838.784180	23883.166016
837.615234	23540.556641
836.446289	23796.312500
835.277344	23729.111328
834.107422	23796.427734
832.937500	23855.439453
831.767578	23767.582031
830.597656	24000.261719
829.426758	24203.898438
828.255859	24103.617188
827.084961	23939.320313
825.913086	23907.312500
824.742188	23693.552734
823.570313	23686.388672
822.397461	24232.548828
821.225586	24140.638672
820.052734	23881.603516
818.879883	23814.564453
817.707031	23582.525391
816.533203	23556.826172
815.359375	23803.314453
814.185547	23921.880859
813.011719	23937.339844
811.836914	24255.705078
810.662109	24505.945313
809.487305	24821.988281
808.312500	25269.687500
807.136719	25935.431641
805.961914	26020.414063
804.785156	26409.939453
803.609375	26161.460938
802.432617	25767.035156
801.255859	25796.445313
800.079102	25910.144531
798.902344	26217.035156
797.724609	26474.462891
796.546875	26764.656250
795.369141	27064.996094
794.190430	27459.687500
793.012695	27422.962891
791.833984	27351.349609
790.654297	27207.923828
789.475586	26732.097656
788.295898	26683.244141
787.116211	26082.603516
785.936523	26183.623047
784.755859	25970.878906
783.575195	25706.974609
782.394531	25244.376953
781.213867	24976.642578
780.032227	24479.570313
778.851563	24548.021484
777.668945	24958.423828
776.487305	24465.767578
775.304688	24333.576172
774.123047	24301.718750
772.939453	24259.642578
771.756836	24661.472656
770.573242	24500.714844
769.389648	24742.830078
768.206055	24757.927734
767.022461	25302.363281
765.837891	25143.644531
764.653320	25603.998047
763.468750	25377.876953
762.283203	25552.091797
761.097656	25711.939453
759.912109	26120.736328
758.726563	26159.986328
757.540039	26845.984375
756.353516	27284.863281
755.166992	27676.646484
753.980469	27949.998047
752.792969	28714.511719
751.605469	29670.271484
750.417969	30705.083984
749.230469	32108.177734
748.041992	33327.355469
746.853516	35169.113281
745.665039	37669.695313
744.476563	40496.894531
743.287109	43080.707031
742.097656	45301.246094
740.908203	47577.777344
739.717773	49184.242188
738.527344	49549.742188
737.336914	49288.980469
736.146484	49392.117188
734.955078	47865.621094
733.763672	46788.734375
732.572266	45742.773438
731.380859	45158.210938
730.188477	43826.800781
728.996094	42270.671875
727.803711	40404.730469
726.611328	39513.437500
725.417969	37914.617188
724.224609	36371.246094
723.031250	34907.609375
721.836914	34220.976563
720.643555	34031.160156
719.449219	33774.558594
718.253906	33151.410156
717.059570	32982.195313
715.864258	32877.847656
714.668945	32858.570313
713.473633	32790.722656
712.277344	33046.671875
711.081055	32653.087891
709.884766	32093.812500
708.687500	31609.601563
707.491211	31576.458984
706.293945	32042.605469
705.096680	32233.701172
703.898438	32010.511719
702.700195	32019.724609
701.501953	31661.361328
700.303711	31642.371094
699.105469	31352.878906
697.906250	31428.820313
696.707031	32473.296875
695.506836	33043.222656
694.307617	33582.648438
693.107422	34381.964844
691.907227	34979.328125
690.706055	36281.906250
689.505859	37729.015625
688.304688	39385.027344
687.102539	41145.066406
685.901367	43039.269531
684.699219	44606.460938
683.497070	46293.753906
682.294922	48809.500000
681.091797	51151.101563
679.889648	51978.867188
678.685547	52381.886719
677.482422	52294.082031
676.278320	51440.347656
675.075195	50030.218750
673.870117	48978.394531
672.666016	48596.054688
671.460938	47514.867188
670.255859	46761.484375
669.050781	46030.515625
667.845703	45462.453125
666.639648	44083.843750
665.433594	43225.507813
664.226563	42459.820313
663.020508	41897.031250
661.813477	41484.871094
660.606445	40964.632813
659.398438	40286.277344
658.191406	39285.593750
656.983398	38195.191406
655.775391	36935.007813
654.566406	36172.000000
653.358398	35010.902344
652.149414	34338.718750
650.939453	33854.941406
649.730469	33247.324219
648.520508	32627.966797
647.310547	32074.873047
646.099609	31376.056641
644.889648	30587.585938
643.678711	30193.183594
642.467773	29854.902344
641.255859	28965.384766
640.044922	28887.166016
638.833008	27792.566406
637.620117	27924.257813
636.408203	27812.378906
635.195313	28075.712891
633.982422	28047.642578
632.769531	27764.257813
631.555664	28049.363281
630.341797	28188.791016
629.127930	28242.439453
627.914063	28009.078125
626.699219	28722.265625
625.484375	28988.912109
624.269531	28954.699219
623.053711	28998.158203
621.838867	28888.304688
620.622070	29319.873047
619.406250	29647.775391
618.190430	29195.654297
616.973633	29340.445313
615.756836	29276.365234
614.539063	29339.554688
613.321289	29498.126953
612.104492	29068.382813
610.885742	28891.160156
609.667969	28704.078125
608.449219	28576.658203
607.230469	28580.337891
606.011719	28528.431641
604.791992	28194.718750
603.572266	27805.587891
602.352539	27521.771484
601.132813	27192.457031
599.912109	26736.375000
598.691406	26179.382813
597.470703	26260.867188
596.249023	25508.033203
595.028320	25310.271484
593.805664	25049.210938
592.583984	24764.496094
591.362305	24192.814453
590.139648	24266.699219
588.916992	24198.058594
587.693359	23721.845703
586.469727	23845.234375
585.246094	23966.591797
584.022461	24200.599609
582.798828	24551.142578
581.574219	24858.046875
580.349609	25000.804688
579.125000	25497.132813
577.899414	25870.779297
576.673828	25624.193359
575.448242	26058.847656
574.221680	26305.792969
572.996094	26588.150391
571.769531	26503.402344
570.541992	26493.648438
569.315430	27162.312500
568.087891	27674.917969
566.860352	27314.019531
565.632813	27384.892578
564.404297	27384.798828
563.175781	27248.775391
561.947266	27128.564453
560.717773	27085.201172
559.489258	27545.837891
558.259766	27648.046875
557.029297	27856.474609
555.799805	27993.980469
554.569336	27917.027344
553.338867	27790.941406
552.107422	27684.570313
550.876953	27920.269531
549.645508	27745.130859
548.413086	27583.820313
547.181641	27161.318359
545.949219	26320.679688
544.716797	25774.935547
543.484375	25329.546875
542.250977	25223.888672
541.017578	25061.371094
539.784180	24800.833984
538.550781	25005.248047
537.316406	24676.203125
536.082031	24535.505859
534.847656	24114.582031
533.612305	24121.039063
532.376953	24160.798828
531.141602	24506.107422
529.906250	24150.177734
528.669922	23902.087891
527.433594	24065.173828
526.197266	24273.201172
524.959961	24447.871094
523.722656	24958.925781
522.485352	25195.947266
521.248047	25970.578125
520.009766	26461.406250
518.771484	26271.865234
517.533203	26000.335938
516.294922	25781.671875
515.055664	25264.267578
513.816406	24922.833984
512.577148	24491.744141
511.336914	24771.328125
510.096680	25029.320313
508.856445	25821.777344
507.616211	26026.753906
506.375000	26660.675781
505.133789	26333.097656
503.892578	26861.408203
502.650391	26699.580078
