1802.182617	10380.695313
1801.212891	10463.101563
1800.244141	10678.220703
1799.274414	10558.768555
1798.304688	10783.764648
1797.334961	10462.228516
1796.364258	10647.238281
1795.394531	10393.199219
1794.423828	10298.857422
1793.453125	10381.566406
1792.482422	10259.843750
1791.511719	10561.837891
1790.540039	10985.803711
1789.568359	10993.572266
1788.596680	11031.225586
1787.625000	10702.805664
1786.653320	10670.789063
1785.680664	10969.847656
1784.708984	10975.119141
1783.736328	11104.798828
1782.763672	11495.632813
1781.790039	11590.333984
1780.817383	11607.909180
1779.843750	12010.837891
1778.870117	11996.006836
1777.896484	12165.084961
1776.922852	12448.392578
1775.948242	12192.511719
1774.973633	12157.783203
1773.999023	11874.746094
1773.024414	11805.335938
1772.049805	11999.068359
1771.074219	12428.487305
1770.099609	12341.636719
1769.124023	12894.849609
1768.148438	13299.026367
1767.171875	13331.080078
1766.196289	13665.586914
1765.219727	14121.417969
1764.243164	14274.718750
1763.266602	14579.100586
1762.290039	14704.998047
1761.312500	14575.737305
1760.334961	14832.824219
1759.357422	14889.270508
1758.379883	15096.684570
1757.402344	15504.472656
1756.423828	16248.597656
1755.446289	16465.507813
1754.467773	16979.125000
1753.489258	16819.933594
1752.509766	16900.621094
1751.531250	16022.213867
1750.551758	16023.944336
1749.572266	16025.672852
1748.592773	15814.952148
1747.613281	16182.252930
1746.632813	15845.648438
1745.652344	15615.337891
1744.671875	15392.524414
1743.691406	15093.295898
1742.710938	14611.602539
1741.729492	14509.997070
1740.749023	14692.061523
1739.767578	14644.727539
1738.785156	14604.808594
1737.803711	14486.028320
1736.822266	14066.641602
1735.839844	13955.407227
1734.857422	14048.676758
1733.875000	14028.616211
1732.891602	14299.125000
1731.909180	14281.482422
1730.925781	14261.384766
1729.942383	14157.623047
1728.958984	13889.054688
1727.974609	13657.492188
1726.991211	13548.993164
1726.006836	13275.788086
1725.022461	13737.766602
1724.038086	13909.520508
1723.052734	14029.597656
1722.068359	14373.209961
1721.083008	14372.777344
1720.097656	14313.401367
1719.112305	13794.874023
1718.125977	13784.736328
1717.140625	13622.422852
1716.154297	13597.598633
1715.167969	13845.122070
1714.181641	13947.817383
1713.194336	14190.263672
1712.208008	14211.930664
1711.220703	14525.319336
1710.233398	15064.077148
1709.246094	15137.013672
1708.257813	14820.362305
1707.270508	14986.400391
1706.282227	14780.112305
1705.293945	15296.235352
1704.304688	15271.125000
1703.316406	15324.345703
1702.327148	15862.069336
1701.337891	15885.790039
1700.348633	16391.382813
1699.359375	16547.048828
1698.370117	16697.759766
1697.379883	16877.746094
1696.389648	17099.207031
1695.399414	16875.835938
1694.409180	17214.478516
1693.417969	17152.388672
1692.426758	17559.218750
1691.436523	17455.572266
1690.444336	18057.470703
1689.453125	18053.832031
1688.461914	18272.253906
1687.469727	18166.103516
1686.477539	18277.087891
1685.485352	18558.734375
1684.492188	19049.957031
1683.500000	19204.570313
1682.506836	18908.228516
1681.513672	18770.394531
1680.520508	18459.640625
1679.527344	18894.359375
1678.533203	19097.548828
1677.539063	19373.701172
1676.544922	19328.410156
1675.550781	19628.740234
1674.556641	19924.080078
1673.561523	20197.404297
1672.566406	19923.339844
1671.571289	20004.435547
1670.576172	20272.710938
1669.581055	19967.193359
1668.584961	19926.707031
1667.588867	19723.435547
1666.592773	19505.667969
1665.596680	19494.443359
1664.600586	20022.332031
1663.603516	19705.087891
1662.606445	19960.845703
1661.609375	19789.355469
1660.612305	19751.390625
1659.614258	19698.882813
1658.617188	19605.160156
1657.619141	19547.851563
1656.621094	19859.087891
1655.622070	19920.525391
1654.624023	20282.453125
1653.625000	20629.695313
1652.625977	20867.781250
1651.626953	20982.246094
1650.627930	20781.859375
1649.627930	20516.183594
1648.627930	20572.550781
1647.627930	21001.589844
1646.627930	21212.691406
1645.627930	21392.255859
1644.626953	21738.630859
1643.625977	21219.173828
1642.625000	21352.689453
1641.624023	21476.480469
1640.623047	21655.804688
1639.621094	21885.794922
1638.619141	21345.083984
1637.617188	21623.345703
1636.615234	21727.632813
1635.613281	22051.572266
1634.610352	21955.388672
1633.607422	21755.472656
1632.604492	21656.972656
1631.601563	21983.072266
1630.597656	21780.857422
1629.594727	21800.560547
1628.590820	21473.099609
1627.586914	21774.863281
1626.582031	22384.964844
1625.578125	22269.601563
1624.573242	22402.398438
1623.568359	22356.919922
1622.563477	22501.679688
1621.558594	22345.457031
1620.552734	22220.585938
1619.546875	21737.207031
1618.541016	21670.250000
1617.535156	21610.533203
1616.529297	21861.082031
1615.522461	21859.056641
1614.515625	21801.740234
1613.508789	21900.671875
1612.501953	22170.175781
1611.494141	22156.072266
1610.487305	22720.865234
1609.479492	23138.931641
1608.471680	23609.650391
1607.463867	23528.044922
1606.455078	23261.666016
1605.446289	23220.955078
1604.437500	23000.324219
1603.428711	22880.525391
1602.419922	23552.162109
1601.410156	23662.472656
1600.401367	23803.898438
1599.391602	23513.865234
1598.381836	23360.529297
1597.371094	23295.896484
1596.361328	23470.812500
1595.350586	23341.521484
1594.339844	23379.880859
1593.329102	23765.320313
1592.317383	23985.464844
1591.305664	24052.378906
1590.294922	24540.312500
1589.283203	24693.189453
1588.270508	24850.787109
1587.258789	24544.494141
1586.246094	24336.328125
1585.233398	24625.341797
1584.220703	24510.427734
1583.208008	24710.894531
1582.194336	24877.841797
1581.180664	24712.794922
1580.167969	25240.177734
1579.153320	25428.392578
1578.139648	25611.757813
1577.125000	25203.320313
1576.111328	25181.498047
1575.096680	25472.125000
1574.081055	25087.804688
1573.066406	25137.537109
1572.050781	25072.837891
1571.035156	24984.332031
1570.019531	25250.869141
1569.003906	25219.531250
1567.988281	25200.113281
1566.971680	25152.126953
1565.955078	25494.587891
1564.938477	25332.310547
1563.920898	25298.599609
1562.904297	25436.207031
1561.886719	25557.103516
1560.869141	25768.324219
1559.851563	25648.949219
1558.833984	25567.656250
1557.815430	26116.246094
1556.796875	25747.353516
1555.778320	25986.824219
1554.759766	25705.994141
1553.740234	26427.468750
1552.721680	26595.416016
1551.702148	26720.566406
1550.682617	27037.908203
1549.662109	26818.837891
1548.642578	26962.839844
1547.622070	26767.591797
1546.601563	27260.150391
1545.581055	26875.238281
1544.560547	27305.935547
1543.539063	27634.546875
1542.517578	27735.546875
1541.496094	27876.775391
1540.474609	28103.216797
1539.453125	28192.212891
1538.430664	28406.654297
1537.408203	28890.859375
1536.385742	29228.134766
1535.363281	29115.699219
1534.339844	29649.138672
1533.316406	29340.347656
1532.292969	29218.492188
1531.269531	29292.917969
1530.246094	29190.029297
1529.221680	28562.533203
1528.198242	28731.554688
1527.173828	28503.636719
1526.148438	28233.294922
1525.124023	28562.845703
1524.098633	28287.878906
1523.073242	28612.560547
1522.047852	28868.669922
1521.022461	28799.074219
1519.997070	28432.277344
1518.970703	28822.695313
1517.944336	28812.095703
1516.917969	28865.150391
1515.890625	29000.677734
1514.864258	29395.365234
1513.836914	29403.498047
1512.809570	29870.962891
1511.782227	30138.052734
1510.753906	30873.597656
1509.726563	31514.675781
1508.698242	32419.097656
1507.669922	33516.105469
1506.640625	33339.867188
1505.612305	34593.832031
1504.583008	35118.253906
1503.553711	35844.664063
1502.524414	36946.894531
1501.495117	37733.738281
1500.464844	38804.582031
1499.434570	39156.093750
1498.404297	39848.042969
1497.374023	39933.828125
1496.343750	40907.078125
1495.312500	40847.066406
1494.281250	40397.492188
1493.250000	40417.386719
1492.218750	39977.464844
1491.186523	39840.285156
1490.154297	39349.066406
1489.122070	38236.746094
1488.089844	37267.867188
1487.057617	36732.941406
1486.024414	35680.410156
1484.991211	35242.066406
1483.958008	34232.425781
1482.924805	33794.558594
1481.891602	33361.546875
1480.857422	32741.458984
1479.823242	32318.199219
1478.789063	32166.519531
1477.753906	31540.033203
1476.719727	31655.189453
1475.684570	31520.099609
1474.649414	31660.925781
1473.614258	32075.160156
1472.578125	32409.769531
1471.542969	32643.775391
1470.506836	32882.355469
1469.470703	33459.472656
1468.433594	33877.574219
1467.397461	34332.851563
1466.360352	34792.609375
1465.323242	35119.171875
1464.286133	35935.527344
1463.249023	36215.062500
1462.210938	37054.179688
1461.172852	37568.855469
1460.134766	38419.000000
1459.096680	39364.347656
1458.057617	40714.753906
1457.019531	40790.273438
1455.980469	41711.253906
1454.941406	42350.082031
1453.901367	43000.285156
1452.862305	44087.839844
1451.822266	44602.433594
1450.782227	45649.652344
1449.742188	46198.605469
1448.701172	47165.980469
1447.661133	48549.199219
1446.620117	48934.468750
1445.579102	49670.562500
1444.537109	49620.855469
1443.496094	50049.804688
1442.454102	49670.171875
1441.412109	49808.613281
1440.370117	49949.316406
1439.327148	49428.316406
1438.285156	48394.566406
1437.242188	48117.753906
1436.199219	46667.070313
1435.155273	45022.128906
1434.112305	44400.613281
1433.068359	43324.890625
1432.024414	42254.242188
1430.980469	41123.769531
1429.936523	40329.761719
1428.891602	39580.097656
1427.846680	38636.167969
1426.801758	37847.789063
1425.756836	37272.742188
1424.710938	35998.835938
1423.666016	35979.859375
1422.620117	35380.093750
1421.574219	34440.492188
1420.527344	34204.421875
1419.481445	33462.007813
1418.434570	32662.099609
1417.387695	32696.986328
1416.340820	32334.353516
1415.292969	32055.048828
1414.245117	31394.685547
1413.197266	31337.412109
1412.149414	31601.136719
1411.101563	31640.806641
1410.052734	30978.755859
1409.004883	31461.623047
1407.955078	31438.994141
1406.906250	31617.066406
1405.857422	31354.552734
1404.807617	31320.425781
1403.757813	31325.503906
1402.708008	31219.941406
1401.658203	30877.062500
1400.607422	31340.708984
1399.556641	30928.839844
1398.505859	30864.892578
1397.455078	30731.894531
1396.404297	30543.699219
1395.352539	30659.388672
1394.300781	30404.550781
1393.249023	30589.236328
1392.197266	30318.414063
1391.144531	30054.599609
1390.091797	30374.890625
1389.039063	30499.656250
1387.986328	30601.386719
1386.932617	30721.455078
1385.879883	30639.308594
1384.826172	30954.546875
1383.772461	31708.259766
1382.717773	31917.533203
1381.664063	32259.853516
1380.609375	32186.644531
1379.554688	32163.943359
1378.500000	31634.273438
1377.444336	32407.544922
1376.389648	32350.410156
1375.333984	32201.593750
1374.278320	32531.886719
1373.221680	32642.044922
1372.166016	33203.515625
1371.109375	32963.007813
1370.052734	32715.730469
1368.995117	32429.626953
1367.938477	32400.037109
1366.880859	33130.339844
1365.823242	33537.683594
1364.765625	33917.402344
1363.708008	34239.777344
1362.649414	35072.000000
1361.590820	35199.652344
1360.532227	36273.640625
1359.473633	37344.894531
1358.415039	38018.113281
1357.355469	38846.398438
1356.295898	39153.570313
1355.236328	39675.273438
1354.175781	39587.164063
1353.116211	38948.964844
1352.055664	38463.933594
1350.995117	38031.582031
1349.934570	38621.402344
1348.873047	38604.292969
1347.811523	39031.847656
1346.750000	39276.832031
1345.688477	39371.281250
1344.626953	39825.750000
1343.564453	39979.277344
1342.501953	40242.078125
1341.439453	41192.566406
1340.376953	41211.367188
1339.313477	41466.914063
1338.250977	41904.437500
1337.187500	42159.730469
1336.123047	42758.460938
1335.059570	42965.699219
1333.995117	43341.136719
1332.930664	43261.679688
1331.866211	43061.769531
1330.801758	43686.949219
1329.736328	43498.390625
1328.671875	43189.503906
1327.606445	42708.117188
1326.540039	42145.175781
1325.474609	41725.500000
1324.408203	41206.121094
1323.341797	40466.816406
1322.275391	39941.097656
1321.208984	38941.476563
1320.141602	38835.878906
1319.074219	38136.214844
1318.006836	37865.324219
1316.939453	37297.613281
1315.872070	36725.605469
1314.803711	37341.058594
1313.735352	37097.730469
1312.666992	36868.089844
1311.597656	36729.117188
1310.529297	37072.390625
1309.459961	37313.671875
1308.390625	37045.699219
1307.320313	37271.042969
1306.250977	37598.078125
1305.180664	37226.175781
1304.110352	37130.273438
1303.040039	37052.492188
1301.968750	36843.656250
1300.898438	36729.804688
1299.827148	35653.613281
1298.754883	35822.386719
1297.683594	35223.300781
1296.612305	34782.507813
1295.540039	34454.753906
1294.467773	33919.511719
1293.394531	33510.839844
1292.322266	33174.527344
1291.249023	32673.707031
1290.175781	32775.156250
1289.102539	32216.007813
1288.028320	32899.031250
1286.955078	32727.689453
1285.880859	32804.250000
1284.806641	33247.949219
1283.732422	33520.296875
1282.657227	34191.074219
1281.582031	34598.179688
1280.506836	35900.894531
1279.431641	36964.542969
1278.355469	38547.437500
1277.280273	40428.832031
1276.204102	42336.425781
1275.127930	44733.363281
1274.050781	46929.242188
1272.974609	48980.371094
1271.897461	50228.476563
1270.820313	52109.570313
1269.742188	53338.535156
1268.665039	53628.339844
1267.586914	54108.855469
1266.508789	53810.281250
1265.430664	52771.261719
1264.351563	51443.234375
1263.272461	50073.136719
1262.194336	48564.550781
1261.114258	46928.785156
1260.035156	44470.949219
1258.955078	42594.644531
1257.875977	40766.175781
1256.794922	39364.144531
1255.714844	37436.308594
1254.634766	36362.515625
1253.553711	35300.363281
1252.472656	34258.796875
1251.391602	34009.945313
1250.309570	32926.566406
1249.227539	32353.705078
1248.146484	31347.164063
1247.063477	30803.937500
1245.981445	30097.726563
1244.898438	29592.982422
1243.816406	29115.265625
1242.732422	28700.308594
1241.649414	28180.531250
1240.566406	27605.130859
1239.482422	27340.351563
1238.398438	26716.248047
1237.314453	26411.583984
1236.229492	26281.107422
1235.144531	26175.226563
1234.059570	25656.720703
1232.974609	25493.025391
1231.889648	25300.412109
1230.803711	25152.460938
1229.717773	24721.517578
1228.631836	24584.888672
1227.545898	24539.656250
1226.458984	24741.679688
1225.373047	24616.261719
1224.286133	24686.820313
1223.198242	24419.000000
1222.111328	24400.548828
1221.023438	24475.554688
1219.935547	24568.326172
1218.847656	24545.400391
1217.759766	24369.052734
1216.670898	24383.970703
1215.582031	24205.503906
1214.493164	24062.666016
1213.404297	24224.273438
1212.314453	24132.580078
1211.224609	23809.951172
1210.134766	24142.476563
1209.044922	24226.228516
1207.954102	24112.410156
1206.864258	24258.263672
1205.773438	24060.177734
1204.681641	24376.769531
1203.590820	24269.662109
1202.499023	24206.939453
1201.407227	24263.945313
1200.315430	24001.787109
1199.223633	23965.746094
1198.130859	24131.310547
1197.038086	23800.681641
1195.945313	23961.779297
1194.852539	23693.310547
1193.758789	27035.089844
1192.666016	24099.437500
1191.572266	24096.605469
1190.477539	24197.740234
1189.383789	24599.609375
1188.289063	24331.335938
1187.194336	24078.646484
1186.099609	24124.439453
1185.004883	23787.925781
1183.909180	23557.597656
1182.813477	23369.332031
1181.717773	23196.601563
1180.621094	23244.732422
1179.525391	22930.822266
1178.428711	22689.871094
1177.332031	22616.716797
1176.235352	22854.642578
1175.137695	22523.425781
1174.040039	22439.322266
1172.942383	22350.841797
1171.844727	22474.000000
1170.747070	22224.675781
1169.648438	22127.478516
1168.549805	22398.191406
1167.451172	22120.402344
1166.351563	22542.931641
1165.252930	22412.722656
1164.153320	22537.878906
1163.053711	22649.777344
1161.953125	22825.429688
1160.853516	22675.470703
1159.752930	22833.447266
1158.652344	22883.623047
1157.550781	22986.533203
1156.450195	23131.156250
1155.348633	23708.578125
1154.247070	23954.039063
1153.145508	24342.158203
1152.042969	25175.878906
1150.940430	25796.289063
1149.837891	26796.169922
1148.735352	27782.460938
1147.632813	29011.875000
1146.529297	30637.808594
1145.425781	31596.349609
1144.322266	32828.570313
1143.217773	33860.777344
1142.114258	34064.070313
1141.009766	33723.839844
1139.905273	33453.855469
1138.799805	32384.500000
1137.695313	31383.478516
1136.589844	30617.148438
1135.484375	29179.119141
1134.378906	28231.921875
1133.272461	27442.660156
1132.166016	26504.972656
1131.059570	26414.101563
1129.953125	25883.744141
1128.846680	25705.589844
1127.739258	25577.781250
1126.631836	25231.496094
1125.524414	25084.173828
1124.416016	25375.972656
1123.307617	25506.037109
1122.200195	25059.611328
1121.090820	25412.351563
1119.982422	25378.630859
1118.873047	25384.201172
1117.763672	25217.417969
1116.654297	24878.392578
1115.544922	24925.492188
1114.434570	25003.093750
1113.325195	24806.009766
1112.213867	25101.533203
1111.103516	25285.810547
1109.993164	25210.775391
1108.881836	25351.388672
1107.770508	26038.494141
1106.658203	26492.363281
1105.546875	26597.789063
1104.434570	26737.984375
1103.322266	27134.849609
1102.209961	27546.771484
1101.096680	27384.384766
1099.984375	27500.373047
1098.871094	27455.449219
1097.757813	27638.744141
1096.643555	26961.488281
1095.529297	26714.662109
1094.415039	26915.369141
1093.300781	25971.589844
1092.186523	25503.673828
1091.071289	25530.855469
1089.956055	24893.953125
1088.840820	24608.810547
1087.725586	24434.417969
1086.609375	24279.617188
1085.493164	23853.837891
1084.376953	23903.001953
1083.260742	24032.337891
1082.143555	23869.078125
1081.027344	23978.865234
1079.910156	23910.988281
1078.791992	24430.013672
1077.674805	24158.546875
1076.556641	24462.994141
1075.438477	24553.054688
1074.320313	24513.250000
1073.201172	24084.066406
1072.082031	24412.058594
1070.962891	23989.560547
1069.843750	24395.261719
1068.724609	24083.179688
1067.604492	23976.523438
1066.484375	23932.566406
1065.364258	24467.537109
1064.243164	24086.587891
1063.123047	23958.423828
1062.001953	24201.615234
1060.880859	24498.660156
1059.758789	24387.748047
1058.637695	24373.962891
1057.515625	24623.324219
1056.392578	24557.738281
1055.270508	24539.609375
1054.147461	24394.308594
1053.025391	24279.240234
1051.901367	24058.642578
1050.778320	23941.535156
1049.654297	23734.021484
1048.531250	23464.148438
1047.407227	23594.810547
1046.282227	23409.019531
1045.158203	23169.509766
1044.033203	22867.707031
1042.908203	22630.560547
1041.782227	22311.791016
1040.657227	22188.814453
1039.531250	22018.595703
1038.405273	21616.337891
1037.279297	21783.658203
1036.152344	21403.099609
1035.025391	21394.271484
1033.898438	21241.574219
1032.771484	20940.802734
1031.644531	21232.576172
1030.516602	21328.939453
1029.388672	21744.943359
1028.260742	21879.765625
1027.131836	21879.419922
1026.002930	21733.267578
1024.874023	21441.404297
1023.745117	21263.255859
1022.616211	21584.455078
1021.486328	21603.445313
1020.356445	21487.486328
1019.226563	21697.074219
1018.095703	21574.718750
1016.965820	21488.804688
1015.834961	21676.853516
1014.704102	21764.259766
1013.572266	21800.287109
1012.441406	22189.187500
1011.309570	22306.361328
1010.176758	22789.048828
1009.044922	23359.162109
1007.912109	23523.019531
1006.779297	23725.263672
1005.646484	24230.730469
1004.513672	24849.166016
1003.379883	25495.093750
1002.246094	25634.835938
1001.112305	26235.500000
999.978516	26091.238281
998.843750	25435.048828
997.708984	24542.392578
996.574219	23920.925781
995.439453	23523.570313
994.303711	22834.375000
993.167969	22654.781250
992.032227	22055.541016
990.896484	21991.212891
989.759766	22156.912109
988.623047	21979.738281
987.486328	21981.453125
986.349609	21900.162109
985.211914	21793.369141
984.075195	21701.513672
982.936523	21448.048828
981.798828	21432.855469
980.661133	21606.884766
979.522461	21549.150391
978.383789	21570.068359
977.244141	21488.992188
976.105469	21467.427734
974.965820	21753.818359
973.826172	21734.328125
972.685547	21946.236328
971.545898	22102.869141
970.405273	22745.367188
969.264648	23039.660156
968.124023	23329.583984
966.982422	23892.941406
965.840820	23841.212891
964.699219	23641.123047
963.557617	24091.730469
962.415039	23999.728516
961.273438	23945.896484
960.129883	24027.630859
958.987305	24075.449219
957.844727	24146.533203
956.701172	23442.927734
955.557617	23744.767578
954.413086	23559.878906
953.269531	23446.984375
952.125000	23228.398438
950.980469	22823.845703
949.835938	22922.558594
948.690430	22735.921875
947.544922	22485.972656
946.399414	22597.367188
945.253906	22537.634766
944.107422	22648.966797
942.961914	23193.035156
941.815430	23076.222656
940.667969	23229.570313
939.521484	23281.580078
938.374023	23217.550781
937.226563	23387.636719
936.078125	23808.552734
934.930664	23993.191406
933.782227	24407.474609
932.633789	24682.507813
931.485352	25401.927734
930.335938	25765.089844
929.186523	25961.740234
928.037109	27133.058594
926.887695	27586.123047
925.737305	28060.035156
924.587891	28453.794922
923.436523	28988.316406
922.286133	28956.888672
921.135742	28687.878906
919.984375	28084.740234
918.833008	27395.687500
917.680664	26635.484375
916.529297	25865.101563
915.376953	25208.464844
914.224609	24627.703125
913.071289	24055.585938
911.918945	23880.425781
910.765625	23289.822266
909.612305	23307.923828
908.458984	23359.576172
907.304688	22612.167969
906.150391	22911.365234
904.996094	22912.753906
903.841797	23000.072266
902.686523	23160.691406
901.531250	22994.423828
900.375977	22974.843750
899.220703	22576.242188
898.064453	22814.271484
896.908203	22583.328125
895.751953	22306.439453
894.595703	22458.585938
893.438477	22407.759766
892.281250	22371.591797
891.124023	22002.980469
889.966797	22213.589844
888.808594	21964.298828
887.650391	22061.986328
886.492188	21597.648438
885.333008	21400.861328
884.174805	21427.601563
883.015625	21663.111328
881.856445	21693.955078
880.696289	21762.349609
879.536133	21377.951172
878.376953	21402.574219
877.215820	21172.746094
876.055664	21078.546875
874.894531	21071.945313
873.733398	21223.746094
872.572266	21506.759766
871.410156	21539.648438
870.249023	22001.599609
869.086914	22400.875000
867.924805	22310.710938
866.761719	22641.056641
865.598633	22068.058594
864.435547	22138.228516
863.272461	21902.576172
862.109375	21775.169922
860.945313	21475.234375
859.781250	21420.734375
858.616211	21605.275391
857.452148	21361.669922
856.287109	21517.054688
855.122070	21780.382813
853.957031	21825.546875
852.791016	21918.441406
851.625000	21782.962891
850.458984	21591.509766
849.292969	21414.658203
848.125977	20802.255859
846.958984	21104.736328
845.791992	20982.011719
844.625000	20867.630859
843.457031	20610.287109
842.290039	20763.345703
841.121094	20559.996094
839.953125	20640.501953
838.784180	20631.923828
837.615234	20608.857422
836.446289	20885.941406
835.277344	20757.281250
834.107422	21032.144531
832.937500	20769.042969
831.767578	20626.009766
830.597656	20677.404297
829.426758	20641.947266
828.255859	20949.601563
827.084961	20734.322266
825.913086	20657.554688
824.742188	20597.341797
823.570313	20882.019531
822.397461	20904.367188
821.225586	20914.318359
820.052734	21035.705078
818.879883	20812.468750
817.707031	20692.470703
816.533203	20514.773438
815.359375	20539.224609
814.185547	21004.830078
813.011719	21111.605469
811.836914	21500.638672
810.662109	21625.800781
809.487305	21965.121094
808.312500	22390.783203
807.136719	22412.726563
805.961914	22772.236328
804.785156	22547.128906
803.609375	22462.027344
802.432617	22595.011719
801.255859	22127.398438
800.079102	22533.869141
798.902344	22857.931641
797.724609	22834.507813
796.546875	23507.691406
795.369141	23878.582031
794.190430	24084.994141
793.012695	24441.224609
791.833984	24037.652344
790.654297	24231.576172
789.475586	23879.525391
788.295898	23658.939453
787.116211	23374.855469
785.936523	22918.617188
784.755859	23005.941406
783.575195	22619.677734
782.394531	21930.246094
781.213867	21845.597656
780.032227	21871.611328
778.851563	21870.986328
777.668945	21880.599609
776.487305	21879.970703
775.304688	21697.166016
774.123047	21633.132813
772.939453	21918.996094
771.756836	21550.150391
770.573242	21833.859375
769.389648	22168.562500
768.206055	22176.039063
767.022461	22449.205078
765.837891	22540.392578
764.653320	22696.914063
763.468750	22367.253906
762.283203	22564.582031
761.097656	23237.517578
759.912109	23383.539063
758.726563	23768.261719
757.540039	23830.453125
756.353516	24308.742188
755.166992	24538.015625
753.980469	25089.343750
752.792969	25730.126953
751.605469	26388.972656
750.417969	27540.640625
749.230469	28506.423828
748.041992	29881.171875
746.853516	32137.048828
745.665039	34013.273438
744.476563	36218.421875
743.287109	38178.417969
742.097656	40273.878906
740.908203	41817.183594
739.717773	43060.871094
738.527344	43628.984375
737.336914	44148.062500
736.146484	43419.050781
734.955078	42852.906250
733.763672	41425.660156
732.572266	40939.398438
731.380859	39823.859375
730.188477	38546.390625
728.996094	37076.652344
727.803711	35956.578125
726.611328	35058.132813
725.417969	33831.472656
724.224609	32749.330078
723.031250	31771.054688
721.836914	31312.130859
720.643555	30506.851563
719.449219	30581.285156
718.253906	29916.285156
717.059570	29595.875000
715.864258	29500.361328
714.668945	29779.408203
713.473633	29420.773438
712.277344	29256.554688
711.081055	29118.705078
709.884766	28831.236328
708.687500	28582.310547
707.491211	28466.931641
706.293945	28782.150391
705.096680	28858.761719
703.898438	28496.892578
702.700195	28702.810547
701.501953	28575.402344
700.303711	28169.404297
699.105469	28096.669922
697.906250	28437.714844
696.707031	29121.644531
695.506836	29756.855469
694.307617	29786.699219
693.107422	30909.488281
691.907227	31949.128906
690.706055	33153.601563
689.505859	34738.421875
688.304688	35923.628906
687.102539	37775.062500
685.901367	39313.535156
684.699219	40831.203125
683.497070	43056.792969
682.294922	44416.000000
681.091797	46084.484375
679.889648	47585.265625
678.685547	48021.421875
677.482422	48095.433594
676.278320	47467.777344
675.075195	46016.304688
673.870117	45108.031250
672.666016	43924.902344
671.460938	43411.171875
670.255859	42927.785156
669.050781	42189.617188
667.845703	41138.621094
666.639648	40433.269531
665.433594	39668.027344
664.226563	39113.750000
663.020508	38790.351563
661.813477	38124.214844
660.606445	37336.070313
659.398438	36444.046875
658.191406	35470.253906
656.983398	33829.738281
655.775391	33093.285156
654.566406	32247.009766
653.358398	31437.136719
652.149414	30665.648438
650.939453	29798.433594
649.730469	29693.900391
648.520508	28613.232422
647.310547	27991.017578
646.099609	28120.880859
644.889648	27173.195313
643.678711	26709.585938
642.467773	26214.207031
641.255859	25317.492188
640.044922	24974.425781
638.833008	24783.269531
637.620117	24522.318359
636.408203	24451.101563
635.195313	24425.810547
633.982422	24302.769531
632.769531	24271.535156
631.555664	24353.986328
630.341797	24599.894531
629.127930	24610.472656
627.914063	24342.029297
626.699219	24717.289063
625.484375	25040.587891
624.269531	25134.703125
623.053711	25153.109375
621.838867	25024.187500
620.622070	25456.599609
619.406250	25797.285156
618.190430	25582.755859
616.973633	25527.439453
615.756836	25555.669922
614.539063	25544.121094
613.321289	25906.273438
612.104492	25538.919922
610.885742	25525.392578
609.667969	25547.623047
608.449219	25017.732422
607.230469	25488.800781
606.011719	25610.277344
604.791992	25501.472656
603.572266	24944.269531
602.352539	24619.417969
601.132813	24389.908203
599.912109	23825.376953
598.691406	23522.785156
597.470703	23150.949219
596.249023	22862.505859
595.028320	22455.312500
593.805664	22456.341797
592.583984	22203.880859
591.362305	21783.236328
590.139648	21576.558594
588.916992	21557.982422
587.693359	21298.019531
586.469727	21281.486328
585.246094	21213.539063
584.022461	21535.152344
582.798828	22060.246094
581.574219	22296.544922
580.349609	22599.921875
579.125000	22553.484375
577.899414	22990.980469
576.673828	23066.908203
575.448242	23217.824219
574.221680	23435.783203
572.996094	23618.123047
571.769531	23620.839844
570.541992	23860.261719
569.315430	24432.867188
568.087891	24526.097656
566.860352	24713.904297
565.632813	25185.429688
564.404297	24915.871094
563.175781	25115.285156
561.947266	24802.527344
560.717773	24858.128906
559.489258	25029.857422
558.259766	24662.207031
557.029297	24942.130859
555.799805	25351.777344
554.569336	25466.197266
553.338867	25509.771484
552.107422	25472.714844
550.876953	25528.058594
549.645508	25257.148438
548.413086	24939.201172
547.181641	24091.009766
545.949219	23689.005859
544.716797	23348.042969
543.484375	22657.802734
542.250977	22487.962891
541.017578	22304.462891
539.784180	22346.644531
538.550781	22514.333984
537.316406	22183.875000
536.082031	21777.099609
534.847656	21627.269531
533.612305	21446.150391
532.376953	21570.742188
531.141602	21742.289063
529.906250	21484.884766
528.669922	21591.761719
527.433594	21449.990234
526.197266	21922.791016
524.959961	21602.955078
523.722656	22151.804688
522.485352	22696.498047
521.248047	23852.964844
520.009766	24340.349609
518.771484	24082.869141
517.533203	23747.337891
516.294922	22964.580078
515.055664	22445.841797
513.816406	22196.808594
512.577148	21725.320313
511.336914	21784.949219
510.096680	21930.414063
508.856445	22471.871094
507.616211	23059.904297
506.375000	23238.140625
505.133789	23507.935547
503.892578	23742.521484
502.650391	23774.320313
