1802.318359	4782.188965
1801.348633	4989.458984
1800.379883	4798.710938
1799.410156	4900.098145
1798.440430	4759.357910
1797.470703	4860.711914
1796.500977	4894.666992
1795.530273	4871.240723
1794.559570	4810.417480
1793.588867	4961.543945
1792.618164	4955.566895
1791.647461	4882.301270
1790.675781	4814.048340
1789.705078	4912.735840
1788.733398	4921.716309
1787.761719	4982.988770
1786.789063	4892.361328
1785.817383	4988.463867
1784.844727	4902.848633
1783.872070	5021.304199
1782.899414	5137.224609
1781.926758	4984.474121
1780.953125	4983.477051
1779.980469	5288.291016
1779.006836	5038.656250
1778.033203	5112.206055
1777.058594	5222.998047
1776.084961	5167.298828
1775.110352	5233.326660
1774.135742	5217.379395
1773.161133	5149.299805
1772.186523	5183.020996
1771.210938	5303.591309
1770.236328	5461.332520
1769.260742	5504.893555
1768.285156	5469.066895
1767.308594	5574.603516
1766.333008	5754.476563
1765.356445	5559.976563
1764.379883	5737.301758
1763.403320	5753.497070
1762.426758	5967.871582
1761.449219	6068.226074
1760.472656	6057.104980
1759.495117	5989.043457
1758.517578	6128.937500
1757.539063	6063.363770
1756.561523	6146.275879
1755.583008	6300.896484
1754.604492	6171.019043
1753.625977	6177.200684
1752.647461	6311.942383
1751.667969	6271.126953
1750.688477	6143.829590
1749.709961	6053.645996
1748.729492	6109.250488
1747.750000	6038.868652
1746.770508	6200.637207
1745.790039	6046.321777
1744.809570	6010.551270
1743.829102	5856.335449
1742.847656	5889.704102
1741.867188	6011.868164
1740.885742	5936.669434
1739.904297	5908.352539
1738.922852	5929.355957
1737.941406	5871.472168
1736.958984	5813.611816
1735.977539	5861.723633
1734.995117	5786.643066
1734.011719	5753.462891
1733.029297	5626.722168
1732.046875	5832.397461
1731.063477	5865.687012
1730.080078	5962.948242
1729.096680	5843.646973
1728.112305	5832.633301
1727.128906	5883.111328
1726.144531	6073.731445
1725.160156	5752.905273
1724.175781	6054.084961
1723.191406	6052.868164
1722.206055	5973.027344
1721.220703	5895.674316
1720.235352	6024.659180
1719.250000	6060.281738
1718.264648	6039.422852
1717.278320	6099.572754
1716.291992	6149.881836
1715.305664	6332.663086
1714.319336	6309.312012
1713.333008	6312.948242
1712.345703	6355.816406
1711.358398	6310.409180
1710.371094	6598.370117
1709.383789	6430.401367
1708.396484	6544.263184
1707.408203	6807.506348
1706.419922	6938.389648
1705.431641	6981.068848
1704.443359	6825.431152
1703.455078	7107.985352
1702.465820	7140.814941
1701.476563	7288.624512
1700.487305	7348.311523
1699.498047	7571.834961
1698.507813	7736.583496
1697.518555	7925.712402
1696.528320	8192.979492
1695.538086	7954.289063
1694.547852	8328.943359
1693.556641	8322.380859
1692.565430	8381.759766
1691.575195	8563.203125
1690.583008	8541.948242
1689.591797	8950.275391
1688.600586	8880.144531
1687.608398	8839.318359
1686.616211	8815.583984
1685.624023	8933.307617
1684.631836	9099.750000
1683.638672	9283.190430
1682.645508	9264.257813
1681.652344	9350.116211
1680.659180	9311.685547
1679.666016	9356.089844
1678.671875	9003.511719
1677.678711	9293.879883
1676.684570	9201.933594
1675.690430	9273.094727
1674.695313	9151.988281
1673.701172	9060.125000
1672.706055	9393.969727
1671.710938	9297.229492
1670.715820	9283.196289
1669.719727	9424.749023
1668.724609	9264.868164
1667.728516	9365.056641
1666.732422	9382.602539
1665.736328	9616.319336
1664.739258	9359.386719
1663.743164	9646.429688
1662.746094	9518.251953
1661.749023	9487.206055
1660.751953	9827.429688
1659.753906	9580.416016
1658.755859	9787.078125
1657.758789	9705.075195
1656.759766	9712.812500
1655.761719	9725.395508
1654.763672	9699.195313
1653.764648	9595.465820
1652.765625	9608.062500
1651.766602	9751.448242
1650.767578	9710.731445
1649.767578	9841.931641
1648.767578	9743.117188
1647.768555	9683.063477
1646.767578	9383.487305
1645.767578	9463.842773
1644.766602	9563.514648
1643.766602	9336.687500
1642.765625	9615.254883
1641.764648	9427.184570
1640.762695	9376.943359
1639.761719	9418.539063
1638.759766	9317.587891
1637.757813	9272.228516
1636.755859	9337.966797
1635.752930	9427.820313
1634.750977	9276.256836
1633.748047	9218.874023
1632.745117	9376.254883
1631.741211	9362.295898
1630.738281	9237.396484
1629.734375	9209.001953
1628.730469	9161.332031
1627.726563	9123.321289
1626.722656	9266.068359
1625.718750	9230.460938
1624.713867	9336.993164
1623.708984	9277.299805
1622.704102	9306.724609
1621.698242	9345.766602
1620.693359	9365.536133
1619.687500	9289.038086
1618.681641	9210.165039
1617.675781	9290.085938
1616.669922	9490.226563
1615.663086	9586.889648
1614.656250	9289.249023
1613.649414	9412.351563
1612.642578	9614.705078
1611.635742	9643.990234
1610.627930	9646.839844
1609.620117	9690.514648
1608.612305	9558.889648
1607.604492	9525.743164
1606.595703	9737.425781
1605.587891	9841.036133
1604.579102	9939.805664
1603.570313	9901.809570
1602.560547	10065.278320
1601.551758	10159.145508
1600.541992	10188.248047
1599.532227	10555.280273
1598.522461	10615.442383
1597.512695	10534.227539
1596.501953	10625.505859
1595.491211	10759.853516
1594.480469	10958.792969
1593.469727	11018.808594
1592.458984	11150.598633
1591.447266	11294.299805
1590.435547	11478.612305
1589.423828	11519.335938
1588.412109	11679.612305
1587.400391	11710.713867
1586.387695	11612.717773
1585.375000	11885.203125
1584.362305	11760.926758
1583.349609	12016.546875
1582.335938	11777.645508
1581.323242	11823.013672
1580.309570	12176.351563
1579.294922	11966.205078
1578.281250	12269.251953
1577.267578	12295.391602
1576.252930	12197.469727
1575.238281	12476.431641
1574.223633	12531.125977
1573.208008	12621.559570
1572.193359	12607.076172
1571.177734	12642.643555
1570.162109	12618.628906
1569.145508	12658.941406
1568.129883	13058.875000
1567.113281	12815.716797
1566.096680	12596.462891
1565.080078	12798.602539
1564.063477	12424.754883
1563.045898	12569.743164
1562.029297	12619.519531
1561.011719	12590.790039
1559.994141	12592.983398
1558.975586	12357.441406
1557.958008	12200.429688
1556.939453	12145.666016
1555.920898	12081.420898
1554.902344	11748.779297
1553.882813	11527.894531
1552.864258	11658.515625
1551.844727	11411.624023
1550.825195	11262.145508
1549.804688	10939.497070
1548.785156	10918.289063
1547.764648	11008.574219
1546.744141	10778.664063
1545.723633	10790.694336
1544.703125	10786.125977
1543.681641	10565.879883
1542.660156	10677.467773
1541.638672	10651.600586
1540.617188	10547.578125
1539.595703	10341.766602
1538.573242	10417.791992
1537.550781	10313.878906
1536.528320	10401.711914
1535.505859	10527.368164
1534.482422	10503.929688
1533.459961	10286.548828
1532.436523	10518.564453
1531.413086	10218.517578
1530.388672	10388.992188
1529.365234	10197.805664
1528.340820	10224.080078
1527.316406	10273.966797
1526.291992	10378.155273
1525.267578	10397.291016
1524.242188	10126.023438
1523.216797	10473.303711
1522.191406	10364.967773
1521.166016	10459.590820
1520.139648	10504.635742
1519.114258	10811.458008
1518.087891	10585.237305
1517.061523	10785.826172
1516.034180	10797.765625
1515.007813	10969.949219
1513.980469	10821.629883
1512.953125	11130.363281
1511.925781	11509.625000
1510.897461	11504.918945
1509.870117	11530.819336
1508.841797	11794.432617
1507.813477	11926.157227
1506.785156	12184.875000
1505.755859	11886.000000
1504.726563	12170.488281
1503.697266	12358.457031
1502.667969	12452.314453
1501.638672	12271.143555
1500.608398	12414.326172
1499.579102	12444.679688
1498.548828	12709.910156
1497.517578	12620.419922
1496.487305	12411.220703
1495.456055	12310.088867
1494.424805	12345.123047
1493.393555	12159.571289
1492.362305	12030.398438
1491.331055	12079.539063
1490.298828	11783.935547
1489.266602	12046.461914
1488.234375	11511.886719
1487.201172	11593.901367
1486.168945	11408.762695
1485.135742	11340.833984
1484.102539	11448.594727
1483.069336	11287.015625
1482.035156	11427.519531
1481.001953	11567.965820
1479.967773	11689.631836
1478.933594	11928.236328
1477.898438	12166.742188
1476.864258	12264.820313
1475.829102	12374.548828
1474.793945	12673.599609
1473.758789	12792.547852
1472.722656	13018.945313
1471.687500	13121.416992
1470.651367	13576.576172
1469.615234	13755.961914
1468.579102	14353.237305
1467.541992	14357.299805
1466.504883	14664.784180
1465.468750	14853.130859
1464.430664	15223.379883
1463.393555	15460.517578
1462.355469	15893.455078
1461.318359	15838.900391
1460.280273	15968.529297
1459.241211	16098.104492
1458.203125	16157.718750
1457.164063	16238.275391
1456.125000	16248.919922
1455.085938	16282.847656
1454.046875	16547.261719
1453.006836	16336.690430
1451.967773	16470.652344
1450.927734	16695.306641
1449.886719	16403.406250
1448.846680	16595.417969
1447.805664	16587.359375
1446.764648	16737.402344
1445.723633	16499.193359
1444.682617	16646.867188
1443.641602	16390.185547
1442.599609	16361.265625
1441.557617	16299.841797
1440.515625	15959.790039
1439.472656	15533.976563
1438.430664	15774.505859
1437.387695	15355.866211
1436.344727	15099.810547
1435.301758	15082.790039
1434.257813	15063.457031
1433.213867	14728.778320
1432.169922	14941.352539
1431.125977	15003.180664
1430.082031	15016.318359
1429.037109	15126.757813
1427.993164	14956.869141
1426.948242	14842.630859
1425.902344	15124.376953
1424.857422	14963.850586
1423.811523	15083.440430
1422.765625	15098.850586
1421.719727	15225.302734
1420.673828	15125.023438
1419.626953	15087.223633
1418.580078	15158.107422
1417.533203	15497.109375
1416.486328	15346.006836
1415.439453	15266.597656
1414.391602	15390.516602
1413.343750	15331.916016
1412.295898	15312.595703
1411.248047	15094.728516
1410.199219	15013.139648
1409.150391	14931.583984
1408.101563	15228.463867
1407.052734	14757.034180
1406.003906	14885.459961
1404.954102	14953.878906
1403.904297	14644.174805
1402.854492	14551.265625
1401.804688	14469.915039
1400.753906	14460.022461
1399.703125	14118.422852
1398.652344	14279.032227
1397.601563	14034.317383
1396.550781	14100.489258
1395.499023	14256.397461
1394.447266	13922.089844
1393.395508	14004.346680
1392.343750	14206.179688
1391.291016	13855.989258
1390.239258	13811.746094
1389.186523	13779.013672
1388.132813	14006.005859
1387.080078	13851.458984
1386.026367	13958.876953
1384.972656	13861.825195
1383.918945	14042.680664
1382.865234	14177.541016
1381.810547	14156.252930
1380.756836	14534.304688
1379.702148	14538.189453
1378.646484	14792.125000
1377.591797	14711.089844
1376.536133	14962.589844
1375.480469	15103.938477
1374.424805	15155.833008
1373.369141	15006.036133
1372.312500	15177.071289
1371.256836	15471.735352
1370.200195	15289.899414
1369.142578	15220.337891
1368.085938	15185.144531
1367.028320	14994.322266
1365.970703	15236.082031
1364.913086	15205.480469
1363.855469	15115.416992
1362.796875	15354.712891
1361.739258	15244.075195
1360.680664	15414.663086
1359.621094	15422.905273
1358.562500	15787.616211
1357.502930	15651.846680
1356.443359	15698.862305
1355.383789	15907.998047
1354.324219	15968.638672
1353.263672	16300.897461
1352.203125	16594.218750
1351.142578	16949.027344
1350.082031	17251.216797
1349.021484	17405.025391
1347.959961	17805.050781
1346.898438	17976.917969
1345.836914	18602.318359
1344.774414	18814.970703
1343.712891	19378.417969
1342.650391	19768.503906
1341.587891	19948.892578
1340.525391	20167.916016
1339.461914	20773.867188
1338.398438	21006.285156
1337.335938	21791.585938
1336.271484	21803.000000
1335.208008	22041.880859
1334.143555	22369.355469
1333.079102	22510.244141
1332.014648	22426.017578
1330.950195	21891.806641
1329.885742	21996.345703
1328.820313	21553.316406
1327.754883	21571.566406
1326.689453	21199.205078
1325.623047	20690.769531
1324.556641	20411.812500
1323.491211	19763.039063
1322.423828	19559.265625
1321.357422	18856.488281
1320.291016	18662.058594
1319.223633	18399.677734
1318.156250	18026.314453
1317.087891	17911.509766
1316.020508	17556.529297
1314.952148	17509.839844
1313.883789	17291.005859
1312.815430	17230.798828
1311.747070	17000.789063
1310.677734	17151.208984
1309.608398	16986.947266
1308.539063	16625.878906
1307.469727	16792.115234
1306.399414	16594.097656
1305.330078	16454.962891
1304.259766	16406.326172
1303.189453	16335.103516
1302.118164	16042.416992
1301.046875	15643.646484
1299.976563	15653.954102
1298.904297	15284.791016
1297.833008	15496.151367
1296.761719	15079.759766
1295.689453	14778.662109
1294.617188	14583.760742
1293.543945	14382.170898
1292.471680	14306.994141
1291.398438	14035.625000
1290.325195	14222.126953
1289.251953	14147.028320
1288.178711	14123.802734
1287.104492	13931.568359
1286.030273	13813.765625
1284.956055	13759.083984
1283.881836	13990.449219
1282.806641	14147.412109
1281.732422	13955.368164
1280.657227	14188.796875
1279.581055	14446.880859
1278.505859	14470.875000
1277.429688	14634.318359
1276.353516	14705.489258
1275.277344	15014.960938
1274.201172	15104.004883
1273.124023	15145.812500
1272.046875	15551.619141
1270.969727	15519.178711
1269.892578	15471.028320
1268.814453	15449.844727
1267.737305	15473.571289
1266.659180	15091.000000
1265.581055	14971.160156
1264.501953	14766.106445
1263.422852	14475.892578
1262.344727	14040.016602
1261.264648	14205.269531
1260.185547	13623.907227
1259.105469	13506.757813
1258.026367	13387.416016
1256.946289	13295.008789
1255.865234	13442.320313
1254.785156	13242.440430
1253.704102	13344.918945
1252.623047	12851.882813
1251.541992	13140.164063
1250.459961	12983.026367
1249.378906	12928.865234
1248.296875	13024.587891
1247.214844	12880.987305
1246.131836	12961.027344
1245.049805	12790.674805
1243.966797	12765.659180
1242.883789	12470.289063
1241.800781	12657.575195
1240.716797	12308.745117
1239.632813	12395.500000
1238.548828	12091.519531
1237.464844	12124.710938
1236.380859	12102.097656
1235.295898	11954.547852
1234.210938	12103.741211
1233.125977	11722.077148
1232.041016	11817.741211
1230.955078	11853.172852
1229.869141	11676.850586
1228.783203	11623.161133
1227.697266	11587.316406
1226.610352	11386.656250
1225.524414	11439.953125
1224.437500	11433.111328
1223.349609	11424.046875
1222.262695	11461.721680
1221.174805	11154.487305
1220.086914	11301.209961
1218.999023	11410.058594
1217.911133	11467.715820
1216.822266	11423.078125
1215.733398	11287.324219
1214.644531	11351.635742
1213.555664	11629.218750
1212.465820	11333.564453
1211.376953	11462.230469
1210.287109	11544.212891
1209.196289	11401.939453
1208.106445	11581.558594
1207.015625	11559.166016
1205.924805	11372.604492
1204.833984	11654.149414
1203.743164	11565.223633
1202.651367	11285.652344
1201.559570	11649.056641
1200.467773	11269.850586
1199.375977	11280.788086
1198.283203	11056.891602
1197.190430	10970.412109
1196.097656	11136.415039
1195.004883	11003.459961
1193.911133	10817.435547
1192.818359	11001.068359
1191.724609	10859.373047
1190.629883	10750.917969
1189.536133	10945.505859
1188.441406	10850.343750
1187.346680	10918.815430
1186.251953	11042.514648
1185.157227	10960.649414
1184.061523	11020.215820
1182.965820	11000.237305
1181.870117	10942.722656
1180.774414	10993.421875
1179.677734	10885.159180
1178.581055	10869.636719
1177.484375	11057.124023
1176.387695	10695.211914
1175.291016	10931.179688
1174.193359	10816.424805
1173.095703	10723.764648
1171.998047	10732.538086
1170.899414	10800.809570
1169.800781	10483.468750
1168.702148	10441.619141
1167.603516	10413.000977
1166.504883	10439.442383
1165.405273	10443.858398
1164.305664	10377.837891
1163.206055	10197.415039
1162.106445	10287.680664
1161.005859	10494.488281
1159.906250	10410.916992
1158.804688	10303.194336
1157.704102	10274.653320
1156.603516	10547.221680
1155.501953	10457.115234
1154.400391	10509.841797
1153.298828	10812.937500
1152.196289	10764.552734
1151.093750	11240.910156
1149.992188	11365.861328
1148.888672	11675.103516
1147.786133	12034.679688
1146.682617	12152.802734
1145.579102	12398.081055
1144.475586	12834.021484
1143.372070	12721.712891
1142.267578	12885.617188
1141.163086	12740.472656
1140.058594	12816.667969
1138.954102	12581.790039
1137.848633	12301.020508
1136.744141	12355.362305
1135.638672	12109.782227
1134.532227	11971.544922
1133.426758	11824.612305
1132.320313	11568.357422
1131.213867	11450.002930
1130.107422	11252.975586
1129.000000	11486.727539
1127.893555	11143.324219
1126.786133	11309.252930
1125.677734	11226.033203
1124.570313	11123.187500
1123.461914	10989.808594
1122.354492	10749.492188
1121.245117	11022.295898
1120.136719	10974.142578
1119.027344	11111.490234
1117.918945	11078.608398
1116.808594	11045.739258
1115.699219	11010.702148
1114.589844	11021.466797
1113.479492	11221.872070
1112.369141	11339.375977
1111.257813	11363.135742
1110.147461	11450.060547
1109.036133	11515.166992
1107.924805	11630.330078
1106.813477	11675.776367
1105.701172	11732.085938
1104.589844	12260.602539
1103.477539	12164.463867
1102.364258	12188.003906
1101.251953	12300.700195
1100.138672	12389.430664
1099.025391	12460.731445
1097.912109	12414.636719
1096.798828	12379.424805
1095.684570	12242.119141
1094.570313	11779.062500
1093.456055	11806.981445
1092.341797	11628.628906
1091.226563	11532.836914
1090.111328	11222.233398
1088.996094	11052.793945
1087.880859	11000.568359
1086.764648	10902.818359
1085.648438	10863.655273
1084.532227	10670.584961
1083.416016	10536.117188
1082.299805	10453.713867
1081.182617	10592.334961
1080.065430	10559.773438
1078.947266	10592.195313
1077.830078	10600.785156
1076.711914	10702.454102
1075.593750	10470.781250
1074.475586	10626.529297
1073.357422	10394.968750
1072.238281	10425.216797
1071.119141	10481.401367
1070.000000	10431.624023
1068.879883	10790.396484
1067.760742	10645.486328
1066.640625	10526.563477
1065.519531	10448.733398
1064.399414	10686.252930
1063.278320	10636.491211
1062.157227	10940.792969
1061.036133	10925.530273
1059.915039	10901.641602
1058.792969	10925.226563
1057.670898	11136.457031
1056.548828	11351.911133
1055.426758	11437.909180
1054.303711	11502.314453
1053.181641	11471.864258
1052.057617	11428.499023
1050.934570	11684.590820
1049.811523	11716.579102
1048.687500	11455.701172
1047.563477	11575.991211
1046.438477	11567.084961
1045.314453	11616.284180
1044.189453	11740.764648
1043.064453	11499.512695
1041.939453	11714.289063
1040.813477	11539.797852
1039.687500	11584.648438
1038.561523	11586.494141
1037.435547	11521.726563
1036.309570	11716.931641
1035.182617	11600.613281
1034.055664	11830.077148
1032.928711	11977.858398
1031.800781	12144.894531
1030.673828	12022.142578
1029.545898	11835.075195
1028.416992	11802.535156
1027.289063	11913.703125
1026.160156	12016.245117
1025.031250	11715.713867
1023.902344	12064.735352
1022.773438	11940.034180
1021.643555	11903.224609
1020.513672	12072.057617
1019.383789	11958.139648
1018.252930	12101.195313
1017.123047	11580.606445
1015.992188	11879.909180
1014.861328	11823.897461
1013.729492	11872.731445
1012.598633	11729.053711
1011.466797	11936.121094
1010.334961	11674.906250
1009.202148	11871.208984
1008.070313	11964.852539
1006.937500	11896.082031
1005.804688	12186.196289
1004.670898	12672.663086
1003.538086	12667.837891
1002.404297	12558.414063
1001.270508	12536.539063
1000.135742	12013.232422
999.001953	11852.814453
997.867188	11413.056641
996.732422	11438.354492
995.596680	11288.818359
994.461914	11282.157227
993.326172	11192.386719
992.190430	11179.355469
991.054688	11304.790039
989.917969	11097.935547
988.781250	11084.930664
987.644531	11133.666992
986.507813	11329.237305
985.370117	11199.155273
984.232422	11156.352539
983.094727	11239.060547
981.957031	11151.609375
980.819336	11344.838867
979.680664	11370.059570
978.541992	11278.382813
977.402344	11290.857422
976.263672	11447.777344
975.124023	11438.970703
973.984375	11470.510742
972.844727	11595.446289
971.704102	11879.513672
970.563477	11847.277344
969.422852	11967.807617
968.282227	12033.136719
967.141602	12289.296875
966.000000	12203.992188
964.858398	12127.202148
963.715820	12374.700195
962.574219	12198.318359
961.431641	12176.654297
960.289063	12121.112305
959.146484	11870.781250
958.002930	12041.852539
956.860352	11937.689453
955.716797	12000.748047
954.572266	11822.586914
953.428711	11750.264648
952.284180	11821.778320
951.139648	11774.857422
949.995117	11681.450195
948.849609	11788.860352
947.704102	11898.336914
946.558594	12083.817383
945.413086	12074.905273
944.267578	12154.684570
943.121094	12407.548828
941.974609	12523.104492
940.827148	12735.685547
939.680664	13074.764648
938.533203	13531.826172
937.385742	14235.438477
936.238281	14786.938477
935.089844	15730.299805
933.942383	16243.305664
932.792969	17491.490234
931.644531	18507.402344
930.496094	19775.628906
929.346680	20879.062500
928.197266	21499.896484
927.047852	22520.394531
925.897461	22441.931641
924.747070	22188.865234
923.596680	21733.966797
922.446289	20953.277344
921.294922	20456.779297
920.144531	18982.964844
918.992188	17877.585938
917.840820	16753.767578
916.689453	15735.469727
915.537109	14936.050781
914.384766	14109.671875
913.231445	13527.189453
912.079102	13041.512695
910.925781	12660.973633
909.772461	12500.904297
908.619141	12261.189453
907.464844	12078.202148
906.310547	12111.265625
905.156250	11800.507813
904.001953	11814.751953
902.846680	11577.531250
901.691406	11575.054688
900.536133	11624.943359
899.380859	11547.067383
898.224609	11473.411133
897.069336	11454.209961
895.913086	11451.759766
894.755859	11411.646484
893.599609	11386.193359
892.442383	11228.988281
891.285156	11237.040039
890.126953	11508.497070
888.969727	11539.474609
887.811523	11507.749023
886.653320	11396.645508
885.494141	11369.139648
884.335938	11191.286133
883.176758	11330.864258
882.016602	11530.916992
880.857422	11248.791992
879.697266	11244.294922
878.538086	11460.924805
877.376953	11414.669922
876.216797	11472.694336
875.055664	11451.472656
873.894531	11569.907227
872.733398	11567.427734
871.572266	11406.609375
870.410156	11583.297852
869.248047	11630.793945
868.085938	11619.971680
866.922852	11580.010742
865.760742	11427.683594
864.597656	11502.218750
863.433594	11668.253906
862.270508	11530.561523
861.106445	11449.071289
859.942383	11448.693359
858.778320	11600.044922
857.613281	11489.498047
856.449219	11674.015625
855.284180	11575.960938
854.118164	11577.629883
852.953125	11512.856445
851.787109	11730.420898
850.621094	11516.214844
849.455078	11563.540039
848.288086	11363.981445
847.121094	11488.056641
845.954102	11562.311523
844.787109	11383.611328
843.619141	11422.619141
842.452148	11239.879883
841.283203	11463.291016
840.115234	11462.899414
838.947266	11561.911133
837.778320	11501.453125
836.609375	11629.392578
835.439453	11736.580078
834.269531	11804.408203
833.100586	11808.076172
831.929688	11735.216797
830.759766	11724.421875
829.588867	11862.481445
828.417969	12045.952148
827.247070	11985.500000
826.076172	11933.336914
824.904297	12279.852539
823.732422	12155.368164
822.560547	11826.532227
821.387695	11896.235352
820.215820	11732.699219
819.042969	11672.400391
817.869141	11820.480469
816.696289	11681.813477
815.522461	11941.174805
814.348633	11837.586914
813.174805	11554.723633
812.000000	11700.605469
810.825195	11677.483398
809.650391	11821.214844
808.475586	11851.618164
807.300781	11733.765625
806.125000	11782.700195
804.949219	11664.912109
803.772461	11666.513672
802.596680	11752.457031
801.419922	11700.563477
800.243164	11819.361328
799.065430	11975.111328
797.887695	11869.761719
796.710938	12017.211914
795.532227	12195.416016
794.354492	11870.301758
793.175781	12179.889648
791.997070	12203.954102
790.818359	11821.570313
789.639648	11851.856445
788.459961	11851.351563
787.280273	11680.582031
786.100586	11858.544922
784.919922	11544.310547
783.739258	11613.571289
782.558594	11750.438477
781.377930	11612.657227
780.196289	11356.108398
779.014648	11556.437500
777.833008	11334.823242
776.651367	11670.198242
775.468750	11686.100586
774.287109	11890.275391
773.103516	11764.943359
771.920898	11611.025391
770.737305	11643.286133
769.553711	11904.543945
768.370117	11762.958984
767.186523	12079.261719
766.001953	12080.738281
764.817383	12145.546875
763.632813	12484.026367
762.447266	12424.149414
761.262695	12548.046875
760.077148	12600.448242
758.890625	12591.601563
757.705078	13058.156250
756.518555	13161.408203
755.332031	13254.416016
754.145508	13547.207031
752.958008	13650.283203
751.770508	13902.096680
750.583008	14192.517578
749.395508	14590.785156
748.207031	15009.248047
747.018555	15708.547852
745.830078	16305.747070
744.640625	17165.265625
743.452148	17515.648438
742.262695	18317.562500
741.073242	19165.912109
739.882813	19554.271484
738.692383	20438.583984
737.501953	21208.673828
736.311523	21649.177734
735.120117	22375.996094
733.929688	22820.117188
732.738281	23394.033203
731.545898	23007.205078
730.354492	22393.158203
729.162109	22010.771484
727.969727	21478.376953
726.776367	21134.900391
725.583984	20481.216797
724.390625	19837.955078
723.196289	19132.117188
722.002930	18450.910156
720.808594	17573.408203
719.614258	16921.199219
718.419922	16323.967773
717.224609	15702.690430
716.030273	14984.484375
714.834961	15050.067383
713.638672	14670.329102
712.443359	14580.131836
711.247070	14542.574219
710.050781	14498.964844
708.853516	14301.678711
707.657227	14239.941406
706.459961	14174.186523
705.262695	14213.550781
704.064453	14370.088867
702.867188	14162.938477
701.668945	14329.515625
700.469727	14296.116211
699.271484	14341.462891
698.072266	14374.679688
696.873047	14506.757813
695.673828	14854.646484
694.473633	14948.238281
693.273438	15556.019531
692.073242	16012.324219
690.873047	16295.077148
689.671875	17206.474609
688.470703	17678.238281
687.269531	18580.878906
686.068359	18886.992188
684.866211	19644.000000
683.664063	19951.759766
682.461914	20362.029297
681.258789	20327.417969
680.055664	20208.328125
678.852539	20125.490234
677.649414	19777.248047
676.445313	19477.408203
675.242188	19153.578125
674.037109	19014.767578
672.833008	19068.896484
671.627930	18739.335938
670.422852	18853.746094
669.217773	19395.777344
668.012695	19546.126953
666.806641	19979.392578
665.600586	20534.865234
664.394531	21354.902344
663.187500	22120.425781
661.980469	22436.445313
660.773438	22892.660156
659.566406	22987.892578
658.358398	23307.519531
657.150391	22895.738281
655.942383	22660.400391
654.734375	22343.058594
653.525391	21699.498047
652.316406	20938.117188
651.107422	20677.388672
649.897461	19620.429688
648.688477	18797.980469
647.478516	18125.886719
646.267578	17522.070313
645.057617	16922.513672
643.846680	16389.173828
642.635742	15584.305664
641.423828	15560.928711
640.212891	15138.086914
639.000977	14865.199219
637.788086	14911.869141
636.576172	14561.300781
635.363281	14759.683594
634.150391	14800.357422
632.937500	14964.687500
631.723633	15031.223633
630.510742	15223.344727
629.295898	15257.897461
628.082031	15300.406250
626.867188	15309.022461
625.652344	15216.033203
624.437500	15358.106445
623.222656	15014.244141
622.006836	14981.102539
620.791016	14432.458984
619.575195	14345.727539
618.358398	14257.043945
617.141602	13949.596680
615.924805	13988.311523
614.708008	13649.243164
613.490234	13693.967773
612.272461	13661.165039
611.054688	13298.543945
609.836914	13140.690430
608.618164	13409.909180
607.399414	13111.119141
606.180664	13078.474609
604.960938	12930.727539
603.741211	12622.313477
602.521484	12897.297852
601.301758	12717.949219
600.081055	12612.050781
598.860352	12666.787109
597.639648	12558.960938
596.418945	12740.514648
595.197266	12523.747070
593.975586	12606.183594
592.753906	12446.971680
591.531250	12307.627930
590.308594	12566.235352
589.085938	12460.570313
587.863281	12558.755859
586.639648	12468.962891
585.416016	12575.012695
584.192383	12400.226563
582.967773	12595.206055
581.744141	12562.799805
580.519531	12724.064453
579.293945	12713.374023
578.069336	12900.210938
576.843750	12992.174805
575.618164	13086.071289
574.391602	13199.666016
573.166016	13330.970703
571.939453	13458.271484
570.711914	13500.692383
569.485352	13434.622070
568.257813	13120.137695
567.030273	13345.935547
565.802734	13358.776367
564.574219	13204.121094
563.345703	13238.656250
562.117188	12912.737305
560.888672	13215.125977
559.659180	13273.258789
558.429688	13008.561523
557.200195	12834.501953
555.969727	13010.722656
554.739258	13029.504883
553.508789	12973.547852
552.278320	13165.348633
551.046875	13015.030273
549.815430	12742.928711
548.583984	13158.645508
547.352539	13031.997070
546.120117	13001.639648
544.887695	12969.331055
543.655273	13033.228516
542.421875	12971.485352
541.188477	13013.767578
539.955078	13154.123047
538.721680	13131.619141
537.487305	13244.431641
536.252930	13127.809570
535.018555	13307.214844
533.783203	13545.331055
532.547852	13373.858398
531.312500	13633.400391
530.077148	13826.242188
528.840820	13772.295898
527.604492	14180.348633
526.368164	14408.167969
525.131836	15166.143555
523.894531	16189.833008
522.657227	17394.960938
521.419922	18339.494141
520.181641	17563.253906
518.943359	16038.775391
517.705078	14782.675781
516.465820	14255.841797
515.227539	13864.011719
513.988281	13956.647461
512.748047	13738.815430
511.508789	13675.280273
510.268555	13801.069336
509.028320	13532.683594
507.788086	13590.173828
506.546875	13425.312500
505.305664	13517.895508
504.064453	13581.196289
502.822266	13287.813477
501.580078	13547.934570
