1802.318359	10847.953125
1801.348633	11007.775391
1800.379883	10858.269531
1799.410156	10898.537109
1798.440430	10998.684570
1797.470703	10896.677734
1796.500977	10837.122070
1795.530273	11004.564453
1794.559570	11089.646484
1793.588867	10900.436523
1792.618164	11107.648438
1791.647461	10993.277344
1790.675781	11185.436523
1789.705078	10901.689453
1788.733398	11128.658203
1787.761719	11046.745117
1786.789063	11236.248047
1785.817383	11216.576172
1784.844727	11189.445313
1783.872070	11261.855469
1782.899414	11120.288086
1781.926758	11279.736328
1780.953125	11506.261719
1779.980469	11434.344727
1779.006836	11578.716797
1778.033203	11822.442383
1777.058594	11318.152344
1776.084961	11586.673828
1775.110352	11740.833008
1774.135742	11758.349609
1773.161133	11805.651367
1772.186523	11870.309570
1771.210938	11647.053711
1770.236328	11959.846680
1769.260742	11900.393555
1768.285156	12019.545898
1767.308594	12094.012695
1766.333008	12386.627930
1765.356445	12317.219727
1764.379883	12446.103516
1763.403320	12676.525391
1762.426758	12577.370117
1761.449219	12582.280273
1760.472656	12797.676758
1759.495117	12876.815430
1758.517578	12990.575195
1757.539063	13438.393555
1756.561523	13262.496094
1755.583008	13267.258789
1754.604492	13358.586914
1753.625977	13239.684570
1752.647461	13281.533203
1751.667969	13187.411133
1750.688477	13293.506836
1749.709961	13162.356445
1748.729492	13083.134766
1747.750000	13134.847656
1746.770508	12951.948242
1745.790039	12754.307617
1744.809570	12576.492188
1743.829102	12601.116211
1742.847656	12946.493164
1741.867188	12670.067383
1740.885742	12771.115234
1739.904297	12556.482422
1738.922852	12738.870117
1737.941406	12741.243164
1736.958984	12593.283203
1735.977539	12827.293945
1734.995117	12659.667969
1734.011719	12543.830078
1733.029297	12728.458008
1732.046875	12671.739258
1731.063477	12376.279297
1730.080078	12642.040039
1729.096680	12518.937500
1728.112305	12565.623047
1727.128906	12708.208984
1726.144531	12713.033203
1725.160156	12757.190430
1724.175781	12656.306641
1723.191406	12811.044922
1722.206055	12641.392578
1721.220703	12570.069336
1720.235352	12818.058594
1719.250000	12989.825195
1718.264648	12940.568359
1717.278320	13107.331055
1716.291992	12986.901367
1715.305664	13261.542969
1714.319336	13406.061523
1713.333008	12912.848633
1712.345703	13177.529297
1711.358398	13562.231445
1710.371094	13527.639648
1709.383789	13647.449219
1708.396484	13745.158203
1707.408203	13617.461914
1706.419922	13722.484375
1705.431641	14091.916016
1704.443359	13880.987305
1703.455078	14340.800781
1702.465820	14550.817383
1701.476563	14379.068359
1700.487305	14513.160156
1699.498047	14718.121094
1698.507813	14942.560547
1697.518555	15042.229492
1696.528320	15471.825195
1695.538086	15224.338867
1694.547852	15651.279297
1693.556641	15591.944336
1692.565430	15749.992188
1691.575195	16025.178711
1690.583008	16056.127930
1689.591797	16206.661133
1688.600586	16376.654297
1687.608398	16800.316406
1686.616211	16501.777344
1685.624023	16281.398438
1684.631836	16638.986328
1683.638672	16718.517578
1682.645508	16778.519531
1681.652344	16448.601563
1680.659180	16881.390625
1679.666016	16812.218750
1678.671875	16874.582031
1677.678711	16622.824219
1676.684570	16592.693359
1675.690430	16523.632813
1674.695313	16792.839844
1673.701172	16502.369141
1672.706055	16572.013672
1671.710938	16337.637695
1670.715820	16429.167969
1669.719727	16559.552734
1668.724609	16201.367188
1667.728516	16390.064453
1666.732422	16070.924805
1665.736328	16235.281250
1664.739258	16215.004883
1663.743164	16238.439453
1662.746094	16341.971680
1661.749023	16151.791992
1660.751953	16143.677734
1659.753906	15868.701172
1658.755859	15904.305664
1657.758789	16119.348633
1656.759766	16118.517578
1655.761719	16200.104492
1654.763672	16153.207031
1653.764648	16191.136719
1652.765625	15986.789063
1651.766602	16225.770508
1650.767578	16428.330078
1649.767578	16376.587891
1648.767578	16133.633789
1647.768555	16607.144531
1646.767578	16081.138672
1645.767578	16426.250000
1644.766602	16224.596680
1643.766602	16637.248047
1642.765625	16305.074219
1641.764648	16671.613281
1640.762695	16602.988281
1639.761719	16701.113281
1638.759766	16352.282227
1637.757813	16493.890625
1636.755859	16811.720703
1635.752930	16820.390625
1634.750977	16730.089844
1633.748047	16794.279297
1632.745117	16737.798828
1631.741211	16893.625000
1630.738281	16656.255859
1629.734375	16910.902344
1628.730469	16827.919922
1627.726563	16959.494141
1626.722656	16994.619141
1625.718750	16967.085938
1624.713867	16732.392578
1623.708984	17039.693359
1622.704102	16718.392578
1621.698242	16746.304688
1620.693359	16841.597656
1619.687500	16814.123047
1618.681641	16846.806641
1617.675781	17002.156250
1616.669922	16989.091797
1615.663086	16841.376953
1614.656250	16773.056641
1613.649414	17012.416016
1612.642578	16951.294922
1611.635742	17320.259766
1610.627930	16910.794922
1609.620117	17101.896484
1608.612305	17547.441406
1607.604492	17524.677734
1606.595703	17629.132813
1605.587891	17505.574219
1604.579102	17785.126953
1603.570313	17920.644531
1602.560547	17950.583984
1601.551758	18016.478516
1600.541992	18552.201172
1599.532227	18668.275391
1598.522461	19057.474609
1597.512695	19099.126953
1596.501953	19329.990234
1595.491211	19615.837891
1594.480469	20023.679688
1593.469727	20431.355469
1592.458984	20482.255859
1591.447266	20944.705078
1590.435547	21253.853516
1589.423828	21091.673828
1588.412109	21625.457031
1587.400391	21568.466797
1586.387695	21647.750000
1585.375000	21411.529297
1584.362305	21254.255859
1583.349609	21393.277344
1582.335938	21491.636719
1581.323242	21556.521484
1580.309570	21222.664063
1579.294922	21435.572266
1578.281250	21416.898438
1577.267578	21486.513672
1576.252930	21284.142578
1575.238281	21592.265625
1574.223633	21828.720703
1573.208008	21578.718750
1572.193359	21786.476563
1571.177734	21443.638672
1570.162109	21386.859375
1569.145508	21418.244141
1568.129883	21856.884766
1567.113281	21573.837891
1566.096680	21371.847656
1565.080078	21353.218750
1564.063477	21494.041016
1563.045898	21061.398438
1562.029297	21344.947266
1561.011719	21283.525391
1559.994141	20955.808594
1558.975586	21132.222656
1557.958008	20973.425781
1556.939453	20793.304688
1555.920898	20810.455078
1554.902344	20666.070313
1553.882813	20832.857422
1552.864258	20272.996094
1551.844727	20643.953125
1550.825195	20347.812500
1549.804688	20490.794922
1548.785156	20213.783203
1547.764648	20420.775391
1546.744141	20587.367188
1545.723633	20531.009766
1544.703125	20484.156250
1543.681641	20698.031250
1542.660156	20620.355469
1541.638672	20500.066406
1540.617188	20647.482422
1539.595703	20584.070313
1538.573242	20485.167969
1537.550781	21042.017578
1536.528320	20711.121094
1535.505859	20777.886719
1534.482422	20508.685547
1533.459961	20513.964844
1532.436523	20526.335938
1531.413086	20382.656250
1530.388672	20366.679688
1529.365234	20338.892578
1528.340820	20247.316406
1527.316406	20066.009766
1526.291992	19894.220703
1525.267578	19961.003906
1524.242188	19805.832031
1523.216797	20155.857422
1522.191406	19988.906250
1521.166016	20003.701172
1520.139648	19848.642578
1519.114258	20219.595703
1518.087891	20484.285156
1517.061523	20364.582031
1516.034180	20551.347656
1515.007813	20884.144531
1513.980469	20729.087891
1512.953125	21318.474609
1511.925781	21528.439453
1510.897461	21839.566406
1509.870117	21590.269531
1508.841797	22028.357422
1507.813477	22329.775391
1506.785156	22391.089844
1505.755859	22445.322266
1504.726563	22744.115234
1503.697266	22720.656250
1502.667969	22499.736328
1501.638672	22513.939453
1500.608398	22499.939453
1499.579102	22417.808594
1498.548828	22269.943359
1497.517578	22476.748047
1496.487305	22181.005859
1495.456055	22023.884766
1494.424805	22235.302734
1493.393555	21639.437500
1492.362305	21320.644531
1491.331055	21466.396484
1490.298828	21311.921875
1489.266602	21009.798828
1488.234375	21275.072266
1487.201172	21012.919922
1486.168945	21095.316406
1485.135742	21151.908203
1484.102539	21356.033203
1483.069336	21208.818359
1482.035156	21562.683594
1481.001953	21743.187500
1479.967773	22307.421875
1478.933594	22361.347656
1477.898438	22508.824219
1476.864258	23245.623047
1475.829102	23360.117188
1474.793945	23762.123047
1473.758789	24016.707031
1472.722656	24666.121094
1471.687500	25210.130859
1470.651367	25725.882813
1469.615234	26736.544922
1468.579102	27548.314453
1467.541992	27946.541016
1466.504883	28804.410156
1465.468750	29944.285156
1464.430664	31072.025391
1463.393555	31779.433594
1462.355469	33174.527344
1461.318359	33986.136719
1460.280273	35140.089844
1459.241211	35762.171875
1458.203125	36442.250000
1457.164063	37315.417969
1456.125000	37678.117188
1455.085938	38478.472656
1454.046875	38736.007813
1453.006836	38851.433594
1451.967773	39546.320313
1450.927734	40003.582031
1449.886719	40718.882813
1448.846680	40950.093750
1447.805664	40718.445313
1446.764648	40312.519531
1445.723633	39432.562500
1444.682617	38513.457031
1443.641602	37285.695313
1442.599609	36385.988281
1441.557617	34745.742188
1440.515625	33421.976563
1439.472656	32778.988281
1438.430664	31101.031250
1437.387695	30407.724609
1436.344727	29591.730469
1435.301758	28743.595703
1434.257813	28034.960938
1433.213867	27570.083984
1432.169922	27186.539063
1431.125977	26311.773438
1430.082031	26262.335938
1429.037109	25867.705078
1427.993164	25806.794922
1426.948242	25820.017578
1425.902344	25131.658203
1424.857422	25357.984375
1423.811523	25320.369141
1422.765625	25444.746094
1421.719727	26008.638672
1420.673828	26107.376953
1419.626953	25930.876953
1418.580078	26256.171875
1417.533203	26387.156250
1416.486328	26897.113281
1415.439453	26953.966797
1414.391602	26655.025391
1413.343750	26582.558594
1412.295898	26911.927734
1411.248047	26855.595703
1410.199219	26870.843750
1409.150391	26586.064453
1408.101563	26529.830078
1407.052734	26021.470703
1406.003906	25944.615234
1404.954102	25517.289063
1403.904297	25447.482422
1402.854492	24905.183594
1401.804688	24545.162109
1400.753906	24613.833984
1399.703125	24205.642578
1398.652344	24046.349609
1397.601563	24216.392578
1396.550781	23654.291016
1395.499023	23361.708984
1394.447266	23517.976563
1393.395508	23142.718750
1392.343750	23266.759766
1391.291016	22935.400391
1390.239258	22574.283203
1389.186523	22882.265625
1388.132813	22633.925781
1387.080078	22539.642578
1386.026367	22734.867188
1384.972656	22877.179688
1383.918945	23021.728516
1382.865234	22994.021484
1381.810547	23377.214844
1380.756836	23730.414063
1379.702148	23730.105469
1378.646484	23853.677734
1377.591797	24000.132813
1376.536133	23972.248047
1375.480469	24146.126953
1374.424805	24633.958984
1373.369141	24848.876953
1372.312500	25008.716797
1371.256836	25074.566406
1370.200195	24950.294922
1369.142578	24968.041016
1368.085938	25166.634766
1367.028320	25136.259766
1365.970703	25485.769531
1364.913086	25512.535156
1363.855469	26040.240234
1362.796875	25675.806641
1361.739258	26066.064453
1360.680664	26190.982422
1359.621094	26526.117188
1358.562500	26614.324219
1357.502930	27052.037109
1356.443359	27229.177734
1355.383789	27846.988281
1354.324219	28496.507813
1353.263672	28794.218750
1352.203125	29689.753906
1351.142578	30495.925781
1350.082031	30984.662109
1349.021484	31527.935547
1347.959961	31895.394531
1346.898438	32803.031250
1345.836914	33418.527344
1344.774414	34236.593750
1343.712891	34489.253906
1342.650391	35552.781250
1341.587891	36176.300781
1340.525391	37095.578125
1339.461914	37846.003906
1338.398438	39235.707031
1337.335938	40499.671875
1336.271484	41412.734375
1335.208008	42154.812500
1334.143555	43340.058594
1333.079102	44060.960938
1332.014648	44160.953125
1330.950195	44047.261719
1329.885742	44272.191406
1328.820313	43610.992188
1327.754883	43113.605469
1326.689453	41941.953125
1325.623047	41946.886719
1324.556641	40735.097656
1323.491211	39748.492188
1322.423828	38973.312500
1321.357422	38311.882813
1320.291016	37954.652344
1319.223633	37425.226563
1318.156250	36728.246094
1317.087891	36430.496094
1316.020508	36232.578125
1314.952148	35565.726563
1313.883789	35730.515625
1312.815430	35390.175781
1311.747070	34748.816406
1310.677734	34712.179688
1309.608398	34634.812500
1308.539063	34448.855469
1307.469727	33957.539063
1306.399414	33396.300781
1305.330078	32993.601563
1304.259766	32708.644531
1303.189453	31924.208984
1302.118164	31454.255859
1301.046875	31517.777344
1299.976563	30847.033203
1298.904297	30278.207031
1297.833008	30267.404297
1296.761719	29409.933594
1295.689453	28929.789063
1294.617188	28050.380859
1293.543945	27482.716797
1292.471680	27066.433594
1291.398438	26948.039063
1290.325195	26651.548828
1289.251953	26555.832031
1288.178711	26649.492188
1287.104492	26506.488281
1286.030273	26636.166016
1284.956055	26734.251953
1283.881836	26821.033203
1282.806641	27331.097656
1281.732422	27368.189453
1280.657227	28062.488281
1279.581055	28313.187500
1278.505859	28395.042969
1277.429688	29021.208984
1276.353516	28817.271484
1275.277344	28914.705078
1274.201172	28919.931641
1273.124023	28702.652344
1272.046875	28548.378906
1270.969727	28533.453125
1269.892578	28329.861328
1268.814453	27625.580078
1267.737305	27253.871094
1266.659180	26783.550781
1265.581055	25972.302734
1264.501953	25957.921875
1263.422852	25135.964844
1262.344727	25005.134766
1261.264648	24576.125000
1260.185547	24409.593750
1259.105469	23810.535156
1258.026367	23556.832031
1256.946289	22991.806641
1255.865234	22783.175781
1254.785156	22760.515625
1253.704102	21895.966797
1252.623047	21873.496094
1251.541992	21761.507813
1250.459961	21638.376953
1249.378906	21289.335938
1248.296875	21123.853516
1247.214844	21237.974609
1246.131836	20931.712891
1245.049805	20938.527344
1243.966797	20947.570313
1242.883789	20623.681641
1241.800781	20563.533203
1240.716797	20423.001953
1239.632813	20782.726563
1238.548828	20673.462891
1237.464844	20579.867188
1236.380859	20459.529297
1235.295898	20727.462891
1234.210938	20598.220703
1233.125977	20714.355469
1232.041016	20741.250000
1230.955078	20594.246094
1229.869141	20732.593750
1228.783203	20817.402344
1227.697266	20741.763672
1226.610352	21020.318359
1225.524414	21138.414063
1224.437500	20938.068359
1223.349609	21452.365234
1222.262695	21089.568359
1221.174805	21485.683594
1220.086914	21341.044922
1218.999023	21516.746094
1217.911133	21496.685547
1216.822266	21716.744141
1215.733398	21707.761719
1214.644531	21634.333984
1213.555664	21572.044922
1212.465820	21407.597656
1211.376953	21385.355469
1210.287109	21327.595703
1209.196289	21487.417969
1208.106445	21340.875000
1207.015625	21573.855469
1205.924805	21622.591797
1204.833984	21835.449219
1203.743164	21453.876953
1202.651367	21256.492188
1201.559570	21212.146484
1200.467773	21473.664063
1199.375977	21413.777344
1198.283203	21331.759766
1197.190430	21519.994141
1196.097656	21615.140625
1195.004883	21209.888672
1193.911133	21251.933594
1192.818359	21349.287109
1191.724609	21229.763672
1190.629883	21141.259766
1189.536133	20917.880859
1188.441406	20599.511719
1187.346680	20606.251953
1186.251953	20358.808594
1185.157227	20310.349609
1184.061523	20135.976563
1182.965820	20297.425781
1181.870117	20337.341797
1180.774414	20562.710938
1179.677734	20331.031250
1178.581055	20368.705078
1177.484375	20236.457031
1176.387695	20342.521484
1175.291016	20355.904297
1174.193359	20358.253906
1173.095703	20065.167969
1171.998047	20369.558594
1170.899414	20222.042969
1169.800781	20010.689453
1168.702148	20451.474609
1167.603516	20400.935547
1166.504883	20434.091797
1165.405273	20295.515625
1164.305664	20348.486328
1163.206055	20117.560547
1162.106445	20016.535156
1161.005859	20148.714844
1159.906250	19913.574219
1158.804688	19953.369141
1157.704102	20208.578125
1156.603516	19758.183594
1155.501953	20037.494141
1154.400391	19787.238281
1153.298828	20070.814453
1152.196289	19787.716797
1151.093750	19902.119141
1149.992188	19906.720703
1148.888672	19834.509766
1147.786133	19716.250000
1146.682617	20166.195313
1145.579102	20203.630859
1144.475586	20247.626953
1143.372070	20057.031250
1142.267578	20033.091797
1141.163086	20090.240234
1140.058594	20035.628906
1138.954102	20270.173828
1137.848633	20195.835938
1136.744141	20307.634766
1135.638672	19780.185547
1134.532227	20056.167969
1133.426758	20150.416016
1132.320313	20019.294922
1131.213867	20061.017578
1130.107422	20133.335938
1129.000000	20087.562500
1127.893555	19978.419922
1126.786133	20330.431641
1125.677734	20199.431641
1124.570313	20188.628906
1123.461914	20282.660156
1122.354492	20232.539063
1121.245117	20370.181641
1120.136719	20479.390625
1119.027344	20542.728516
1117.918945	20339.871094
1116.808594	20928.882813
1115.699219	20948.466797
1114.589844	20939.695313
1113.479492	21379.976563
1112.369141	21767.765625
1111.257813	22573.746094
1110.147461	23052.613281
1109.036133	23777.394531
1107.924805	24571.548828
1106.813477	25607.027344
1105.701172	26056.550781
1104.589844	27317.597656
1103.477539	27786.150391
1102.364258	28319.759766
1101.251953	28935.787109
1100.138672	29294.980469
1099.025391	29106.199219
1097.912109	28782.742188
1096.798828	28650.642578
1095.684570	27601.796875
1094.570313	26870.509766
1093.456055	25996.205078
1092.341797	25289.445313
1091.226563	24337.695313
1090.111328	23377.662109
1088.996094	22626.332031
1087.880859	21996.798828
1086.764648	21577.908203
1085.648438	21024.751953
1084.532227	20675.613281
1083.416016	20575.880859
1082.299805	20229.150391
1081.182617	20068.888672
1080.065430	20127.470703
1078.947266	19833.023438
1077.830078	20086.496094
1076.711914	19738.062500
1075.593750	19907.037109
1074.475586	19872.541016
1073.357422	20305.343750
1072.238281	20024.203125
1071.119141	19676.144531
1070.000000	19782.250000
1068.879883	19773.748047
1067.760742	20223.398438
1066.640625	19912.316406
1065.519531	20055.000000
1064.399414	20031.326172
1063.278320	20366.095703
1062.157227	20415.761719
1061.036133	20536.630859
1059.915039	20543.078125
1058.792969	20650.921875
1057.670898	20883.824219
1056.548828	20838.433594
1055.426758	20915.958984
1054.303711	21015.003906
1053.181641	21499.779297
1052.057617	21564.181641
1050.934570	21242.947266
1049.811523	21219.070313
1048.687500	21182.281250
1047.563477	21406.003906
1046.438477	21134.574219
1045.314453	21538.974609
1044.189453	21183.720703
1043.064453	21243.769531
1041.939453	21118.839844
1040.813477	21228.326172
1039.687500	21019.611328
1038.561523	21225.787109
1037.435547	21309.392578
1036.309570	21270.505859
1035.182617	21205.861328
1034.055664	21263.644531
1032.928711	21304.226563
1031.800781	21548.708984
1030.673828	21333.832031
1029.545898	21563.181641
1028.416992	21307.630859
1027.289063	21208.750000
1026.160156	21124.919922
1025.031250	21544.908203
1023.902344	21448.179688
1022.773438	21360.062500
1021.643555	21057.738281
1020.513672	21044.707031
1019.383789	21395.734375
1018.252930	20896.615234
1017.123047	20986.369141
1015.992188	20594.554688
1014.861328	20894.021484
1013.729492	20613.628906
1012.598633	20750.416016
1011.466797	20724.628906
1010.334961	20399.552734
1009.202148	20087.435547
1008.070313	20523.386719
1006.937500	20662.177734
1005.804688	20837.220703
1004.670898	21046.359375
1003.538086	21116.621094
1002.404297	21225.277344
1001.270508	21005.212891
1000.135742	20768.169922
999.001953	20731.759766
997.867188	20426.621094
996.732422	20315.660156
995.596680	20294.289063
994.461914	20300.636719
993.326172	20458.285156
992.190430	20338.884766
991.054688	20240.835938
989.917969	20374.966797
988.781250	20046.988281
987.644531	20464.232422
986.507813	20236.406250
985.370117	20515.115234
984.232422	20274.607422
983.094727	20540.425781
981.957031	20550.943359
980.819336	20499.800781
979.680664	20357.273438
978.541992	20811.986328
977.402344	20871.300781
976.263672	20813.753906
975.124023	20701.011719
973.984375	20637.152344
972.844727	21214.445313
971.704102	20781.189453
970.563477	21056.875000
969.422852	21109.675781
968.282227	20935.494141
967.141602	21232.173828
966.000000	21038.953125
964.858398	21121.384766
963.715820	21252.525391
962.574219	21195.027344
961.431641	21052.816406
960.289063	20857.716797
959.146484	21134.904297
958.002930	20863.652344
956.860352	21104.734375
955.716797	21032.521484
954.572266	20901.097656
953.428711	20505.322266
952.284180	20606.693359
951.139648	20407.779297
949.995117	20335.785156
948.849609	20373.720703
947.704102	20625.050781
946.558594	20671.355469
945.413086	20734.535156
944.267578	20755.455078
943.121094	21179.603516
941.974609	21354.500000
940.827148	21518.771484
939.680664	22104.939453
938.533203	22260.539063
937.385742	22922.220703
936.238281	23693.259766
935.089844	24402.833984
933.942383	25613.714844
932.792969	26027.572266
931.644531	27351.347656
930.496094	27981.599609
929.346680	28784.255859
928.197266	29087.599609
927.047852	29895.988281
925.897461	29561.308594
924.747070	29355.115234
923.596680	28732.503906
922.446289	27468.708984
921.294922	26705.884766
920.144531	25447.261719
918.992188	24643.156250
917.840820	23809.974609
916.689453	22773.363281
915.537109	22171.980469
914.384766	21503.652344
913.231445	21427.673828
912.079102	21030.568359
910.925781	20583.263672
909.772461	20564.175781
908.619141	20175.896484
907.464844	20228.208984
906.310547	19991.136719
905.156250	20121.029297
904.001953	20206.851563
902.846680	19743.619141
901.691406	19921.664063
900.536133	20082.875000
899.380859	20112.083984
898.224609	19823.039063
897.069336	19892.062500
895.913086	20243.580078
894.755859	20143.000000
893.599609	19927.406250
892.442383	20149.017578
891.285156	20025.517578
890.126953	20094.400391
888.969727	19941.701172
887.811523	19989.671875
886.653320	19903.912109
885.494141	20227.585938
884.335938	19757.558594
883.176758	20243.976563
882.016602	19970.361328
880.857422	19982.779297
879.697266	19865.826172
878.538086	19911.634766
877.376953	19896.939453
876.216797	19976.083984
875.055664	19948.871094
873.894531	20144.687500
872.733398	19656.916016
871.572266	19696.453125
870.410156	19521.427734
869.248047	19704.667969
868.085938	19284.031250
866.922852	19577.566406
865.760742	19654.533203
864.597656	19138.460938
863.433594	19544.167969
862.270508	19142.728516
861.106445	19604.404297
859.942383	19531.591797
858.778320	19292.531250
857.613281	19749.716797
856.449219	19606.279297
855.284180	19539.755859
854.118164	19496.105469
852.953125	19572.894531
851.787109	19213.726563
850.621094	19338.275391
849.455078	19525.015625
848.288086	19284.332031
847.121094	19497.962891
845.954102	19296.785156
844.787109	19128.861328
843.619141	19367.257813
842.452148	19261.556641
841.283203	19363.080078
840.115234	19445.916016
838.947266	19400.318359
837.778320	19441.699219
836.609375	19538.953125
835.439453	19702.388672
834.269531	19588.488281
833.100586	19468.431641
831.929688	19666.933594
830.759766	19840.535156
829.588867	19916.894531
828.417969	19914.677734
827.247070	19850.466797
826.076172	20133.375000
824.904297	20118.714844
823.732422	20137.103516
822.560547	20454.861328
821.387695	20749.775391
820.215820	20697.843750
819.042969	20945.117188
817.869141	20600.230469
816.696289	20804.105469
815.522461	20345.980469
814.348633	20397.263672
813.174805	20382.566406
812.000000	20382.298828
810.825195	20775.537109
809.650391	20593.919922
808.475586	20575.068359
807.300781	20665.345703
806.125000	20611.492188
804.949219	20969.263672
803.772461	20596.437500
802.596680	21005.486328
801.419922	20970.107422
800.243164	21158.876953
799.065430	20936.400391
797.887695	21225.804688
796.710938	21145.197266
795.532227	21064.623047
794.354492	21070.351563
793.175781	21162.326172
791.997070	21239.888672
790.818359	20857.609375
789.639648	21097.330078
788.459961	20571.615234
787.280273	20542.562500
786.100586	20630.421875
784.919922	20578.808594
783.739258	20254.560547
782.558594	20172.304688
781.377930	19922.048828
780.196289	19872.677734
779.014648	19944.173828
777.833008	20032.021484
776.651367	19921.232422
775.468750	20154.378906
774.287109	20315.794922
773.103516	20399.388672
771.920898	20358.162109
770.737305	20353.765625
769.553711	20312.562500
768.370117	20561.669922
767.186523	20782.052734
766.001953	20861.341797
764.817383	21377.796875
763.632813	21246.539063
762.447266	21613.609375
761.262695	22002.978516
760.077148	21771.646484
758.890625	22081.220703
757.705078	22762.000000
756.518555	22952.908203
755.332031	23688.267578
754.145508	24086.869141
752.958008	24943.976563
751.770508	26124.773438
750.583008	27370.263672
749.395508	28710.964844
748.207031	30336.238281
747.018555	33131.718750
745.830078	36233.410156
744.640625	39632.976563
743.452148	43252.886719
742.262695	47495.851563
741.073242	50927.378906
739.882813	54450.968750
738.692383	55337.894531
737.501953	55535.296875
736.311523	53933.929688
735.120117	51520.468750
733.929688	49463.562500
732.738281	46099.527344
731.545898	44203.074219
730.354492	42632.269531
729.162109	41770.531250
727.969727	41984.707031
726.776367	42284.000000
725.583984	42445.226563
724.390625	41659.300781
723.196289	40729.757813
722.002930	38791.101563
720.808594	36780.328125
719.614258	34146.335938
718.419922	32271.134766
717.224609	31125.878906
716.030273	29859.623047
714.834961	29144.574219
713.638672	28569.494141
712.443359	27850.986328
711.247070	27163.134766
710.050781	27282.650391
708.853516	26672.064453
707.657227	26468.134766
706.459961	26337.062500
705.262695	25832.164063
704.064453	25792.207031
702.867188	25142.195313
701.668945	24767.138672
700.469727	24840.511719
699.271484	24576.712891
698.072266	24831.744141
696.873047	24507.521484
695.673828	25149.806641
694.473633	25335.962891
693.273438	25584.550781
692.073242	25782.623047
690.873047	26625.640625
689.671875	27381.630859
688.470703	27976.103516
687.269531	28795.931641
686.068359	29301.220703
684.866211	29798.234375
683.664063	30621.150391
682.461914	30654.746094
681.258789	30388.505859
680.055664	30774.195313
678.852539	30405.460938
677.649414	29890.089844
676.445313	29640.322266
675.242188	28753.480469
674.037109	28564.353516
672.833008	28493.845703
671.627930	28421.359375
670.422852	28196.271484
669.217773	28497.335938
668.012695	28368.681641
666.806641	28284.236328
665.600586	28185.779297
664.394531	28295.996094
663.187500	28711.025391
661.980469	28790.998047
660.773438	29189.695313
659.566406	29265.517578
658.358398	29834.267578
657.150391	29803.728516
655.942383	29216.353516
654.734375	29416.257813
653.525391	29047.457031
652.316406	29055.138672
651.107422	28506.457031
649.897461	27913.992188
648.688477	27441.810547
647.478516	27227.830078
646.267578	26316.097656
645.057617	26224.400391
643.846680	25443.195313
642.635742	25445.640625
641.423828	24960.617188
640.212891	24455.830078
639.000977	24174.919922
637.788086	23812.273438
636.576172	24124.453125
635.363281	24384.609375
634.150391	24536.910156
632.937500	24874.654297
631.723633	25317.949219
630.510742	25601.537109
629.295898	25731.505859
628.082031	25658.126953
626.867188	25788.021484
625.652344	25567.238281
624.437500	25159.330078
623.222656	25028.386719
622.006836	24332.097656
620.791016	23958.558594
619.575195	23619.009766
618.358398	23086.623047
617.141602	22992.070313
615.924805	23046.707031
614.708008	22683.789063
613.490234	22482.041016
612.272461	22224.732422
611.054688	22243.716797
609.836914	22165.355469
608.618164	21916.224609
607.399414	21659.257813
606.180664	21890.761719
604.960938	21526.732422
603.741211	21704.583984
602.521484	21626.433594
601.301758	21746.662109
600.081055	21466.265625
598.860352	21665.777344
597.639648	21655.089844
596.418945	21638.462891
595.197266	21411.822266
593.975586	21575.511719
592.753906	21881.716797
591.531250	21494.789063
590.308594	21763.263672
589.085938	21509.128906
587.863281	21652.822266
586.639648	21857.777344
585.416016	21694.765625
584.192383	21860.070313
582.967773	21703.056641
581.744141	22137.091797
580.519531	21972.179688
579.293945	22151.103516
578.069336	22478.089844
576.843750	22601.525391
575.618164	22651.855469
574.391602	23017.990234
573.166016	23162.931641
571.939453	23390.677734
570.711914	23482.208984
569.485352	23546.087891
568.257813	23588.248047
567.030273	23604.761719
565.802734	23570.021484
564.574219	23700.816406
563.345703	23524.224609
562.117188	23544.669922
560.888672	23571.011719
559.659180	23179.968750
558.429688	23298.886719
557.200195	22782.125000
555.969727	23019.123047
554.739258	22876.380859
553.508789	22861.527344
552.278320	22807.355469
551.046875	22586.119141
549.815430	22357.117188
548.583984	22387.576172
547.352539	22249.080078
546.120117	22379.710938
544.887695	22178.439453
543.655273	22432.701172
542.421875	22386.558594
541.188477	22301.187500
539.955078	22516.013672
538.721680	22458.109375
537.487305	22719.867188
536.252930	22667.822266
535.018555	22715.763672
533.783203	22994.923828
532.547852	22999.666016
531.312500	23208.121094
530.077148	23208.894531
528.840820	23560.140625
527.604492	23656.751953
526.368164	23943.158203
525.131836	24910.357422
523.894531	26467.912109
522.657227	28052.162109
521.419922	29021.726563
520.181641	28118.019531
518.943359	25746.865234
517.705078	24261.957031
516.465820	23697.871094
515.227539	23245.365234
513.988281	22709.087891
512.748047	22991.087891
511.508789	22966.507813
510.268555	22678.482422
509.028320	22972.003906
507.788086	22820.646484
506.546875	22751.263672
505.305664	22960.730469
504.064453	22854.304688
502.822266	22720.642578
501.580078	22347.369141
