1802.219727	13799.398438
1801.250000	13931.749023
1800.281250	13879.033203
1799.311523	13883.749023
1798.341797	14085.621094
1797.372070	13733.481445
1796.402344	13561.098633
1795.431641	13683.098633
1794.460938	13510.793945
1793.491211	13904.510742
1792.519531	13829.443359
1791.548828	13913.906250
1790.578125	13928.566406
1789.606445	13831.116211
1788.634766	13997.718750
1787.663086	13569.095703
1786.690430	13962.245117
1785.718750	14138.675781
1784.746094	14046.254883
1783.773438	14441.559570
1782.800781	14418.769531
1781.828125	14398.474609
1780.854492	14778.548828
1779.880859	14576.694336
1778.908203	14872.064453
1777.933594	14560.920898
1776.959961	14647.457031
1775.986328	14413.493164
1775.011719	14616.757813
1774.037109	14159.400391
1773.062500	14300.565430
1772.086914	14694.861328
1771.112305	14694.400391
1770.136719	15130.639648
1769.161133	15184.666992
1768.185547	15099.778320
1767.209961	15662.138672
1766.233398	15297.030273
1765.257813	15720.313477
1764.281250	15603.165039
1763.304688	15689.239258
1762.327148	15591.958984
1761.350586	15591.312500
1760.373047	15570.854492
1759.395508	15691.523438
1758.417969	15903.729492
1757.440430	16296.508789
1756.461914	16525.826172
1755.483398	16416.140625
1754.504883	16677.494141
1753.526367	16508.472656
1752.547852	16178.817383
1751.568359	16217.594727
1750.589844	16122.903320
1749.610352	16295.099609
1748.630859	16491.927734
1747.650391	16463.921875
1746.670898	16366.785156
1745.690430	15877.139648
1744.709961	15775.220703
1743.729492	16169.379883
1742.749023	15887.324219
1741.767578	16000.079102
1740.786133	16285.433594
1739.804688	16168.735352
1738.823242	16000.309570
1737.841797	15952.730469
1736.859375	16104.785156
1735.876953	15956.182617
1734.895508	15674.615234
1733.912109	16008.885742
1732.929688	16436.593750
1731.946289	16300.349609
1730.963867	16311.844727
1729.980469	15929.585938
1728.997070	15904.242188
1728.012695	15792.810547
1727.029297	15841.286133
1726.044922	15953.674805
1725.060547	16385.615234
1724.076172	16465.894531
1723.090820	16651.810547
1722.106445	16378.197266
1721.121094	16497.730469
1720.135742	15949.184570
1719.150391	16370.779297
1718.164063	16193.183594
1717.178711	16432.923828
1716.192383	16405.080078
1715.206055	16666.761719
1714.219727	16256.208008
1713.232422	16897.955078
1712.246094	17237.843750
1711.258789	17300.568359
1710.271484	17635.333984
1709.284180	17247.046875
1708.295898	17084.324219
1707.307617	17200.916016
1706.320313	17344.400391
1705.332031	17421.712891
1704.342773	17841.728516
1703.354492	18009.470703
1702.365234	18385.146484
1701.375977	18971.082031
1700.386719	19410.011719
1699.397461	19278.931641
1698.408203	19475.552734
1697.417969	19654.978516
1696.427734	19685.240234
1695.437500	19629.958984
1694.447266	19704.187500
1693.456055	20274.248047
1692.464844	20477.750000
1691.474609	20910.689453
1690.482422	20789.298828
1689.491211	20890.062500
1688.500000	21217.722656
1687.507813	21115.859375
1686.515625	21697.019531
1685.523438	21582.904297
1684.530273	21463.957031
1683.538086	21442.566406
1682.544922	21396.810547
1681.551758	21275.531250
1680.558594	21422.291016
1679.565430	21758.984375
1678.571289	21659.621094
1677.577148	21952.300781
1676.583008	22235.123047
1675.588867	22279.316406
1674.594727	21990.121094
1673.599609	21883.505859
1672.604492	21918.007813
1671.609375	22027.884766
1670.614258	22225.244141
1669.619141	21965.517578
1668.623047	21406.953125
1667.626953	21776.839844
1666.630859	21682.556641
1665.634766	21736.474609
1664.638672	21957.931641
1663.641602	21399.925781
1662.644531	21384.933594
1661.647461	21369.943359
1660.650391	21354.951172
1659.652344	21339.960938
1658.655273	21324.968750
1657.657227	21407.962891
1656.659180	21711.552734
1655.660156	21985.929688
1654.662109	21991.183594
1653.663086	21775.935547
1652.664063	22023.482422
1651.665039	21922.148438
1650.666016	21559.326172
1649.666016	21504.125000
1648.666992	22041.994141
1647.666992	22250.509766
1646.666016	22105.673828
1645.666016	22089.109375
1644.666016	22135.435547
1643.665039	22111.615234
1642.664063	22068.460938
1641.663086	22209.029297
1640.661133	21846.867188
1639.660156	22125.144531
1638.658203	21898.423828
1637.656250	21852.935547
1636.653320	22155.187500
1635.651367	22160.361328
1634.648438	21842.089844
1633.646484	21953.507813
1632.642578	22221.708984
1631.639648	22089.361328
1630.636719	21850.945313
1629.632813	21798.296875
1628.628906	22071.128906
1627.625000	22594.525391
1626.621094	22712.853516
1625.616211	23127.484375
1624.611328	22563.943359
1623.607422	22621.992188
1622.601563	22692.054688
1621.596680	22417.830078
1620.590820	22446.986328
1619.585938	22196.982422
1618.580078	22678.488281
1617.574219	21985.931641
1616.567383	22395.132813
1615.561523	22498.796875
1614.554688	22590.398438
1613.547852	22814.154297
1612.540039	22912.859375
1611.533203	23686.638672
1610.525391	23948.464844
1609.518555	24114.123047
1608.509766	23809.097656
1607.501953	23626.626953
1606.494141	23933.851563
1605.485352	23492.267578
1604.476563	24065.693359
1603.467773	24451.792969
1602.458984	25139.900391
1601.449219	24971.759766
1600.439453	24966.693359
1599.429688	25117.414063
1598.419922	25033.244141
1597.410156	25421.062500
1596.399414	25506.923828
1595.388672	25884.908203
1594.377930	25992.185547
1593.367188	26685.894531
1592.356445	26903.054688
1591.344727	27479.046875
1590.333008	27380.167969
1589.321289	27463.107422
1588.309570	27457.531250
1587.297852	27805.802734
1586.285156	27757.130859
1585.272461	27918.785156
1584.259766	28140.109375
1583.247070	28124.837891
1582.233398	28740.119141
1581.219727	28777.263672
1580.206055	29191.611328
1579.192383	29016.205078
1578.178711	29217.933594
1577.164063	29035.431641
1576.149414	28655.001953
1575.134766	28849.521484
1574.120117	28710.121094
1573.105469	28830.640625
1572.089844	29218.072266
1571.074219	29374.183594
1570.058594	28894.068359
1569.042969	29336.035156
1568.026367	29308.634766
1567.010742	29362.203125
1565.994141	29491.929688
1564.977539	29283.615234
1563.959961	29470.414063
1562.943359	29250.287109
1561.925781	29767.662109
1560.908203	29364.433594
1559.890625	29474.970703
1558.872070	29402.408203
1557.854492	29258.568359
1556.835938	29359.548828
1555.817383	29130.242188
1554.798828	29639.765625
1553.779297	29127.882813
1552.760742	29411.628906
1551.741211	29438.875000
1550.721680	29451.867188
1549.701172	28798.054688
1548.681641	29186.017578
1547.661133	29222.769531
1546.640625	29029.468750
1545.620117	29704.035156
1544.599609	29268.917969
1543.578125	29322.205078
1542.556641	29214.339844
1541.535156	29378.960938
1540.513672	29711.681641
1539.492188	30006.376953
1538.469727	29860.570313
1537.447266	29911.296875
1536.424805	30103.998047
1535.402344	30133.353516
1534.378906	29897.736328
1533.356445	29884.544922
1532.333008	29963.582031
1531.308594	30014.212891
1530.285156	29582.611328
1529.261719	29749.097656
1528.237305	29828.091797
1527.212891	29741.687500
1526.188477	29357.724609
1525.163086	29760.250000
1524.137695	29447.261719
1523.113281	29597.039063
1522.087891	29541.441406
1521.061523	29700.572266
1520.036133	29484.562500
1519.009766	29716.750000
1517.983398	29599.857422
1516.957031	29824.851563
1515.930664	29502.919922
1514.903320	30114.310547
1513.875977	30117.583984
1512.848633	30028.988281
1511.821289	30797.683594
1510.793945	30657.179688
1509.765625	30989.914063
1508.737305	31475.498047
1507.708984	31254.927734
1506.680664	31286.185547
1505.651367	31406.812500
1504.622070	31456.835938
1503.593750	31530.349609
1502.563477	31587.375000
1501.534180	32128.537109
1500.503906	31727.201172
1499.474609	31626.742188
1498.444336	31408.878906
1497.413086	31672.519531
1496.382813	31342.033203
1495.351563	31333.277344
1494.320313	31059.318359
1493.289063	31372.082031
1492.257813	31032.537109
1491.225586	30901.878906
1490.194336	30872.105469
1489.162109	30828.277344
1488.129883	30913.386719
1487.096680	30963.306641
1486.064453	30942.912109
1485.031250	30695.289063
1483.998047	31183.197266
1482.963867	31223.648438
1481.930664	31207.890625
1480.896484	31522.177734
1479.862305	31925.261719
1478.828125	31914.044922
1477.793945	32637.359375
1476.758789	33166.257813
1475.724609	33344.187500
1474.689453	33856.355469
1473.653320	34316.890625
1472.618164	34875.382813
1471.582031	34893.937500
1470.545898	35846.843750
1469.509766	36115.082031
1468.473633	36978.617188
1467.437500	37601.343750
1466.400391	38135.125000
1465.363281	38605.679688
1464.326172	39498.316406
1463.288086	40355.601563
1462.250977	41536.687500
1461.212891	42113.402344
1460.174805	43109.480469
1459.136719	44077.183594
1458.097656	44413.007813
1457.058594	45028.253906
1456.019531	45333.460938
1454.980469	45922.648438
1453.941406	46211.242188
1452.901367	46194.781250
1451.862305	46138.753906
1450.822266	46778.472656
1449.781250	47480.734375
1448.741211	47829.171875
1447.700195	49182.035156
1446.659180	49037.093750
1445.618164	48366.886719
1444.577148	48387.171875
1443.535156	47601.191406
1442.494141	46645.953125
1441.452148	45714.332031
1440.410156	44174.710938
1439.367188	42970.027344
1438.324219	41833.148438
1437.282227	40877.742188
1436.239258	39820.640625
1435.195313	38993.617188
1434.152344	38037.054688
1433.108398	37593.320313
1432.064453	37312.042969
1431.020508	36771.289063
1429.976563	36511.148438
1428.931641	36580.097656
1427.886719	36215.863281
1426.841797	35629.453125
1425.796875	35622.128906
1424.750977	35371.738281
1423.706055	35396.867188
1422.660156	35398.843750
1421.613281	35574.328125
1420.567383	35631.777344
1419.521484	35652.199219
1418.474609	35852.949219
1417.427734	36028.187500
1416.379883	36150.195313
1415.333008	36651.093750
1414.285156	36816.812500
1413.237305	36381.949219
1412.189453	36173.558594
1411.141602	36713.281250
1410.092773	36862.683594
1409.043945	36430.464844
1407.995117	36418.351563
1406.946289	36025.613281
1405.897461	35778.335938
1404.847656	35383.582031
1403.797852	35048.929688
1402.748047	34841.183594
1401.698242	34260.199219
1400.647461	34271.574219
1399.596680	33769.261719
1398.545898	33637.941406
1397.495117	33251.089844
1396.444336	32974.894531
1395.392578	32592.941406
1394.340820	32565.513672
1393.289063	32158.488281
1392.237305	31797.632813
1391.184570	31887.666016
1390.131836	31720.146484
1389.079102	31511.314453
1388.026367	31548.486328
1386.973633	31050.250000
1385.919922	31397.634766
1384.866211	31549.642578
1383.812500	31586.767578
1382.758789	32138.158203
1381.704102	32475.843750
1380.649414	32398.000000
1379.594727	32962.644531
1378.540039	32971.898438
1377.484375	33010.968750
1376.429688	33439.839844
1375.374023	33925.843750
1374.318359	33994.480469
1373.261719	33866.007813
1372.206055	34683.839844
1371.149414	34665.226563
1370.092773	34974.121094
1369.036133	34937.132813
1367.978516	34941.363281
1366.921875	35668.855469
1365.864258	35723.273438
1364.806641	35766.230469
1363.748047	35962.417969
1362.690430	36554.164063
1361.631836	36917.015625
1360.573242	37222.566406
1359.513672	37013.750000
1358.455078	38114.343750
1357.395508	38241.253906
1356.335938	39069.328125
1355.276367	39239.371094
1354.216797	40103.421875
1353.156250	40839.281250
1352.095703	41903.472656
1351.035156	42608.988281
1349.974609	42591.050781
1348.914063	43350.867188
1347.852539	43738.675781
1346.791016	44709.960938
1345.729492	46027.308594
1344.666992	46006.390625
1343.605469	46737.359375
1342.542969	47515.863281
1341.480469	47865.875000
1340.416992	48985.367188
1339.354492	49628.593750
1338.291016	50009.808594
1337.227539	50987.066406
1336.164063	51213.125000
1335.099609	51534.621094
1334.036133	52326.742188
1332.971680	52152.199219
1331.907227	52127.757813
1330.842773	51260.128906
1329.777344	50865.492188
1328.711914	50207.484375
1327.646484	50038.089844
1326.581055	48519.851563
1325.514648	48135.183594
1324.449219	46894.894531
1323.382813	46644.613281
1322.316406	45929.285156
1321.249023	44463.367188
1320.182617	44370.230469
1319.115234	43968.742188
1318.047852	43238.679688
1316.980469	43145.847656
1315.912109	42570.355469
1314.843750	42178.625000
1313.775391	42595.742188
1312.707031	41538.316406
1311.638672	41554.609375
1310.569336	41668.238281
1309.500000	41120.914063
1308.430664	41150.851563
1307.361328	40728.289063
1306.291016	40613.527344
1305.221680	40265.878906
1304.151367	39599.562500
1303.080078	39505.445313
1302.009766	39330.000000
1300.938477	39265.343750
1299.867188	39040.316406
1298.795898	38153.585938
1297.724609	37861.132813
1296.652344	37650.074219
1295.580078	37107.281250
1294.507813	36077.246094
1293.435547	35812.531250
1292.363281	35171.195313
1291.290039	35159.378906
1290.216797	34595.105469
1289.143555	34718.679688
1288.069336	33942.855469
1286.996094	34075.519531
1285.921875	34000.847656
1284.847656	33856.375000
1283.772461	33874.109375
1282.698242	34222.828125
1281.623047	34494.863281
1280.547852	34291.878906
1279.472656	34622.289063
1278.396484	34741.078125
1277.321289	34895.804688
1276.245117	35120.175781
1275.167969	35508.585938
1274.091797	35413.535156
1273.014648	35397.175781
1271.938477	35421.273438
1270.860352	35283.605469
1269.783203	35343.644531
1268.706055	34774.898438
1267.627930	34561.113281
1266.549805	34522.496094
1265.471680	34075.453125
1264.392578	33525.386719
1263.313477	33166.218750
1262.235352	33228.839844
1261.155273	32540.263672
1260.076172	32311.546875
1258.996094	32042.580078
1257.916992	31693.048828
1256.835938	31083.771484
1255.755859	30765.943359
1254.675781	30329.550781
1253.594727	30117.242188
1252.513672	29631.914063
1251.432617	29572.025391
1250.350586	29250.357422
1249.269531	28816.962891
1248.187500	29077.125000
1247.104492	28804.953125
1246.022461	28787.771484
1244.939453	28386.121094
1243.857422	28176.833984
1242.774414	28246.927734
1241.690430	28783.876953
1240.607422	28132.412109
1239.523438	28316.347656
1238.439453	28017.984375
1237.355469	28029.996094
1236.270508	28004.066406
1235.186523	27844.277344
1234.101563	27762.626953
1233.015625	27859.423828
1231.930664	27710.908203
1230.844727	27669.457031
1229.759766	27991.314453
1228.673828	27751.500000
1227.586914	27848.187500
1226.500977	27889.150391
1225.414063	28277.494141
1224.327148	27579.162109
1223.240234	28158.839844
1222.152344	28079.517578
1221.064453	28160.431641
1219.977539	28145.652344
1218.888672	28393.326172
1217.800781	28289.552734
1216.711914	28165.814453
1215.623047	28411.099609
1214.534180	28178.492188
1213.445313	27990.414063
1212.355469	28308.882813
1211.266602	27967.613281
1210.176758	28274.847656
1209.085938	27927.064453
1207.996094	27872.398438
1206.905273	27642.449219
1205.814453	27516.867188
1204.723633	27877.101563
1203.631836	27458.791016
1202.541016	27834.402344
1201.449219	27531.542969
1200.357422	27452.648438
1199.264648	26839.781250
1198.172852	26947.148438
1197.080078	26790.900391
1195.987305	26645.789063
1194.893555	26910.312500
1193.800781	27247.769531
1192.707031	27578.443359
1191.613281	27546.121094
1190.519531	27633.261719
1189.424805	27443.914063
1188.331055	27427.113281
1187.236328	27343.996094
1186.141602	27187.976563
1185.045898	27460.712891
1183.950195	27289.265625
1182.855469	27667.888672
1181.758789	27222.626953
1180.663086	27609.931641
1179.566406	27454.042969
1178.470703	27068.689453
1177.374023	27122.593750
1176.276367	27247.068359
1175.179688	27316.349609
1174.082031	27189.341797
1172.984375	27240.964844
1171.886719	27109.615234
1170.788086	27205.304688
1169.689453	27040.964844
1168.590820	27134.421875
1167.492188	26824.806641
1166.393555	26922.671875
1165.293945	27256.046875
1164.194336	26785.923828
1163.094727	27103.783203
1161.995117	27060.697266
1160.894531	26557.912109
1159.793945	26723.871094
1158.693359	27045.867188
1157.592773	27227.041016
1156.491211	26882.873047
1155.390625	26901.402344
1154.289063	26662.892578
1153.186523	26545.281250
1152.084961	26627.544922
1150.982422	26663.667969
1149.879883	26770.013672
1148.777344	26514.216797
1147.673828	26975.984375
1146.571289	27047.095703
1145.467773	26797.976563
1144.364258	27059.855469
1143.259766	27032.248047
1142.156250	27070.406250
1141.051758	27200.578125
1139.947266	27672.466797
1138.841797	27257.050781
1137.737305	27152.777344
1136.631836	27138.312500
1135.526367	26948.732422
1134.420898	26680.443359
1133.314453	27092.757813
1132.208008	26529.220703
1131.101563	26921.705078
1129.995117	26491.824219
1128.887695	26488.439453
1127.781250	26450.082031
1126.673828	26413.925781
1125.566406	26266.353516
1124.458008	26533.878906
1123.349609	26639.677734
1122.242188	26736.695313
1121.132813	26611.003906
1120.024414	26718.898438
1118.915039	26595.441406
1117.805664	26995.628906
1116.696289	27314.943359
1115.586914	27747.519531
1114.476563	27903.017578
1113.367188	28605.580078
1112.255859	28898.126953
1111.145508	29482.521484
1110.035156	30044.882813
1108.923828	30957.658203
1107.812500	31469.384766
1106.700195	32107.164063
1105.588867	33164.753906
1104.476563	33956.410156
1103.364258	34095.027344
1102.251953	34575.089844
1101.139648	35050.601563
1100.026367	35199.765625
1098.913086	35074.957031
1097.799805	34300.359375
1096.685547	34054.109375
1095.572266	33432.121094
1094.458008	32669.210938
1093.342773	31947.882813
1092.228516	30968.496094
1091.113281	30206.583984
1089.999023	29546.988281
1088.882813	29104.642578
1087.767578	28556.187500
1086.651367	27762.886719
1085.536133	28095.291016
1084.419922	27759.843750
1083.302734	27348.677734
1082.186523	27063.365234
1081.069336	27198.478516
1079.952148	26443.279297
1078.834961	26582.794922
1077.716797	26737.404297
1076.598633	26759.900391
1075.480469	26314.910156
1074.362305	26962.814453
1073.243164	26848.955078
1072.125000	27003.335938
1071.005859	26937.085938
1069.886719	27218.935547
1068.766602	27338.552734
1067.646484	27574.812500
1066.526367	28037.832031
1065.406250	28150.714844
1064.286133	28302.421875
1063.165039	28415.197266
1062.043945	28745.958984
1060.922852	28912.546875
1059.801758	29266.792969
1058.679688	29463.400391
1057.557617	29646.982422
1056.435547	29701.093750
1055.313477	29929.820313
1054.190430	29718.712891
1053.067383	29891.300781
1051.944336	29923.761719
1050.821289	30038.068359
1049.697266	29870.183594
1048.573242	29616.236328
1047.449219	29840.322266
1046.325195	29840.464844
1045.200195	29522.123047
1044.075195	29696.597656
1042.950195	29533.289063
1041.825195	29307.681641
1040.699219	29282.126953
1039.574219	28992.175781
1038.448242	29181.613281
1037.321289	28891.802734
1036.195313	28662.263672
1035.068359	28671.228516
1033.941406	28793.998047
1032.814453	28373.546875
1031.686523	29022.205078
1030.559570	28998.888672
1029.431641	29059.255859
1028.302734	29175.369141
1027.174805	29308.587891
1026.045898	29486.777344
1024.916992	29028.201172
1023.788086	29435.701172
1022.658203	29195.894531
1021.529297	29281.826172
1020.399414	29307.746094
1019.269531	28834.695313
1018.138672	29068.373047
1017.008789	28974.447266
1015.877930	29175.890625
1014.746094	28825.220703
1013.615234	28968.849609
1012.483398	28770.218750
1011.351563	28657.201172
1010.219727	28676.775391
1009.087891	28760.458984
1007.955078	28587.675781
1006.822266	28953.353516
1005.689453	28829.728516
1004.556641	28706.154297
1003.422852	28937.056641
1002.289063	29187.072266
1001.155273	29040.017578
1000.021484	29172.544922
998.886719	28837.824219
997.751953	28533.101563
996.617188	28597.410156
995.482422	28378.142578
994.346680	28363.589844
993.210938	28042.171875
992.075195	27916.902344
990.939453	28043.037109
989.802734	27730.406250
988.666016	27796.906250
987.529297	28163.533203
986.392578	27842.556641
985.254883	27519.587891
984.118164	27800.937500
982.979492	27739.724609
981.841797	27767.851563
980.704102	27929.904297
979.565430	27870.826172
978.426758	27805.394531
977.287109	28073.564453
976.148438	27884.908203
975.008789	27796.148438
973.869141	27834.826172
972.729492	28136.722656
971.588867	28156.203125
970.448242	28729.513672
969.307617	28975.861328
968.166992	28819.097656
967.025391	29027.146484
965.883789	29474.685547
964.742188	28930.000000
963.600586	29339.218750
962.458008	29140.158203
961.316406	29193.267578
960.173828	28954.078125
959.030273	28882.271484
957.887695	29125.927734
956.744141	28698.525391
955.600586	28601.417969
954.457031	28582.630859
953.312500	28443.283203
952.167969	28441.451172
951.023438	28285.273438
949.878906	27858.585938
948.733398	27996.361328
947.588867	27958.697266
946.442383	27971.750000
945.296875	28168.544922
944.151367	28202.658203
943.004883	29110.777344
941.858398	28859.726563
940.710938	29102.582031
939.564453	29906.541016
938.416992	30518.205078
937.269531	30925.039063
936.122070	32097.070313
934.973633	33110.500000
933.825195	34492.316406
932.676758	35584.867188
931.528320	37338.437500
930.378906	38806.921875
929.230469	40415.863281
928.081055	41836.742188
926.930664	43048.628906
925.781250	43510.824219
924.630859	43352.152344
923.480469	42568.800781
922.330078	41339.933594
921.178711	40216.718750
920.027344	38501.167969
918.875977	37265.542969
917.724609	35374.843750
916.572266	33566.882813
915.419922	32358.300781
914.267578	31618.511719
913.115234	30769.867188
911.961914	29892.195313
910.809570	29688.539063
909.655273	28727.544922
908.501953	28442.414063
907.347656	28107.066406
906.194336	28214.283203
905.040039	27851.873047
903.884766	28011.492188
902.730469	27940.541016
901.575195	27662.216797
900.419922	27562.044922
899.263672	27627.347656
898.108398	27604.687500
896.952148	27445.978516
895.795898	27188.974609
894.638672	27304.509766
893.482422	27601.984375
892.325195	27263.542969
891.167969	27376.890625
890.009766	27212.152344
888.851563	26942.978516
887.694336	27244.380859
886.535156	26898.013672
885.376953	27328.794922
884.217773	27084.878906
883.058594	27114.570313
881.899414	27398.908203
880.740234	26806.611328
879.580078	27057.505859
878.419922	27016.244141
877.259766	27248.212891
876.099609	27359.140625
874.938477	27061.419922
873.777344	27503.732422
872.616211	27287.373047
871.454102	27677.361328
870.292969	27533.955078
869.130859	27384.361328
867.967773	27320.193359
866.805664	27485.023438
865.642578	27447.910156
864.479492	27475.314453
863.316406	27099.140625
862.152344	27403.214844
860.989258	27141.576172
859.825195	27584.792969
858.660156	27316.990234
857.496094	27450.353516
856.331055	27550.417969
855.166016	27282.789063
854.000977	27737.951172
852.834961	27653.099609
851.668945	27653.390625
850.502930	27286.345703
849.336914	27772.232422
848.169922	27581.644531
847.002930	27621.347656
845.835938	27802.035156
844.668945	27758.746094
843.500977	27725.837891
842.333008	28003.773438
841.165039	27591.691406
839.997070	27846.748047
838.828125	27954.662109
837.659180	27768.527344
836.490234	27936.437500
835.321289	28025.630859
834.151367	28133.406250
832.981445	27788.099609
831.811523	27842.103516
830.641602	28501.933594
829.470703	28191.908203
828.299805	28349.128906
827.128906	28359.562500
825.957031	28097.281250
824.786133	28560.111328
823.614258	28229.748047
822.441406	28533.371094
821.269531	28221.730469
820.096680	28603.642578
818.923828	28046.582031
817.750977	28160.191406
816.577148	27855.080078
815.403320	27834.648438
814.229492	27983.271484
813.055664	27964.878906
811.881836	28070.132813
810.707031	27742.695313
809.532227	28682.150391
808.356445	28509.167969
807.181641	28692.443359
806.005859	28659.503906
804.830078	28289.064453
803.653320	28653.328125
802.477539	28248.076172
801.300781	28556.656250
800.124023	28435.355469
798.946289	28743.757813
797.768555	28786.890625
796.590820	29064.257813
795.413086	29413.410156
794.235352	29368.042969
793.056641	28975.642578
791.877930	29230.138672
790.699219	28959.041016
789.519531	28999.996094
788.340820	28638.781250
787.161133	28638.757813
785.980469	28856.126953
784.800781	28696.115234
783.620117	28386.521484
782.439453	28279.966797
781.257813	28527.955078
780.077148	28433.705078
778.895508	28704.080078
777.713867	27948.388672
776.532227	28384.583984
775.349609	28179.904297
774.166992	28988.316406
772.984375	28736.533203
771.800781	28337.572266
770.618164	28652.541016
769.434570	28758.810547
768.250977	29181.892578
767.066406	29312.525391
765.881836	29753.691406
764.697266	29606.300781
763.512695	29744.919922
762.328125	29981.496094
761.142578	30240.425781
759.957031	30450.253906
758.770508	31176.294922
757.584961	31183.835938
756.398438	31680.937500
755.211914	32192.095703
754.025391	32996.644531
752.837891	33766.187500
751.650391	34906.328125
750.462891	36274.187500
749.274414	37861.472656
748.086914	40466.453125
746.898438	43204.699219
745.709961	46023.191406
744.520508	49343.218750
743.331055	53129.855469
742.141602	57089.820313
740.952148	59727.921875
739.762695	61705.968750
738.572266	62326.980469
737.381836	61768.691406
736.191406	59627.433594
735.000000	56999.441406
733.808594	54683.398438
732.617188	51832.156250
731.425781	49772.054688
730.233398	48352.339844
729.041016	47351.359375
727.848633	46957.566406
726.656250	46231.210938
725.462891	46125.855469
724.269531	45406.070313
723.076172	44528.449219
721.881836	43866.078125
720.687500	42626.394531
719.493164	41296.070313
718.298828	40324.875000
717.104492	39159.671875
715.909180	38808.972656
714.713867	38618.355469
713.517578	38120.167969
712.322266	37201.292969
711.125977	36327.324219
709.929688	35633.750000
708.732422	35571.417969
707.536133	35486.867188
706.338867	35216.390625
705.141602	34772.222656
703.943359	34184.792969
702.745117	34296.554688
701.546875	33673.125000
700.348633	33211.500000
699.150391	33476.820313
697.951172	34089.167969
696.751953	33948.585938
695.551758	34207.511719
694.352539	34034.691406
693.152344	34041.414063
691.952148	35146.910156
690.750977	35881.042969
689.550781	36594.703125
688.349609	37048.140625
687.147461	37310.011719
685.946289	38043.027344
684.744141	38630.750000
683.541992	39999.277344
682.339844	40511.847656
681.136719	40718.343750
679.934570	41158.105469
678.731445	40992.273438
677.527344	40693.796875
676.324219	40968.414063
675.120117	40217.816406
673.916016	40195.003906
672.710938	40477.578125
671.505859	40701.777344
670.300781	40717.019531
669.095703	40957.128906
667.890625	40739.449219
666.684570	40971.410156
665.478516	41885.480469
664.272461	42249.488281
663.065430	43686.335938
661.858398	44432.777344
660.651367	45058.605469
659.444336	44976.640625
658.236328	44542.023438
657.028320	44085.554688
655.820313	43246.710938
654.612305	42782.710938
653.403320	41542.082031
652.194336	41517.015625
650.985352	40483.328125
649.775391	40598.558594
648.565430	39899.578125
647.355469	39606.890625
646.145508	38758.464844
644.934570	38300.222656
643.723633	37106.679688
642.512695	36397.222656
641.301758	35919.808594
640.089844	35352.722656
638.877930	35215.214844
637.666016	34906.070313
636.453125	34940.371094
635.241211	34146.488281
634.028320	34262.738281
632.814453	34526.542969
631.601563	34511.031250
630.387695	34882.332031
629.173828	35281.375000
627.958984	35624.437500
626.744141	35568.839844
625.530273	35921.644531
624.314453	35674.800781
623.099609	35366.335938
621.883789	35372.546875
620.667969	35181.707031
619.452148	34756.140625
618.235352	34627.187500
617.018555	34514.203125
615.801758	34474.843750
614.584961	34222.765625
613.367188	33859.476563
612.149414	33466.539063
610.931641	33383.722656
609.712891	32744.732422
608.495117	32602.525391
607.276367	33020.312500
606.056641	32483.058594
604.837891	32503.744141
603.618164	32290.269531
602.398438	31850.728516
601.177734	32145.242188
599.958008	31616.687500
598.737305	31585.980469
597.516602	31376.894531
596.294922	31201.587891
595.073242	31311.654297
593.851563	30934.390625
592.629883	30264.193359
591.407227	30524.861328
590.184570	30642.890625
588.961914	30687.638672
587.739258	30542.414063
586.515625	30569.357422
585.291992	31314.220703
584.068359	31251.998047
582.844727	31041.531250
581.620117	31829.279297
580.395508	31539.732422
579.169922	31823.238281
577.945313	32165.875000
576.719727	32585.373047
575.494141	32647.335938
574.267578	32861.257813
573.041992	32565.929688
571.815430	33081.644531
570.587891	33652.359375
569.361328	33794.867188
568.133789	33659.296875
566.906250	33679.515625
565.678711	33837.679688
564.450195	33174.109375
563.221680	33164.863281
561.993164	33179.253906
560.763672	32851.007813
559.535156	32737.492188
558.305664	33303.074219
557.075195	32890.394531
555.845703	32780.871094
554.615234	33078.558594
553.384766	32959.207031
552.153320	33077.804688
550.922852	32811.074219
549.691406	32628.962891
548.459961	31969.480469
547.227539	31750.308594
545.995117	31792.435547
544.762695	31708.875000
543.530273	31878.589844
542.296875	31742.052734
541.063477	32423.820313
539.830078	32567.755859
538.596680	32160.482422
537.362305	32369.117188
536.127930	32256.138672
534.893555	32070.681641
533.658203	32867.085938
532.422852	32436.671875
531.187500	32492.222656
529.952148	32639.789063
528.715820	32847.984375
527.479492	33191.152344
526.243164	33277.789063
525.005859	33397.652344
523.769531	34331.238281
522.532227	34619.007813
521.293945	35184.304688
520.056641	34795.355469
518.818359	34457.394531
517.580078	33611.527344
516.340820	33203.640625
515.101563	32557.640625
513.862305	32405.970703
512.623047	32125.511719
511.382813	32602.509766
510.143555	32690.953125
508.902344	32763.748047
507.662109	32791.644531
506.420898	33104.250000
505.179688	33130.105469
503.938477	33015.593750
502.697266	32608.800781
