1802.318359	4834.630859
1801.348633	4909.547852
1800.379883	4828.671875
1799.410156	4727.857910
1798.440430	4654.537598
1797.470703	4628.655273
1796.500977	4627.730469
1795.530273	4818.861816
1794.559570	4753.061523
1793.588867	4764.578125
1792.618164	4796.031250
1791.647461	4842.425293
1790.675781	4846.440918
1789.705078	4977.507813
1788.733398	4827.067871
1787.761719	4828.593262
1786.789063	4879.912598
1785.817383	5015.845703
1784.844727	4902.848633
1783.872070	4934.215332
1782.899414	5007.861328
1781.926758	5001.885254
1780.953125	5087.921387
1779.980469	5076.958496
1779.006836	4991.426270
1778.033203	5122.146973
1777.058594	5071.426758
1776.084961	5087.801758
1775.110352	5243.261719
1774.135742	5272.011719
1773.161133	5119.506348
1772.186523	5284.794922
1771.210938	5412.790039
1770.236328	5441.481934
1769.260742	5418.065430
1768.285156	5528.594238
1767.308594	5589.481934
1766.333008	5382.580078
1765.356445	5641.777344
1764.379883	5603.472656
1763.403320	5770.841797
1762.426758	5749.867188
1761.449219	6031.073730
1760.472656	6022.436035
1759.495117	5991.519531
1758.517578	6047.251465
1757.539063	6130.184082
1756.561523	6166.070801
1755.583008	6382.533691
1754.604492	6225.433105
1753.625977	6352.773926
1752.647461	6262.495117
1751.667969	6263.711426
1750.688477	6220.441895
1749.709961	6105.534180
1748.729492	6114.191406
1747.750000	6004.290527
1746.770508	6129.024902
1745.790039	6098.168945
1744.809570	6008.083008
1743.829102	5873.610840
1742.847656	5879.834473
1741.867188	5969.930664
1740.885742	5916.937988
1739.904297	5770.261230
1738.922852	5776.499512
1737.941406	5802.454102
1736.958984	5823.469238
1735.977539	5935.641602
1734.995117	5725.057129
1734.011719	5743.611328
1733.029297	5895.130371
1732.046875	6108.137695
1731.063477	5924.762207
1730.080078	5716.850098
1729.096680	6028.183594
1728.112305	5881.833008
1727.128906	5816.705078
1726.144531	5985.207520
1725.160156	5762.739258
1724.175781	5899.229980
1723.191406	6001.260742
1722.206055	5894.402344
1721.220703	5905.500488
1720.235352	5882.209473
1719.250000	6062.737305
1718.264648	6073.793457
1717.278320	6129.027344
1716.291992	6125.341309
1715.305664	6163.366699
1714.319336	6240.625977
1713.333008	6168.246094
1712.345703	6510.297852
1711.358398	6354.538086
1710.371094	6463.559570
1709.383789	6494.117188
1708.396484	6642.268066
1707.408203	6601.737793
1706.419922	6896.754395
1705.431641	6922.301758
1704.443359	7018.834473
1703.455078	6978.259766
1702.465820	7060.058594
1701.476563	7376.704590
1700.487305	7240.679688
1699.498047	7647.651367
1698.507813	7724.357910
1697.518555	7827.924316
1696.528320	7931.449219
1695.538086	8171.779785
1694.547852	8275.192383
1693.556641	8439.631836
1692.565430	8437.931641
1691.575195	8519.250977
1690.583008	8620.068359
1689.591797	8740.369141
1688.600586	8848.420898
1687.608398	8944.228516
1686.616211	9037.558594
1685.624023	8989.400391
1684.631836	9150.955078
1683.638672	9034.533203
1682.645508	9288.630859
1681.652344	9296.505859
1680.659180	9080.233398
1679.666016	9209.938477
1678.671875	9300.625000
1677.678711	9332.837891
1676.684570	9155.680664
1675.690430	9270.661133
1674.695313	9169.021484
1673.701172	9155.007813
1672.706055	9257.754883
1671.710938	9479.624023
1670.715820	9154.331055
1669.719727	9295.909180
1668.724609	9225.980469
1667.728516	9318.887695
1666.732422	9348.589844
1665.736328	9448.719727
1664.739258	9478.382813
1663.743164	9498.321289
1662.746094	9384.738281
1661.749023	9649.815430
1660.751953	9613.895508
1659.753906	9660.475586
1658.755859	9585.757813
1657.758789	9620.198242
1656.759766	9642.500977
1655.761719	9657.521484
1654.763672	9655.570313
1653.764648	9813.543945
1652.765625	9801.871094
1651.766602	9870.131836
1650.767578	9645.347656
1649.767578	9759.613281
1648.767578	9757.640625
1647.768555	9286.157227
1646.767578	9639.972656
1645.767578	9526.741211
1644.766602	9662.680664
1643.766602	9619.617188
1642.765625	9482.280273
1641.764648	9627.813477
1640.762695	9439.778320
1639.761719	9445.118164
1638.759766	9281.351563
1637.757813	9267.397461
1636.755859	9342.795898
1635.752930	9495.420898
1634.750977	9384.878906
1633.748047	9271.966797
1632.745117	9344.888672
1631.741211	9439.491211
1630.738281	9234.985352
1629.734375	9165.597656
1628.730469	9375.899414
1627.726563	9198.042969
1626.722656	9208.230469
1625.718750	9394.300781
1624.713867	9464.666016
1623.708984	9568.720703
1622.704102	9263.381836
1621.698242	9331.322266
1620.693359	9471.443359
1619.687500	9585.036133
1618.681641	9299.186523
1617.675781	9444.039063
1616.669922	9475.795898
1615.663086	9716.734375
1614.656250	9524.845703
1613.649414	9513.300781
1612.642578	9790.129883
1611.635742	9588.730469
1610.627930	9740.521484
1609.620117	9793.784180
1608.612305	9719.764648
1607.604492	9782.611328
1606.595703	9795.029297
1605.587891	9975.417969
1604.579102	9951.801758
1603.570313	10038.535156
1602.560547	10350.665039
1601.551758	10149.553711
1600.541992	10499.888672
1599.532227	10572.057617
1598.522461	10699.311523
1597.512695	10797.762695
1596.501953	10924.917969
1595.491211	10970.596680
1594.480469	11068.931641
1593.469727	11126.530273
1592.458984	11222.399414
1591.447266	11222.513672
1590.435547	11583.876953
1589.423828	11607.835938
1588.412109	11615.043945
1587.400391	11560.085938
1586.387695	11768.095703
1585.375000	11796.775391
1584.362305	11813.495117
1583.349609	11784.816406
1582.335938	12123.976563
1581.323242	12047.485352
1580.309570	12252.751953
1579.294922	12188.200195
1578.281250	12099.807617
1577.267578	12316.866211
1576.252930	12257.109375
1575.238281	12545.599609
1574.223633	12438.126953
1573.208008	12542.883789
1572.193359	12750.094727
1571.177734	12704.605469
1570.162109	12592.418945
1569.145508	12751.847656
1568.129883	12651.604492
1567.113281	12639.505859
1566.096680	12822.632813
1565.080078	12693.871094
1564.063477	12665.111328
1563.045898	12914.738281
1562.029297	12481.548828
1561.011719	12614.573242
1559.994141	12490.737305
1558.975586	12428.761719
1557.958008	12212.314453
1556.939453	12007.836914
1555.920898	12143.194336
1554.902344	11869.925781
1553.882813	11689.389648
1552.864258	11430.569336
1551.844727	11473.347656
1550.825195	11283.506836
1549.804688	11013.060547
1548.785156	11070.129883
1547.764648	10740.536133
1546.744141	10807.123047
1545.723633	10686.368164
1544.703125	10769.532227
1543.681641	10608.541016
1542.660156	10639.553711
1541.638672	10746.366211
1540.617188	10348.612305
1539.595703	10457.806641
1538.573242	10301.776367
1537.550781	10294.941406
1536.528320	10432.479492
1535.505859	10236.321289
1534.482422	10477.906250
1533.459961	10355.141602
1532.436523	10428.703125
1531.413086	10147.587891
1530.388672	10230.616211
1529.365234	10230.892578
1528.340820	10398.931641
1527.316406	10132.224609
1526.291992	10330.917969
1525.267578	10210.739258
1524.242188	10456.553711
1523.216797	10263.223633
1522.191406	10341.368164
1521.166016	10400.603516
1520.139648	10570.687500
1519.114258	10460.038086
1518.087891	10724.361328
1517.061523	10613.724609
1516.034180	10818.979492
1515.007813	10779.065430
1513.980469	11094.939453
1512.953125	11177.476563
1511.925781	11250.557617
1510.897461	11342.447266
1509.870117	11406.046875
1508.841797	11879.166016
1507.813477	11817.908203
1506.785156	11806.083008
1505.755859	11925.988281
1504.726563	12092.879883
1503.697266	12372.564453
1502.667969	12259.546875
1501.638672	12586.089844
1500.608398	12303.882813
1499.579102	12613.834961
1498.548828	12681.723633
1497.517578	12456.030273
1496.487305	12554.445313
1495.456055	12279.572266
1494.424805	12314.612305
1493.393555	12213.540039
1492.362305	12018.667969
1491.331055	12107.685547
1490.298828	11640.886719
1489.266602	11795.591797
1488.234375	11680.661133
1487.201172	11551.715820
1486.168945	11734.459961
1485.135742	11476.708008
1484.102539	11523.544922
1483.069336	11568.020508
1482.035156	11598.429688
1481.001953	11799.699219
1479.967773	11696.652344
1478.933594	12049.905273
1477.898438	12344.529297
1476.864258	12194.655273
1475.829102	12411.962891
1474.793945	12811.534180
1473.758789	12963.177734
1472.722656	13138.127930
1471.687500	13280.294922
1470.651367	13943.321289
1469.615234	14075.921875
1468.579102	14213.137695
1467.541992	14723.819336
1466.504883	14842.171875
1465.468750	15226.500977
1464.430664	15580.341797
1463.393555	15509.501953
1462.355469	15870.134766
1461.318359	16197.974609
1460.280273	16444.087891
1459.241211	16424.402344
1458.203125	16414.042969
1457.164063	16683.255859
1456.125000	16696.138672
1455.085938	16785.865234
1454.046875	16498.367188
1453.006836	16809.240234
1451.967773	16843.027344
1450.927734	16916.359375
1449.886719	16961.742188
1448.846680	16895.460938
1447.805664	17164.068359
1446.764648	17104.746094
1445.723633	17138.427734
1444.682617	17125.613281
1443.641602	16650.419922
1442.599609	16700.431641
1441.557617	16518.164063
1440.515625	16322.037109
1439.472656	15903.114258
1438.430664	15839.498047
1437.387695	15274.642578
1436.344727	15408.396484
1435.301758	15296.204102
1434.257813	15225.803711
1433.213867	14976.885742
1432.169922	15050.311523
1431.125977	15017.086914
1430.082031	15053.395508
1429.037109	15108.222656
1427.993164	15246.416016
1426.948242	15190.016602
1425.902344	15233.202148
1424.857422	15285.628906
1423.811523	15259.340820
1422.765625	15286.285156
1421.719727	15440.460938
1420.673828	15002.431641
1419.626953	15466.485352
1418.580078	15239.030273
1417.533203	15437.006836
1416.486328	15544.765625
1415.439453	15613.198242
1414.391602	15489.855469
1413.343750	15424.304688
1412.295898	15349.543945
1411.248047	15235.563477
1410.199219	15232.427734
1409.150391	15291.603516
1408.101563	15200.776367
1407.052734	15246.090820
1406.003906	15079.197266
1404.954102	15023.055664
1403.904297	14623.425781
1402.854492	14818.641602
1401.804688	14695.755859
1400.753906	14466.934570
1399.703125	14357.991211
1398.652344	14458.671875
1397.601563	14112.605469
1396.550781	14093.583008
1395.499023	14212.666016
1394.447266	14258.061523
1393.395508	14082.570313
1392.343750	14199.279297
1391.291016	14081.365234
1390.239258	13772.658203
1389.186523	14080.157227
1388.132813	13914.072266
1387.080078	13943.373047
1386.026367	13965.769531
1384.972656	14114.484375
1383.918945	14111.573242
1382.865234	14370.402344
1381.810547	14454.666016
1380.756836	14754.625000
1379.702148	14565.723633
1378.646484	14727.890625
1377.591797	14981.733398
1376.536133	15125.401367
1375.480469	15147.499023
1374.424805	15169.585938
1373.369141	15317.707031
1372.312500	15257.264648
1371.256836	15366.361328
1370.200195	15257.835938
1369.142578	15474.506836
1368.085938	15260.692383
1367.028320	15333.073242
1365.970703	15371.097656
1364.913086	15253.526367
1363.855469	15213.776367
1362.796875	15274.668945
1361.739258	15662.503906
1360.680664	15288.931641
1359.621094	15395.479492
1358.562500	15671.077148
1357.502930	15841.468750
1356.443359	15783.375000
1355.383789	16038.166992
1354.324219	16203.807617
1353.263672	16394.488281
1352.203125	16815.597656
1351.142578	17106.468750
1350.082031	17515.847656
1349.021484	17578.369141
1347.959961	17875.742188
1346.898438	18275.583984
1345.836914	19030.849609
1344.774414	19115.791016
1343.712891	19585.759766
1342.650391	19843.677734
1341.587891	20270.023438
1340.525391	20766.783203
1339.461914	21188.207031
1338.398438	21481.992188
1337.335938	21675.527344
1336.271484	22405.921875
1335.208008	22392.185547
1334.143555	22635.439453
1333.079102	22655.765625
1332.014648	22726.091797
1330.950195	22582.744141
1329.885742	22334.925781
1328.820313	22230.335938
1327.754883	21880.478516
1326.689453	21496.699219
1325.623047	21008.634766
1324.556641	20486.722656
1323.491211	20112.544922
1322.423828	19709.023438
1321.357422	19457.664063
1320.291016	19129.291016
1319.223633	18696.740234
1318.156250	18717.802734
1317.087891	18090.578125
1316.020508	17898.730469
1314.952148	17799.857422
1313.883789	17531.126953
1312.815430	17541.080078
1311.747070	17446.867188
1310.677734	17203.277344
1309.608398	17000.529297
1308.539063	17033.208984
1307.469727	16789.851563
1306.399414	16856.492188
1305.330078	16606.486328
1304.259766	16539.730469
1303.189453	16054.789063
1302.118164	16207.406250
1301.046875	15654.944336
1299.976563	15640.398438
1298.904297	15526.474609
1297.833008	15261.292969
1296.761719	15093.305664
1295.689453	15004.393555
1294.617188	14879.408203
1293.543945	14621.346680
1292.471680	14586.727539
1291.398438	14344.621094
1290.325195	14443.115234
1289.251953	13982.449219
1288.178711	14044.911133
1287.104492	13836.917969
1286.030273	13971.482422
1284.956055	14128.515625
1283.881836	13898.110352
1282.806641	14057.344727
1281.732422	14329.072266
1280.657227	14202.301758
1279.581055	14298.361328
1278.505859	14614.864258
1277.429688	14791.773438
1276.353516	14970.857422
1275.277344	15100.401367
1274.201172	15088.268555
1273.124023	15253.692383
1272.046875	15405.563477
1270.969727	15559.617188
1269.892578	15311.556641
1268.814453	15761.985352
1267.737305	15390.500977
1266.659180	15225.680664
1265.581055	15134.987305
1264.501953	15001.700195
1263.422852	14776.493164
1262.344727	14537.920898
1261.264648	13916.006836
1260.185547	13749.452148
1259.105469	13497.791992
1258.026367	13725.798828
1256.946289	13536.980469
1255.865234	13404.240234
1254.785156	13276.034180
1253.704102	13145.640625
1252.623047	13071.266602
1251.541992	13102.115234
1250.459961	13175.466797
1249.378906	13103.367188
1248.296875	13069.322266
1247.214844	13138.159180
1246.131836	13153.307617
1245.049805	12813.028320
1243.966797	12843.880859
1242.883789	12825.561523
1241.800781	12519.070313
1240.716797	12668.336914
1239.632813	12487.053711
1238.548828	12468.821289
1237.464844	12269.796875
1236.380859	12055.233398
1235.295898	11970.166016
1234.210938	11873.979492
1233.125977	11737.688477
1232.041016	11721.861328
1230.955078	11728.332031
1229.869141	11654.562500
1228.783203	11525.112305
1227.697266	11660.836914
1226.610352	11431.204102
1225.524414	11562.436523
1224.437500	11290.615234
1223.349609	11399.560547
1222.262695	11354.893555
1221.174805	11488.254883
1220.086914	11212.223633
1218.999023	11283.280273
1217.911133	11641.166016
1216.822266	11471.990234
1215.733398	11338.448242
1214.644531	11507.199219
1213.555664	11455.913086
1212.465820	11429.083984
1211.376953	11499.986328
1210.287109	11557.536133
1209.196289	11344.219727
1208.106445	11712.511719
1207.015625	11607.985352
1205.924805	11359.292969
1204.833984	11521.060547
1203.743164	11531.958008
1202.651367	11392.079102
1201.559570	11232.306641
1200.467773	11132.440430
1199.375977	11258.629883
1198.283203	11094.552734
1197.190430	11118.810547
1196.097656	11052.265625
1195.004883	11134.084961
1193.911133	11100.765625
1192.818359	11124.999023
1191.724609	11018.678711
1190.629883	10874.796875
1189.536133	10845.980469
1188.441406	10854.766602
1187.346680	10932.080078
1186.251953	11122.084961
1185.157227	10892.145508
1184.061523	10900.911133
1182.965820	11017.908203
1181.870117	10690.962891
1180.774414	10845.488281
1179.677734	10715.181641
1178.581055	10999.851563
1177.484375	10993.133789
1176.387695	10684.180664
1175.291016	10966.470703
1174.193359	10573.854492
1173.095703	10732.583008
1171.998047	10679.635742
1170.899414	10584.837891
1169.800781	10443.808594
1168.702148	10503.299805
1167.603516	10439.429688
1166.504883	10247.873047
1165.405273	10525.312500
1164.305664	10331.616211
1163.206055	10384.463867
1162.106445	10259.079102
1161.005859	10133.747070
1159.906250	10296.559570
1158.804688	10246.028320
1157.704102	10386.764648
1156.603516	10448.321289
1155.501953	10292.315430
1154.400391	10529.614258
1153.298828	10777.794922
1152.196289	10826.039063
1151.093750	11041.120117
1149.992188	11280.254883
1148.888672	11541.235352
1147.786133	11903.033203
1146.682617	12262.485352
1145.579102	12479.228516
1144.475586	12869.105469
1143.372070	12745.827148
1142.267578	12966.713867
1141.163086	12804.021484
1140.058594	12634.824219
1138.954102	12684.740234
1137.848633	12336.059570
1136.744141	12495.490234
1135.638672	12173.264648
1134.532227	11824.909180
1133.426758	11892.443359
1132.320313	11682.115234
1131.213867	11307.834961
1130.107422	11362.312500
1129.000000	11220.000977
1127.893555	11379.392578
1126.786133	11361.702148
1125.677734	11101.493164
1124.570313	10743.093750
1123.461914	11160.159180
1122.354492	11048.634766
1121.245117	11048.493164
1120.136719	11144.385742
1119.027344	10757.982422
1117.918945	10936.798828
1116.808594	11156.981445
1115.699219	11056.499023
1114.589844	10949.516602
1113.479492	11217.512695
1112.369141	11260.917969
1111.257813	11378.387695
1110.147461	11399.955078
1109.036133	11504.277344
1107.924805	11741.385742
1106.813477	11802.047852
1105.701172	11821.328125
1104.589844	11912.414063
1103.477539	12044.798828
1102.364258	12188.003906
1101.251953	12131.065430
1100.138672	12482.926758
1099.025391	12362.906250
1097.912109	12260.322266
1096.798828	12296.851563
1095.684570	12176.943359
1094.570313	12150.484375
1093.456055	11687.542969
1092.341797	11546.125977
1091.226563	11535.007813
1090.111328	11074.658203
1088.996094	11109.208008
1087.880859	10846.547852
1086.764648	10750.999023
1085.648438	10807.277344
1084.532227	10575.196289
1083.416016	10670.500977
1082.299805	10702.921875
1081.182617	10531.670898
1080.065430	10681.075195
1078.947266	10574.870117
1077.830078	10483.864258
1076.711914	10392.897461
1075.593750	10585.488281
1074.475586	10390.672852
1073.357422	10481.502930
1072.238281	10358.166992
1071.119141	10509.513672
1070.000000	10410.003906
1068.879883	10418.612305
1067.760742	10489.888672
1066.640625	10636.754883
1065.519531	10787.879883
1064.399414	10569.628906
1063.278320	10791.958008
1062.157227	10942.952148
1061.036133	10988.122070
1059.915039	11188.640625
1058.792969	11169.016602
1057.670898	11289.602539
1056.548828	11416.606445
1055.426758	11534.931641
1054.303711	11381.600586
1053.181641	11439.537109
1052.057617	11493.139648
1050.934570	11579.033203
1049.811523	11533.507813
1048.687500	11776.546875
1047.563477	11640.577148
1046.438477	11614.437500
1045.314453	11736.793945
1044.189453	11732.158203
1043.064453	11527.476563
1041.939453	11707.836914
1040.813477	11701.058594
1039.687500	11705.030273
1038.561523	11650.970703
1037.435547	11693.627930
1036.309570	11817.902344
1035.182617	12075.291992
1034.055664	11961.068359
1032.928711	12048.707031
1031.800781	12357.397461
1030.673828	11910.548828
1029.545898	11989.557617
1028.416992	11918.373047
1027.289063	12048.817383
1026.160156	11891.879883
1025.031250	11936.522461
1023.902344	11972.572266
1022.773438	12002.177734
1021.643555	11984.636719
1020.513672	12224.136719
1019.383789	12101.621094
1018.252930	11934.194336
1017.123047	11946.647461
1015.992188	12059.681641
1014.861328	11888.088867
1013.729492	11958.300781
1012.598633	11972.874023
1011.466797	11758.639648
1010.334961	11856.625000
1009.202148	11933.193359
1008.070313	11847.320313
1006.937500	12143.916992
1005.804688	12389.122070
1004.670898	12341.644531
1003.538086	13015.867188
1002.404297	12603.242188
1001.270508	12340.188477
1000.135742	12136.992188
999.001953	11867.748047
997.867188	11504.770508
996.732422	11355.189453
995.596680	11508.412109
994.461914	11196.896484
993.326172	11411.886719
992.190430	11170.833008
991.054688	11358.044922
989.917969	11100.065430
988.781250	11202.040039
987.644531	11335.903320
986.507813	11075.962891
985.370117	11135.317383
984.232422	11109.548828
983.094727	11094.424805
981.957031	11109.078125
980.819336	11461.773438
979.680664	11159.621094
978.541992	11246.505859
977.402344	11503.331055
976.263672	11401.042969
975.124023	11436.846680
973.984375	11580.926758
972.844727	11767.404297
971.704102	11684.246094
970.563477	11915.182617
969.422852	11938.105469
968.282227	12060.710938
967.141602	12096.315430
966.000000	12170.069336
964.858398	12383.694336
963.715820	12372.581055
962.574219	12189.842773
961.431641	12202.075195
960.289063	12377.385742
959.146484	11995.714844
958.002930	12221.802734
956.860352	12083.736328
955.716797	12225.060547
954.572266	11680.833984
953.428711	11769.301758
952.284180	11836.582031
951.139648	11694.512695
949.995117	11806.170898
948.849609	11951.596680
947.704102	11777.895508
946.558594	11845.098633
945.413086	12167.837891
944.267578	12125.122070
943.121094	12346.324219
941.974609	12461.893555
940.827148	12931.943359
939.680664	13319.507813
938.533203	13639.405273
937.385742	14142.644531
936.238281	14905.014648
935.089844	15544.791016
933.942383	16620.566406
932.792969	17520.990234
931.644531	18766.525391
930.496094	20000.998047
929.346680	20853.792969
928.197266	22243.085938
927.047852	22284.646484
925.897461	22669.212891
924.747070	22771.675781
923.596680	22165.195313
922.446289	21352.867188
921.294922	20423.136719
920.144531	19401.304688
918.992188	18258.003906
917.840820	17031.140625
916.689453	15785.890625
915.537109	15278.417969
914.384766	14336.467773
913.231445	13732.942383
912.079102	12896.676758
910.925781	12822.567383
909.772461	12586.929688
908.619141	12254.895508
907.464844	12214.524414
906.310547	11995.940430
905.156250	11991.278320
904.001953	11707.859375
902.846680	11805.938477
901.691406	11815.983398
900.536133	11509.741211
899.380859	11584.761719
898.224609	11561.346680
897.069336	11611.203125
895.913086	11612.904297
894.755859	11654.358398
893.599609	11392.468750
892.442383	11601.266602
891.285156	11669.876953
890.126953	11351.705078
888.969727	11654.430664
887.811523	11430.431641
886.653320	11455.143555
885.494141	11511.175781
884.335938	11552.564453
883.176758	11696.241211
882.016602	11278.338867
880.857422	11572.272461
879.697266	11438.342773
878.538086	11586.088867
877.376953	11577.349609
876.216797	11583.208984
875.055664	11495.252930
873.894531	11561.570313
872.733398	11963.358398
871.572266	11675.367188
870.410156	11837.417969
869.248047	11824.466797
868.085938	11759.469727
866.922852	11831.885742
865.760742	11706.559570
864.597656	11656.192383
863.433594	11572.561523
862.270508	11744.784180
861.106445	11615.421875
859.942383	11560.956055
858.778320	11851.541992
857.613281	11720.160156
856.449219	11730.110352
855.284180	11775.367188
854.118164	11706.384766
852.953125	11616.668945
851.787109	11666.070313
850.621094	11671.867188
849.455078	11708.784180
848.288086	11679.301758
847.121094	11475.612305
845.954102	11585.121094
844.787109	11777.507813
843.619141	11631.961914
842.452148	11726.858398
841.283203	11803.067383
840.115234	11945.526367
838.947266	11667.527344
837.778320	11623.610352
836.609375	11935.755859
835.439453	11711.745117
834.269531	11860.274414
833.100586	12105.966797
831.929688	11906.880859
830.759766	12123.507813
829.588867	12184.988281
828.417969	12374.590820
827.247070	12119.820313
826.076172	12274.230469
824.904297	12228.212891
823.732422	12357.750977
822.560547	12146.558594
821.387695	12197.615234
820.215820	12052.587891
819.042969	11814.771484
817.869141	12119.602539
816.696289	12106.681641
815.522461	11893.749023
814.348633	12066.421875
813.174805	11742.287109
812.000000	12081.833008
810.825195	11906.170898
809.650391	11876.829102
808.475586	11896.923828
807.300781	12077.605469
806.125000	11972.080078
804.949219	11868.657227
803.772461	12100.664063
802.596680	12270.857422
801.419922	12196.228516
800.243164	11985.917969
799.065430	12020.338867
797.887695	12102.018555
796.710938	12329.561523
795.532227	12139.945313
794.354492	12237.975586
793.175781	12214.800781
791.997070	12150.572266
790.818359	12191.058594
789.639648	12046.822266
788.459961	12204.266602
787.280273	12160.605469
786.100586	11872.901367
784.919922	11985.167969
783.739258	12066.633789
782.558594	11973.846680
781.377930	11821.672852
780.196289	11708.490234
779.014648	12093.088867
777.833008	12043.377930
776.651367	11989.592773
775.468750	11813.012695
774.287109	11882.089844
773.103516	11867.247070
771.920898	11903.551758
770.737305	11890.754883
769.553711	12086.527344
768.370117	12247.460938
767.186523	12069.041992
766.001953	12301.428711
764.817383	12435.650391
763.632813	12592.281250
762.447266	12442.528320
761.262695	12927.795898
760.077148	12957.661133
758.890625	13138.530273
757.705078	13266.271484
756.518555	13569.386719
755.332031	13484.875000
754.145508	14036.570313
752.958008	13968.299805
751.770508	14224.122070
750.583008	14616.357422
749.395508	14770.063477
748.207031	15689.541992
747.018555	16148.403320
745.830078	16664.070313
744.640625	17460.410156
743.452148	18415.138672
742.262695	19206.685547
741.073242	20154.517578
739.882813	20796.878906
738.692383	21388.128906
737.501953	22056.369141
736.311523	22895.041016
735.120117	23259.900391
733.929688	23996.369141
732.738281	23853.058594
731.545898	23998.160156
730.354492	23471.197266
729.162109	22885.599609
727.969727	22361.134766
726.776367	21918.048828
725.583984	21495.439453
724.390625	21028.394531
723.196289	20202.673828
722.002930	19391.498047
720.808594	18481.363281
719.614258	17841.115234
718.419922	16966.148438
717.224609	16259.666992
716.030273	16081.997070
714.834961	15531.896484
713.638672	15486.022461
712.443359	15223.640625
711.247070	15040.275391
710.050781	15079.489258
708.853516	14851.743164
707.657227	14983.984375
706.459961	14788.698242
705.262695	14833.992188
704.064453	14889.368164
702.867188	14744.728516
701.668945	14903.100586
700.469727	14924.095703
699.271484	14864.329102
698.072266	15121.468750
696.873047	15340.154297
695.673828	15425.591797
694.473633	15894.226563
693.273438	16074.284180
692.073242	16832.900391
690.873047	16992.515625
689.671875	17762.691406
688.470703	18742.076172
687.269531	19267.791016
686.068359	19781.193359
684.866211	20511.832031
683.664063	20891.873047
682.461914	21191.242188
681.258789	21315.417969
680.055664	21105.582031
678.852539	21123.117188
677.649414	20708.298828
676.445313	20376.087891
675.242188	20007.839844
674.037109	19860.806641
672.833008	19810.275391
671.627930	19747.712891
670.422852	19821.738281
669.217773	19747.150391
668.012695	20039.949219
666.806641	20641.691406
665.600586	21323.433594
664.394531	21930.650391
663.187500	22453.365234
661.980469	23425.019531
660.773438	23445.982422
659.566406	23807.671875
658.358398	23966.808594
657.150391	23486.763672
655.942383	23505.683594
654.734375	23246.232422
653.525391	22482.347656
652.316406	21890.941406
651.107422	21317.802734
649.897461	20540.824219
648.688477	19440.117188
647.478516	18609.884766
646.267578	17887.988281
645.057617	17774.136719
643.846680	16868.857422
642.635742	16565.443359
641.423828	15914.541016
640.212891	15845.157227
639.000977	15426.338867
637.788086	15137.473633
636.576172	15225.991211
635.363281	15057.032227
634.150391	15313.122070
632.937500	15385.582031
631.723633	15434.077148
630.510742	15739.761719
629.295898	15710.411133
628.082031	15928.208008
626.867188	16032.330078
625.652344	15696.141602
624.437500	15935.703125
623.222656	15553.880859
622.006836	15275.748047
620.791016	15254.498047
619.575195	14996.449219
618.358398	14734.533203
617.141602	14572.186523
615.924805	14203.087891
614.708008	14136.360352
613.490234	14177.003906
612.272461	13917.535156
611.054688	13795.277344
609.836914	13633.342773
608.618164	13388.062500
607.399414	13545.971680
606.180664	13286.919922
604.960938	13317.755859
603.741211	13187.846680
602.521484	13286.141602
601.301758	13259.434570
600.081055	12945.199219
598.860352	12984.001953
597.639648	12907.821289
596.418945	12938.686523
595.197266	12927.930664
593.975586	12820.116211
592.753906	13027.235352
591.531250	12812.525391
590.308594	12906.719727
589.085938	12903.894531
587.863281	12893.154297
586.639648	12745.918945
585.416016	13014.089844
584.192383	12876.777344
582.967773	12994.552734
581.744141	12928.457031
580.519531	13141.019531
579.293945	13284.339844
578.069336	13178.717773
576.843750	13207.427734
575.618164	13431.584961
574.391602	13651.695313
573.166016	13794.742188
571.939453	13878.534180
570.711914	13838.011719
569.485352	13931.616211
568.257813	13966.025391
567.030273	13643.607422
565.802734	13616.964844
564.574219	13635.654297
563.345703	13703.584961
562.117188	13539.071289
560.888672	13400.228516
559.659180	13369.726563
558.429688	13394.349609
557.200195	13180.847656
555.969727	13465.203125
554.739258	13271.447266
553.508789	13164.305664
552.278320	13430.779297
551.046875	13366.893555
549.815430	13277.486328
548.583984	13374.779297
547.352539	13253.977539
546.120117	13270.707031
544.887695	13397.387695
543.655273	13449.413086
542.421875	13348.323242
541.188477	13370.901367
539.955078	13442.513672
538.721680	13290.493164
537.487305	13599.368164
536.252930	13596.379883
535.018555	13656.115234
533.783203	13782.453125
532.547852	13934.204102
531.312500	13842.994141
530.077148	14067.124023
528.840820	14052.284180
527.604492	14264.522461
526.368164	14382.725586
525.131836	15136.793945
523.894531	16097.889648
522.657227	17664.863281
521.419922	17719.638672
520.181641	17185.949219
518.943359	16046.592773
517.705078	14886.242188
516.465820	14218.722656
515.227539	14344.505859
513.988281	14107.012695
512.748047	14033.623047
511.508789	13940.744141
510.268555	13828.390625
509.028320	13798.030273
507.788086	13839.857422
506.546875	13596.931641
505.305664	13738.221680
504.064453	13895.043945
502.822266	13685.395508
501.580078	13631.719727
