1802.182617	3268.782715
1801.212891	3288.760010
1800.244141	3245.659912
1799.274414	3237.522949
1798.304688	3209.423828
1797.334961	3158.879395
1796.364258	3225.604248
1795.394531	3252.395508
1794.423828	3231.796387
1793.453125	3308.438721
1792.482422	3300.299561
1791.511719	3262.257324
1790.540039	3303.963623
1789.568359	3442.809082
1788.596680	3232.903564
1787.625000	3496.216553
1786.653320	3271.446045
1785.680664	3355.424072
1784.708984	3369.685303
1783.736328	3418.775146
1782.763672	3537.500732
1781.790039	3541.767334
1780.817383	3451.537842
1779.843750	3488.140381
1778.870117	3477.499512
1777.896484	3432.070068
1776.922852	3505.924561
1775.948242	3557.391357
1774.973633	3477.200684
1773.999023	3551.001221
1773.024414	3513.049561
1772.049805	3559.508545
1771.074219	3640.692871
1770.099609	3625.076660
1769.124023	3686.369141
1768.148438	3670.749512
1767.171875	3692.332031
1766.196289	3860.181152
1765.219727	3790.003174
1764.243164	3972.634521
1763.266602	3964.405518
1762.290039	4104.814941
1761.312500	4193.155762
1760.334961	4380.511719
1759.357422	4362.303711
1758.379883	4430.737305
1757.402344	4372.929199
1756.423828	4426.487305
1755.446289	4719.979980
1754.467773	4629.995605
1753.489258	4629.067383
1752.509766	4717.142090
1751.531250	4679.119141
1750.551758	4566.972168
1749.572266	4645.122559
1748.592773	4451.506348
1747.613281	4450.613770
1746.632813	4506.515137
1745.652344	4456.234863
1744.671875	4415.847656
1743.691406	4326.119629
1742.710938	4280.839355
1741.729492	4353.985840
1740.749023	4296.386230
1739.767578	4127.845703
1738.785156	4213.304688
1737.803711	4160.696777
1736.822266	4090.859375
1735.839844	4240.334473
1734.857422	4155.728516
1733.875000	4113.024902
1732.891602	4198.382813
1731.909180	4049.825684
1730.925781	4226.233887
1729.942383	4176.166504
1728.958984	4111.356934
1727.974609	4108.071289
1726.991211	4060.516846
1726.006836	4040.029785
1725.022461	4213.767090
1724.038086	4193.256836
1723.052734	4145.722656
1722.068359	3995.015137
1721.083008	4144.056641
1720.097656	4199.710938
1719.112305	4247.976563
1718.125977	4296.222168
1717.140625	4354.266602
1716.154297	4319.035156
1715.167969	4180.770508
1714.181641	4435.042969
1713.194336	4390.005859
1712.208008	4511.724121
1711.220703	4454.431152
1710.233398	4656.971680
1709.246094	4781.012695
1708.257813	4775.150391
1707.270508	4717.850098
1706.282227	4854.048340
1705.293945	4850.623047
1704.304688	4964.707031
1703.316406	5286.789063
1702.327148	5168.264648
1701.337891	5465.709961
1700.348633	5601.591797
1699.359375	5534.432617
1698.370117	5831.623535
1697.379883	5884.231445
1696.389648	5993.032715
1695.399414	6201.979492
1694.409180	6347.320313
1693.417969	6328.942871
1692.426758	6515.715332
1691.436523	6597.420410
1690.444336	6749.886230
1689.453125	6870.561035
1688.461914	6876.497559
1687.469727	6816.558594
1686.477539	6907.875488
1685.485352	6772.353027
1684.492188	6802.685547
1683.500000	6842.755859
1682.506836	6824.315918
1681.513672	6664.550293
1680.520508	6702.187012
1679.527344	6671.606445
1678.533203	6692.178711
1677.539063	6583.698242
1676.544922	6465.523438
1675.550781	6323.058105
1674.556641	6341.249512
1673.561523	6422.687012
1672.566406	6562.467285
1671.571289	6291.207520
1670.576172	6326.408691
1669.581055	6125.800293
1668.584961	6250.944336
1667.588867	6259.402344
1666.592773	6197.403809
1665.596680	5989.695801
1664.600586	6066.196289
1663.603516	6021.268555
1662.606445	6000.633789
1661.609375	6293.083008
1660.612305	6204.459961
1659.614258	6115.872070
1658.617188	6291.697266
1657.619141	6127.952148
1656.621094	6187.326660
1655.622070	6091.540527
1654.624023	6201.791992
1653.625000	6249.000000
1652.625977	6083.004395
1651.626953	6132.638184
1650.627930	5983.683594
1649.627930	6110.791504
1648.627930	6203.959473
1647.627930	6130.102539
1646.627930	6332.110352
1645.627930	6159.072754
1644.626953	6085.269043
1643.625977	6202.527344
1642.625000	6181.932129
1641.624023	6163.761719
1640.623047	6005.431641
1639.621094	6045.292480
1638.619141	6234.909668
1637.617188	6151.531250
1636.615234	5942.621094
1635.613281	6127.314453
1634.610352	5998.146484
1633.607422	6037.958496
1632.604492	5913.685547
1631.601563	6052.400879
1630.597656	5986.057617
1629.594727	5960.732910
1628.590820	6065.602051
1627.586914	5898.062012
1626.582031	5969.163086
1625.578125	5967.954590
1624.573242	5901.707031
1623.568359	6110.040039
1622.563477	6089.540039
1621.558594	6129.232422
1620.552734	6065.411133
1619.546875	6059.369629
1618.541016	5997.994141
1617.535156	5936.642578
1616.529297	6089.357422
1615.522461	6198.729004
1614.515625	6214.301270
1613.508789	6119.305176
1612.501953	6089.229004
1611.494141	6270.586426
1610.487305	6093.966797
1609.479492	6066.314453
1608.471680	6125.111328
1607.463867	6013.442871
1606.455078	6105.827148
1605.446289	6104.588867
1604.437500	6244.898926
1603.428711	6394.746094
1602.419922	6218.384766
1601.410156	6325.017578
1600.401367	6445.990234
1599.391602	6703.524414
1598.381836	6500.883789
1597.371094	6516.334961
1596.361328	6627.587891
1595.350586	6865.717285
1594.339844	6907.420410
1593.329102	7068.794434
1592.317383	7026.673828
1591.305664	7448.771973
1590.294922	7466.398438
1589.283203	7759.076660
1588.270508	7724.022461
1587.258789	8014.138184
1586.246094	7957.532227
1585.233398	7865.100586
1584.220703	7813.325684
1583.208008	7809.350098
1582.194336	7860.309082
1581.180664	7634.245605
1580.167969	7570.620605
1579.153320	7459.281738
1578.139648	7569.930664
1577.125000	7527.830566
1576.111328	7251.966309
1575.096680	7190.866699
1574.081055	7074.946777
1573.066406	7109.269531
1572.050781	7033.933105
1571.035156	6956.244141
1570.019531	6940.534180
1569.003906	7048.700684
1567.988281	6963.909668
1566.971680	6969.636719
1565.955078	7011.071289
1564.938477	6952.520508
1563.920898	6958.245605
1562.904297	7090.065918
1561.886719	7041.048828
1560.869141	6951.621094
1559.851563	7000.139648
1558.833984	6993.960449
1557.815430	6975.899414
1556.796875	6903.189941
1555.778320	6854.268066
1554.759766	6791.113770
1553.740234	6775.482422
1552.721680	6880.949707
1551.702148	6881.922363
1550.682617	6844.919922
1549.662109	6850.645020
1548.642578	6891.953613
1547.622070	6764.835938
1546.601563	6841.716797
1545.581055	6866.403809
1544.560547	6917.156250
1543.539063	7050.838379
1542.517578	7139.444824
1541.496094	7040.858398
1540.474609	7117.586426
1539.453125	7397.939453
1538.430664	7112.317871
1537.408203	7293.137207
1536.385742	7159.118164
1535.363281	7131.630859
1534.339844	7305.237305
1533.316406	7249.348145
1532.292969	7316.446777
1531.269531	7144.729492
1530.246094	7363.101563
1529.221680	7293.064941
1528.198242	7232.507324
1527.173828	7112.916504
1526.148438	7068.952148
1525.124023	7114.736816
1524.098633	7148.698242
1523.073242	6927.723633
1522.047852	7025.425781
1521.022461	6736.142578
1519.997070	7048.506348
1518.970703	6922.069336
1517.944336	6956.025879
1516.917969	6935.745605
1515.890625	6898.974609
1514.864258	6841.008789
1513.836914	7030.452148
1512.809570	6991.327148
1511.782227	7051.131348
1510.753906	6953.152344
1509.726563	7076.500488
1508.698242	7239.810059
1507.669922	7283.041016
1506.640625	7321.548340
1505.612305	7498.819824
1504.583008	7699.535156
1503.553711	7982.461914
1502.524414	7971.427246
1501.495117	8200.125000
1500.464844	8292.440430
1499.434570	8542.123047
1498.404297	8575.608398
1497.374023	8576.204102
1496.343750	8687.148438
1495.312500	8760.488281
1494.281250	8854.919922
1493.250000	8599.694336
1492.218750	8565.091797
1491.186523	8530.502930
1490.154297	8130.107910
1489.122070	7947.916504
1488.089844	7972.074707
1487.057617	7832.173340
1486.024414	7921.950684
1484.991211	7550.198242
1483.958008	7675.127441
1482.924805	7415.976074
1481.891602	7472.986816
1480.857422	7403.577148
1479.823242	7364.618164
1478.789063	7583.043945
1477.753906	7665.704102
1476.719727	7598.648926
1475.684570	7601.769043
1474.649414	7927.504883
1473.614258	7858.098633
1472.578125	8108.868652
1471.542969	8443.644531
1470.506836	8451.257813
1469.470703	8701.750977
1468.433594	9019.854492
1467.397461	9305.143555
1466.360352	9919.407227
1465.323242	10029.381836
1464.286133	10437.937500
1463.249023	10951.290039
1462.210938	11266.205078
1461.172852	11548.348633
1460.134766	11946.931641
1459.096680	12475.865234
1458.057617	12843.800781
1457.019531	12775.935547
1455.980469	13059.805664
1454.941406	13364.517578
1453.901367	13522.424805
1452.862305	13675.610352
1451.822266	13865.969727
1450.782227	14130.707031
1449.742188	14460.472656
1448.701172	14794.752930
1447.661133	15184.705078
1446.620117	15641.917969
1445.579102	16038.507813
1444.537109	16448.876953
1443.496094	16854.429688
1442.454102	17120.435547
1441.412109	17223.755859
1440.370117	17220.218750
1439.327148	16926.488281
1438.285156	16553.958984
1437.242188	16093.399414
1436.199219	15637.667969
1435.155273	14792.420898
1434.112305	14323.227539
1433.068359	13791.621094
1432.024414	13355.279297
1430.980469	12884.350586
1429.936523	11998.822266
1428.891602	11815.646484
1427.846680	11468.085938
1426.801758	11264.250000
1425.756836	10826.645508
1424.710938	10583.670898
1423.666016	10352.368164
1422.620117	10403.459961
1421.574219	10144.526367
1420.527344	9920.392578
1419.481445	9976.165039
1418.434570	10085.090820
1417.387695	9888.844727
1416.340820	9956.142578
1415.292969	9921.746094
1414.245117	9797.267578
1413.197266	9663.600586
1412.149414	9857.891602
1411.101563	9895.111328
1410.052734	9923.081055
1409.004883	9992.579102
1407.955078	9847.470703
1406.906250	9707.034180
1405.857422	9792.675781
1404.807617	9954.375000
1403.757813	10012.265625
1402.708008	9947.970703
1401.658203	9761.567383
1400.607422	9936.960938
1399.556641	9640.068359
1398.505859	9672.626953
1397.455078	9652.213867
1396.404297	9364.770508
1395.352539	9224.745117
1394.300781	9478.267578
1393.249023	9188.734375
1392.197266	9113.235352
1391.144531	9033.166992
1390.091797	9003.714844
1389.039063	8838.647461
1387.986328	8834.527344
1386.932617	8917.723633
1385.879883	8686.153320
1384.826172	8521.286133
1383.772461	8597.604492
1382.717773	8506.291016
1381.664063	8672.102539
1380.609375	8810.304688
1379.554688	8774.070313
1378.500000	8733.261719
1377.444336	8981.454102
1376.389648	9078.202148
1375.333984	9264.320313
1374.278320	9234.902344
1373.221680	9306.328125
1372.166016	9373.142578
1371.109375	9540.717773
1370.052734	9591.422852
1368.995117	9511.590820
1367.938477	9539.387695
1366.880859	9525.973633
1365.823242	9542.312500
1364.765625	9357.313477
1363.708008	9321.070313
1362.649414	9467.792969
1361.590820	9390.384766
1360.532227	9379.300781
1359.473633	9343.080078
1358.415039	9258.888672
1357.355469	9439.739258
1356.295898	9563.412109
1355.236328	9607.106445
1354.175781	9712.427734
1353.116211	10020.861328
1352.055664	10219.622070
1350.995117	10374.946289
1349.934570	10466.332031
1348.873047	10883.829102
1347.811523	11492.697266
1346.750000	11510.838867
1345.688477	11950.652344
1344.626953	12495.112305
1343.564453	12832.009766
1342.501953	13489.958008
1341.439453	13742.242188
1340.376953	14071.840820
1339.313477	14528.786133
1338.250977	15267.772461
1337.187500	15580.918945
1336.123047	16333.030273
1335.059570	16563.937500
1333.995117	17179.082031
1332.930664	17662.097656
1331.866211	17567.509766
1330.801758	17677.509766
1329.736328	17376.179688
1328.671875	17111.322266
1327.606445	16878.371094
1326.540039	16220.862305
1325.474609	15765.691406
1324.408203	15045.125977
1323.341797	14261.312500
1322.275391	13843.131836
1321.208984	13164.242188
1320.141602	12562.748047
1319.074219	12138.373047
1318.006836	11811.660156
1316.939453	11156.417969
1315.872070	11231.155273
1314.803711	11188.043945
1313.735352	10739.472656
1312.666992	10744.040039
1311.597656	10590.103516
1310.529297	10836.927734
1309.459961	10741.882813
1308.390625	10913.896484
1307.320313	10934.256836
1306.250977	10900.320313
1305.180664	11054.100586
1304.110352	10821.184570
1303.040039	10961.352539
1301.968750	10800.872070
1300.898438	10660.794922
1299.827148	10498.183594
1298.754883	10355.967773
1297.683594	10184.453125
1296.612305	10112.348633
1295.540039	9873.237305
1294.467773	9751.577148
1293.394531	9740.526367
1292.322266	9508.407227
1291.249023	9468.089844
1290.175781	9299.259766
1289.102539	9340.162109
1288.028320	9200.729492
1286.955078	9248.394531
1285.880859	9302.798828
1284.806641	9332.401367
1283.732422	9445.319336
1282.657227	9623.487305
1281.582031	9580.965820
1280.506836	9858.060547
1279.431641	9723.247070
1278.355469	9901.207031
1277.280273	10151.069336
1276.204102	10333.361328
1275.127930	9935.500977
1274.050781	10203.181641
1272.974609	10383.101563
1271.897461	10311.285156
1270.820313	10531.542969
1269.742188	10581.010742
1268.665039	10529.406250
1267.586914	10724.783203
1266.508789	10783.156250
1265.430664	10854.968750
1264.351563	10810.079102
1263.272461	10908.774414
1262.194336	10926.687500
1261.114258	10946.835938
1260.035156	10933.347656
1258.955078	10648.661133
1257.875977	10538.880859
1256.794922	10128.929688
1255.714844	9965.543945
1254.634766	9634.263672
1253.553711	9397.160156
1252.472656	9126.576172
1251.391602	8699.438477
1250.309570	8377.646484
1249.227539	8431.829102
1248.146484	8340.604492
1247.063477	8236.000000
1245.981445	8176.153809
1244.898438	7930.803223
1243.816406	7980.550781
1242.732422	8001.230469
1241.649414	7858.827148
1240.566406	7658.413574
1239.482422	7761.765625
1238.398438	7666.382324
1237.314453	7756.296387
1236.229492	7843.941406
1235.144531	7831.149414
1234.059570	7742.520996
1232.974609	7685.151367
1231.889648	7799.492676
1230.803711	7668.569336
1229.717773	7811.838867
1228.631836	7596.291504
1227.545898	7694.958496
1226.458984	7662.169434
1225.373047	7671.704102
1224.286133	7634.479492
1223.198242	7497.100586
1222.111328	7767.048340
1221.023438	7734.275391
1219.935547	7637.002930
1218.847656	7488.615723
1217.759766	7518.183105
1216.670898	7581.084961
1215.582031	7403.905762
1214.493164	7604.584961
1213.404297	7467.466309
1212.314453	7690.260742
1211.224609	7699.757813
1210.134766	7582.687500
1209.044922	7512.284180
1207.954102	7714.906250
1206.864258	7680.007813
1205.773438	7720.554688
1204.681641	7701.195801
1203.590820	7606.445313
1202.499023	7890.868164
1201.407227	7851.534180
1200.315430	7865.405762
1199.223633	7786.208496
1198.130859	7813.378906
1197.038086	7902.552734
1195.945313	7717.105957
1194.852539	7764.197266
1193.758789	7919.727539
1192.666016	7931.348145
1191.572266	7841.187012
1190.477539	7655.944824
1189.383789	7800.307617
1188.289063	7623.995117
1187.194336	7505.233398
1186.099609	7401.992188
1185.004883	7535.236816
1183.909180	7476.217773
1182.813477	7439.310547
1181.717773	7232.375000
1180.621094	7239.691895
1179.525391	7311.020508
1178.428711	7201.347168
1177.332031	7151.295410
1176.235352	7039.494629
1175.137695	7185.793457
1174.040039	7078.441895
1172.942383	7087.981445
1171.844727	6965.265137
1170.747070	6999.064941
1169.648438	7226.737793
1168.549805	7024.767090
1167.451172	6981.449219
1166.351563	6885.304199
1165.252930	7070.981445
1164.153320	6816.387695
1163.053711	6924.982910
1161.953125	6993.932129
1160.853516	7060.651855
1159.752930	7023.984375
1158.652344	7292.945801
1157.550781	7225.469238
1156.450195	7248.128418
1155.348633	7176.294434
1154.247070	7183.575684
1153.145508	7320.437988
1152.042969	7127.858887
1150.940430	7128.557617
1149.837891	7326.803223
1148.735352	7193.594238
1147.632813	7308.368164
1146.529297	7462.578125
1145.425781	7651.812500
1144.322266	7663.361328
1143.217773	7591.601074
1142.114258	7618.499023
1141.009766	7838.217773
1139.905273	7751.128906
1138.799805	7554.558105
1137.695313	7796.049805
1136.589844	7619.255859
1135.484375	7495.071289
1134.378906	7620.430176
1133.272461	7592.571777
1132.166016	7538.473145
1131.059570	7508.455078
1129.953125	7574.663574
1128.846680	7485.622070
1127.739258	7372.573730
1126.631836	7346.984863
1125.524414	7518.041992
1124.416016	7501.169922
1123.307617	7167.635742
1122.200195	7513.298340
1121.090820	7454.959473
1119.982422	7326.802734
1118.873047	7499.828125
1117.763672	7391.349609
1116.654297	7701.701172
1115.544922	7798.211914
1114.434570	7848.895996
1113.325195	8226.527344
1112.213867	8246.587891
1111.103516	8506.316406
1109.993164	8874.855469
1108.881836	9615.668945
1107.770508	10190.679688
1106.658203	10508.557617
1105.546875	10998.250977
1104.434570	11448.566406
1103.322266	12244.622070
1102.209961	12718.412109
1101.096680	12717.906250
1099.984375	13017.452148
1098.871094	13208.179688
1097.757813	13059.779297
1096.643555	12542.046875
1095.529297	12333.019531
1094.415039	12267.431641
1093.300781	11739.333008
1092.186523	11406.853516
1091.071289	10623.023438
1089.956055	10091.262695
1088.840820	9661.702148
1087.725586	9160.737305
1086.609375	9085.066406
1085.493164	8567.085938
1084.376953	8196.739258
1083.260742	8043.290527
1082.143555	7835.731934
1081.027344	7528.601074
1079.910156	7358.060547
1078.791992	7282.877441
1077.674805	7348.458984
1076.556641	7390.201172
1075.438477	7345.356445
1074.320313	7107.955566
1073.201172	7203.803223
1072.082031	7128.745117
1070.962891	7311.042480
1069.843750	7268.421875
1068.724609	7193.395996
1067.604492	7325.859863
1066.484375	7382.646973
1065.364258	7391.887695
1064.243164	7576.055664
1063.123047	7546.385254
1062.001953	7905.299805
1060.880859	7871.254395
1059.758789	7649.492676
1058.637695	7829.094238
1057.515625	7723.907227
1056.392578	7866.756836
1055.270508	7759.449219
1054.147461	7688.831055
1053.025391	7611.776855
1051.901367	7588.620605
1050.778320	7623.636230
1049.654297	7587.563965
1048.531250	7674.242676
1047.407227	7605.881836
1046.282227	7597.815430
1045.158203	7660.764648
1044.033203	7654.840820
1042.908203	7575.784668
1041.782227	7468.805176
1040.657227	7471.524414
1039.531250	7536.581055
1038.405273	7651.040527
1037.279297	7645.123047
1036.152344	7576.907715
1035.025391	7626.850586
1033.898438	7766.960449
1032.771484	7780.343262
1031.644531	7755.084473
1030.516602	7822.113281
1029.388672	7835.474609
1028.260742	7883.151367
1027.131836	7887.914551
1026.002930	7774.746582
1024.874023	7783.817383
1023.745117	8005.065918
1022.616211	7816.945313
1021.486328	7789.580078
1020.356445	8057.807617
1019.226563	7884.783691
1018.095703	7902.380859
1016.965820	8125.460938
1015.834961	7984.632324
1014.704102	7944.425781
1013.572266	7940.601563
1012.441406	7990.246094
1011.309570	8009.933594
1010.176758	7865.000977
1009.044922	7942.414063
1007.912109	8015.520508
1006.779297	7917.679199
1005.646484	7950.174316
1004.513672	7976.249023
1003.379883	8188.064941
1002.246094	8431.809570
1001.112305	8325.444336
999.978516	8199.919922
998.843750	8044.583496
997.708984	7776.271973
996.574219	7699.987305
995.439453	7647.186035
994.303711	7534.725586
993.167969	7503.290527
992.032227	7510.218750
990.896484	7468.150879
989.759766	7553.879883
988.623047	7403.230469
987.486328	7527.252930
986.349609	7487.343750
985.211914	7502.774902
984.075195	7433.103516
982.936523	7525.108398
981.798828	7568.165039
980.661133	7626.084473
979.522461	7618.085938
978.383789	7731.222656
977.244141	7871.932129
976.105469	8093.301270
974.965820	8106.445801
973.826172	8440.206055
972.685547	8616.731445
971.545898	8640.367188
970.405273	9016.238281
969.264648	9046.142578
968.124023	9207.539063
966.982422	9381.589844
965.840820	9557.686523
964.699219	9299.166992
963.557617	9324.737305
962.415039	9301.563477
961.273438	9430.920898
960.129883	9159.938477
958.987305	9100.816406
957.844727	9029.016602
956.701172	8641.880859
955.557617	8546.931641
954.413086	8587.423828
953.269531	8467.142578
952.125000	8480.141602
950.980469	8226.732422
949.835938	8294.736328
948.690430	8267.607422
947.544922	8046.099121
946.399414	8164.795898
945.253906	8152.495117
944.107422	8222.550781
942.961914	8155.352051
941.815430	8307.693359
940.667969	8405.103516
939.521484	8637.497070
938.374023	8644.092773
937.226563	8764.564453
936.078125	9083.177734
934.930664	9372.142578
933.782227	9924.427734
932.633789	10358.478516
931.485352	10910.315430
930.335938	11436.641602
929.186523	11992.222656
928.037109	12579.145508
926.887695	13058.469727
925.737305	13249.286133
924.587891	13484.203125
923.436523	13603.327148
922.286133	13118.823242
921.135742	12619.807617
919.984375	12234.520508
918.833008	11880.922852
917.680664	11042.085938
916.529297	10432.593750
915.376953	10052.300781
914.224609	9657.469727
913.071289	9311.094727
911.918945	8956.471680
910.765625	8780.375977
909.612305	8495.253906
908.458984	8224.937500
907.304688	8296.581055
906.150391	8173.194824
904.996094	8051.956543
903.841797	7987.358887
902.686523	7891.356445
901.531250	8065.645996
900.375977	7898.453125
899.220703	7982.620605
898.064453	7983.006348
896.908203	7859.893555
895.751953	7807.986328
894.595703	7488.288086
893.438477	7792.093262
892.281250	7729.775391
891.124023	7592.209473
889.966797	7724.375488
888.808594	7570.148438
887.650391	7683.455566
886.492188	7587.798340
885.333008	7544.399414
884.174805	7703.579102
883.015625	7616.329102
881.856445	7541.639648
880.696289	7519.154785
879.536133	7534.235840
878.376953	7576.427734
877.215820	7606.087891
876.055664	7604.458008
874.894531	7463.154297
873.733398	7409.448730
872.572266	7522.468750
871.410156	7483.355957
870.249023	7429.679199
869.086914	7528.043457
867.924805	7366.115234
866.761719	7589.343262
865.598633	7510.714844
864.435547	7519.507324
863.272461	7384.760254
862.109375	7433.090820
860.945313	7410.702637
859.781250	7429.901367
858.616211	7490.659668
857.452148	7275.020020
856.287109	7477.057129
855.122070	7417.293945
853.957031	7415.701660
852.791016	7482.624512
851.625000	7545.366211
850.458984	7475.260742
849.292969	7326.340332
848.125977	7505.241699
846.958984	7599.032227
845.791992	7479.208984
844.625000	7346.998535
843.457031	7438.688477
842.290039	7422.584961
841.121094	7425.133789
839.953125	7504.318848
838.784180	7602.107422
837.615234	7573.558105
836.446289	7482.921875
835.277344	7615.832031
834.107422	7709.372559
832.937500	7500.852051
831.767578	7453.738770
830.597656	7522.439453
829.426758	7475.341309
828.255859	7589.477051
827.084961	7436.997070
825.913086	7437.463379
824.742188	7656.873535
823.570313	7632.510742
822.397461	7645.320801
821.225586	7660.188965
820.052734	7588.373535
818.879883	7646.575684
817.707031	7589.232910
816.533203	7517.477539
815.359375	7577.718262
814.185547	7621.439941
813.011719	7413.691406
811.836914	7628.461426
810.662109	7742.189453
809.487305	7590.160645
808.312500	7775.921875
807.136719	7782.482422
805.961914	7671.709961
804.785156	7659.767578
803.609375	7715.727539
802.432617	7818.976563
801.255859	7728.855957
800.079102	7684.009766
798.902344	7713.189941
797.724609	7865.675781
796.546875	7952.339355
795.369141	7852.012695
794.190430	7862.643555
793.012695	7863.001465
791.833984	7830.509766
790.654297	7849.347168
789.475586	7656.798828
788.295898	7743.373047
787.116211	7803.242188
785.936523	7883.594238
784.755859	7873.691406
783.575195	7937.592285
782.394531	7802.658203
781.213867	7798.925293
780.032227	7807.485352
778.851563	7734.111816
777.668945	8062.135742
776.487305	7992.833008
775.304688	8058.654785
774.123047	7923.895020
772.939453	7901.723633
771.756836	7957.292969
770.573242	8174.403809
769.389648	8262.604492
768.206055	8240.376953
767.022461	8336.699219
765.837891	8490.194336
764.653320	8606.849609
763.468750	8619.287109
762.283203	8854.300781
761.097656	9136.169922
759.912109	9142.360352
758.726563	9546.486328
757.540039	9601.550781
756.353516	9742.262695
755.166992	10284.675781
753.980469	10343.620117
752.792969	10679.776367
751.605469	11360.220703
750.417969	11806.042969
749.230469	12483.910156
748.041992	13670.671875
746.853516	15030.005859
745.665039	16341.924805
744.476563	18459.304688
743.287109	20187.085938
742.097656	22233.541016
740.908203	23886.525391
739.717773	24580.935547
738.527344	25502.765625
737.336914	25194.359375
736.146484	25264.099609
734.955078	24988.384766
733.763672	24574.648438
732.572266	24364.191406
731.380859	24631.013672
730.188477	24317.093750
728.996094	24250.935547
727.803711	23949.408203
726.611328	23560.769531
725.417969	23667.224609
724.224609	23542.447266
723.031250	22624.964844
721.836914	21570.039063
720.643555	20173.068359
719.449219	18728.074219
718.253906	17046.691406
717.059570	15918.947266
715.864258	14532.506836
714.668945	13677.069336
713.473633	12688.416992
712.277344	12013.844727
711.081055	11458.927734
709.884766	11320.921875
708.687500	10992.885742
707.491211	10871.213867
706.293945	10713.209961
705.096680	10682.591797
703.898438	10476.204102
702.700195	10292.125977
701.501953	10304.029297
700.303711	10140.258789
699.105469	9946.277344
697.906250	10020.812500
696.707031	10071.100586
695.506836	10200.044922
694.307617	10199.846680
693.107422	10280.308594
691.907227	10431.298828
690.706055	10745.491211
689.505859	11120.003906
688.304688	10986.625977
687.102539	11830.264648
685.901367	12218.391602
684.699219	12521.783203
683.497070	13284.014648
682.294922	13524.650391
681.091797	13976.458008
679.889648	13915.079102
678.685547	13827.579102
677.482422	13971.364258
676.278320	13994.459961
675.075195	13308.025391
673.870117	13264.940430
672.666016	13123.426758
671.460938	12791.150391
670.255859	12754.227539
669.050781	12299.700195
667.845703	12503.780273
666.639648	12551.231445
665.433594	12389.988281
664.226563	12652.087891
663.020508	12649.333008
661.813477	13013.524414
660.606445	13008.686523
659.398438	13328.543945
658.191406	13403.791992
656.983398	13605.221680
655.775391	13594.246094
654.566406	13621.322266
653.358398	13508.238281
652.149414	13555.336914
650.939453	13420.301758
649.730469	13255.312500
648.520508	12802.340820
647.310547	12427.563477
646.099609	11874.994141
644.889648	11746.464844
643.678711	11294.213867
642.467773	11051.968750
641.255859	10745.900391
640.044922	10685.634766
638.833008	10407.735352
637.620117	10311.631836
636.408203	10273.454102
635.195313	10169.438477
633.982422	10434.568359
632.769531	10673.650391
631.555664	10705.224609
630.341797	11059.784180
629.127930	11378.306641
627.914063	11758.471680
626.699219	12044.821289
625.484375	12209.527344
624.269531	11866.288086
623.053711	11907.503906
621.838867	11815.318359
620.622070	11307.188477
619.406250	10912.705078
618.190430	10735.247070
616.973633	10394.763672
615.756836	10092.212891
614.539063	10002.527344
613.321289	9737.959961
612.104492	9721.920898
610.885742	9286.657227
609.667969	9342.234375
608.449219	9316.359375
607.230469	9123.708008
606.011719	9093.921875
604.791992	8996.666992
603.572266	8998.668945
602.352539	8822.123047
601.132813	8840.027344
599.912109	8893.617188
598.691406	8863.916016
597.470703	8750.979492
596.249023	8832.294922
595.028320	8705.544922
593.805664	8753.160156
592.583984	8521.521484
591.362305	8753.289063
590.139648	8852.327148
588.916992	8844.452148
587.693359	8808.879883
586.469727	8777.278320
585.246094	8810.956055
584.022461	8876.255859
582.798828	8907.918945
581.574219	8898.062500
580.349609	8979.106445
579.125000	9267.553711
577.899414	9107.509766
576.673828	9018.625977
575.448242	9275.283203
574.221680	9194.295898
572.996094	9399.492188
571.769531	9758.492188
570.541992	9647.862305
569.315430	9769.992188
568.087891	9704.754883
566.860352	9716.426758
565.632813	9759.625000
564.404297	9662.905273
563.175781	9757.315430
561.947266	9640.941406
560.717773	9485.235352
559.489258	9569.776367
558.259766	9500.756836
557.029297	9447.508789
555.799805	9272.304688
554.569336	9433.527344
553.338867	9138.445313
552.107422	9185.591797
550.876953	9321.171875
549.645508	9271.959961
548.413086	9150.071289
547.181641	9191.278320
545.949219	9377.797852
544.716797	9230.439453
543.484375	9253.931641
542.250977	9483.491211
541.017578	9306.771484
539.784180	9318.458984
538.550781	9396.827148
537.316406	9298.676758
536.082031	9296.633789
534.847656	9218.148438
533.612305	9323.901367
532.376953	9204.300781
531.141602	9208.153320
529.906250	9131.712891
528.669922	9178.652344
527.433594	9247.103516
526.197266	9295.953125
524.959961	9538.484375
523.722656	9546.167969
522.485352	10214.890625
521.248047	11164.884766
520.009766	12042.129883
518.771484	12592.592773
517.533203	11915.680664
516.294922	10643.217773
515.055664	9906.483398
513.816406	9449.314453
512.577148	9453.090820
511.336914	9316.330078
510.096680	9292.813477
508.856445	9187.363281
507.616211	9195.092773
506.375000	9132.612305
505.133789	9157.897461
503.892578	9208.511719
502.650391	9245.460938
