1802.182617	6689.892090
1801.212891	6522.582520
1800.244141	6531.266113
1799.274414	6654.769531
1798.304688	6536.144043
1797.334961	6689.538574
1796.364258	6593.404297
1795.394531	6704.324707
1794.423828	6673.061035
1793.453125	6771.454102
1792.482422	6715.261719
1791.511719	6656.599609
1790.540039	6916.895020
1789.568359	6875.653809
1788.596680	6769.670410
1787.625000	6975.001953
1786.653320	6931.282715
1785.680664	6922.429199
1784.708984	6943.442871
1783.736328	6942.054199
1782.763672	6764.039551
1781.790039	7021.354980
1780.817383	7134.338379
1779.843750	7137.883789
1778.870117	7032.056152
1777.896484	7000.826660
1776.922852	7155.962402
1775.948242	7196.761719
1774.973633	7165.517090
1773.999023	7124.351074
1773.024414	7150.235352
1772.049805	7131.428223
1771.074219	7437.734863
1770.099609	7203.009766
1769.124023	7375.219238
1768.148438	7284.453613
1767.171875	7528.489258
1766.196289	7502.188965
1765.219727	7746.082520
1764.243164	8056.790039
1763.266602	7908.988770
1762.290039	8063.471680
1761.312500	8153.496094
1760.334961	8406.917969
1759.357422	8412.661133
1758.379883	8604.045898
1757.402344	8839.900391
1756.423828	8994.007813
1755.446289	9026.838867
1754.467773	9074.495117
1753.489258	9418.866211
1752.509766	9273.584961
1751.531250	9165.438477
1750.551758	9400.845703
1749.572266	9324.835938
1748.592773	9221.683594
1747.613281	9121.041016
1746.632813	9087.110352
1745.652344	8865.561523
1744.671875	9078.528320
1743.691406	8738.613281
1742.710938	8638.166016
1741.729492	8621.631836
1740.749023	8533.579102
1739.767578	8554.059570
1738.785156	8441.401367
1737.803711	8516.118164
1736.822266	8494.694336
1735.839844	8428.927734
1734.857422	8579.965820
1733.875000	8460.024414
1732.891602	8485.412109
1731.909180	8488.631836
1730.925781	8410.623047
1729.942383	8460.613281
1728.958984	8129.218262
1727.974609	8388.336914
1726.991211	8366.976563
1726.006836	8348.083008
1725.022461	8353.781250
1724.038086	8376.682617
1723.052734	8252.125977
1722.068359	8233.269531
1721.083008	8361.807617
1720.097656	8554.148438
1719.112305	8402.644531
1718.125977	8349.401367
1717.140625	8526.900391
1716.154297	8652.793945
1715.167969	8653.507813
1714.181641	8664.033203
1713.194336	8770.201172
1712.208008	8716.945313
1711.220703	9016.730469
1710.233398	9120.310547
1709.246094	9253.255859
1708.257813	9324.896484
1707.270508	9472.443359
1706.282227	9561.153320
1705.293945	9735.526367
1704.304688	9809.458008
1703.316406	9853.987305
1702.327148	10255.775391
1701.337891	10351.575195
1700.348633	10391.075195
1699.359375	10985.713867
1698.370117	10890.587891
1697.379883	11272.202148
1696.389648	11612.112305
1695.399414	11976.321289
1694.409180	12127.828125
1693.417969	12635.902344
1692.426758	12716.390625
1691.436523	12755.337891
1690.444336	12960.269531
1689.453125	13338.407227
1688.461914	13321.078125
1687.469727	13755.102539
1686.477539	13593.781250
1685.485352	13805.650391
1684.492188	13688.270508
1683.500000	13622.129883
1682.506836	13826.550781
1681.513672	13882.246094
1680.520508	13677.237305
1679.527344	13669.607422
1678.533203	13649.804688
1677.539063	13476.616211
1676.544922	13644.299805
1675.550781	13539.327148
1674.556641	13276.230469
1673.561523	12984.044922
1672.566406	12959.535156
1671.571289	13093.104492
1670.576172	13056.423828
1669.581055	12835.010742
1668.584961	12669.584961
1667.588867	12803.101563
1666.592773	12601.307617
1665.596680	12552.614258
1664.600586	12795.351563
1663.603516	12457.713867
1662.606445	12377.520508
1661.609375	12581.312500
1660.612305	12629.727539
1659.614258	12372.450195
1658.617188	12539.735352
1657.619141	12503.252930
1656.621094	12444.963867
1655.622070	12294.585938
1654.624023	12195.161133
1653.625000	12258.119141
1652.625977	11945.557617
1651.626953	12388.801758
1650.627930	12279.749023
1649.627930	12354.742188
1648.627930	12098.083984
1647.627930	12364.269531
1646.627930	12356.930664
1645.627930	11851.255859
1644.626953	12107.653320
1643.625977	11950.444336
1642.625000	12269.576172
1641.624023	12042.298828
1640.623047	12204.197266
1639.621094	12039.844727
1638.619141	12165.441406
1637.617188	12015.653320
1636.615234	12008.392578
1635.613281	12003.549805
1634.610352	12225.598633
1633.607422	11976.973633
1632.604492	11993.851563
1631.601563	11969.713867
1630.597656	11923.879883
1629.594727	11651.400391
1628.590820	11914.231445
1627.586914	12010.642578
1626.582031	11839.522461
1625.578125	12013.007813
1624.573242	11560.119141
1623.568359	12022.593750
1622.563477	12027.382813
1621.558594	11938.281250
1620.552734	12186.181641
1619.546875	12077.830078
1618.541016	12236.581055
1617.535156	12277.400391
1616.529297	12308.582031
1615.522461	12414.290039
1614.515625	12238.687500
1613.508789	12341.960938
1612.501953	12337.056641
1611.494141	12214.429688
1610.487305	12517.012695
1609.479492	12632.151367
1608.471680	12502.333984
1607.463867	12689.445313
1606.455078	12763.674805
1605.446289	12566.718750
1604.437500	12648.139648
1603.428711	12635.979492
1602.419922	12801.287109
1601.410156	12995.297852
1600.401367	12939.923828
1599.391602	13095.480469
1598.381836	13476.214844
1597.371094	13447.127930
1596.361328	13430.027344
1595.350586	14011.618164
1594.339844	14011.168945
1593.329102	14333.877930
1592.317383	14330.967773
1591.305664	14579.302734
1590.294922	14834.711914
1589.283203	15202.432617
1588.270508	15247.172852
1587.258789	15432.954102
1586.246094	15568.461914
1585.233398	15651.334961
1584.220703	15363.818359
1583.208008	15315.308594
1582.194336	15453.114258
1581.180664	15557.431641
1580.167969	15360.887695
1579.153320	15178.743164
1578.139648	15006.218750
1577.125000	14962.607422
1576.111328	14897.542969
1575.096680	15054.311523
1574.081055	14943.947266
1573.066406	15274.677734
1572.050781	14611.322266
1571.035156	15065.904297
1570.019531	14460.041992
1569.003906	14726.281250
1567.988281	14711.377930
1566.971680	15001.268555
1565.955078	14879.183594
1564.938477	15152.258789
1563.920898	15153.935547
1562.904297	15036.650391
1561.886719	15421.324219
1560.869141	14980.588867
1559.851563	15006.073242
1558.833984	14729.631836
1557.815430	14888.256836
1556.796875	14749.776367
1555.778320	14922.585938
1554.759766	14843.536133
1553.740234	14866.637695
1552.721680	14616.675781
1551.702148	14862.958984
1550.682617	14679.552734
1549.662109	14773.853516
1548.642578	14690.181641
1547.622070	14955.220703
1546.601563	14707.912109
1545.581055	14953.870117
1544.560547	15282.695313
1543.539063	15021.249023
1542.517578	15160.360352
1541.496094	15496.047852
1540.474609	15518.944336
1539.453125	15842.579102
1538.430664	15841.716797
1537.408203	15942.641602
1536.385742	15929.924805
1535.363281	15985.832031
1534.339844	15930.527344
1533.316406	15749.888672
1532.292969	15985.513672
1531.269531	15611.068359
1530.246094	15581.882813
1529.221680	15328.197266
1528.198242	15006.093750
1527.173828	15078.626953
1526.148438	15311.733398
1525.124023	14980.381836
1524.098633	14967.881836
1523.073242	14919.979492
1522.047852	14949.973633
1521.022461	14869.061523
1519.997070	14790.540039
1518.970703	14763.936523
1517.944336	14480.323242
1516.917969	14696.614258
1515.890625	14825.606445
1514.864258	14678.830078
1513.836914	15088.141602
1512.809570	14931.948242
1511.782227	15206.798828
1510.753906	15507.436523
1509.726563	15685.536133
1508.698242	15854.148438
1507.669922	15968.567383
1506.640625	16649.935547
1505.612305	16521.865234
1504.583008	17005.296875
1503.553711	17460.312500
1502.524414	17999.769531
1501.495117	18447.343750
1500.464844	18420.074219
1499.434570	18388.117188
1498.404297	18609.845703
1497.374023	18669.447266
1496.343750	18898.068359
1495.312500	18234.585938
1494.281250	18050.144531
1493.250000	18041.759766
1492.218750	17517.265625
1491.186523	17323.699219
1490.154297	17153.660156
1489.122070	16477.273438
1488.089844	16396.548828
1487.057617	16193.991211
1486.024414	15982.142578
1484.991211	15613.425781
1483.958008	15610.230469
1482.924805	15567.227539
1481.891602	15540.628906
1480.857422	15572.557617
1479.823242	15967.203125
1478.789063	15893.742188
1477.753906	15967.682617
1476.719727	16357.325195
1475.684570	16702.378906
1474.649414	16895.333984
1473.614258	17328.953125
1472.578125	17622.183594
1471.542969	18018.093750
1470.506836	18502.603516
1469.470703	19320.876953
1468.433594	19776.900391
1467.397461	20312.105469
1466.360352	21365.234375
1465.323242	21939.564453
1464.286133	22665.302734
1463.249023	23484.042969
1462.210938	24097.226563
1461.172852	25059.892578
1460.134766	25483.677734
1459.096680	25942.248047
1458.057617	27008.798828
1457.019531	27380.666016
1455.980469	27852.535156
1454.941406	28475.576172
1453.901367	28923.740234
1452.862305	29916.416016
1451.822266	30324.535156
1450.782227	31821.431641
1449.742188	32982.718750
1448.701172	34845.933594
1447.661133	36438.640625
1446.620117	37793.554688
1445.579102	39524.460938
1444.537109	40362.261719
1443.496094	41102.132813
1442.454102	40675.554688
1441.412109	40393.144531
1440.370117	39344.578125
1439.327148	37681.226563
1438.285156	36357.433594
1437.242188	34224.289063
1436.199219	32521.244141
1435.155273	30862.970703
1434.112305	29437.294922
1433.068359	27745.550781
1432.024414	26416.144531
1430.980469	25492.888672
1429.936523	24646.480469
1428.891602	23747.132813
1427.846680	22871.314453
1426.801758	21998.173828
1425.756836	21287.464844
1424.710938	20780.755859
1423.666016	20197.880859
1422.620117	19807.298828
1421.574219	19396.056641
1420.527344	19389.753906
1419.481445	19448.203125
1418.434570	19099.708984
1417.387695	19086.533203
1416.340820	18976.296875
1415.292969	19034.779297
1414.245117	19509.058594
1413.197266	19772.964844
1412.149414	19773.513672
1411.101563	20404.337891
1410.052734	20513.240234
1409.004883	20760.562500
1407.955078	21053.927734
1406.906250	21282.580078
1405.857422	20992.212891
1404.807617	21186.195313
1403.757813	21114.974609
1402.708008	20866.306641
1401.658203	20643.087891
1400.607422	20433.783203
1399.556641	20019.554688
1398.505859	19676.888672
1397.455078	19279.099609
1396.404297	18736.447266
1395.352539	18801.632813
1394.300781	18321.427734
1393.249023	18099.091797
1392.197266	17750.337891
1391.144531	17574.201172
1390.091797	17460.216797
1389.039063	17173.873047
1387.986328	16843.976563
1386.932617	16608.427734
1385.879883	16650.949219
1384.826172	16675.076172
1383.772461	16497.113281
1382.717773	16456.976563
1381.664063	16816.257813
1380.609375	16730.169922
1379.554688	16898.804688
1378.500000	17133.892578
1377.444336	17497.322266
1376.389648	17516.642578
1375.333984	17893.595703
1374.278320	17770.712891
1373.221680	17865.583984
1372.166016	18042.898438
1371.109375	18062.080078
1370.052734	18463.718750
1368.995117	18382.054688
1367.938477	18545.375000
1366.880859	18060.898438
1365.823242	18565.175781
1364.765625	18600.234375
1363.708008	18438.562500
1362.649414	18649.722656
1361.590820	18497.251953
1360.532227	18584.869141
1359.473633	19131.830078
1358.415039	19333.529297
1357.355469	19631.093750
1356.295898	19640.740234
1355.236328	20337.746094
1354.175781	20934.003906
1353.116211	21619.037109
1352.055664	22303.787109
1350.995117	23033.886719
1349.934570	24169.744141
1348.873047	24796.519531
1347.811523	26002.228516
1346.750000	27255.314453
1345.688477	28159.138672
1344.626953	29493.294922
1343.564453	30065.910156
1342.501953	31143.988281
1341.439453	31656.806641
1340.376953	32925.375000
1339.313477	33656.152344
1338.250977	34504.984375
1337.187500	35519.578125
1336.123047	36586.078125
1335.059570	37019.785156
1333.995117	38174.222656
1332.930664	38393.687500
1331.866211	38178.875000
1330.801758	38016.417969
1329.736328	37183.707031
1328.671875	36842.046875
1327.606445	35835.023438
1326.540039	34367.425781
1325.474609	33268.242188
1324.408203	32017.425781
1323.341797	30546.986328
1322.275391	29483.306641
1321.208984	28565.250000
1320.141602	27035.197266
1319.074219	26460.429688
1318.006836	25473.285156
1316.939453	24905.876953
1315.872070	24347.765625
1314.803711	24007.394531
1313.735352	23744.179688
1312.666992	23585.251953
1311.597656	23451.294922
1310.529297	23244.951172
1309.459961	23833.126953
1308.390625	23889.281250
1307.320313	23633.197266
1306.250977	24196.042969
1305.180664	24245.296875
1304.110352	24201.830078
1303.040039	24199.066406
1301.968750	24074.261719
1300.898438	23859.121094
1299.827148	23682.474609
1298.754883	23327.464844
1297.683594	22708.394531
1296.612305	22245.361328
1295.540039	21604.195313
1294.467773	20981.349609
1293.394531	20945.404297
1292.322266	20336.486328
1291.249023	19612.794922
1290.175781	19861.271484
1289.102539	19352.148438
1288.028320	19557.748047
1286.955078	19197.630859
1285.880859	19121.542969
1284.806641	19266.240234
1283.732422	19217.193359
1282.657227	19400.083984
1281.582031	19267.736328
1280.506836	19333.501953
1279.431641	19541.003906
1278.355469	19626.931641
1277.280273	19802.794922
1276.204102	19996.572266
1275.127930	19862.009766
1274.050781	20217.541016
1272.974609	20260.531250
1271.897461	20368.664063
1270.820313	20573.351563
1269.742188	20966.617188
1268.665039	21096.988281
1267.586914	21440.585938
1266.508789	21761.593750
1265.430664	22504.367188
1264.351563	22551.289063
1263.272461	22474.810547
1262.194336	22353.509766
1261.114258	22191.896484
1260.035156	21812.892578
1258.955078	21039.566406
1257.875977	20965.716797
1256.794922	20316.111328
1255.714844	19427.097656
1254.634766	18641.472656
1253.553711	17862.888672
1252.472656	17236.849609
1251.391602	17213.115234
1250.309570	16471.115234
1249.227539	16190.275391
1248.146484	15667.990234
1247.063477	15387.433594
1245.981445	15218.780273
1244.898438	15094.902344
1243.816406	15279.480469
1242.732422	14979.125977
1241.649414	14886.647461
1240.566406	14912.577148
1239.482422	14755.393555
1238.398438	14915.288086
1237.314453	14901.017578
1236.229492	14839.888672
1235.144531	14700.696289
1234.059570	14748.933594
1232.974609	14783.769531
1231.889648	14818.589844
1230.803711	14842.248047
1229.717773	14540.496094
1228.631836	14528.547852
1227.545898	14719.337891
1226.458984	14685.082031
1225.373047	14650.839844
1224.286133	14558.722656
1223.198242	14983.071289
1222.111328	14499.231445
1221.023438	14836.636719
1219.935547	14958.115234
1218.847656	14610.251953
1217.759766	14676.133789
1216.670898	14770.888672
1215.582031	14925.616211
1214.493164	14886.941406
1213.404297	14834.951172
1212.314453	14991.787109
1211.224609	14711.045898
1210.134766	14734.616211
1209.044922	14895.812500
1207.954102	14910.454102
1206.864258	14942.841797
1205.773438	15110.545898
1204.681641	14965.428711
1203.590820	15113.097656
1202.499023	15240.750000
1201.407227	15261.946289
1200.315430	15416.106445
1199.223633	15441.686523
1198.130859	15719.800781
1197.038086	15800.675781
1195.945313	15609.147461
1194.852539	16139.434570
1193.758789	15967.835938
1192.666016	15827.288086
1191.572266	15797.425781
1190.477539	15619.366211
1189.383789	15543.114258
1188.289063	15765.396484
1187.194336	15664.826172
1186.099609	15480.308594
1185.004883	15311.335938
1183.909180	14928.132813
1182.813477	15139.262695
1181.717773	14904.213867
1180.621094	14642.767578
1179.525391	14880.310547
1178.428711	14303.380859
1177.332031	14300.383789
1176.235352	14220.175781
1175.137695	14144.412109
1174.040039	14062.063477
1172.942383	14134.074219
1171.844727	14020.902344
1170.747070	13896.757813
1169.648438	13713.175781
1168.549805	13650.825195
1167.451172	13603.916016
1166.351563	13779.416016
1165.252930	13657.649414
1164.153320	14017.944336
1163.053711	14180.041992
1161.953125	14359.670898
1160.853516	14323.665039
1159.752930	14349.248047
1158.652344	14715.612305
1157.550781	14477.317383
1156.450195	14722.623047
1155.348633	14512.990234
1154.247070	14556.077148
1153.145508	14526.665039
1152.042969	14712.462891
1150.940430	14410.795898
1149.837891	14098.279297
1148.735352	14360.854492
1147.632813	14072.613281
1146.529297	14343.855469
1145.425781	14178.551758
1144.322266	14535.170898
1143.217773	14543.079102
1142.114258	14605.776367
1141.009766	14624.620117
1139.905273	14779.287109
1138.799805	14944.838867
1137.695313	14801.544922
1136.589844	14603.573242
1135.484375	14966.064453
1134.378906	14761.574219
1133.272461	14802.232422
1132.166016	14403.165039
1131.059570	14485.435547
1129.953125	14598.283203
1128.846680	14492.460938
1127.739258	14377.939453
1126.631836	14398.954102
1125.524414	14531.385742
1124.416016	14242.174805
1123.307617	14780.791016
1122.200195	14731.829102
1121.090820	14680.703125
1119.982422	14775.828125
1118.873047	14958.196289
1117.763672	15046.676758
1116.654297	15316.155273
1115.544922	15690.193359
1114.434570	16153.463867
1113.325195	16856.314453
1112.213867	17539.255859
1111.103516	18838.527344
1109.993164	20019.617188
1108.881836	21742.519531
1107.770508	23220.814453
1106.658203	24598.341797
1105.546875	25838.162109
1104.434570	27464.808594
1103.322266	28651.285156
1102.209961	29210.800781
1101.096680	30024.523438
1099.984375	29942.097656
1098.871094	30070.564453
1097.757813	28688.482422
1096.643555	27880.630859
1095.529297	26842.837891
1094.415039	25431.896484
1093.300781	24668.667969
1092.186523	23076.406250
1091.071289	21766.996094
1089.956055	20521.072266
1088.840820	19065.210938
1087.725586	18208.673828
1086.609375	17252.732422
1085.493164	16483.671875
1084.376953	16237.391602
1083.260742	15492.708008
1082.143555	14900.025391
1081.027344	14660.732422
1079.910156	14425.871094
1078.791992	14440.150391
1077.674805	14437.102539
1076.556641	14302.008789
1075.438477	14374.737305
1074.320313	14168.308594
1073.201172	14422.750000
1072.082031	14346.166992
1070.962891	14373.410156
1069.843750	14534.681641
1068.724609	14745.597656
1067.604492	14643.075195
1066.484375	15158.516602
1065.364258	15215.796875
1064.243164	15642.352539
1063.123047	15876.558594
1062.001953	15763.107422
1060.880859	16040.351563
1059.758789	16295.900391
1058.637695	16415.425781
1057.515625	16265.285156
1056.392578	16361.042969
1055.270508	16245.471680
1054.147461	16211.858398
1053.025391	15857.150391
1051.901367	16054.176758
1050.778320	15839.671875
1049.654297	15860.011719
1048.531250	15671.475586
1047.407227	15470.101563
1046.282227	15400.104492
1045.158203	15185.959961
1044.033203	15165.534180
1042.908203	14957.980469
1041.782227	15131.158203
1040.657227	14958.098633
1039.531250	14873.247070
1038.405273	14919.528320
1037.279297	14851.908203
1036.152344	15205.374023
1035.025391	15187.119141
1033.898438	14990.641602
1032.771484	15142.042969
1031.644531	15125.956055
1030.516602	15015.453125
1029.388672	15241.843750
1028.260742	15084.167969
1027.131836	15177.480469
1026.002930	15307.202148
1024.874023	15323.250977
1023.745117	15197.837891
1022.616211	15201.044922
1021.486328	15304.939453
1020.356445	15113.208008
1019.226563	15315.582031
1018.095703	15194.580078
1016.965820	14951.618164
1015.834961	15171.015625
1014.704102	15246.963867
1013.572266	15286.513672
1012.441406	15030.902344
1011.309570	14982.809570
1010.176758	14851.362305
1009.044922	14901.644531
1007.912109	14727.530273
1006.779297	14512.896484
1005.646484	14699.919922
1004.513672	14726.697266
1003.379883	14964.835938
1002.246094	15160.179688
1001.112305	15159.095703
999.978516	15128.138672
998.843750	15026.794922
997.708984	14707.946289
996.574219	14532.100586
995.439453	14390.439453
994.303711	14282.940430
993.167969	14375.801758
992.032227	14279.002930
990.896484	14235.497070
989.759766	14111.082031
988.623047	14289.065430
987.486328	14328.603516
986.349609	14253.195313
985.211914	14203.353516
984.075195	14174.805664
982.936523	14261.123047
981.798828	14492.003906
980.661133	14671.761719
979.522461	14713.279297
978.383789	14952.414063
977.244141	15227.567383
976.105469	15158.476563
974.965820	15592.750000
973.826172	15733.818359
972.685547	15817.508789
971.545898	16329.890625
970.405273	16610.759766
969.264648	16609.345703
968.124023	17097.896484
966.982422	17206.650391
965.840820	17334.437500
964.699219	17440.972656
963.557617	17057.912109
962.415039	17232.259766
961.273438	17351.453125
960.129883	16839.460938
958.987305	17045.503906
957.844727	16696.800781
956.701172	16724.992188
955.557617	16613.507813
954.413086	16292.621094
953.269531	16092.435547
952.125000	16034.023438
950.980469	15793.804688
949.835938	15707.999023
948.690430	15396.094727
947.544922	15437.184570
946.399414	15349.393555
945.253906	15392.585938
944.107422	15336.514648
942.961914	15362.799805
941.815430	15538.932617
940.667969	15778.296875
939.521484	15952.154297
938.374023	16393.822266
937.226563	16702.441406
936.078125	17371.472656
934.930664	17861.037109
933.782227	18668.628906
932.633789	19956.294922
931.485352	20600.882813
930.335938	21820.185547
929.186523	22756.794922
928.037109	24202.486328
926.887695	25540.212891
925.737305	26145.033203
924.587891	26673.853516
923.436523	26318.976563
922.286133	26115.669922
921.135742	25662.238281
919.984375	24725.503906
918.833008	23314.181641
917.680664	22004.324219
916.529297	20781.156250
915.376953	19932.371094
914.224609	18779.462891
913.071289	17956.662109
911.918945	17279.041016
910.765625	16635.287109
909.612305	16136.577148
908.458984	15858.333008
907.304688	15775.249023
906.150391	15671.230469
904.996094	15414.224609
903.841797	15031.576172
902.686523	15485.163086
901.531250	15201.124023
900.375977	15093.146484
899.220703	15045.941406
898.064453	15201.837891
896.908203	15152.535156
895.751953	14906.536133
894.595703	14874.053711
893.438477	14983.829102
892.281250	14800.762695
891.124023	14849.868164
889.966797	15156.082031
888.808594	14891.581055
887.650391	14702.417969
886.492188	14824.619141
885.333008	14666.879883
884.174805	14780.681641
883.015625	14606.315430
881.856445	14695.030273
880.696289	14654.317383
879.536133	14521.816406
878.376953	14426.919922
877.215820	14490.567383
876.055664	14545.844727
874.894531	14561.490234
873.733398	14479.167969
872.572266	14430.220703
871.410156	14479.210938
870.249023	14434.448242
869.086914	14531.310547
867.924805	14376.208984
866.761719	14631.238281
865.598633	14507.396484
864.435547	14350.315430
863.272461	14228.665039
862.109375	14335.840820
860.945313	14559.411133
859.781250	14202.877930
858.616211	14636.300781
857.452148	14342.242188
856.287109	14511.599609
855.122070	14593.645508
853.957031	14536.519531
852.791016	14730.637695
851.625000	14646.521484
850.458984	14749.216797
849.292969	14503.291016
848.125977	14481.506836
846.958984	14476.322266
845.791992	14736.550781
844.625000	14461.811523
843.457031	14541.610352
842.290039	14584.074219
841.121094	14667.954102
839.953125	14476.313477
838.784180	14638.871094
837.615234	14494.937500
836.446289	14655.348633
835.277344	14643.920898
834.107422	14918.028320
832.937500	14590.045898
831.767578	14814.410156
830.597656	14676.821289
829.426758	14708.808594
828.255859	14850.325195
827.084961	14809.935547
825.913086	14699.319336
824.742188	14993.591797
823.570313	14967.650391
822.397461	15001.593750
821.225586	14973.594727
820.052734	14900.206055
818.879883	15033.176758
817.707031	14978.369141
816.533203	15074.140625
815.359375	14910.062500
814.185547	15143.927734
813.011719	14971.658203
811.836914	15057.041992
810.662109	15158.869141
809.487305	15363.638672
808.312500	15179.110352
807.136719	15303.490234
805.961914	15563.669922
804.785156	15710.548828
803.609375	15519.928711
802.432617	15753.149414
801.255859	15523.524414
800.079102	15641.494141
798.902344	15701.851563
797.724609	15780.678711
796.546875	16071.123047
795.369141	15615.684570
794.190430	15885.498047
793.012695	15621.272461
791.833984	15860.168945
790.654297	15957.329102
789.475586	15816.388672
788.295898	15773.993164
787.116211	15635.203125
785.936523	15744.628906
784.755859	15554.641602
783.575195	15463.134766
782.394531	15420.856445
781.213867	15667.520508
780.032227	15678.479492
778.851563	15765.216797
777.668945	15759.765625
776.487305	15664.232422
775.304688	15615.819336
774.123047	15563.332031
772.939453	15754.342773
771.756836	15865.492188
770.573242	15866.156250
769.389648	16001.767578
768.206055	16239.532227
767.022461	16401.572266
765.837891	16518.587891
764.653320	16529.318359
763.468750	17318.230469
762.283203	17110.283203
761.097656	17455.699219
759.912109	17892.816406
758.726563	17803.238281
757.540039	18552.251953
756.353516	18901.132813
755.166992	19468.076172
753.980469	20106.136719
752.792969	20957.964844
751.605469	22294.484375
750.417969	23591.708984
749.230469	25430.263672
748.041992	28229.367188
746.853516	31524.119141
745.665039	35532.031250
744.476563	40097.953125
743.287109	45583.742188
742.097656	51512.722656
740.908203	56314.269531
739.717773	59677.964844
738.527344	61143.203125
737.336914	61083.207031
736.146484	59080.312500
734.955078	55873.363281
733.763672	52395.578125
732.572266	49077.718750
731.380859	46670.996094
730.188477	44908.871094
728.996094	43248.988281
727.803711	42691.714844
726.611328	42067.730469
725.417969	41614.398438
724.224609	40654.269531
723.031250	39773.628906
721.836914	38646.066406
720.643555	36965.718750
719.449219	34493.855469
718.253906	32043.322266
717.059570	30709.794922
715.864258	28692.437500
714.668945	27562.654297
713.473633	26469.791016
712.277344	25440.130859
711.081055	24366.406250
709.884766	23657.228516
708.687500	22667.265625
707.491211	22059.849609
706.293945	21359.714844
705.096680	21252.011719
703.898438	20823.097656
702.700195	20503.451172
701.501953	20242.509766
700.303711	19902.933594
699.105469	19829.974609
697.906250	19874.107422
696.707031	19583.255859
695.506836	19813.023438
694.307617	19982.179688
693.107422	20070.599609
691.907227	20469.458984
690.706055	20517.417969
689.505859	21117.527344
688.304688	21771.773438
687.102539	22375.375000
685.901367	23147.880859
684.699219	23511.314453
683.497070	24548.955078
682.294922	25135.322266
681.091797	25864.294922
679.889648	25898.906250
678.685547	25416.599609
677.482422	25527.701172
676.278320	24836.599609
675.075195	24429.201172
673.870117	24112.410156
672.666016	23845.980469
671.460938	23686.125000
670.255859	23618.716797
669.050781	23820.378906
667.845703	23809.173828
666.639648	24241.498047
665.433594	24970.591797
664.226563	25225.939453
663.020508	25950.488281
661.813477	26688.753906
660.606445	27222.214844
659.398438	28190.373047
658.191406	28627.083984
656.983398	28678.949219
655.775391	28456.378906
654.566406	27901.482422
653.358398	27298.775391
652.149414	26746.369141
650.939453	25898.021484
649.730469	25646.277344
648.520508	24784.531250
647.310547	24059.154297
646.099609	23482.054688
644.889648	22771.269531
643.678711	22010.824219
642.467773	21672.328125
641.255859	21142.195313
640.044922	20360.628906
638.833008	20366.171875
637.620117	20152.103516
636.408203	19946.109375
635.195313	20215.152344
633.982422	19582.273438
632.769531	19949.015625
631.555664	20385.394531
630.341797	20689.990234
629.127930	21423.031250
627.914063	21460.207031
626.699219	22021.400391
625.484375	22500.669922
624.269531	22553.515625
623.053711	21989.058594
621.838867	21872.771484
620.622070	21436.089844
619.406250	20830.453125
618.190430	20378.269531
616.973633	19952.138672
615.756836	19267.673828
614.539063	19245.570313
613.321289	18788.160156
612.104492	18440.250000
610.885742	18406.416016
609.667969	18003.119141
608.449219	17951.519531
607.230469	18007.162109
606.011719	17798.755859
604.791992	17818.681641
603.572266	17785.019531
602.352539	18001.335938
601.132813	17620.552734
599.912109	17771.371094
598.691406	17692.146484
597.470703	17823.060547
596.249023	17686.388672
595.028320	17629.025391
593.805664	17696.476563
592.583984	17530.212891
591.362305	17419.460938
590.139648	17849.158203
588.916992	17724.527344
587.693359	17578.185547
586.469727	17590.164063
585.246094	17598.177734
584.022461	17768.330078
582.798828	17887.007813
581.574219	17908.783203
580.349609	17845.580078
579.125000	18136.035156
577.899414	18345.380859
576.673828	18495.390625
575.448242	18720.357422
574.221680	18846.531250
572.996094	19057.505859
571.769531	19341.386719
570.541992	19571.884766
569.315430	19912.718750
568.087891	19949.759766
566.860352	19961.154297
565.632813	20305.617188
564.404297	20076.537109
563.175781	20499.621094
561.947266	19929.863281
560.717773	19756.148438
559.489258	19476.197266
558.259766	19145.195313
557.029297	19166.576172
555.799805	19020.718750
554.569336	18762.806641
553.338867	18748.855469
552.107422	18866.638672
550.876953	18644.308594
549.645508	18437.796875
548.413086	18421.960938
547.181641	17856.105469
545.949219	18439.402344
544.716797	18362.703125
543.484375	18484.306641
542.250977	18260.431641
541.017578	18315.285156
539.784180	18348.535156
538.550781	18001.267578
537.316406	18065.945313
536.082031	18318.798828
534.847656	18044.285156
533.612305	17952.136719
532.376953	18216.599609
531.141602	18283.111328
529.906250	18173.341797
528.669922	18235.914063
527.433594	18468.759766
526.197266	18554.720703
524.959961	18574.121094
523.722656	19152.976563
522.485352	19277.843750
521.248047	20143.720703
520.009766	21095.230469
518.771484	21802.013672
517.533203	21363.419922
516.294922	20034.177734
515.055664	19457.490234
513.816406	19025.556641
512.577148	18978.417969
511.336914	18700.976563
510.096680	18601.238281
508.856445	18610.798828
507.616211	18175.621094
506.375000	18598.703125
505.133789	18785.681641
503.892578	18444.312500
502.650391	18582.517578
