1802.318359	4919.536621
1801.348633	4897.061523
1800.379883	5000.946289
1799.410156	4810.233887
1798.440430	4826.742676
1797.470703	4790.845215
1796.500977	4867.224609
1795.530273	4861.263672
1794.559570	4765.530273
1793.588867	4851.841309
1792.618164	4905.711914
1791.647461	5041.804688
1790.675781	4908.734375
1789.705078	4972.525391
1788.733398	4891.827637
1787.761719	4918.242188
1786.789063	4949.625488
1785.817383	5005.888672
1784.844727	5134.302734
1783.872070	4979.003906
1782.899414	5052.641113
1781.926758	5131.222656
1780.953125	5050.619629
1779.980469	5126.683594
1779.006836	4986.455078
1778.033203	5171.852539
1777.058594	5061.487793
1776.084961	5097.738770
1775.110352	5024.688965
1774.135742	5085.765625
1773.161133	5181.576172
1772.186523	5081.247070
1771.210938	5333.373047
1770.236328	5322.379883
1769.260742	5447.834961
1768.285156	5379.775879
1767.308594	5324.143066
1766.333008	5513.983398
1765.356445	5478.175781
1764.379883	5504.339844
1763.403320	5466.069824
1762.426758	5650.774414
1761.449219	5664.502930
1760.472656	5849.092773
1759.495117	5880.106934
1758.517578	5923.484863
1757.539063	5986.643555
1756.561523	5963.174316
1755.583008	5865.499023
1754.604492	5978.097656
1753.625977	5976.899414
1752.647461	5946.032715
1751.667969	5976.974609
1750.688477	5956.005371
1749.709961	5944.927246
1748.729492	5941.264648
1747.750000	5846.217773
1746.770508	5896.902344
1745.790039	5836.465820
1744.809570	5746.432617
1743.829102	5804.509766
1742.847656	5795.942871
1741.867188	5738.041016
1740.885742	5803.482910
1739.904297	5711.079102
1738.922852	5675.416504
1737.941406	5814.778809
1736.958984	5742.143066
1735.977539	5681.855469
1734.995117	5722.593750
1734.011719	5844.592285
1733.029297	5666.121582
1732.046875	5711.761230
1731.063477	5688.460938
1730.080078	5719.311523
1729.096680	5735.385742
1728.112305	5871.993164
1727.128906	5897.868164
1726.144531	5685.209473
1725.160156	5767.656250
1724.175781	5886.939941
1723.191406	5718.645996
1722.206055	5766.637207
1721.220703	5758.108398
1720.235352	5975.538574
1719.250000	5937.504395
1718.264648	5946.130859
1717.278320	6050.481445
1716.291992	6088.530273
1715.305664	6003.884766
1714.319336	6174.392578
1713.333008	6254.086426
1712.345703	6243.020020
1711.358398	6249.119629
1710.371094	6265.020020
1709.383789	6445.104980
1708.396484	6409.506836
1707.408203	6582.140625
1706.419922	6722.866211
1705.431641	6670.091797
1704.443359	6783.812500
1703.455078	6860.771973
1702.465820	6788.423828
1701.476563	6860.457520
1700.487305	7162.402344
1699.498047	7381.071777
1698.507813	7455.386719
1697.518555	7664.129883
1696.528320	7625.923340
1695.538086	7766.123047
1694.547852	7828.083008
1693.556641	8031.695801
1692.565430	8176.612305
1691.575195	8319.028320
1690.583008	8388.148438
1689.591797	8467.003906
1688.600586	8528.745117
1687.608398	8705.130859
1686.616211	8591.168945
1685.624023	8730.887695
1684.631836	8770.579102
1683.638672	8712.742188
1682.645508	8854.788086
1681.652344	8516.719727
1680.659180	8885.326172
1679.666016	9032.122070
1678.671875	8828.166016
1677.678711	8750.905273
1676.684570	8919.546875
1675.690430	8754.677734
1674.695313	9015.717773
1673.701172	8894.687500
1672.706055	8822.353516
1671.710938	9041.877930
1670.715820	8889.304688
1669.719727	9047.953125
1668.724609	9033.975586
1667.728516	9241.128906
1666.732422	9083.777344
1665.736328	9111.091797
1664.739258	9264.675781
1663.743164	9328.361328
1662.746094	9411.441406
1661.749023	9426.530273
1660.751953	9424.626953
1659.753906	9323.255859
1658.755859	9646.396484
1657.758789	9443.168945
1656.759766	9579.461914
1655.761719	9570.254883
1654.763672	9352.622070
1653.764648	9542.157227
1652.765625	9486.931641
1651.766602	9441.416992
1650.767578	9625.974609
1649.767578	9304.439453
1648.767578	9484.107422
1647.768555	9441.047852
1646.767578	9216.529297
1645.767578	9221.923828
1644.766602	9137.824219
1643.766602	9010.230469
1642.765625	9344.470703
1641.764648	9105.693359
1640.762695	9028.932617
1639.761719	9186.579102
1638.759766	9061.517578
1637.757813	8859.216797
1636.755859	8823.618164
1635.752930	9019.804688
1634.750977	8909.358398
1633.748047	8772.410156
1632.745117	8949.184570
1631.741211	8841.230469
1630.738281	8926.267578
1629.734375	8700.204102
1628.730469	8925.065430
1627.726563	8809.970703
1626.722656	8776.858398
1625.718750	8471.495117
1624.713867	8896.160156
1623.708984	8776.344727
1622.704102	8736.041016
1621.698242	8674.084961
1620.693359	8792.676758
1619.687500	8771.643555
1618.681641	8892.573242
1617.675781	8958.125977
1616.669922	8773.529297
1615.663086	8827.055664
1614.656250	8870.944336
1613.649414	8763.389648
1612.642578	8997.115234
1611.635742	8877.564453
1610.627930	8894.981445
1609.620117	8917.195313
1608.612305	8951.404297
1607.604492	9052.816406
1606.595703	9146.987305
1605.587891	9200.325195
1604.579102	9241.644531
1603.570313	9450.855469
1602.560547	9405.770508
1601.551758	9564.509766
1600.541992	9605.720703
1599.532227	9697.245117
1598.522461	9712.050781
1597.512695	9765.183594
1596.501953	10175.191406
1595.491211	10185.100586
1594.480469	10314.721680
1593.469727	10329.384766
1592.458984	10631.243164
1591.447266	10590.798828
1590.435547	10646.066406
1589.423828	10851.999023
1588.412109	10763.705078
1587.400391	10830.855469
1586.387695	11103.555664
1585.375000	11022.432617
1584.362305	11185.066406
1583.349609	11390.635742
1582.335938	11352.494141
1581.323242	11350.188477
1580.309570	11381.307617
1579.294922	11443.445313
1578.281250	11746.597656
1577.267578	11608.205078
1576.252930	11775.221680
1575.238281	11830.071289
1574.223633	11806.205078
1573.208008	11958.773438
1572.193359	11932.505859
1571.177734	12023.022461
1570.162109	12101.588867
1569.145508	12030.044922
1568.129883	12160.973633
1567.113281	12425.196289
1566.096680	12098.889648
1565.080078	12134.512695
1564.063477	12165.360352
1563.045898	12060.577148
1562.029297	12312.654297
1561.011719	12264.960938
1559.994141	11729.831055
1558.975586	11851.066406
1557.958008	11677.520508
1556.939453	11689.402344
1555.920898	11477.944336
1554.902344	11425.723633
1553.882813	11014.910156
1552.864258	11026.914063
1551.844727	10673.323242
1550.825195	10640.293945
1549.804688	10699.825195
1548.785156	10344.142578
1547.764648	10401.335938
1546.744141	10240.324219
1545.723633	10238.237305
1544.703125	9932.717773
1543.681641	9878.551758
1542.660156	9874.169922
1541.638672	10014.305664
1540.617188	9801.455078
1539.595703	10017.328125
1538.573242	9889.799805
1537.550781	9797.830078
1536.528320	9660.929688
1535.505859	9824.596680
1534.482422	9564.726563
1533.459961	9673.944336
1532.436523	9541.908203
1531.413086	9792.942383
1530.388672	9625.477539
1529.365234	9609.334961
1528.340820	9659.357422
1527.316406	9603.051758
1526.291992	9568.026367
1525.267578	9851.804688
1524.242188	9809.659180
1523.216797	9741.564453
1522.191406	9810.375977
1521.166016	9789.497070
1520.139648	9846.474609
1519.114258	10153.430664
1518.087891	10118.345703
1517.061523	10050.267578
1516.034180	10281.566406
1515.007813	10585.824219
1513.980469	10536.540039
1512.953125	10798.219727
1511.925781	10579.339844
1510.897461	10895.059570
1509.870117	10977.584961
1508.841797	11257.787109
1507.813477	11427.272461
1506.785156	11584.924805
1505.755859	11551.977539
1504.726563	11401.455078
1503.697266	11796.495117
1502.667969	11803.487305
1501.638672	11829.278320
1500.608398	11826.860352
1499.579102	11721.070313
1498.548828	11915.981445
1497.517578	11648.172852
1496.487305	11758.492188
1495.456055	11819.469727
1494.424805	11760.724609
1493.393555	11699.656250
1492.362305	11343.014648
1491.331055	11338.348633
1490.298828	11101.522461
1489.266602	10986.710938
1488.234375	11003.215820
1487.201172	10799.413086
1486.168945	10837.036133
1485.135742	10701.286133
1484.102539	10663.963867
1483.069336	10821.016602
1482.035156	10673.645508
1481.001953	10774.453125
1479.967773	10952.447266
1478.933594	11104.630859
1477.898438	11399.449219
1476.864258	11528.088867
1475.829102	11694.088867
1474.793945	11860.020508
1473.758789	12107.692383
1472.722656	12455.749023
1471.687500	12483.570313
1470.651367	13020.619141
1469.615234	12898.841797
1468.579102	13300.153320
1467.541992	13649.939453
1466.504883	13633.137695
1465.468750	14017.714844
1464.430664	14299.477539
1463.393555	14427.172852
1462.355469	15021.239258
1461.318359	14740.693359
1460.280273	14933.489258
1459.241211	15312.660156
1458.203125	15423.701172
1457.164063	15196.882813
1456.125000	15191.435547
1455.085938	15311.745117
1454.046875	15194.516602
1453.006836	15359.002930
1451.967773	15551.349609
1450.927734	15592.368164
1449.886719	15531.008789
1448.846680	15751.109375
1447.805664	15319.996094
1446.764648	15635.371094
1445.723633	15601.943359
1444.682617	15568.527344
1443.641602	15372.478516
1442.599609	15023.186523
1441.557617	15243.069336
1440.515625	15014.695313
1439.472656	14568.181641
1438.430664	14588.400391
1437.387695	14346.375000
1436.344727	14401.432617
1435.301758	14182.741211
1434.257813	14165.911133
1433.213867	14023.875000
1432.169922	13928.261719
1431.125977	14124.730469
1430.082031	13908.632813
1429.037109	14019.299805
1427.993164	14340.711914
1426.948242	14182.597656
1425.902344	14066.226563
1424.857422	14086.483398
1423.811523	14240.971680
1422.765625	14344.486328
1421.719727	14329.968750
1420.673828	14320.083008
1419.626953	14541.457031
1418.580078	14069.109375
1417.533203	14604.823242
1416.486328	14287.502930
1415.439453	14152.854492
1414.391602	14457.198242
1413.343750	14470.390625
1412.295898	14236.488281
1411.248047	14473.669922
1410.199219	14482.232422
1409.150391	13985.377930
1408.101563	14141.705078
1407.052734	14143.407227
1406.003906	13967.515625
1404.954102	13996.922852
1403.904297	13984.818359
1402.854492	13638.498047
1401.804688	13720.955078
1400.753906	13545.327148
1399.703125	13411.234375
1398.652344	13258.772461
1397.601563	13320.512695
1396.550781	13244.100586
1395.499023	13112.478516
1394.447266	13153.499023
1393.395508	13208.305664
1392.343750	13194.082031
1391.291016	13000.482422
1390.239258	13128.861328
1389.186523	13126.154297
1388.132813	13031.514648
1387.080078	13095.465820
1386.026367	13267.366211
1384.972656	13175.050781
1383.918945	13310.119141
1382.865234	13564.520508
1381.810547	13472.198242
1380.756836	13648.429688
1379.702148	13769.519531
1378.646484	13920.379883
1377.591797	14247.785156
1376.536133	14299.878906
1375.480469	14173.125000
1374.424805	14236.672852
1373.369141	14313.943359
1372.312500	14404.928711
1371.256836	14379.046875
1370.200195	14547.849609
1369.142578	14322.734375
1368.085938	14443.400391
1367.028320	14177.199219
1365.970703	14391.667969
1364.913086	14377.254883
1363.855469	14472.645508
1362.796875	14499.385742
1361.739258	14377.493164
1360.680664	14477.393555
1359.621094	14286.986328
1358.562500	14674.782227
1357.502930	14820.249023
1356.443359	14890.278320
1355.383789	14946.576172
1354.324219	15251.716797
1353.263672	15241.715820
1352.203125	15722.400391
1351.142578	15961.017578
1350.082031	16290.788086
1349.021484	16691.125000
1347.959961	16610.140625
1346.898438	17023.925781
1345.836914	17569.744141
1344.774414	17999.107422
1343.712891	18583.230469
1342.650391	18809.464844
1341.587891	19245.134766
1340.525391	19395.992188
1339.461914	20109.103516
1338.398438	19834.083984
1337.335938	20264.626953
1336.271484	20551.654297
1335.208008	20704.355469
1334.143555	20932.039063
1333.079102	21164.177734
1332.014648	21366.664063
1330.950195	21437.242188
1329.885742	20985.150391
1328.820313	20878.568359
1327.754883	20267.777344
1326.689453	20168.199219
1325.623047	19778.042969
1324.556641	19640.013672
1323.491211	19281.898438
1322.423828	18787.787109
1321.357422	18219.015625
1320.291016	18072.347656
1319.223633	17676.298828
1318.156250	17355.230469
1317.087891	17297.232422
1316.020508	17071.554688
1314.952148	16868.626953
1313.883789	16640.865234
1312.815430	16399.607422
1311.747070	16652.078125
1310.677734	16001.153320
1309.608398	16068.000000
1308.539063	16096.348633
1307.469727	15984.410156
1306.399414	15858.945313
1305.330078	15724.485352
1304.259766	15562.947266
1303.189453	15256.796875
1302.118164	15183.566406
1301.046875	14780.455078
1299.976563	14937.789063
1298.904297	14661.382813
1297.833008	14638.014648
1296.761719	14036.662109
1295.689453	13796.728516
1294.617188	14123.363281
1293.543945	13743.615234
1292.471680	13616.685547
1291.398438	13609.345703
1290.325195	13329.157227
1289.251953	13254.244141
1288.178711	13285.300781
1287.104492	13537.193359
1286.030273	13079.253906
1284.956055	13024.725586
1283.881836	13053.548828
1282.806641	13300.774414
1281.732422	13126.916016
1280.657227	13506.816406
1279.581055	13569.266602
1278.505859	13827.424805
1277.429688	13835.796875
1276.353516	14138.768555
1275.277344	14158.312500
1274.201172	14236.293945
1273.124023	14554.723633
1272.046875	14526.978516
1270.969727	14663.243164
1269.892578	14738.804688
1268.814453	14695.317383
1267.737305	14371.203125
1266.659180	14282.914063
1265.581055	14203.638672
1264.501953	13895.532227
1263.422852	13596.526367
1262.344727	13342.500977
1261.264648	13359.904297
1260.185547	12971.519531
1259.105469	12876.920898
1258.026367	12838.383789
1256.946289	12441.385742
1255.865234	12306.633789
1254.785156	12478.754883
1253.704102	12254.486328
1252.623047	12195.968750
1251.541992	12468.719727
1250.459961	12228.927734
1249.378906	12360.612305
1248.296875	12161.202148
1247.214844	12096.051758
1246.131836	12035.399414
1245.049805	12160.305664
1243.966797	11775.605469
1242.883789	11766.447266
1241.800781	11714.847656
1240.716797	11591.795898
1239.632813	11533.553711
1238.548828	11386.032227
1237.464844	11446.156250
1236.380859	11416.989258
1235.295898	11298.586914
1234.210938	11383.227539
1233.125977	11139.987305
1232.041016	11117.595703
1230.955078	11048.396484
1229.869141	11032.717773
1228.783203	10976.934570
1227.697266	10805.323242
1226.610352	10834.251953
1225.524414	10758.500000
1224.437500	10800.784180
1223.349609	10805.207031
1222.262695	10731.732422
1221.174805	10771.768555
1220.086914	10822.910156
1218.999023	10762.821289
1217.911133	10756.125977
1216.822266	10920.623047
1215.733398	10744.963867
1214.644531	10920.504883
1213.555664	11075.975586
1212.465820	10880.399414
1211.376953	11111.323242
1210.287109	10989.095703
1209.196289	10917.979492
1208.106445	10935.672852
1207.015625	10824.652344
1205.924805	11093.059570
1204.833984	11190.556641
1203.743164	10990.842773
1202.651367	10837.773438
1201.559570	10806.689453
1200.467773	10651.504883
1199.375977	10640.414063
1198.283203	10919.539063
1197.190430	10476.489258
1196.097656	10591.663086
1195.004883	10518.599609
1193.911133	10578.376953
1192.818359	10518.623047
1191.724609	10328.352539
1190.629883	10425.736328
1189.536133	10390.378906
1188.441406	10454.539063
1187.346680	10368.342773
1186.251953	10397.116211
1185.157227	10615.919922
1184.061523	10364.040039
1182.965820	10326.527344
1181.870117	10319.948242
1180.774414	10258.171875
1179.677734	10267.060547
1178.581055	10417.194336
1177.484375	10132.571289
1176.387695	10256.196289
1175.291016	10190.083008
1174.193359	10079.893555
1173.095703	10038.095703
1171.998047	10002.928711
1170.899414	10036.091797
1169.800781	9895.177734
1168.702148	9992.232422
1167.603516	9959.303711
1166.504883	9743.626953
1165.405273	9761.396484
1164.305664	9649.297852
1163.206055	9722.093750
1162.106445	9636.450195
1161.005859	9810.400391
1159.906250	9757.760742
1158.804688	9964.591797
1157.704102	9670.132813
1156.603516	9817.553711
1155.501953	9914.373047
1154.400391	10004.561523
1153.298828	10215.513672
1152.196289	10551.545898
1151.093750	10599.826172
1149.992188	10946.610352
1148.888672	11093.542969
1147.786133	11356.700195
1146.682617	11547.356445
1145.579102	11830.045898
1144.475586	12002.978516
1143.372070	12061.840820
1142.267578	12355.201172
1141.163086	12245.229492
1140.058594	12003.849609
1138.954102	11942.186523
1137.848633	11738.200195
1136.744141	11716.027344
1135.638672	11507.794922
1134.532227	11400.324219
1133.426758	11192.244141
1132.320313	10997.376953
1131.213867	10951.321289
1130.107422	10736.904297
1129.000000	10679.989258
1127.893555	10791.406250
1126.786133	10710.463867
1125.677734	10775.943359
1124.570313	10561.785156
1123.461914	10587.955078
1122.354492	10620.664063
1121.245117	10528.923828
1120.136719	10489.603516
1119.027344	10592.139648
1117.918945	10378.286133
1116.808594	10363.014648
1115.699219	10354.291016
1114.589844	10389.176758
1113.479492	10452.384766
1112.369141	10722.608398
1111.257813	10617.940430
1110.147461	10868.407227
1109.036133	10785.532227
1107.924805	11151.267578
1106.813477	11013.938477
1105.701172	11288.051758
1104.589844	11216.036133
1103.477539	11296.350586
1102.364258	11409.258789
1101.251953	11622.161133
1100.138672	11758.869141
1099.025391	11545.524414
1097.912109	11630.028320
1096.798828	11549.349609
1095.684570	11410.045898
1094.570313	11259.940430
1093.456055	11125.098633
1092.341797	10901.296875
1091.226563	10714.490234
1090.111328	10703.549805
1088.996094	10495.164063
1087.880859	10497.289063
1086.764648	10438.684570
1085.648438	10135.075195
1084.532227	10200.142578
1083.416016	10037.596680
1082.299805	10044.146484
1081.182617	10063.692383
1080.065430	9981.422852
1078.947266	10016.131836
1077.830078	9847.297852
1076.711914	9996.750000
1075.593750	9914.561523
1074.475586	10081.246094
1073.357422	9903.884766
1072.238281	9862.861328
1071.119141	9698.593750
1070.000000	9832.750977
1068.879883	9806.897461
1067.760742	9960.422852
1066.640625	9928.070313
1065.519531	9871.968750
1064.399414	10146.325195
1063.278320	9995.192383
1062.157227	10280.200195
1061.036133	10221.911133
1059.915039	10174.434570
1058.792969	10273.682617
1057.670898	10482.894531
1056.548828	10400.886719
1055.426758	10765.217773
1054.303711	10612.048828
1053.181641	10471.875000
1052.057617	10646.344727
1050.934570	10560.078125
1049.811523	10736.608398
1048.687500	10721.416992
1047.563477	10581.364258
1046.438477	10512.400391
1045.314453	10863.097656
1044.189453	10791.950195
1043.064453	10824.083008
1041.939453	10933.623047
1040.813477	10767.898438
1039.687500	10664.583008
1038.561523	10786.980469
1037.435547	10761.060547
1036.309570	11065.991211
1035.182617	10709.250000
1034.055664	10822.942383
1032.928711	11052.520508
1031.800781	11153.211914
1030.673828	11359.014648
1029.545898	11092.701172
1028.416992	10944.481445
1027.289063	11135.183594
1026.160156	11085.650391
1025.031250	11235.508789
1023.902344	11158.111328
1022.773438	11085.032227
1021.643555	11125.530273
1020.513672	11073.907227
1019.383789	10940.927734
1018.252930	11182.686523
1017.123047	11126.800781
1015.992188	11171.523438
1014.861328	10974.443359
1013.729492	10931.469727
1012.598633	10952.677734
1011.466797	11048.716797
1010.334961	11086.992188
1009.202148	10988.456055
1008.070313	11058.781250
1006.937500	11227.354492
1005.804688	11410.808594
1004.670898	11643.302734
1003.538086	11715.561523
1002.404297	11742.959961
1001.270508	11518.505859
1000.135742	11127.709961
999.001953	10826.680664
997.867188	10553.504883
996.732422	10745.314453
995.596680	10721.712891
994.461914	10559.570313
993.326172	10540.279297
992.190430	10373.982422
991.054688	10444.203125
989.917969	10467.541016
988.781250	10414.213867
987.644531	10280.014648
986.507813	10379.990234
985.370117	10469.284180
984.232422	10420.254883
983.094727	10773.248047
981.957031	10488.126953
980.819336	10804.810547
979.680664	10473.038086
978.541992	10855.470703
977.402344	10736.300781
976.263672	10759.508789
975.124023	10818.811523
973.984375	11160.497070
972.844727	10971.304688
971.704102	11257.627930
970.563477	11248.866211
969.422852	11201.918945
968.282227	11538.914063
967.141602	11589.475586
966.000000	11599.729492
964.858398	11518.828125
963.715820	11533.330078
962.574219	11645.293945
961.431641	11602.563477
960.289063	11521.728516
959.146484	11335.050781
958.002930	11237.368164
956.860352	11120.677734
955.716797	11211.419922
954.572266	11008.038086
953.428711	11018.384766
952.284180	11037.184570
951.139648	11178.609375
949.995117	11062.075195
948.849609	11017.448242
947.704102	11203.157227
946.558594	11268.371094
945.413086	11384.246094
944.267578	11295.241211
943.121094	11609.513672
941.974609	11750.569336
940.827148	11817.703125
939.680664	12251.921875
938.533203	12662.751953
937.385742	13265.320313
936.238281	13545.029297
935.089844	14362.172852
933.942383	15427.663086
932.792969	16029.124023
931.644531	17171.750000
930.496094	18139.068359
929.346680	18933.296875
928.197266	19607.179688
927.047852	20021.871094
925.897461	20362.726563
924.747070	20065.921875
923.596680	19901.765625
922.446289	19249.757813
921.294922	18267.910156
920.144531	17584.994141
918.992188	16507.236328
917.840820	15396.318359
916.689453	14409.825195
915.537109	13764.018555
914.384766	13034.489258
913.231445	12595.003906
912.079102	12243.867188
910.925781	11741.778320
909.772461	11655.340820
908.619141	11671.728516
907.464844	11323.183594
906.310547	11083.820313
905.156250	11066.776367
904.001953	10936.557617
902.846680	10930.027344
901.691406	10869.028320
900.536133	10896.027344
899.380859	10776.424805
898.224609	10897.647461
897.069336	10709.016602
895.913086	10779.972656
894.755859	10560.062500
893.599609	10670.764648
892.442383	10528.353516
891.285156	10894.116211
890.126953	10607.468750
888.969727	10486.061523
887.811523	10843.237305
886.653320	10594.388672
885.494141	10512.746094
884.335938	10652.500000
883.176758	10727.469727
882.016602	10825.368164
880.857422	10601.830078
879.697266	10562.000977
878.538086	10851.789063
877.376953	10757.696289
876.216797	10822.116211
875.055664	10805.204102
873.894531	10961.293945
872.733398	10815.159180
871.572266	10887.842773
870.410156	11081.305664
869.248047	10972.722656
868.085938	10882.922852
866.922852	10836.875000
865.760742	10953.177734
864.597656	10990.361328
863.433594	11056.653320
862.270508	11029.323242
861.106445	10839.812500
859.942383	10804.223633
858.778320	10986.891602
857.613281	10972.065430
856.449219	10859.597656
855.284180	10938.275391
854.118164	10674.262695
852.953125	10736.334961
851.787109	10908.398438
850.621094	10933.036133
849.455078	10714.896484
848.288086	10770.680664
847.121094	10805.700195
845.954102	10846.924805
844.787109	10811.424805
843.619141	10713.757813
842.452148	10777.768555
841.283203	10622.138672
840.115234	10537.001953
838.947266	10868.155273
837.778320	10867.889648
836.609375	10944.214844
835.439453	10703.860352
834.269531	10703.628906
833.100586	10993.012695
831.929688	10835.530273
830.759766	10866.285156
829.588867	11083.088867
828.417969	11060.036133
827.247070	11121.716797
826.076172	11259.814453
824.904297	11220.211914
823.732422	11182.690430
822.560547	10984.138672
821.387695	10859.985352
820.215820	11053.708984
819.042969	11003.873047
817.869141	10958.183594
816.696289	10863.013672
815.522461	10914.288086
814.348633	11045.940430
813.174805	11027.073242
812.000000	11144.218750
810.825195	11007.903320
809.650391	11077.625000
808.475586	10949.618164
807.300781	10918.434570
806.125000	10907.848633
804.949219	10761.436523
803.772461	10896.976563
802.596680	10991.314453
801.419922	10970.435547
800.243164	11243.609375
799.065430	11072.609375
797.887695	11127.772461
796.710938	11228.120117
795.532227	11240.081055
794.354492	11069.226563
793.175781	11362.557617
791.997070	11269.768555
790.818359	11060.013672
789.639648	11020.687500
788.459961	11042.932617
787.280273	10909.261719
786.100586	10831.023438
784.919922	10832.787109
783.739258	10877.600586
782.558594	10739.978516
781.377930	10786.840820
780.196289	10651.345703
779.014648	10905.082031
777.833008	10925.254883
776.651367	10724.297852
775.468750	10910.302734
774.287109	10801.527344
773.103516	10868.761719
771.920898	10852.094727
770.737305	10800.666016
769.553711	10961.913086
768.370117	11022.918945
767.186523	10928.563477
766.001953	11081.502930
764.817383	11299.750977
763.632813	11152.288086
762.447266	11505.204102
761.262695	11578.258789
760.077148	11688.022461
758.890625	11634.476563
757.705078	11868.640625
756.518555	12082.302734
755.332031	12157.189453
754.145508	12293.213867
752.958008	12580.032227
751.770508	13035.890625
750.583008	13265.368164
749.395508	13504.930664
748.207031	13927.702148
747.018555	14474.508789
745.830078	15010.897461
744.640625	15630.507813
743.452148	16481.845703
742.262695	17113.074219
741.073242	17754.201172
739.882813	18525.207031
738.692383	18942.085938
737.501953	19659.644531
736.311523	20387.052734
735.120117	20793.095703
733.929688	21639.800781
732.738281	21411.695313
731.545898	21695.408203
730.354492	21077.585938
729.162109	20514.833984
727.969727	19840.712891
726.776367	19254.123047
725.583984	18505.509766
724.390625	18288.558594
723.196289	17554.671875
722.002930	16991.378906
720.808594	16231.741211
719.614258	15397.459961
718.419922	14875.514648
717.224609	14049.988281
716.030273	13921.396484
714.834961	13726.049805
713.638672	13532.811523
712.443359	13612.844727
711.247070	13180.978516
710.050781	12824.139648
708.853516	13076.166992
707.657227	13026.826172
706.459961	13026.021484
705.262695	13023.194336
704.064453	13012.285156
702.867188	12706.445313
701.668945	12818.807617
700.469727	12775.639648
699.271484	12988.875977
698.072266	13115.229492
696.873047	13308.119141
695.673828	13561.447266
694.473633	13691.625977
693.273438	13914.510742
692.073242	14338.913086
690.873047	14736.925781
689.671875	15036.015625
688.470703	15506.236328
687.269531	16018.554688
686.068359	16254.735352
684.866211	16855.261719
683.664063	17139.468750
682.461914	17574.501953
681.258789	17449.947266
680.055664	17655.378906
678.852539	17468.507813
677.649414	17265.628906
676.445313	16799.466797
675.242188	16990.785156
674.037109	16762.013672
672.833008	16563.480469
671.627930	16371.056641
670.422852	16735.009766
669.217773	17062.662109
668.012695	17458.421875
666.806641	17663.347656
665.600586	18718.953125
664.394531	18999.744141
663.187500	19579.253906
661.980469	20312.914063
660.773438	20635.271484
659.566406	20921.408203
658.358398	21167.339844
657.150391	21090.605469
655.942383	21001.882813
654.734375	20847.113281
653.525391	20105.773438
652.316406	19494.867188
651.107422	18718.119141
649.897461	18045.753906
648.688477	16983.595703
647.478516	16621.896484
646.267578	15592.502930
645.057617	15293.235352
643.846680	15066.048828
642.635742	14547.216797
641.423828	14066.568359
640.212891	13793.855469
639.000977	13609.125977
637.788086	13496.349609
636.576172	13501.389648
635.363281	13454.541016
634.150391	13517.447266
632.937500	13612.240234
631.723633	13772.804688
630.510742	14112.748047
629.295898	13898.362305
628.082031	13992.986328
626.867188	14013.842773
625.652344	13937.073242
624.437500	13758.759766
623.222656	13650.217773
622.006836	13416.298828
620.791016	13220.299805
619.575195	13247.261719
618.358398	12955.884766
617.141602	12531.364258
615.924805	12554.479492
614.708008	12478.171875
613.490234	12378.042969
612.272461	12315.716797
611.054688	12030.880859
609.836914	12230.874023
608.618164	12142.799805
607.399414	11880.027344
606.180664	11901.252930
604.960938	11978.041016
603.741211	11874.221680
602.521484	11683.154297
601.301758	11512.005859
600.081055	11537.250000
598.860352	11372.153320
597.639648	11577.792969
596.418945	11644.620117
595.197266	11481.587891
593.975586	11552.367188
592.753906	11504.289063
591.531250	11446.331055
590.308594	11424.030273
589.085938	11401.738281
587.863281	11450.688477
586.639648	11274.094727
585.416016	11524.788086
584.192383	11619.156250
582.967773	11606.726563
581.744141	11663.480469
580.519531	11803.205078
579.293945	11711.714844
578.069336	11736.801758
576.843750	12123.264648
575.618164	11976.480469
574.391602	12123.874023
573.166016	12225.812500
571.939453	12467.792969
570.711914	12253.988281
569.485352	12322.301758
568.257813	12441.849609
567.030273	12222.275391
565.802734	12268.867188
564.574219	12209.033203
563.345703	12267.426758
562.117188	12225.344727
560.888672	12238.416016
559.659180	12162.887695
558.429688	12038.184570
557.200195	12004.056641
555.969727	11942.399414
554.739258	12045.997070
553.508789	12131.849609
552.278320	11830.332031
551.046875	12063.622070
549.815430	11962.708984
548.583984	12148.708984
547.352539	12153.899414
546.120117	12298.530273
544.887695	12056.274414
543.655273	12051.663086
542.421875	12209.958008
541.188477	12028.708984
539.955078	12122.196289
538.721680	12162.684570
537.487305	12336.500000
536.252930	12337.709961
535.018555	12289.916016
533.783203	12393.037109
532.547852	12654.812500
531.312500	12726.465820
530.077148	12594.414063
528.840820	12996.943359
527.604492	12972.552734
526.368164	13394.390625
525.131836	14121.282227
523.894531	15272.357422
522.657227	17042.916016
521.419922	17702.041016
520.181641	16550.591797
518.943359	15200.287109
517.705078	13803.677734
516.465820	13355.206055
515.227539	13104.206055
513.988281	12779.110352
512.748047	12717.726563
511.508789	12630.993164
510.268555	12595.037109
509.028320	12490.807617
507.788086	12353.461914
506.546875	12381.945313
505.305664	12353.871094
504.064453	12411.580078
502.822266	12134.046875
501.580078	12207.365234
