1802.182617	3376.160645
1801.212891	3348.691895
1800.244141	3288.103027
1799.274414	3279.957764
1798.304688	3301.763428
1797.334961	3316.074707
1796.364258	3275.497559
1795.394531	3419.504883
1794.423828	3189.403809
1793.453125	3360.795410
1792.482422	3302.792236
1791.511719	3444.186035
1790.540039	3338.847168
1789.568359	3330.706055
1788.596680	3437.139404
1787.625000	3486.255859
1786.653320	3435.765137
1785.680664	3440.056396
1784.708984	3439.368408
1783.736328	3570.554688
1782.763672	3629.545410
1781.790039	3464.664307
1780.817383	3583.332764
1779.843750	3562.726318
1778.870117	3611.727539
1777.896484	3533.963623
1776.922852	3510.894043
1775.948242	3562.359863
1774.973633	3708.186035
1773.999023	3575.833252
1773.024414	3577.600342
1772.049805	3683.619629
1771.074219	3586.094971
1770.099609	3726.807129
1769.124023	3738.464600
1768.148438	3678.190186
1767.171875	3875.832764
1766.196289	3800.679443
1765.219727	3859.407959
1764.243164	4096.546875
1763.266602	4125.459473
1762.290039	4032.974365
1761.312500	4200.586426
1760.334961	4316.128906
1759.357422	4377.158203
1758.379883	4522.322266
1757.402344	4598.133789
1756.423828	4659.069336
1755.446289	4668.030762
1754.467773	4728.927246
1753.489258	4740.343262
1752.509766	4855.590820
1751.531250	4567.888184
1750.551758	4660.881836
1749.572266	4731.600586
1748.592773	4757.825195
1747.613281	4576.574219
1746.632813	4671.959961
1745.652344	4545.112793
1744.671875	4541.732422
1743.691406	4498.868164
1742.710938	4307.979980
1741.729492	4341.651367
1740.749023	4291.453125
1739.767578	4283.194336
1738.785156	4395.741699
1737.803711	4348.026855
1736.822266	4379.190918
1735.839844	4119.604492
1734.857422	4219.776367
1733.875000	4270.649902
1732.891602	4141.747559
1731.909180	4276.320313
1730.925781	4191.773926
1729.942383	4296.751465
1728.958984	4244.219727
1727.974609	4162.189453
1726.991211	4328.594727
1726.006836	4231.826660
1725.022461	4326.855469
1724.038086	4195.714844
1723.052734	4339.861816
1722.068359	4090.836670
1721.083008	4134.230957
1720.097656	4229.182617
1719.112305	4117.836426
1718.125977	4232.392578
1717.140625	4415.628906
1716.154297	4306.765137
1715.167969	4477.644531
1714.181641	4538.069336
1713.194336	4596.017090
1712.208008	4548.504395
1711.220703	4478.946777
1710.233398	4683.933105
1709.246094	4629.078613
1708.257813	4836.401855
1707.270508	4808.483887
1706.282227	4937.316895
1705.293945	5022.023438
1704.304688	5030.805176
1703.316406	5220.704590
1702.327148	5182.947266
1701.337891	5480.389648
1700.348633	5562.454102
1699.359375	5637.148438
1698.370117	5931.873535
1697.379883	5852.451172
1696.389648	6024.806641
1695.399414	6231.303711
1694.409180	6332.661133
1693.417969	6524.356445
1692.426758	6659.803711
1691.436523	6597.420410
1690.444336	6813.356934
1689.453125	6707.034180
1688.461914	6913.100586
1687.469727	6755.565918
1686.477539	6893.240234
1685.485352	6925.993164
1684.492188	6941.665039
1683.500000	7008.522461
1682.506836	6912.057129
1681.513672	6725.469727
1680.520508	7028.647949
1679.527344	6851.854492
1678.533203	6821.249023
1677.539063	6666.481445
1676.544922	6755.206543
1675.550781	6578.608887
1674.556641	6611.348633
1673.561523	6505.403320
1672.566406	6418.958984
1671.571289	6524.665527
1670.576172	6401.780762
1669.581055	6312.977539
1668.584961	6280.108887
1667.588867	6492.671875
1666.592773	6350.456543
1665.596680	6269.020508
1664.600586	6294.467773
1663.603516	6278.629395
1662.606445	6284.644043
1661.609375	6249.397949
1660.612305	6286.959473
1659.614258	6283.264160
1658.617188	6296.547852
1657.619141	6414.101074
1656.621094	6308.551758
1655.622070	6224.861328
1654.624023	6356.897461
1653.625000	6423.458008
1652.625977	6317.991211
1651.626953	6282.805664
1650.627930	6245.212402
1649.627930	6316.583008
1648.627930	6291.100098
1647.627930	6321.290039
1646.627930	6179.675293
1645.627930	6207.455078
1644.626953	6230.386719
1643.625977	6321.016113
1642.625000	6223.032227
1641.624023	6393.392090
1640.623047	6201.182129
1639.621094	6412.552246
1638.619141	6353.278809
1637.617188	6137.040039
1636.615234	6251.705078
1635.613281	6204.569824
1634.610352	6116.419922
1633.607422	6117.595703
1632.604492	6215.281250
1631.601563	6214.023438
1630.597656	6244.119141
1629.594727	6187.395020
1628.590820	6118.640137
1627.586914	6151.145996
1626.582031	6128.212402
1625.578125	6069.146973
1624.573242	6072.735840
1623.568359	6059.464355
1622.563477	6231.604980
1621.558594	6100.343750
1620.552734	6272.405273
1619.546875	6194.129395
1618.541016	6274.676270
1617.535156	6234.917969
1616.529297	6382.762207
1615.522461	6328.570801
1614.515625	6413.832031
1613.508789	6374.076172
1612.501953	6589.055176
1611.494141	6397.920410
1610.487305	6562.364258
1609.479492	6392.925293
1608.471680	6355.613281
1607.463867	6363.927246
1606.455078	6590.645020
1605.446289	6459.729980
1604.437500	6393.644043
1603.428711	6291.604980
1602.419922	6570.911621
1601.410156	6437.707520
1600.401367	6692.898926
1599.391602	6662.780762
1598.381836	6865.105957
1597.371094	6969.124023
1596.361328	7006.033691
1595.350586	7193.796387
1594.339844	7108.537598
1593.329102	7236.357910
1592.317383	7356.946777
1591.305664	7343.489258
1590.294922	7669.744629
1589.283203	7646.661133
1588.270508	7843.589844
1587.258789	7856.341797
1586.246094	7921.676758
1585.233398	7834.032227
1584.220703	8006.867188
1583.208008	7771.127441
1582.194336	7836.424805
1581.180664	7758.418457
1580.167969	7732.967773
1579.153320	7590.565430
1578.139648	7517.428223
1577.125000	7434.776367
1576.111328	7414.181152
1575.096680	7343.508301
1574.081055	7392.091309
1573.066406	7221.320313
1572.050781	7451.059082
1571.035156	7318.474121
1570.019531	7324.133789
1569.003906	7196.392090
1567.988281	7390.222656
1566.971680	7302.998535
1565.955078	7082.491211
1564.938477	7292.887207
1563.920898	7391.351074
1562.904297	7035.344238
1561.886719	7252.755859
1560.869141	7286.954102
1559.851563	7204.627441
1558.833984	7112.824219
1557.815430	7104.246582
1556.796875	7112.305664
1555.778320	7155.998535
1554.759766	7149.791016
1553.740234	7039.091797
1552.721680	7082.771973
1551.702148	7033.852051
1550.682617	6814.065430
1549.662109	7180.481934
1548.642578	7077.004395
1547.622070	7153.837402
1546.601563	7085.979004
1545.581055	7172.262207
1544.560547	7279.844727
1543.539063	7261.771484
1542.517578	7397.725098
1541.496094	7206.692871
1540.474609	7344.970215
1539.453125	7540.025391
1538.430664	7448.519043
1537.408203	7503.812012
1536.385742	7585.115234
1535.363281	7623.793457
1534.339844	7444.812988
1533.316406	7672.719238
1532.292969	7616.766113
1531.269531	7610.484375
1530.246094	7500.199219
1529.221680	7503.395996
1528.198242	7523.130859
1527.173828	7330.249023
1526.148438	7361.818848
1525.124023	7265.862793
1524.098633	7401.310547
1523.073242	7111.833496
1522.047852	7211.857910
1521.022461	7267.011719
1519.997070	7298.553711
1518.970703	7221.593262
1517.944336	7286.142090
1516.917969	7152.635254
1515.890625	7080.464355
1514.864258	7100.227539
1513.836914	7176.526855
1512.809570	7212.750488
1511.782227	7093.522949
1510.753906	7332.243652
1509.726563	7335.454102
1508.698242	7293.943848
1507.669922	7701.903809
1506.640625	7617.986328
1505.612305	7865.763184
1504.583008	8247.486328
1503.553711	8102.375000
1502.524414	8237.063477
1501.495117	8517.413086
1500.464844	8546.218750
1499.434570	8718.321289
1498.404297	8803.446289
1497.374023	8865.051758
1496.343750	8865.586914
1495.312500	8922.458984
1494.281250	8754.002930
1493.250000	8799.140625
1492.218750	8724.616211
1491.186523	8654.812500
1490.154297	8373.987305
1489.122070	8337.106445
1488.089844	8103.340820
1487.057617	8052.467773
1486.024414	7732.161133
1484.991211	7758.689941
1483.958008	7743.048828
1482.924805	7523.691406
1481.891602	7683.691406
1480.857422	7696.162598
1479.823242	7661.823730
1478.789063	7646.216797
1477.753906	7761.613281
1476.719727	7935.431152
1475.684570	7807.538086
1474.649414	7948.545410
1473.614258	8194.673828
1472.578125	8524.828125
1471.542969	8438.971680
1470.506836	8916.100586
1469.470703	8989.006836
1468.433594	9138.935547
1467.397461	9636.636719
1466.360352	9737.356445
1465.323242	10176.391602
1464.286133	10549.922852
1463.249023	10888.310547
1462.210938	11543.720703
1461.172852	11898.086914
1460.134766	12436.463867
1459.096680	12380.309570
1458.057617	12848.460938
1457.019531	12950.661133
1455.980469	13248.470703
1454.941406	13518.213867
1453.901367	13617.882813
1452.862305	13745.443359
1451.822266	14284.880859
1450.782227	14151.648438
1449.742188	14730.327148
1448.701172	15169.215820
1447.661133	15666.058594
1446.620117	16325.438477
1445.579102	16784.646484
1444.537109	17187.890625
1443.496094	17879.080078
1442.454102	17870.761719
1441.412109	18059.861328
1440.370117	18316.220703
1439.327148	17752.962891
1438.285156	17247.962891
1437.242188	16784.939453
1436.199219	16171.297852
1435.155273	15532.390625
1434.112305	15097.832031
1433.068359	14266.954102
1432.024414	13895.425781
1430.980469	13192.610352
1429.936523	12707.907227
1428.891602	12292.905273
1427.846680	11894.288086
1426.801758	11484.254883
1425.756836	11095.228516
1424.710938	10757.288086
1423.666016	10643.984375
1422.620117	10338.669922
1421.574219	10262.512695
1420.527344	10234.958984
1419.481445	10274.478516
1418.434570	10138.267578
1417.387695	10385.830078
1416.340820	10187.250977
1415.292969	10155.117188
1414.245117	10005.178711
1413.197266	10157.867188
1412.149414	9982.587891
1411.101563	10209.094727
1410.052734	9943.855469
1409.004883	10267.202148
1407.955078	10258.166016
1406.906250	10131.486328
1405.857422	10152.463867
1404.807617	10217.243164
1403.757813	10252.024414
1402.708008	10362.853516
1401.658203	10192.496094
1400.607422	10056.766602
1399.556641	9861.202148
1398.505859	9822.323242
1397.455078	9629.188477
1396.404297	9574.257813
1395.352539	9687.363281
1394.300781	9568.010742
1393.249023	9349.779297
1392.197266	9363.953125
1391.144531	9387.319336
1390.091797	9233.635742
1389.039063	9208.745117
1387.986328	8951.738281
1386.932617	8947.594727
1385.879883	8853.857422
1384.826172	8829.062500
1383.772461	8717.015625
1382.717773	8646.340820
1381.664063	9007.234375
1380.609375	8938.822266
1379.554688	9037.934570
1378.500000	9017.717773
1377.444336	9057.140625
1376.389648	9328.144531
1375.333984	9273.490234
1374.278320	9271.576172
1373.221680	9368.203125
1372.166016	9547.270508
1371.109375	9891.193359
1370.052734	9476.912109
1368.995117	9594.022461
1367.938477	9713.372070
1366.880859	9466.464844
1365.823242	9427.896484
1364.765625	9389.343750
1363.708008	9556.669922
1362.649414	9588.999023
1361.590820	9673.902344
1360.532227	9436.449219
1359.473633	9496.208008
1358.415039	9683.902344
1357.355469	9521.982422
1356.295898	9711.875977
1355.236328	9716.719727
1354.175781	9856.264648
1353.116211	10251.409180
1352.055664	10340.577148
1350.995117	10562.046875
1349.934570	10920.298828
1348.873047	11317.174805
1347.811523	11522.341797
1346.750000	12092.194336
1345.688477	12379.170898
1344.626953	12868.848633
1343.564453	13479.079102
1342.501953	13833.926758
1341.439453	14179.516602
1340.376953	14964.422852
1339.313477	15544.116211
1338.250977	15793.541992
1337.187500	16552.593750
1336.123047	16897.257813
1335.059570	17375.984375
1333.995117	17902.267578
1332.930664	18100.921875
1331.866211	18165.369141
1330.801758	18234.335938
1329.736328	17955.613281
1328.671875	17742.886719
1327.606445	17739.210938
1326.540039	16822.644531
1325.474609	16026.788086
1324.408203	15726.106445
1323.341797	14935.343750
1322.275391	14326.426758
1321.208984	13613.410156
1320.141602	13136.565430
1319.074219	12591.890625
1318.006836	11945.419922
1316.939453	11677.746094
1315.872070	11423.780273
1314.803711	11142.729492
1313.735352	10947.874023
1312.666992	11092.813477
1311.597656	11205.992188
1310.529297	11049.727539
1309.459961	11063.279297
1308.390625	11307.638672
1307.320313	11160.498047
1306.250977	11106.158203
1305.180664	11524.488281
1304.110352	11345.738281
1303.040039	11162.540039
1301.968750	11144.403320
1300.898438	11108.196289
1299.827148	10947.750977
1298.754883	10660.886719
1297.683594	10602.218750
1296.612305	10335.863281
1295.540039	10268.256836
1294.467773	10241.299805
1293.394531	9916.519531
1292.322266	9894.157227
1291.249023	9576.348633
1290.175781	9720.928711
1289.102539	9502.482422
1288.028320	9505.015625
1286.955078	9521.069336
1285.880859	9433.475586
1284.806641	9521.617188
1283.732422	9609.722656
1282.657227	9713.551758
1281.582031	9659.755859
1280.506836	9844.555664
1279.431641	10074.283203
1278.355469	10130.682617
1277.280273	10092.586914
1276.204102	10016.277344
1275.127930	10110.873047
1274.050781	10232.404297
1272.974609	10378.606445
1271.897461	10367.459961
1270.820313	10486.613281
1269.742188	10612.454102
1268.665039	10691.085938
1267.586914	10702.332031
1266.508789	10814.581055
1265.430664	11148.953125
1264.351563	11348.564453
1263.272461	11249.743164
1262.194336	11341.596680
1261.114258	11242.817383
1260.035156	11253.927734
1258.955078	10971.415039
1257.875977	11137.197266
1256.794922	10675.591797
1255.714844	10180.579102
1254.634766	9985.863281
1253.553711	9529.261719
1252.472656	9567.570313
1251.391602	9093.341797
1250.309570	8981.803711
1249.227539	8619.750000
1248.146484	8452.438477
1247.063477	8180.094727
1245.981445	8361.721680
1244.898438	8071.626465
1243.816406	8040.891113
1242.732422	7996.761719
1241.649414	8028.603027
1240.566406	8122.966309
1239.482422	7944.868652
1238.398438	8007.953613
1237.314453	7809.865234
1236.229492	7843.941406
1235.144531	7893.620117
1234.059570	7720.214844
1232.974609	7870.255371
1231.889648	7745.979492
1230.803711	7809.011230
1229.717773	7811.838867
1228.631836	7796.838867
1227.545898	7888.780762
1226.458984	7677.760742
1225.373047	7816.453613
1224.286133	7625.573730
1223.198242	7864.387207
1222.111328	7787.077637
1221.023438	7723.150391
1219.935547	7705.965332
1218.847656	7802.216797
1217.759766	7838.389648
1216.670898	7738.931641
1215.582031	7810.665039
1214.493164	7562.361816
1213.404297	7771.852539
1212.314453	7719.137695
1211.224609	7624.248047
1210.134766	7935.731934
1209.044922	7656.580566
1207.954102	7699.369629
1206.864258	7717.731445
1205.773438	7689.495117
1204.681641	7876.424805
1203.590820	7817.119629
1202.499023	7819.919434
1201.407227	7836.017578
1200.315430	7976.217285
1199.223633	7848.250000
1198.130859	7959.588867
1197.038086	7995.576172
1195.945313	7958.473145
1194.852539	8184.840820
1193.758789	8054.748047
1192.666016	7991.098633
1191.572266	7940.750977
1190.477539	7981.118164
1189.383789	7921.945801
1188.289063	7805.308105
1187.194336	7863.362305
1186.099609	7790.989258
1185.004883	7678.870605
1183.909180	7705.982910
1182.813477	7602.763672
1181.717773	7367.084961
1180.621094	7328.007813
1179.525391	7443.466797
1178.428711	7369.077148
1177.332031	7263.827148
1176.235352	7401.286133
1175.137695	7192.410156
1174.040039	7166.646484
1172.942383	7200.419434
1171.844727	7205.522461
1170.747070	7120.270020
1169.648438	7215.721680
1168.549805	7126.096191
1167.451172	7073.948242
1166.351563	7074.666504
1165.252930	7059.974609
1164.153320	7177.345703
1163.053711	7197.845703
1161.953125	7035.732910
1160.853516	7307.004883
1159.752930	7039.378418
1158.652344	7207.197754
1157.550781	7361.757813
1156.450195	7355.817383
1155.348633	7426.783691
1154.247070	7535.065430
1153.145508	7298.474121
1152.042969	7358.427246
1150.940430	7321.755371
1149.837891	7350.947754
1148.735352	7509.603516
1147.632813	7505.832520
1146.529297	7416.512695
1145.425781	7557.508301
1144.322266	7615.122559
1143.217773	7595.985352
1142.114258	7660.142090
1141.009766	7634.428711
1139.905273	7729.220703
1138.799805	7767.022949
1137.695313	7605.528320
1136.589844	7660.855469
1135.484375	7650.489258
1134.378906	7646.692383
1133.272461	7586.007324
1132.166016	7748.482910
1131.059570	7335.670898
1129.953125	7544.049805
1128.846680	7391.614258
1127.739258	7534.320313
1126.631836	7510.882324
1125.524414	7557.369141
1124.416016	7357.000488
1123.307617	7337.981445
1122.200195	7377.923340
1121.090820	7557.560547
1119.982422	7593.073242
1118.873047	7399.452148
1117.763672	7570.243164
1116.654297	7701.701172
1115.544922	7789.488770
1114.434570	8038.577637
1113.325195	8108.818359
1112.213867	8562.590820
1111.103516	8998.741211
1109.993164	9288.753906
1108.881836	9981.565430
1107.770508	10347.459961
1106.658203	10985.329102
1105.546875	11773.113281
1104.434570	12134.044922
1103.322266	12751.551758
1102.209961	13035.991211
1101.096680	13246.369141
1099.984375	13471.877930
1098.871094	13245.134766
1097.757813	13274.943359
1096.643555	13096.138672
1095.529297	12604.576172
1094.415039	12313.042969
1093.300781	11711.102539
1092.186523	11217.968750
1091.071289	10668.606445
1089.956055	10384.235352
1088.840820	9874.333984
1087.725586	9251.845703
1086.609375	9041.690430
1085.493164	8404.460938
1084.376953	8285.622070
1083.260742	8082.304199
1082.143555	7770.723145
1081.027344	7589.263184
1079.910156	7451.200684
1078.791992	7391.156738
1077.674805	7391.761719
1076.556641	7301.449219
1075.438477	7395.133301
1074.320313	7317.840332
1073.201172	7195.149902
1072.082031	7388.286621
1070.962891	7321.854492
1069.843750	7294.364746
1068.724609	7448.450195
1067.604492	7660.817871
1066.484375	7384.807617
1065.364258	7616.539063
1064.243164	7630.046875
1063.123047	7816.284668
1062.001953	7695.901855
1060.880859	7912.261719
1059.758789	7930.009766
1058.637695	7943.435059
1057.515625	7859.792969
1056.392578	7758.934082
1055.270508	8024.637695
1054.147461	7908.696777
1053.025391	7935.040039
1051.901367	7950.599121
1050.778320	7683.953125
1049.654297	7852.472168
1048.531250	7753.913574
1047.407227	7823.315918
1046.282227	7675.300293
1045.158203	7518.739258
1044.033203	7695.718262
1042.908203	7614.502441
1041.782227	7668.804688
1040.657227	7755.334473
1039.531250	7762.291504
1038.405273	7805.780273
1037.279297	7909.414551
1036.152344	7860.478027
1035.025391	7800.822754
1033.898438	7835.675293
1032.771484	7885.541016
1031.644531	7825.916992
1030.516602	7933.704102
1029.388672	8045.736328
1028.260742	8039.741699
1027.131836	7950.108398
1026.002930	8002.027832
1024.874023	7910.296387
1023.745117	7934.338867
1022.616211	7958.370605
1021.486328	8100.220703
1020.356445	7967.847656
1019.226563	8066.806152
1018.095703	7900.239746
1016.965820	8046.261230
1015.834961	8166.539063
1014.704102	8139.131348
1013.572266	8133.126465
1012.441406	8090.765625
1011.309570	8056.975586
1010.176758	8215.601563
1009.044922	8171.111328
1007.912109	7880.895508
1006.779297	7919.815430
1005.646484	8106.102051
1004.513672	8063.806152
1003.379883	8361.006836
1002.246094	8342.155273
1001.112305	8391.604492
999.978516	8323.676758
998.843750	8089.381836
997.708984	8119.656250
996.574219	7742.634766
995.439453	7779.364746
994.303711	7581.617676
993.167969	7724.915527
992.032227	7618.876953
990.896484	7612.998047
989.759766	7553.879883
988.623047	7560.791504
987.486328	7373.983398
986.349609	7478.830566
985.211914	7443.195313
984.075195	7705.409668
982.936523	7510.220215
981.798828	7395.919434
980.661133	7647.344727
979.522461	7556.444336
978.383789	7879.981934
977.244141	7925.048828
976.105469	8150.655273
974.965820	8229.625000
973.826172	8380.752930
972.685547	8574.274414
971.545898	8723.141602
970.405273	8878.310547
969.264648	9018.562500
968.124023	9224.507813
966.982422	9381.589844
965.840820	9231.181641
964.699219	9464.503906
963.557617	9509.112305
962.415039	9346.058594
961.273438	9443.630859
960.129883	9138.759766
958.987305	9295.622070
957.844727	9020.548828
956.701172	8876.818359
955.557617	8735.264648
954.413086	8519.722656
953.269531	8545.405273
952.125000	8401.895508
950.980469	8499.477539
949.835938	8258.800781
948.690430	8400.751953
947.544922	8206.682617
946.399414	8169.020996
945.253906	8192.624023
944.107422	8328.130859
942.961914	8315.798828
941.815430	8134.616699
940.667969	8445.198242
939.521484	8633.278320
938.374023	8667.294922
937.226563	8910.078125
936.078125	9344.625000
934.930664	9477.542969
933.782227	9854.878906
932.633789	10442.761719
931.485352	11087.273438
930.335938	11843.136719
929.186523	12457.592773
928.037109	12981.257813
926.887695	13759.383789
925.737305	14143.655273
924.587891	14157.466797
923.436523	14335.344727
922.286133	14344.901367
921.135742	13622.748047
919.984375	13098.504883
918.833008	12702.688477
917.680664	11865.776367
916.529297	11180.480469
915.376953	10453.468750
914.224609	10232.844727
913.071289	9556.731445
911.918945	9189.460938
910.765625	8891.599609
909.612305	8818.363281
908.458984	8470.364258
907.304688	8315.456055
906.150391	8299.000977
904.996094	8249.010742
903.841797	8073.289551
902.686523	8031.749512
901.531250	8059.361328
900.375977	7919.398438
899.220703	8007.749512
898.064453	7748.520020
896.908203	7991.764160
895.751953	7923.086426
894.595703	7977.882813
893.438477	7637.297363
892.281250	7773.694336
891.124023	7943.487793
889.966797	7789.181152
888.808594	7827.224121
887.650391	7813.010742
886.492188	7915.794922
885.333008	7661.366699
884.174805	7665.990723
883.015625	7607.977539
881.856445	7656.444824
880.696289	7717.411621
879.536133	7561.359863
878.376953	7530.535156
877.215820	7468.439941
876.055664	7395.945313
874.894531	7544.457031
873.733398	7559.513672
872.572266	7462.039063
871.410156	7675.023438
870.249023	7306.788574
869.086914	7586.352051
867.924805	7538.921387
866.761719	7545.630859
865.598633	7654.311035
864.435547	7542.394531
863.272461	7536.616211
862.109375	7618.189941
860.945313	7406.543945
859.781250	7552.555176
858.616211	7673.561523
857.452148	7634.511230
856.287109	7512.375488
855.122070	7546.073730
853.957031	7598.446777
852.791016	7596.815430
851.625000	7439.502930
850.458984	7581.101563
849.292969	7780.735352
848.125977	7550.878418
846.958984	7491.185547
845.791992	7657.532227
844.625000	7641.375977
843.457031	7699.840820
842.290039	7586.288086
841.121094	7601.231934
839.953125	7531.246094
838.784180	7597.965820
837.615234	7703.994141
836.446289	7650.588867
835.277344	7737.933594
834.107422	7436.254395
832.937500	7757.361816
831.767578	7654.353027
830.597656	7762.297363
829.426758	7779.233887
828.255859	7732.089844
827.084961	7699.430664
825.913086	7697.774414
824.742188	7869.622070
823.570313	7748.154785
822.397461	7777.457031
821.225586	7798.489258
820.052734	7672.986816
818.879883	7830.208984
817.707031	7725.381348
816.533203	7715.468750
815.359375	7713.807617
814.185547	7813.161621
813.011719	7510.562012
811.836914	7838.645996
810.662109	7793.693848
809.487305	7835.270020
808.312500	7839.760254
807.136719	8093.370117
805.961914	7978.413574
804.785156	7958.173340
803.609375	7958.516113
802.432617	7930.059082
801.255859	7928.350098
800.079102	7786.819824
798.902344	7994.828613
797.724609	7995.160645
796.546875	7931.791016
795.369141	8073.890625
794.190430	7907.831055
793.012695	7969.785645
791.833984	8033.766113
790.654297	7970.453613
789.475586	8085.710938
788.295898	8053.189941
787.116211	8131.454590
785.936523	7969.731445
784.755859	8019.272461
783.575195	7843.292480
782.394531	7845.698730
781.213867	8036.622559
780.032227	8000.060547
778.851563	8027.008789
777.668945	7961.794434
776.487305	7931.412598
775.304688	8101.640137
774.123047	7901.383789
772.939453	8147.245605
771.756836	8266.174805
770.573242	8370.737305
769.389648	8389.375977
768.206055	8240.376953
767.022461	8614.658203
765.837891	8678.184570
764.653320	8813.185547
763.468750	8674.433594
762.283203	8758.325195
761.097656	8874.844727
759.912109	9209.717773
758.726563	9407.717773
757.540039	9681.121094
756.353516	9791.218750
755.166992	10082.775391
753.980469	10323.230469
752.792969	10928.474609
751.605469	11464.162109
750.417969	12017.956055
749.230469	12877.088867
748.041992	14063.764648
746.853516	15388.396484
745.665039	17105.376953
744.476563	19192.060547
743.287109	21279.875000
742.097656	23478.683594
740.908203	24911.716797
739.717773	26362.427734
738.527344	26572.244141
737.336914	26635.603516
736.146484	26243.691406
734.955078	25683.296875
733.763672	25379.109375
732.572266	25211.130859
731.380859	24722.388672
730.188477	24250.099609
728.996094	23794.250000
727.803711	23403.535156
726.611328	22927.775391
725.417969	22632.748047
724.224609	22139.107422
723.031250	21272.617188
721.836914	20451.097656
720.643555	19149.621094
719.449219	18154.662109
718.253906	16714.468750
717.059570	15623.251953
715.864258	14496.059570
714.668945	13579.896484
713.473633	12898.913086
712.277344	12258.695313
711.081055	11938.406250
709.884766	11531.280273
708.687500	11150.620117
707.491211	11117.873047
706.293945	10963.858398
705.096680	10686.633789
703.898438	10716.641602
702.700195	10233.544922
701.501953	10310.087891
700.303711	10410.827148
699.105469	10265.236328
697.906250	10158.056641
696.707031	10218.403320
695.506836	10149.609375
694.307617	10155.472656
693.107422	10294.424805
691.907227	10810.326172
690.706055	10864.416016
689.505859	11087.759766
688.304688	11325.110352
687.102539	11850.408203
685.901367	12236.516602
684.699219	12978.841797
683.497070	13356.483398
682.294922	13651.444336
681.091797	14056.944336
679.889648	14277.189453
678.685547	14247.937500
677.482422	13969.352539
676.278320	13797.440430
675.075195	13760.269531
673.870117	13542.255859
672.666016	13362.508789
671.460938	12873.505859
670.255859	12949.025391
669.050781	12817.708984
667.845703	12746.669922
666.639648	12711.785156
665.433594	12723.063477
664.226563	12694.214844
663.020508	12940.145508
661.813477	12899.230469
660.606445	13271.305664
659.398438	13382.660156
658.191406	13389.764648
656.983398	13541.111328
655.775391	13792.541016
654.566406	13605.301758
653.358398	13682.421875
652.149414	13837.573242
650.939453	13540.375977
649.730469	13085.244141
648.520508	13182.410156
647.310547	12657.555664
646.099609	12176.916992
644.889648	11784.446289
643.678711	11518.059570
642.467773	11185.846680
641.255859	10813.824219
640.044922	10729.576172
638.833008	10619.404297
637.620117	10257.727539
636.408203	10377.247070
635.195313	10554.584961
633.982422	10424.592773
632.769531	10745.459961
631.555664	10609.499023
630.341797	11069.752930
629.127930	11513.857422
627.914063	11776.408203
626.699219	11865.494141
625.484375	11900.752930
624.269531	11943.962891
623.053711	11714.355469
621.838867	11540.589844
620.622070	11257.429688
619.406250	10799.280273
618.190430	10643.731445
616.973633	10283.376953
615.756836	9875.454102
614.539063	9905.106445
613.321289	9767.776367
612.104492	9549.024414
610.885742	9399.909180
609.667969	9080.023438
608.449219	9236.919922
607.230469	9091.939453
606.011719	8978.783203
604.791992	8837.890625
603.572266	8974.857422
602.352539	8911.395508
601.132813	8832.093750
599.912109	8897.583008
598.691406	8784.615234
597.470703	8750.979492
596.249023	8707.450195
595.028320	8822.437500
593.805664	8953.220703
592.583984	8701.735352
591.362305	8808.726563
590.139648	8783.044922
588.916992	8785.080078
587.693359	8893.960938
586.469727	8715.954102
585.246094	8939.510742
584.022461	8981.054688
582.798828	8919.780273
581.574219	8858.533203
580.349609	9151.022461
579.125000	8988.993164
577.899414	9222.069336
576.673828	9081.817383
575.448242	9253.566406
574.221680	9496.298828
572.996094	9583.022461
571.769531	9634.193359
570.541992	9630.108398
569.315430	9700.966797
568.087891	9777.708008
566.860352	9966.778320
565.632813	9948.826172
564.404297	9700.342773
563.175781	9737.615234
561.947266	9656.697266
560.717773	9445.852539
559.489258	9374.876953
558.259766	9435.803711
557.029297	9233.015625
555.799805	9453.304688
554.569336	9388.288086
553.338867	9187.608398
552.107422	9118.744141
550.876953	9264.166992
549.645508	9207.107422
548.413086	9277.783203
547.181641	9285.568359
545.949219	9352.266602
544.716797	9175.460938
543.484375	9244.116211
542.250977	9316.666016
541.017578	9306.771484
539.784180	9340.038086
538.550781	9108.508789
537.316406	9171.217773
536.082031	9353.488281
534.847656	9082.904297
533.612305	9016.240234
532.376953	9129.851563
531.141602	9114.132813
529.906250	9033.795898
528.669922	9198.231445
527.433594	9162.931641
526.197266	9078.720703
524.959961	9213.687500
523.722656	9366.199219
522.485352	10050.607422
521.248047	10912.648438
520.009766	11746.941406
518.771484	12090.295898
517.533203	11323.609375
516.294922	10453.718750
515.055664	9791.246094
513.816406	9480.557617
512.577148	9433.568359
511.336914	9345.608398
510.096680	9376.725586
508.856445	9337.591797
507.616211	9179.488281
506.375000	9218.419922
505.133789	9218.338867
503.892578	9282.584961
502.650391	9214.278320
