1802.297852	7708.915527
1801.329102	7858.748535
1800.359375	7672.421875
1799.390625	7760.752930
1798.420898	7681.835449
1797.451172	7904.870605
1796.480469	7761.091797
1795.510742	7612.381836
1794.540039	7750.509277
1793.569336	7674.163574
1792.598633	7882.019531
1791.627930	7992.594727
1790.656250	7709.430664
1789.684570	7879.785156
1788.712891	8020.181641
1787.741211	8021.068359
1786.769531	8114.074707
1785.797852	8162.237305
1784.825195	8197.936523
1783.852539	8198.785156
1782.879883	8266.801758
1781.907227	8344.741211
1780.933594	8360.478516
1779.959961	8483.119141
1778.986328	8792.142578
1778.012695	8636.296875
1777.039063	8766.260742
1776.064453	8617.934570
1775.090820	8650.983398
1774.116211	8564.820313
1773.141602	8766.693359
1772.166016	8717.775391
1771.191406	8986.544922
1770.215820	9138.585938
1769.240234	9312.891602
1768.264648	9211.815430
1767.289063	9254.607422
1766.312500	9788.283203
1765.336914	9821.025391
1764.360352	10076.802734
1763.383789	10109.473633
1762.406250	10347.748047
1761.429688	10457.131836
1760.452148	10484.751953
1759.474609	10589.112305
1758.497070	10923.634766
1757.519531	11327.318359
1756.541016	11636.815430
1755.563477	11627.061523
1754.584961	11644.517578
1753.606445	11726.259766
1752.626953	11798.080078
1751.648438	11721.558594
1750.668945	11556.097656
1749.689453	11526.601563
1748.709961	11551.463867
1747.730469	11425.653320
1746.750000	11272.729492
1745.769531	11107.521484
1744.789063	10974.468750
1743.808594	10868.615234
1742.828125	10908.379883
1741.846680	10755.709961
1740.866211	10691.891602
1739.884766	10857.428711
1738.903320	10416.404297
1737.920898	10707.639648
1736.939453	10456.583008
1735.957031	10464.339844
1734.974609	10622.362305
1733.992188	10396.101563
1733.009766	10741.220703
1732.026367	10601.193359
1731.042969	10581.834961
1730.059570	10705.218750
1729.076172	10238.039063
1728.092773	10422.941406
1727.108398	10418.387695
1726.125000	10514.654297
1725.140625	10728.889648
1724.155273	10682.490234
1723.170898	10641.023438
1722.185547	10744.537109
1721.201172	10769.399414
1720.215820	10855.651367
1719.230469	10718.415039
1718.244141	11064.876953
1717.258789	11249.198242
1716.272461	11008.892578
1715.286133	11551.370117
1714.299805	11605.467773
1713.312500	11782.172852
1712.326172	11973.517578
1711.338867	12235.880859
1710.351563	12628.045898
1709.364258	12836.257813
1708.375977	13223.243164
1707.388672	13137.295898
1706.400391	13457.936523
1705.412109	13864.150391
1704.422852	14167.377930
1703.434570	14649.160156
1702.445313	15032.862305
1701.457031	15506.935547
1700.466797	16019.955078
1699.477539	16672.171875
1698.488281	16984.244141
1697.498047	17371.974609
1696.507813	17717.998047
1695.517578	18139.634766
1694.527344	18451.156250
1693.536133	19041.021484
1692.545898	19274.082031
1691.554688	19392.287109
1690.563477	19942.542969
1689.572266	19867.744141
1688.580078	20315.189453
1687.587891	20050.041016
1686.595703	20109.421875
1685.603516	20200.482422
1684.611328	20364.652344
1683.618164	20099.703125
1682.625977	20061.529297
1681.632813	19655.410156
1680.639648	19722.099609
1679.645508	19428.259766
1678.652344	19343.974609
1677.658203	19425.294922
1676.664063	19379.992188
1675.669922	19178.941406
1674.675781	19145.871094
1673.680664	19193.099609
1672.685547	19096.796875
1671.690430	18871.640625
1670.695313	18833.792969
1669.700195	18740.048828
1668.704102	18553.984375
1667.708008	18120.138672
1666.711914	18626.667969
1665.715820	18319.287109
1664.719727	18388.443359
1663.722656	18037.529297
1662.725586	18269.355469
1661.728516	18132.181641
1660.731445	17907.707031
1659.733398	18071.486328
1658.736328	18004.773438
1657.738281	18066.613281
1656.740234	17975.679688
1655.741211	18243.544922
1654.743164	18281.060547
1653.744141	18444.560547
1652.745117	18373.001953
1651.746094	18347.490234
1650.747070	18268.712891
1649.747070	18020.486328
1648.748047	18191.130859
1647.748047	18494.814453
1646.748047	18546.726563
1645.747070	18729.253906
1644.747070	18836.728516
1643.746094	18849.847656
1642.745117	18901.642578
1641.744141	18842.224609
1640.742188	18959.250000
1639.741211	18938.501953
1638.739258	18953.998047
1637.737305	18513.001953
1636.735352	18977.722656
1635.732422	18932.841797
1634.730469	18743.148438
1633.727539	18452.171875
1632.724609	18494.281250
1631.721680	18442.292969
1630.717773	18395.146484
1629.713867	18297.380859
1628.710938	18549.228516
1627.707031	18396.031250
1626.702148	18505.572266
1625.698242	18472.912109
1624.693359	18151.195313
1623.688477	18229.406250
1622.683594	18562.826172
1621.678711	18457.953125
1620.672852	18256.843750
1619.666992	18404.753906
1618.661133	18391.402344
1617.655273	18277.023438
1616.649414	18314.205078
1615.642578	18286.449219
1614.635742	18359.671875
1613.628906	18230.966797
1612.622070	18107.119141
1611.615234	18425.394531
1610.607422	18592.208984
1609.599609	18634.070313
1608.591797	18394.982422
1607.583984	18482.478516
1606.576172	18773.949219
1605.567383	18662.156250
1604.558594	18929.478516
1603.549805	18839.287109
1602.541016	18988.951172
1601.531250	19193.701172
1600.521484	19731.580078
1599.511719	19701.212891
1598.501953	19833.802734
1597.492188	20026.230469
1596.481445	20314.392578
1595.471680	20861.072266
1594.460938	21254.294922
1593.449219	21618.630859
1592.438477	22214.970703
1591.426758	22645.958984
1590.415039	23280.125000
1589.403320	23342.371094
1588.391602	23631.771484
1587.379883	23794.337891
1586.367188	23999.863281
1585.354492	23944.800781
1584.341797	24164.544922
1583.329102	23743.957031
1582.315430	23844.226563
1581.302734	23727.146484
1580.289063	23562.361328
1579.274414	23626.798828
1578.260742	23512.216797
1577.247070	23676.847656
1576.232422	23311.814453
1575.217773	23125.810547
1574.203125	22682.341797
1573.187500	22897.070313
1572.172852	22415.689453
1571.157227	22821.033203
1570.141602	22704.408203
1569.125000	22842.722656
1568.109375	22940.490234
1567.092773	23659.712891
1566.076172	23526.339844
1565.059570	23595.341797
1564.042969	23452.517578
1563.025391	23509.607422
1562.008789	23226.505859
1560.991211	23159.943359
1559.973633	22934.093750
1558.955078	22808.181641
1557.937500	22620.521484
1556.918945	22409.173828
1555.900391	22485.392578
1554.881836	22181.513672
1553.862305	22203.123047
1552.842773	22607.003906
1551.824219	22638.011719
1550.804688	22581.185547
1549.784180	22680.998047
1548.764648	23402.363281
1547.744141	23369.132813
1546.723633	23241.052734
1545.703125	23907.326172
1544.682617	24106.324219
1543.661133	24535.138672
1542.639648	24323.984375
1541.618164	24721.779297
1540.596680	24851.751953
1539.575195	25130.867188
1538.552734	25748.441406
1537.530273	25598.794922
1536.507813	25719.011719
1535.485352	24992.070313
1534.461914	24769.326172
1533.439453	24605.802734
1532.416016	24726.119141
1531.392578	24359.337891
1530.368164	23888.699219
1529.344727	23749.117188
1528.320313	23687.564453
1527.295898	23363.812500
1526.271484	23479.501953
1525.246094	23061.464844
1524.221680	23049.677734
1523.196289	23186.599609
1522.170898	22865.632813
1521.145508	22995.457031
1520.119141	22660.503906
1519.092773	22858.710938
1518.067383	22677.191406
1517.040039	22762.148438
1516.013672	22814.070313
1514.987305	22467.707031
1513.959961	22547.939453
1512.932617	22632.847656
1511.905273	22411.552734
1510.876953	22501.160156
1509.849609	22654.294922
1508.821289	22757.937500
1507.792969	22962.724609
1506.763672	23350.939453
1505.735352	23807.210938
1504.706055	24053.986328
1503.676758	24267.740234
1502.647461	24721.189453
1501.618164	24930.017578
1500.587891	25228.052734
1499.557617	25396.748047
1498.527344	25335.183594
1497.497070	25447.423828
1496.466797	25484.482422
1495.435547	25012.126953
1494.404297	24460.167969
1493.373047	24619.417969
1492.341797	24361.013672
1491.309570	24320.847656
1490.278320	23917.212891
1489.246094	23272.250000
1488.213867	23260.455078
1487.180664	22890.091797
1486.148438	22440.210938
1485.115234	22686.283203
1484.082031	22421.658203
1483.047852	22475.611328
1482.014648	22492.082031
1480.980469	22541.312500
1479.946289	22700.515625
1478.912109	23219.978516
1477.877930	23566.119141
1476.842773	23891.066406
1475.808594	24447.376953
1474.773438	25029.171875
1473.738281	25610.728516
1472.702148	26311.228516
1471.666992	26735.740234
1470.630859	27449.734375
1469.594727	28420.337891
1468.557617	29079.986328
1467.521484	30094.208984
1466.484375	31215.378906
1465.447266	32576.445313
1464.410156	33689.644531
1463.373047	34758.066406
1462.334961	35823.714844
1461.296875	37003.175781
1460.258789	38084.242188
1459.220703	38889.843750
1458.182617	39744.046875
1457.143555	40518.683594
1456.104492	41153.246094
1455.065430	42213.710938
1454.026367	41979.207031
1452.986328	43001.820313
1451.946289	43781.964844
1450.906250	44678.128906
1449.866211	46236.945313
1448.826172	47332.265625
1447.785156	48348.066406
1446.744141	49928.410156
1445.703125	51003.691406
1444.662109	51334.847656
1443.620117	52441.925781
1442.578125	52447.417969
1441.537109	51814.199219
1440.494141	50986.183594
1439.452148	50522.996094
1438.409180	49208.136719
1437.367188	47005.003906
1436.323242	45665.882813
1435.280273	44563.917969
1434.237305	42363.089844
1433.193359	41088.343750
1432.149414	39788.617188
1431.105469	38069.902344
1430.061523	37195.398438
1429.016602	35811.546875
1427.971680	34745.601563
1426.926758	33566.613281
1425.881836	32543.244141
1424.835938	31763.361328
1423.791016	31150.437500
1422.745117	30276.285156
1421.699219	29471.894531
1420.652344	29123.503906
1419.606445	28967.195313
1418.559570	28718.466797
1417.512695	28402.802734
1416.465820	28036.421875
1415.417969	28187.779297
1414.371094	28265.144531
1413.323242	28238.541016
1412.275391	28387.447266
1411.226563	28330.812500
1410.178711	28313.439453
1409.129883	28939.951172
1408.081055	28677.878906
1407.032227	28512.800781
1405.982422	28815.986328
1404.933594	28969.160156
1403.883789	28794.896484
1402.833984	28715.207031
1401.783203	28554.892578
1400.733398	28099.728516
1399.682617	27819.818359
1398.631836	27961.482422
1397.581055	27812.960938
1396.529297	27602.341797
1395.478516	27161.644531
1394.426758	27466.705078
1393.375000	27470.246094
1392.322266	27119.550781
1391.270508	26844.890625
1390.217773	26784.173828
1389.165039	26555.669922
1388.112305	26701.882813
1387.058594	26142.595703
1386.005859	25898.277344
1384.952148	25927.390625
1383.898438	25708.474609
1382.843750	25925.878906
1381.790039	26352.082031
1380.735352	26190.583984
1379.680664	26240.250000
1378.625977	26523.886719
1377.570313	26853.275391
1376.515625	27210.046875
1375.459961	27507.058594
1374.404297	27409.693359
1373.347656	27791.332031
1372.291992	27902.447266
1371.235352	28068.492188
1370.178711	27952.763672
1369.122070	28162.232422
1368.064453	27982.429688
1367.007813	28347.443359
1365.950195	28334.724609
1364.892578	28164.142578
1363.833984	28284.132813
1362.776367	28351.472656
1361.717773	28768.615234
1360.659180	28950.125000
1359.600586	29485.816406
1358.541016	29367.755859
1357.482422	30065.343750
1356.422852	30506.818359
1355.363281	30715.175781
1354.302734	31558.171875
1353.243164	32254.722656
1352.182617	32836.871094
1351.122070	33697.152344
1350.060547	34395.105469
1349.000000	35448.578125
1347.938477	36453.722656
1346.876953	37244.140625
1345.815430	38319.156250
1344.753906	39282.054688
1343.691406	40089.621094
1342.628906	40550.593750
1341.566406	41455.488281
1340.503906	43045.402344
1339.441406	43587.425781
1338.377930	44650.453125
1337.314453	46008.867188
1336.250977	47000.417969
1335.186523	47263.652344
1334.123047	48702.546875
1333.058594	49522.386719
1331.994141	49687.171875
1330.928711	50081.445313
1329.864258	49357.554688
1328.798828	49022.457031
1327.733398	48060.585938
1326.667969	46801.617188
1325.601563	45840.597656
1324.536133	44825.492188
1323.469727	43445.414063
1322.403320	42270.121094
1321.335938	40852.574219
1320.269531	40032.125000
1319.202148	38917.218750
1318.134766	37805.039063
1317.067383	37325.730469
1315.999023	36681.179688
1314.930664	35959.859375
1313.863281	35399.671875
1312.793945	35738.851563
1311.725586	35226.488281
1310.656250	35223.710938
1309.587891	35164.343750
1308.517578	35292.828125
1307.448242	35152.019531
1306.378906	35404.855469
1305.308594	34879.617188
1304.238281	34644.015625
1303.167969	34584.832031
1302.096680	34249.933594
1301.026367	33607.863281
1299.955078	33485.667969
1298.883789	32986.316406
1297.811523	32744.609375
1296.740234	31746.644531
1295.667969	31663.304688
1294.595703	30882.632813
1293.523438	30109.050781
1292.450195	29965.187500
1291.376953	29449.234375
1290.303711	28886.140625
1289.230469	28598.326172
1288.157227	28569.845703
1287.083008	28435.455078
1286.008789	28738.220703
1284.934570	28666.921875
1283.860352	28823.119141
1282.785156	29091.835938
1281.710938	29000.242188
1280.635742	29376.841797
1279.559570	29595.761719
1278.484375	30028.324219
1277.408203	30271.757813
1276.332031	30296.947266
1275.255859	30580.691406
1274.179688	31055.392578
1273.102539	30896.103516
1272.025391	30950.345703
1270.948242	31521.269531
1269.871094	31269.888672
1268.793945	32058.328125
1267.715820	32035.941406
1266.637695	31863.169922
1265.559570	32404.125000
1264.480469	32184.224609
1263.401367	31787.195313
1262.323242	31208.662109
1261.243164	31000.355469
1260.164063	30520.865234
1259.083984	29761.396484
1258.004883	28881.232422
1256.924805	28191.873047
1255.843750	27316.878906
1254.763672	26366.103516
1253.682617	25460.503906
1252.601563	24864.207031
1251.520508	24140.583984
1250.438477	23587.324219
1249.357422	23360.925781
1248.275391	22868.447266
1247.193359	22548.367188
1246.110352	22425.169922
1245.028320	21854.953125
1243.945313	21968.845703
1242.862305	21897.232422
1241.779297	21675.974609
1240.695313	21416.837891
1239.611328	21403.439453
1238.527344	21361.023438
1237.443359	21202.554688
1236.359375	21133.416016
1235.274414	21037.529297
1234.189453	21013.064453
1233.104492	20868.175781
1232.019531	21091.257813
1230.933594	20904.054688
1229.847656	21055.710938
1228.761719	20815.109375
1227.675781	20808.537109
1226.588867	20942.294922
1225.502930	20826.574219
1224.416016	20929.097656
1223.328125	20898.015625
1222.241211	20964.871094
1221.153320	21134.050781
1220.065430	21191.927734
1218.977539	20949.513672
1217.889648	21009.626953
1216.800781	20956.326172
1215.711914	21040.859375
1214.623047	21127.578125
1213.534180	21180.931641
1212.444336	21414.195313
1211.355469	21374.185547
1210.265625	21272.017578
1209.174805	21591.691406
1208.084961	21382.980469
1206.994141	21633.703125
1205.903320	21595.902344
1204.812500	22021.705078
1203.720703	21651.183594
1202.629883	21912.722656
1201.538086	22034.494141
1200.446289	21832.636719
1199.353516	22357.650391
1198.261719	22341.898438
1197.168945	22441.324219
1196.076172	22469.845703
1194.983398	22673.255859
1193.889648	22533.488281
1192.795898	22694.750000
1191.702148	22563.884766
1190.608398	22419.798828
1189.514648	22324.427734
1188.419922	21954.908203
1187.325195	21895.042969
1186.230469	21943.505859
1185.135742	21536.726563
1184.040039	21399.656250
1182.944336	21231.716797
1181.848633	21085.931641
1180.752930	20997.613281
1179.656250	20712.863281
1178.559570	20483.408203
1177.462891	20620.335938
1176.366211	20300.542969
1175.268555	20260.998047
1174.171875	20195.007813
1173.074219	20095.972656
1171.975586	20109.394531
1170.877930	20041.269531
1169.779297	19759.449219
1168.680664	19662.785156
1167.582031	19643.246094
1166.483398	19685.367188
1165.383789	19502.919922
1164.284180	19527.443359
1163.184570	19507.943359
1162.084961	19695.259766
1160.984375	19759.316406
1159.883789	19922.308594
1158.783203	20162.185547
1157.682617	20065.628906
1156.581055	19991.087891
1155.480469	20246.177734
1154.378906	20419.875000
1153.276367	20195.947266
1152.174805	20242.214844
1151.072266	19976.703125
1149.969727	20222.742188
1148.867188	20343.585938
1147.764648	20420.496094
1146.661133	20686.025391
1145.557617	20883.453125
1144.454102	21181.662109
1143.349609	21449.052734
1142.246094	21556.328125
1141.141602	21569.330078
1140.037109	21501.263672
1138.932617	21689.501953
1137.827148	21327.980469
1136.721680	21386.994141
1135.616211	20940.314453
1134.510742	20819.917969
1133.404297	20638.304688
1132.298828	20445.826172
1131.192383	20413.093750
1130.084961	20135.460938
1128.978516	19820.775391
1127.871094	19589.281250
1126.763672	19648.537109
1125.656250	19557.007813
1124.548828	19323.529297
1123.440430	19264.865234
1122.332031	19616.724609
1121.223633	19313.517578
1120.115234	19202.505859
1119.005859	19551.972656
1117.896484	19449.681641
1116.787109	19386.695313
1115.677734	20366.138672
1114.567383	20579.880859
1113.457031	21281.818359
1112.346680	21970.380859
1111.236328	23020.355469
1110.125000	24032.851563
1109.014648	25463.099609
1107.903320	26794.751953
1106.791016	28195.507813
1105.679688	29739.332031
1104.567383	31260.740234
1103.455078	32213.644531
1102.342773	33287.960938
1101.230469	34087.796875
1100.117188	34578.535156
1099.003906	34647.335938
1097.890625	34609.605469
1096.776367	34126.429688
1095.663086	33254.578125
1094.548828	32708.896484
1093.434570	31331.726563
1092.319336	30094.085938
1091.205078	28885.185547
1090.089844	27440.238281
1088.974609	26180.330078
1087.858398	24938.304688
1086.743164	24032.972656
1085.626953	22744.216797
1084.510742	21976.306641
1083.394531	21080.839844
1082.277344	20727.501953
1081.160156	19869.501953
1080.042969	19533.896484
1078.925781	19098.810547
1077.807617	18516.673828
1076.690430	18770.367188
1075.572266	18552.140625
1074.453125	18238.798828
1073.334961	18189.515625
1072.215820	17904.498047
1071.096680	18116.960938
1069.977539	17875.314453
1068.858398	18316.814453
1067.738281	17997.427734
1066.618164	17879.113281
1065.498047	18320.328125
1064.376953	18458.998047
1063.256836	18267.242188
1062.135742	18194.300781
1061.014648	18611.330078
1059.892578	18618.185547
1058.771484	18722.121094
1057.649414	18810.912109
1056.527344	18811.248047
1055.404297	18772.773438
1054.282227	19068.431641
1053.159180	19254.052734
1052.036133	19045.285156
1050.912109	19103.728516
1049.789063	18854.158203
1048.665039	18957.833984
1047.541016	18960.281250
1046.416992	19173.664063
1045.291992	18941.500000
1044.166992	18993.429688
1043.041992	18886.160156
1041.916992	19159.587891
1040.791992	19144.781250
1039.666016	19084.837891
1038.540039	18878.769531
1037.413086	18969.318359
1036.287109	19012.564453
1035.160156	19049.347656
1034.033203	18993.775391
1032.906250	19071.335938
1031.779297	18822.595703
1030.651367	19125.492188
1029.523438	19194.388672
1028.395508	19078.775391
1027.266602	18948.197266
1026.137695	18819.816406
1025.009766	18796.535156
1023.879883	18828.986328
1022.750977	18497.138672
1021.621094	18767.445313
1020.491211	18690.640625
1019.361328	18836.582031
1018.231445	18674.150391
1017.100586	18578.146484
1015.969727	18623.427734
1014.838867	18292.107422
1013.708008	18401.607422
1012.576172	18547.417969
1011.444336	18586.248047
1010.312500	18387.759766
1009.180664	18379.583984
1008.047852	18223.958984
1006.915039	18461.515625
1005.782227	18604.986328
1004.649414	18923.511719
1003.515625	19024.117188
1002.381836	19515.326172
1001.248047	19016.039063
1000.114258	19020.537109
998.979492	18897.031250
997.844727	18349.134766
996.709961	18053.095703
995.575195	18330.681641
994.439453	18120.031250
993.303711	17792.259766
992.167969	17803.394531
991.032227	17974.283203
989.895508	18038.615234
988.758789	17956.000000
987.622070	17705.242188
986.485352	17899.416016
985.347656	17784.960938
984.210938	17910.953125
983.073242	18011.367188
981.934570	17871.439453
980.796875	18122.769531
979.658203	18057.273438
978.519531	18287.203125
977.380859	18876.113281
976.241211	19188.615234
975.101563	19628.414063
973.961914	20212.414063
972.822266	20543.535156
971.681641	21165.292969
970.541992	21453.626953
969.400391	22004.912109
968.259766	22477.480469
967.119141	22780.193359
965.977539	22923.757813
964.835938	23169.009766
963.694336	23013.607422
962.551758	23332.892578
961.409180	23173.279297
960.266602	23022.205078
959.124023	22731.437500
957.980469	22629.212891
956.837891	22230.703125
955.694336	21980.494141
954.549805	21328.404297
953.406250	21283.669922
952.261719	21050.736328
951.117188	21006.078125
949.972656	20441.417969
948.827148	20225.714844
947.681641	20081.945313
946.536133	20115.691406
945.390625	19604.498047
944.245117	19746.021484
943.098633	19644.697266
941.952148	19632.064453
940.804688	19615.214844
939.658203	20092.076172
938.510742	20541.310547
937.363281	20897.558594
936.215820	21314.800781
935.067383	21881.533203
933.919922	23027.613281
932.770508	23503.128906
931.622070	24644.156250
930.473633	25649.894531
929.324219	26853.148438
928.174805	27771.664063
927.025391	28525.603516
925.875000	29508.605469
924.724609	29609.609375
923.574219	29411.863281
922.423828	29344.591797
921.272461	28432.080078
920.122070	27307.634766
918.969727	26583.000000
917.818359	25440.513672
916.666992	24474.986328
915.514648	23583.384766
914.362305	22364.568359
913.208984	21532.582031
912.056641	20898.261719
910.903320	20360.746094
909.750000	19922.074219
908.596680	19181.515625
907.442383	19280.181641
906.288086	19049.601563
905.133789	18972.156250
903.979492	18825.576172
902.824219	18832.027344
901.668945	18685.537109
900.513672	18350.595703
899.358398	18577.025391
898.202148	18558.394531
897.045898	18652.804688
895.889648	18286.761719
894.733398	18253.554688
893.576172	18494.400391
892.419922	18256.199219
891.261719	18013.917969
890.104492	18139.675781
888.946289	18029.197266
887.789063	18200.867188
886.629883	18025.654297
885.471680	17984.197266
884.312500	17944.843750
883.153320	18032.867188
881.994141	17976.818359
880.834961	17831.052734
879.674805	17800.107422
878.514648	17979.869141
877.354492	17957.246094
876.194336	17794.923828
875.033203	18047.531250
873.872070	18102.023438
872.710938	18098.142578
871.548828	18090.095703
870.387695	18513.222656
869.225586	18627.955078
868.063477	18378.277344
866.900391	18270.255859
865.737305	18382.882813
864.574219	18487.136719
863.411133	18362.515625
862.248047	18404.332031
861.083984	18402.462891
859.919922	18373.568359
858.755859	18577.474609
857.590820	18492.443359
856.425781	18444.845703
855.260742	18384.802734
854.095703	18706.898438
852.930664	18675.890625
851.764648	18557.712891
850.598633	18288.082031
849.431641	18358.851563
848.265625	18066.558594
847.098633	18153.935547
845.931641	17973.781250
844.764648	18017.601563
843.596680	18119.439453
842.428711	17875.166016
841.260742	17914.833984
840.092773	18037.335938
838.923828	18161.855469
837.754883	18079.275391
836.585938	18139.560547
835.416992	18146.007813
834.247070	18073.826172
833.077148	18324.388672
831.907227	18287.357422
830.737305	18452.984375
829.566406	18754.982422
828.395508	18372.705078
827.224609	18476.210938
826.052734	18503.226563
824.881836	18484.787109
823.709961	18586.130859
822.538086	18631.683594
821.365234	18481.115234
820.192383	18510.158203
819.019531	18469.033203
817.846680	18489.814453
816.673828	18836.451172
815.500000	18789.095703
814.326172	18737.632813
813.151367	18675.886719
811.977539	19079.880859
810.802734	18807.941406
809.627930	19079.904297
808.453125	19213.771484
807.277344	19728.476563
806.101563	19829.208984
804.925781	19944.302734
803.750000	20024.365234
802.573242	20227.822266
801.396484	20332.468750
800.219727	20414.449219
799.042969	20747.201172
797.865234	20839.330078
796.687500	21206.779297
795.509766	21417.927734
794.331055	21374.281250
793.153320	21486.728516
791.974609	21340.427734
790.795898	21034.076172
789.616211	20709.386719
788.436523	20573.603516
787.256836	20382.490234
786.077148	20199.662109
784.897461	19916.435547
783.716797	19744.033203
782.536133	19756.169922
781.354492	19206.828125
780.173828	19682.083984
778.992188	19692.173828
777.810547	19692.017578
776.628906	19851.558594
775.446289	19869.789063
774.263672	19961.683594
773.081055	19977.833984
771.898438	20200.583984
770.714844	19905.804688
769.531250	20195.949219
768.347656	20115.947266
767.163086	20771.767578
765.979492	21041.097656
764.794922	21150.958984
763.609375	21413.958984
762.424805	21885.140625
761.239258	22274.449219
760.053711	22667.671875
758.868164	23093.373047
757.681641	23926.957031
756.495117	24735.699219
755.308594	25527.775391
754.122070	26299.115234
752.934570	27518.607422
751.748047	29047.363281
750.559570	31093.027344
749.372070	33728.605469
748.183594	36845.765625
746.995117	41350.371094
745.806641	46290.750000
744.618164	51471.207031
743.428711	56970.957031
742.239258	62395.078125
741.049805	66313.601563
739.859375	69042.734375
738.669922	69263.648438
737.479492	69102.289063
736.288086	67189.062500
735.097656	65756.203125
733.906250	64076.121094
732.714844	62161.152344
731.523438	61118.152344
730.331055	60290.800781
729.138672	60226.996094
727.946289	59359.605469
726.753906	59839.757813
725.560547	59763.910156
724.367188	59718.507813
723.173828	58555.937500
721.979492	55364.718750
720.786133	52235.679688
719.591797	48889.164063
718.396484	45361.769531
717.202148	42107.300781
716.006836	38975.738281
714.811523	36827.402344
713.616211	34534.265625
712.419922	33227.621094
711.223633	31666.619141
710.027344	30300.474609
708.831055	29606.322266
707.633789	28752.742188
706.436523	28613.089844
705.239258	27836.888672
704.041016	27349.958984
702.843750	26867.279297
701.645508	26641.304688
700.447266	25983.312500
699.248047	25783.867188
698.048828	25681.388672
696.849609	25911.906250
695.650391	25829.613281
694.450195	26455.333984
693.250000	26713.759766
692.049805	27125.298828
690.849609	28217.968750
689.648438	28753.947266
688.447266	29775.265625
687.246094	30933.117188
686.044922	32237.484375
684.842773	33724.511719
683.640625	34544.558594
682.438477	36326.292969
681.235352	36797.300781
680.033203	37219.820313
678.829102	37346.484375
677.625977	37056.835938
676.422852	36952.277344
675.218750	36620.625000
674.014648	35937.437500
672.809570	36096.378906
671.604492	35644.597656
670.400391	35566.554688
669.194336	35932.269531
667.989258	36223.554688
666.783203	37052.574219
665.577148	37682.585938
664.371094	38817.851563
663.164063	39916.523438
661.957031	40671.820313
660.750000	41342.582031
659.542969	41844.687500
658.334961	41567.050781
657.127930	41495.890625
655.918945	40539.414063
654.710938	39355.058594
653.501953	38451.519531
652.292969	37320.171875
651.083984	36105.261719
649.875000	34774.832031
648.665039	33951.082031
647.455078	32571.695313
646.244141	31460.845703
645.034180	30202.544922
643.823242	29146.656250
642.612305	28109.210938
641.400391	27467.779297
640.189453	26489.072266
638.977539	26035.982422
637.765625	25662.949219
636.552734	25609.445313
635.339844	25663.726563
634.126953	25787.814453
632.914063	26332.740234
631.700195	26554.347656
630.487305	27196.564453
629.272461	28047.810547
628.058594	28936.550781
626.843750	29135.470703
625.628906	29415.978516
624.414063	29170.550781
623.199219	29066.609375
621.983398	28074.796875
620.767578	27403.871094
619.551758	26500.410156
618.334961	25857.970703
617.118164	24893.576172
615.901367	24309.435547
614.684570	23572.457031
613.466797	23225.404297
612.249023	22832.792969
611.031250	22366.835938
609.813477	22348.042969
608.594727	21920.126953
607.375977	21798.183594
606.157227	21374.542969
604.937500	21379.792969
603.717773	21390.992188
602.498047	21094.683594
601.278320	20897.675781
600.057617	21226.251953
598.836914	20787.421875
597.616211	20917.660156
596.395508	20762.474609
595.173828	20688.585938
593.952148	20721.695313
592.729492	20529.021484
591.507813	20847.265625
590.285156	20454.710938
589.062500	20394.818359
587.839844	20497.201172
586.616211	20530.300781
585.392578	20929.281250
584.168945	21213.396484
582.944336	20916.162109
581.720703	21463.029297
580.495117	21802.167969
579.270508	21943.589844
578.045898	22393.083984
576.820313	22854.226563
575.594727	23212.501953
574.368164	23317.955078
573.142578	23812.136719
571.916016	23978.574219
570.688477	24213.978516
569.461914	24571.554688
568.234375	24946.716797
567.006836	24426.730469
565.779297	24624.376953
564.550781	24345.082031
563.322266	23904.367188
562.093750	23591.865234
560.865234	23667.427734
559.635742	23298.019531
558.406250	22922.867188
557.176758	22429.804688
555.946289	22537.027344
554.715820	22390.457031
553.485352	22241.982422
552.254883	21924.484375
551.023438	21957.019531
549.791992	21635.789063
548.560547	21587.812500
547.328125	21058.572266
546.096680	21220.886719
544.864258	21412.582031
543.630859	21227.271484
542.398438	21087.183594
541.165039	20964.816406
539.931641	21107.347656
538.697266	21351.808594
537.463867	21037.283203
536.229492	20969.923828
534.994141	20855.548828
533.759766	20762.779297
532.524414	21142.228516
531.289063	20996.544922
530.053711	20901.843750
528.817383	21212.478516
527.581055	21086.447266
526.344727	21569.126953
525.107422	21611.343750
523.871094	21739.613281
522.632813	22458.478516
521.395508	23429.269531
520.158203	23846.382813
518.919922	23839.181641
517.681641	23359.093750
516.442383	22595.935547
515.203125	22395.640625
513.963867	22150.517578
512.724609	21987.500000
511.485352	21730.861328
510.245117	21870.488281
509.004883	21877.378906
507.763672	22022.761719
506.523438	21969.156250
505.282227	21800.535156
504.040039	21770.392578
502.798828	21691.537109
501.556641	21690.656250
