1802.218750	9858.850586
1801.250000	9948.749023
1800.280273	9724.557617
1799.310547	10037.133789
1798.340820	9773.082031
1797.371094	9464.221680
1796.401367	8993.331055
1795.430664	8969.085938
1794.460938	9082.002930
1793.490234	9257.205078
1792.519531	9549.492188
1791.547852	9682.161133
1790.577148	9690.192383
1789.605469	9386.821289
1788.633789	9285.316406
1787.662109	9455.284180
1786.690430	9617.713867
1785.717773	9966.767578
1784.745117	10056.856445
1783.772461	10676.897461
1782.799805	10697.151367
1781.827148	10476.136719
1780.853516	10767.473633
1779.880859	11272.507813
1778.907227	11563.567383
1777.933594	11116.398438
1776.958984	10614.744141
1775.985352	10269.796875
1775.010742	9959.758789
1774.036133	9930.450195
1773.061523	10276.044922
1772.086914	10594.197266
1771.111328	11004.044922
1770.135742	11624.634766
1769.161133	11907.593750
1768.184570	12096.188477
1767.208984	12269.828125
1766.233398	12530.172852
1765.256836	12778.018555
1764.280273	12780.415039
1763.303711	12483.000977
1762.326172	12601.885742
1761.349609	12376.451172
1760.372070	12398.734375
1759.394531	12601.740234
1758.416992	13331.900391
1757.439453	14230.052734
1756.460938	14764.123047
1755.483398	14790.848633
1754.504883	14206.657227
1753.525391	13686.993164
1752.546875	13234.288086
1751.568359	13347.809570
1750.588867	13401.973633
1749.609375	13722.964844
1748.629883	14073.469727
1747.649414	13845.892578
1746.669922	13539.386719
1745.689453	12521.975586
1744.708984	12630.539063
1743.728516	12785.948242
1742.748047	12692.090820
1741.766602	12899.227539
1740.785156	12716.593750
1739.804688	12494.579102
1738.822266	12418.110352
1737.840820	12171.594727
1736.858398	12033.609375
1735.876953	11834.083008
1734.894531	12302.215820
1733.912109	12932.712891
1732.928711	13097.559570
1731.946289	12875.819336
1730.962891	12444.946289
1729.979492	11928.113281
1728.996094	11576.335938
1728.011719	11182.879883
1727.028320	11746.305664
1726.043945	12176.721680
1725.059570	12970.815430
1724.075195	12997.704102
1723.089844	13031.955078
1722.105469	12582.166016
1721.120117	12196.426758
1720.134766	11825.577148
1719.149414	11835.477539
1718.163086	11965.668945
1717.177734	12081.079102
1716.191406	12211.166992
1715.205078	12108.118164
1714.218750	12503.073242
1713.231445	13108.787109
1712.245117	13885.899414
1711.257813	14211.613281
1710.270508	13860.706055
1709.283203	13529.541992
1708.294922	13450.868164
1707.307617	13494.704102
1706.319336	13717.304688
1705.331055	14057.346680
1704.342773	14691.022461
1703.353516	15001.359375
1702.364258	16001.655273
1701.375977	16556.263672
1700.385742	16961.433594
1699.396484	16945.791016
1698.407227	17480.310547
1697.416992	17740.812500
1696.426758	17517.267578
1695.436523	17257.154297
1694.446289	17590.837891
1693.455078	17978.123047
1692.464844	18502.013672
1691.473633	19372.414063
1690.482422	19353.865234
1689.490234	19564.748047
1688.499023	19507.121094
1687.506836	20037.492188
1686.514648	20467.638672
1685.522461	20358.646484
1684.530273	20276.519531
1683.537109	19399.712891
1682.543945	18927.847656
1681.550781	19211.572266
1680.557617	19292.968750
1679.564453	19386.509766
1678.570313	19567.685547
1677.577148	20092.093750
1676.583008	20175.677734
1675.587891	20064.519531
1674.593750	19943.671875
1673.598633	19601.484375
1672.604492	19918.601563
1671.609375	19518.187500
1670.613281	18998.796875
1669.618164	18297.298828
1668.622070	18198.820313
1667.626953	18037.205078
1666.630859	18191.476563
1665.633789	18564.289063
1664.637695	18354.123047
1663.640625	18039.640625
1662.643555	17183.962891
1661.646484	17272.718750
1660.649414	17390.554688
1659.652344	17510.767578
1658.654297	17293.787109
1657.656250	17314.544922
1656.658203	17742.611328
1655.660156	18046.878906
1654.661133	18392.222656
1653.662109	17896.628906
1652.664063	17188.048828
1651.664063	16969.011719
1650.665039	16609.611328
1649.666016	17506.898438
1648.666016	18009.267578
1647.666016	18254.898438
1646.666016	18067.316406
1645.665039	17567.742188
1644.665039	17203.812500
1643.664063	17737.164063
1642.663086	18050.292969
1641.662109	17983.796875
1640.660156	17847.242188
1639.659180	17461.873047
1638.657227	17426.937500
1637.655273	17807.431641
1636.653320	17992.179688
1635.650391	17896.796875
1634.648438	17246.289063
1633.645508	17283.826172
1632.642578	17287.566406
1631.638672	17098.322266
1630.635742	16759.621094
1629.631836	17318.064453
1628.627930	17726.810547
1627.624023	18578.892578
1626.620117	18823.345703
1625.615234	18735.207031
1624.611328	18736.232422
1623.606445	18436.207031
1622.601563	17905.142578
1621.595703	17275.589844
1620.590820	16978.445313
1619.584961	16647.730469
1618.579102	16755.033203
1617.573242	16879.126953
1616.566406	17190.759766
1615.560547	17062.242188
1614.553711	17215.044922
1613.546875	17420.662109
1612.540039	18277.416016
1611.532227	19059.341797
1610.525391	19696.826172
1609.517578	19529.527344
1608.509766	19343.085938
1607.500977	19327.160156
1606.493164	18682.414063
1605.484375	18978.578125
1604.475586	19668.078125
1603.466797	20477.230469
1602.458008	20509.048828
1601.448242	20236.349609
1600.439453	19839.105469
1599.429688	19978.882813
1598.418945	20267.167969
1597.409180	20126.500000
1596.398438	20184.691406
1595.388672	20477.544922
1594.377930	20904.357422
1593.366211	21845.658203
1592.355469	22511.347656
1591.343750	22741.273438
1590.333008	23260.574219
1589.320313	22734.431641
1588.308594	22148.716797
1587.296875	22404.824219
1586.284180	22665.605469
1585.271484	22687.291016
1584.258789	22496.310547
1583.246094	23019.693359
1582.232422	23664.671875
1581.218750	24187.603516
1580.205078	24610.046875
1579.191406	23948.625000
1578.177734	24218.205078
1577.163086	24084.439453
1576.149414	24101.013672
1575.134766	23957.783203
1574.119141	23738.302734
1573.104492	23778.775391
1572.088867	24164.849609
1571.073242	24453.058594
1570.057617	24438.556641
1569.041992	25000.535156
1568.026367	25247.906250
1567.009766	24849.878906
1565.993164	25094.796875
1564.976563	25011.144531
1563.959961	24777.603516
1562.942383	25165.136719
1561.924805	25383.619141
1560.907227	25226.246094
1559.889648	25192.578125
1558.872070	24873.648438
1557.853516	24512.064453
1556.834961	24162.507813
1555.816406	24162.341797
1554.797852	24789.267578
1553.778320	24693.976563
1552.759766	24593.972656
1551.740234	24313.591797
1550.720703	24000.095703
1549.701172	23765.031250
1548.680664	23349.755859
1547.660156	23264.353516
1546.639648	23738.656250
1545.619141	23273.843750
1544.598633	23027.308594
1543.577148	22809.312500
1542.555664	22818.882813
1541.534180	22968.222656
1540.512695	23527.267578
1539.491211	23780.597656
1538.468750	24062.232422
1537.446289	24005.250000
1536.423828	23806.291016
1535.401367	24068.816406
1534.377930	24205.849609
1533.355469	24040.080078
1532.332031	23952.412109
1531.308594	23616.531250
1530.284180	23536.074219
1529.260742	23715.609375
1528.236328	23349.263672
1527.211914	23278.353516
1526.187500	23292.500000
1525.162109	23467.210938
1524.137695	23729.201172
1523.112305	24212.962891
1522.086914	23922.470703
1521.060547	24351.724609
1520.035156	23860.808594
1519.008789	23832.353516
1517.982422	24126.953125
1516.956055	24211.613281
1515.929688	24463.585938
1514.902344	24291.275391
1513.875000	24571.398438
1512.847656	25009.230469
1511.820313	25552.861328
1510.792969	25439.328125
1509.764648	25648.359375
1508.736328	26123.265625
1507.708008	26259.119141
1506.679688	26023.189453
1505.650391	26507.132813
1504.622070	26706.316406
1503.592773	27032.386719
1502.563477	27513.470703
1501.533203	27124.750000
1500.503906	27354.185547
1499.473633	27416.724609
1498.443359	27425.212891
1497.413086	27130.753906
1496.381836	27017.203125
1495.350586	27032.804688
1494.320313	26499.216797
1493.288086	26726.095703
1492.256836	26211.552734
1491.225586	25981.023438
1490.193359	25593.470703
1489.161133	25707.806641
1488.128906	25754.115234
1487.095703	25673.849609
1486.063477	25905.248047
1485.030273	25724.250000
1483.997070	25791.591797
1482.963867	25894.029297
1481.929688	26169.667969
1480.895508	26428.810547
1479.861328	26456.162109
1478.827148	27108.210938
1477.792969	27287.460938
1476.757813	28371.744141
1475.723633	29125.882813
1474.688477	29313.955078
1473.652344	29815.154297
1472.617188	30435.326172
1471.581055	31059.916016
1470.545898	31392.257813
1469.508789	32158.851563
1468.472656	33076.902344
1467.436523	33576.703125
1466.399414	34174.324219
1465.362305	34886.042969
1464.325195	35350.164063
1463.287109	35816.429688
1462.250000	36629.976563
1461.211914	38056.402344
1460.173828	37764.199219
1459.135742	38313.480469
1458.096680	38219.406250
1457.057617	39169.070313
1456.019531	39568.648438
1454.979492	39681.625000
1453.940430	39629.246094
1452.901367	40226.339844
1451.861328	40674.238281
1450.821289	41710.632813
1449.781250	42993.195313
1448.740234	44240.339844
1447.699219	44852.140625
1446.659180	45187.019531
1445.617188	46077.300781
1444.576172	45635.585938
1443.535156	45370.632813
1442.493164	45314.855469
1441.451172	43860.937500
1440.409180	42983.484375
1439.366211	41709.398438
1438.324219	40349.953125
1437.281250	39313.628906
1436.238281	37966.832031
1435.194336	36917.500000
1434.151367	36170.093750
1433.107422	35861.226563
1432.063477	35058.703125
1431.019531	34372.394531
1429.975586	34064.082031
1428.930664	33116.457031
1427.885742	32984.566406
1426.840820	32447.455078
1425.795898	31917.509766
1424.750000	31922.521484
1423.705078	31918.271484
1422.659180	31999.636719
1421.613281	31812.605469
1420.566406	32280.226563
1419.520508	32028.458984
1418.473633	31952.509766
1417.426758	32045.333984
1416.379883	32646.560547
1415.332031	32958.707031
1414.284180	32582.302734
1413.236328	32949.765625
1412.188477	33173.902344
1411.140625	33201.703125
1410.091797	33093.308594
1409.043945	33141.882813
1407.995117	32662.062500
1406.945313	32929.851563
1405.896484	32466.414063
1404.846680	32240.669922
1403.796875	31851.333984
1402.747070	31337.693359
1401.697266	30773.562500
1400.646484	30928.500000
1399.595703	30917.521484
1398.544922	30070.550781
1397.494141	29695.947266
1396.443359	29425.089844
1395.391602	29207.279297
1394.339844	28764.044922
1393.288086	28470.537109
1392.236328	28207.048828
1391.183594	28060.951172
1390.130859	27912.615234
1389.078125	27371.250000
1388.025391	27485.117188
1386.972656	27187.628906
1385.918945	27416.349609
1384.865234	27252.212891
1383.811523	27834.464844
1382.757813	27709.335938
1381.703125	28676.884766
1380.648438	28404.753906
1379.593750	28894.501953
1378.539063	29409.283203
1377.484375	29231.197266
1376.428711	29926.843750
1375.373047	29939.009766
1374.317383	30657.140625
1373.260742	30107.691406
1372.205078	30548.253906
1371.148438	30622.123047
1370.091797	30895.208984
1369.035156	30925.464844
1367.977539	30765.697266
1366.920898	31102.664063
1365.863281	31183.197266
1364.805664	31396.390625
1363.747070	31810.787109
1362.689453	32183.843750
1361.630859	31946.263672
1360.572266	32684.890625
1359.513672	32595.859375
1358.454102	33324.902344
1357.394531	33916.570313
1356.334961	33809.058594
1355.275391	34738.355469
1354.215820	35607.898438
1353.155273	35853.914063
1352.094727	36622.449219
1351.034180	37981.632813
1349.973633	38678.683594
1348.913086	40198.812500
1347.851563	40993.167969
1346.790039	42441.503906
1345.728516	42950.144531
1344.666016	44269.855469
1343.604492	44648.027344
1342.541992	46165.019531
1341.479492	46998.136719
1340.416016	48350.062500
1339.353516	49471.496094
1338.290039	50160.011719
1337.226563	50827.757813
1336.163086	51881.996094
1335.099609	52367.128906
1334.035156	52567.785156
1332.970703	52686.503906
1331.906250	52368.707031
1330.841797	51594.207031
1329.776367	51517.625000
1328.710938	50193.835938
1327.645508	49263.539063
1326.580078	47793.152344
1325.514648	46382.402344
1324.448242	45015.363281
1323.381836	44116.398438
1322.315430	42668.703125
1321.248047	42004.253906
1320.181641	40927.289063
1319.114258	40120.609375
1318.046875	39466.164063
1316.979492	38408.519531
1315.911133	37969.980469
1314.842773	37644.906250
1313.774414	37181.785156
1312.706055	36886.449219
1311.637695	37243.351563
1310.568359	36379.894531
1309.499023	36374.613281
1308.429688	36025.371094
1307.360352	35893.460938
1306.290039	36139.355469
1305.220703	36077.582031
1304.150391	35651.804688
1303.079102	35479.386719
1302.008789	34809.816406
1300.937500	34565.332031
1299.866211	33909.781250
1298.794922	33706.238281
1297.723633	33021.777344
1296.651367	31996.681641
1295.579102	31628.873047
1294.506836	30852.736328
1293.434570	30316.089844
1292.362305	30102.253906
1291.289063	30170.429688
1290.215820	30024.357422
1289.142578	29812.962891
1288.068359	29522.767578
1286.995117	29230.435547
1285.920898	28850.353516
1284.846680	29184.498047
1283.771484	29171.677734
1282.697266	29077.798828
1281.622070	29418.437500
1280.546875	29671.154297
1279.471680	29523.218750
1278.395508	29280.853516
1277.320313	29765.115234
1276.244141	29543.037109
1275.166992	29644.814453
1274.090820	29897.158203
1273.013672	29645.968750
1271.937500	29549.921875
1270.860352	29633.634766
1269.782227	29811.644531
1268.705078	29913.228516
1267.626953	30075.386719
1266.548828	30062.394531
1265.470703	30175.078125
1264.391602	29957.890625
1263.313477	29848.466797
1262.234375	29514.808594
1261.154297	29073.658203
1260.075195	28821.001953
1258.995117	28725.345703
1257.916016	28284.630859
1256.835938	27496.828125
1255.754883	27338.785156
1254.674805	26999.404297
1253.593750	26588.515625
1252.512695	26094.968750
1251.431641	26125.341797
1250.349609	25453.083984
1249.268555	25514.894531
1248.186523	25460.369141
1247.104492	24967.564453
1246.021484	24995.896484
1244.939453	24583.861328
1243.856445	24963.128906
1242.773438	24768.001953
1241.689453	24939.316406
1240.606445	24880.513672
1239.522461	24526.982422
1238.438477	24457.125000
1237.354492	24416.310547
1236.269531	24694.626953
1235.185547	24301.263672
1234.100586	24240.427734
1233.015625	23738.039063
1231.929688	23842.343750
1230.844727	24060.292969
1229.758789	24044.126953
1228.672852	24110.416016
1227.585938	24265.789063
1226.500000	23866.476563
1225.413086	24199.986328
1224.326172	23881.003906
1223.239258	24281.148438
1222.151367	23793.138672
1221.063477	24041.826172
1219.976563	23965.619141
1218.887695	24038.457031
1217.799805	24051.226563
1216.710938	24046.201172
1215.622070	23816.681641
1214.533203	23529.476563
1213.444336	23615.654297
1212.354492	23626.269531
1211.265625	23852.302734
1210.175781	23398.792969
1209.084961	23842.333984
1207.995117	23772.984375
1206.904297	23665.939453
1205.813477	23778.576172
1204.722656	23456.416016
1203.630859	23622.269531
1202.540039	23679.410156
1201.448242	23488.253906
1200.356445	23578.640625
1199.263672	22818.126953
1198.171875	22551.945313
1197.079102	22403.261719
1195.986328	22699.732422
1194.892578	23117.843750
1193.799805	23794.753906
1192.706055	23829.607422
1191.612305	23771.519531
1190.518555	23981.115234
1189.423828	23708.490234
1188.330078	23860.517578
1187.235352	23950.582031
1186.140625	23651.607422
1185.044922	23823.435547
1183.949219	23546.703125
1182.854492	23968.078125
1181.757813	23516.966797
1180.662109	23505.416016
1179.565430	23348.179688
1178.469727	23093.898438
1177.373047	22839.722656
1176.275391	23423.955078
1175.178711	22918.375000
1174.081055	22805.521484
1172.983398	23078.529297
1171.885742	22734.244141
1170.787109	22639.125000
1169.688477	22522.011719
1168.590820	22475.435547
1167.491211	22671.138672
1166.392578	22435.185547
1165.292969	22507.529297
1164.193359	22557.833984
1163.093750	22575.107422
1161.994141	22741.976563
1160.893555	22990.160156
1159.792969	23185.457031
1158.692383	22923.347656
1157.591797	22872.376953
1156.490234	23199.435547
1155.389648	22974.839844
1154.288086	22959.033203
1153.185547	23312.220703
1152.083984	22863.755859
1150.981445	23394.642578
1149.878906	23163.648438
1148.776367	23312.400391
1147.672852	23667.332031
1146.570313	23405.710938
1145.466797	23938.113281
1144.363281	23722.587891
1143.258789	23822.832031
1142.155273	23964.675781
1141.050781	24161.240234
1139.946289	24110.156250
1138.840820	23765.582031
1137.736328	23907.312500
1136.630859	23873.824219
1135.525391	23787.814453
1134.419922	23669.009766
1133.313477	23703.419922
1132.207031	23335.292969
1131.100586	23503.171875
1129.994141	23447.935547
1128.886719	23134.746094
1127.780273	22979.060547
1126.672852	23323.878906
1125.565430	23279.646484
1124.457031	23429.841797
1123.348633	23007.779297
1122.241211	23505.138672
1121.131836	23375.761719
1120.023438	23704.773438
1118.914063	23876.535156
1117.804688	24399.468750
1116.695313	24455.406250
1115.585938	24895.125000
1114.475586	25443.671875
1113.366211	25911.332031
1112.254883	26823.380859
1111.144531	27458.324219
1110.034180	28415.408203
1108.922852	29578.992188
1107.811523	30657.162109
1106.699219	31558.535156
1105.587891	32522.648438
1104.475586	33199.101563
1103.363281	33496.703125
1102.250977	34229.218750
1101.138672	34807.015625
1100.025391	35178.007813
1098.912109	35620.578125
1097.798828	34613.316406
1096.684570	33456.539063
1095.571289	33375.625000
1094.457031	32210.906250
1093.341797	34486.414063
1092.227539	30310.642578
1091.112305	30408.441406
1089.998047	29364.683594
1088.881836	27798.460938
1087.766602	27191.710938
1086.650391	26003.976563
1085.535156	26651.162109
1084.418945	25711.177734
1083.301758	24931.980469
1082.185547	24961.390625
1081.068359	23677.876953
1079.951172	23129.197266
1078.833984	23115.652344
1077.715820	23303.470703
1076.597656	22811.496094
1075.479492	23020.939453
1074.361328	22979.294922
1073.242188	22903.052734
1072.124023	23581.679688
1071.004883	23630.759766
1069.884766	23712.246094
1068.765625	23877.994141
1067.645508	24618.507813
1066.525391	24695.408203
1065.405273	24515.220703
1064.285156	24810.234375
1063.164063	25256.265625
1062.042969	25604.962891
1060.921875	25713.941406
1059.800781	25760.292969
1058.678711	26132.390625
1057.556641	25993.134766
1056.434570	26283.076172
1055.311523	26167.562500
1054.189453	25998.205078
1053.066406	25975.466797
1051.943359	25849.312500
1050.820313	25703.822266
1049.696289	25890.066406
1048.572266	25613.277344
1047.448242	25472.228516
1046.324219	25391.505859
1045.199219	25041.826172
1044.074219	25232.310547
1042.949219	24968.849609
1041.824219	24533.455078
1040.698242	24416.529297
1039.573242	24299.601563
1038.447266	24182.675781
1037.320313	24065.750000
1036.194336	23985.464844
1035.067383	23857.958984
1033.940430	23709.033203
1032.813477	24034.634766
1031.685547	24497.470703
1030.558594	24912.896484
1029.430664	25079.261719
1028.301758	25217.669922
1027.173828	24817.712891
1026.044922	25475.005859
1024.916016	25484.611328
1023.787109	25414.912109
1022.657227	25130.958984
1021.528320	25431.990234
1020.398438	25522.984375
1019.268555	25590.380859
1018.137695	25154.613281
1017.006836	25618.058594
1015.876953	25231.689453
1014.745117	24903.251953
1013.614258	24878.718750
1012.482422	24783.613281
1011.350586	24949.417969
1010.218750	24800.890625
1009.086914	24936.693359
1007.954102	24995.509766
1006.821289	24960.294922
1005.688477	25187.822266
1004.555664	25470.775391
1003.421875	25309.505859
1002.288086	25491.982422
1001.154297	24925.277344
1000.020508	24804.761719
998.885742	24748.296875
997.750977	24173.572266
996.616211	24034.097656
995.481445	23707.072266
994.345703	23307.712891
993.209961	23370.953125
992.074219	23949.765625
990.938477	23686.931641
989.801758	23990.701172
988.665039	23947.277344
987.528320	24020.951172
986.391602	24245.703125
985.253906	23638.365234
984.116211	23903.521484
982.978516	24021.802734
981.840820	24180.435547
980.702148	24160.412109
979.564453	24168.027344
978.425781	24505.035156
977.286133	24387.214844
976.147461	24116.496094
975.007813	24054.025391
973.868164	24254.871094
972.727539	24523.562500
971.587891	25099.890625
970.447266	25745.998047
969.306641	25997.222656
968.166016	26256.824219
967.024414	25986.158203
965.882813	26118.437500
964.741211	25828.833984
963.599609	26077.646484
962.457031	26214.054688
961.315430	25903.427734
960.172852	26080.052734
959.029297	25778.052734
957.886719	25709.050781
956.743164	25633.728516
955.599609	25727.724609
954.456055	25284.300781
953.311523	25412.171875
952.166992	25040.902344
951.022461	24838.935547
949.877930	24607.457031
948.732422	24701.542969
947.586914	24820.941406
946.441406	24828.326172
945.295898	25272.900391
944.150391	25364.646484
943.003906	26005.251953
941.857422	26120.017578
940.709961	26308.589844
939.563477	27277.708984
938.416016	27923.681641
937.268555	29334.912109
936.121094	30631.679688
934.972656	31953.189453
933.824219	33309.960938
932.675781	35643.851563
931.527344	37399.519531
930.377930	40098.015625
929.229492	42022.542969
928.080078	43535.710938
926.929688	44780.914063
925.780273	45259.574219
924.629883	44938.523438
923.479492	43999.175781
922.328125	41859.375000
921.177734	40559.429688
920.026367	38467.519531
918.875000	36574.062500
917.723633	34378.832031
916.571289	32392.513672
915.418945	30906.933594
914.266602	29058.697266
913.114258	27899.876953
911.960938	26932.562500
910.807617	26370.683594
909.654297	25706.234375
908.500977	25308.472656
907.346680	25229.658203
906.193359	24846.843750
905.038086	24640.283203
903.883789	24458.958984
902.728516	24149.888672
901.574219	24008.548828
900.417969	23768.826172
899.262695	24056.914063
898.107422	23808.904297
896.951172	23734.734375
895.794922	23731.748047
894.637695	23527.900391
893.480469	23462.201172
892.324219	23522.011719
891.166016	23577.615234
890.008789	23401.146484
888.850586	22932.142578
887.693359	23228.136719
886.534180	23256.587891
885.375977	23458.390625
884.216797	23374.011719
883.057617	23619.544922
881.898438	23485.068359
880.739258	23018.826172
879.579102	22990.941406
878.418945	23432.427734
877.258789	23458.689453
876.097656	23626.728516
874.937500	23579.970703
873.776367	23647.865234
872.615234	23440.667969
871.453125	23956.482422
870.291016	23907.603516
869.128906	23765.035156
867.966797	23859.876953
866.804688	23829.781250
865.641602	23524.988281
864.478516	23255.697266
863.315430	22994.839844
862.151367	23380.906250
860.987305	23059.830078
859.823242	23138.039063
858.659180	23303.505859
857.495117	23554.097656
856.330078	23756.798828
855.165039	23489.984375
853.999023	23615.771484
852.833984	23874.380859
851.667969	23371.070313
850.501953	23129.464844
849.335938	22927.386719
848.168945	23173.468750
847.001953	23483.736328
845.834961	23319.031250
844.667969	23262.193359
843.500000	23221.960938
842.332031	23245.984375
841.164063	23512.388672
839.996094	23465.910156
838.827148	23467.080078
837.658203	23606.966797
836.489258	23692.970703
835.320313	23739.617188
834.150391	23490.361328
832.980469	23394.291016
831.810547	23767.740234
830.640625	23609.615234
829.469727	23685.164063
828.298828	23576.726563
827.127930	23873.353516
825.956055	24260.753906
824.784180	24381.531250
823.612305	24254.445313
822.440430	23974.628906
821.268555	23913.738281
820.095703	23345.185547
818.922852	23443.328125
817.750000	22970.011719
816.576172	23297.117188
815.402344	23296.224609
814.228516	23276.779297
813.054688	23953.988281
811.879883	23544.943359
810.706055	24213.558594
809.530273	24399.902344
808.355469	24579.984375
807.180664	24743.517578
806.004883	24427.365234
804.829102	24070.187500
803.652344	23741.966797
802.475586	24117.414063
801.299805	24145.123047
800.122070	24351.708984
798.945313	24566.427734
797.767578	25136.623047
796.589844	24911.332031
795.412109	25341.501953
794.234375	25364.792969
793.055664	25213.521484
791.876953	24926.808594
790.698242	24623.796875
789.518555	24544.605469
788.338867	25224.605469
787.159180	25089.929688
785.979492	24879.427734
784.799805	24373.748047
783.619141	23839.585938
782.438477	23945.117188
781.256836	24237.074219
780.076172	24113.017578
778.894531	24324.927734
777.712891	23992.027344
776.530273	24003.226563
775.348633	23920.261719
774.166016	24228.207031
772.983398	24171.824219
771.799805	24015.230469
770.617188	24243.189453
769.433594	24804.335938
768.249023	24925.722656
767.065430	25310.707031
765.880859	25460.535156
764.696289	25393.746094
763.511719	25576.167969
762.326172	26301.697266
761.141602	26381.759766
759.956055	26833.281250
758.769531	27619.285156
757.583984	27911.195313
756.397461	28213.177734
755.210938	28975.935547
754.023438	29440.669922
752.836914	30796.039063
751.649414	31900.136719
750.461914	33193.253906
749.273438	35537.007813
748.085938	38132.304688
746.897461	42070.449219
745.708984	45903.058594
744.519531	49235.320313
743.330078	52354.496094
742.140625	55474.355469
740.951172	57028.621094
739.761719	57665.019531
738.571289	56833.140625
737.380859	55877.613281
736.189453	53176.703125
734.999023	51117.011719
733.807617	50128.796875
732.616211	48062.527344
731.424805	47635.843750
730.232422	47430.628906
729.040039	47706.542969
727.847656	46874.347656
726.654297	46896.652344
725.461914	45456.464844
724.268555	44584.730469
723.075195	43794.472656
721.880859	42187.636719
720.686523	39574.253906
719.492188	37877.847656
718.297852	36710.898438
717.102539	35540.402344
715.908203	34552.648438
714.712891	33988.429688
713.516602	32973.105469
712.321289	32057.369141
711.125000	31180.468750
709.928711	30631.623047
708.731445	30626.998047
707.535156	30590.025391
706.337891	30181.132813
705.139648	29958.343750
703.942383	29565.925781
702.744141	28668.662109
701.545898	28042.414063
700.347656	28048.441406
699.148438	28262.394531
697.950195	28603.404297
696.750000	29083.498047
695.550781	29032.798828
694.351563	29218.107422
693.151367	29554.572266
691.951172	30808.222656
690.750000	31666.253906
689.548828	33007.566406
688.348633	33584.687500
687.146484	34250.183594
685.945313	34643.511719
684.743164	36484.359375
683.541016	37939.914063
682.338867	38599.851563
681.135742	38901.335938
679.932617	37534.957031
678.729492	36511.085938
677.526367	35495.707031
676.322266	34667.734375
675.119141	34684.312500
673.914063	34833.511719
672.709961	35306.109375
671.504883	35398.863281
670.299805	35519.687500
669.094727	35534.042969
667.889648	35692.921875
666.683594	36086.539063
665.477539	37471.187500
664.270508	38993.648438
663.064453	40090.253906
661.857422	41200.414063
660.650391	41642.507813
659.443359	41254.625000
658.235352	40680.550781
657.027344	40613.589844
655.819336	39593.230469
654.610352	38831.640625
653.402344	38476.816406
652.193359	37677.765625
650.983398	38053.796875
649.774414	36909.039063
648.564453	36168.855469
647.354492	34933.007813
646.144531	34147.585938
644.933594	33434.468750
643.722656	32781.621094
642.511719	31417.693359
641.300781	30338.042969
640.088867	29818.115234
638.876953	29476.132813
637.665039	29503.642578
636.452148	29149.900391
635.239258	29105.625000
634.026367	29420.494141
632.813477	29356.226563
631.599609	29537.283203
630.386719	29686.357422
629.171875	30116.435547
627.958008	31327.568359
626.743164	31029.820313
625.528320	30913.480469
624.313477	30500.429688
623.098633	30344.427734
621.882813	30357.708984
620.666992	30016.697266
619.451172	29872.835938
618.234375	29191.873047
617.017578	28920.949219
615.800781	28363.781250
614.583984	27892.347656
613.366211	27512.554688
612.148438	26624.171875
610.930664	26089.839844
609.711914	26139.757813
608.493164	26414.074219
607.274414	26394.400391
606.055664	26420.392578
604.836914	26456.294922
603.617188	26138.976563
602.397461	25772.199219
601.176758	25673.341797
599.957031	25630.050781
598.736328	25231.900391
597.514648	24869.599609
596.293945	24721.476563
595.072266	24541.718750
593.850586	24300.630859
592.628906	23566.533203
591.406250	23840.546875
590.183594	23696.763672
588.960938	23452.107422
587.738281	23492.482422
586.514648	24082.781250
585.291016	24498.775391
584.067383	24875.039063
582.842773	24909.128906
581.619141	25534.171875
580.394531	25848.699219
579.168945	26133.451172
577.944336	26493.136719
576.718750	26805.265625
575.493164	27150.820313
574.266602	27010.646484
573.040039	27442.833984
571.813477	27910.343750
570.586914	28375.675781
569.360352	28387.205078
568.132813	28138.458984
566.905273	28041.609375
565.676758	27666.910156
564.449219	27122.917969
563.220703	27197.738281
561.992188	26821.496094
560.762695	26888.470703
559.533203	27294.029297
558.303711	27587.216797
557.074219	27407.996094
555.844727	27087.197266
554.614258	26973.068359
553.383789	27051.710938
552.152344	27055.603516
550.920898	26917.964844
549.690430	26161.332031
548.458008	25552.390625
547.226563	25061.578125
545.994141	25089.460938
544.761719	24932.759766
543.529297	24778.089844
542.295898	25355.556641
541.062500	25879.787109
539.829102	26233.109375
538.594727	25625.207031
537.361328	25462.703125
536.126953	25713.933594
534.891602	26019.933594
533.657227	26474.730469
532.421875	26126.048828
531.186523	25718.755859
529.951172	25703.310547
528.714844	26420.130859
527.478516	26707.943359
526.242188	26747.082031
525.004883	26946.646484
523.767578	27652.773438
522.530273	27601.708984
521.292969	27550.664063
520.054688	26903.394531
518.816406	26999.107422
517.578125	26563.277344
516.339844	26211.640625
515.100586	25449.990234
513.861328	25325.269531
512.622070	25302.125000
511.381836	26137.820313
510.141602	26801.419922
508.901367	26975.013672
507.661133	27125.121094
506.419922	26855.875000
505.178711	27091.728516
503.937500	26580.886719
502.695313	25951.388672
