1802.318359	3601.000977
1801.348633	3453.664551
1800.379883	3428.007568
1799.410156	3472.254883
1798.440430	3469.065430
1797.470703	3468.372314
1796.500977	3540.026611
1795.530273	3449.526855
1794.559570	3418.912598
1793.588867	3522.945313
1792.618164	3484.850342
1791.647461	3543.967529
1790.675781	3446.081055
1789.705078	3522.620850
1788.733398	3457.157227
1787.761719	3645.724854
1786.789063	3575.282959
1785.817383	3594.481934
1784.844727	3553.943115
1783.872070	3555.720459
1782.899414	3609.739990
1781.926758	3750.791992
1780.953125	3563.534180
1779.980469	3644.868164
1779.006836	3703.797363
1778.033203	3568.851563
1777.058594	3575.591797
1776.084961	3731.385742
1775.110352	3720.703857
1774.135742	3712.509277
1773.161133	3657.145020
1772.186523	3728.399414
1771.210938	3797.143066
1770.236328	3878.265625
1769.260742	3937.028320
1768.285156	3792.382324
1767.308594	3846.178711
1766.333008	3852.846436
1765.356445	3916.523926
1764.379883	3915.739258
1763.403320	4041.323730
1762.426758	4176.767090
1761.449219	4178.407227
1760.472656	4251.859863
1759.495117	4337.662109
1758.517578	4319.465332
1757.539063	4402.744141
1756.561523	4560.220215
1755.583008	4626.100098
1754.604492	4578.179199
1753.625977	4465.982422
1752.647461	4452.725586
1751.667969	4587.785156
1750.688477	4354.556641
1749.709961	4368.508789
1748.729492	4305.873047
1747.750000	4455.672363
1746.770508	4437.493164
1745.790039	4300.813965
1744.809570	4277.735352
1743.829102	4274.409180
1742.847656	4369.780762
1741.867188	4245.558105
1740.885742	4173.180176
1739.904297	4263.581543
1738.922852	4171.505371
1737.941406	4306.239258
1736.958984	4211.726074
1735.977539	4233.056152
1734.995117	4311.037109
1734.011719	4396.375000
1733.029297	4390.566895
1732.046875	4382.299805
1731.063477	4270.653320
1730.080078	4314.093262
1729.096680	4259.096191
1728.112305	4334.500488
1727.128906	4277.061035
1726.144531	4362.267090
1725.160156	4309.761719
1724.175781	4392.468262
1723.191406	4445.651367
1722.206055	4646.233887
1721.220703	4642.843750
1720.235352	4632.086426
1719.250000	4618.877441
1718.264648	4610.583984
1717.278320	4680.839355
1716.291992	4768.244141
1715.305664	4723.121582
1714.319336	4678.016113
1713.333008	4961.575195
1712.345703	4982.645996
1711.358398	5239.061523
1710.371094	5397.329590
1709.383789	5281.065430
1708.396484	5402.508789
1707.408203	5482.259277
1706.419922	5777.501465
1705.431641	5727.365723
1704.443359	6088.539063
1703.455078	6283.125977
1702.465820	6365.064941
1701.476563	6588.877441
1700.487305	6800.368164
1699.498047	6972.642578
1698.507813	7025.033203
1697.518555	7202.081543
1696.528320	7518.378418
1695.538086	7480.208496
1694.547852	7517.793945
1693.556641	7721.469238
1692.565430	7751.663086
1691.575195	7762.310059
1690.583008	7626.477539
1689.591797	7678.637695
1688.600586	7498.951172
1687.608398	7643.826660
1686.616211	7395.918457
1685.624023	7348.090820
1684.631836	7302.720215
1683.638672	7323.188965
1682.645508	7411.893555
1681.652344	7139.911133
1680.659180	7148.217285
1679.666016	7168.698730
1678.671875	7052.791504
1677.678711	6988.062988
1676.684570	7032.906738
1675.690430	7002.281738
1674.695313	6915.700684
1673.701172	7048.115234
1672.706055	6886.154297
1671.710938	6977.178223
1670.715820	7026.830566
1669.719727	6896.572754
1668.724609	6892.750488
1667.728516	6959.398438
1666.732422	6681.034668
1665.736328	6876.433594
1664.739258	6841.046387
1663.743164	6968.349121
1662.746094	6964.515137
1661.749023	7026.211426
1660.751953	6961.703125
1659.753906	7161.658203
1658.755859	7111.701172
1657.758789	7134.515137
1656.759766	7145.197266
1655.761719	7197.083496
1654.763672	7033.249512
1653.764648	7160.252441
1652.765625	7112.776367
1651.766602	7050.786133
1650.767578	6865.317871
1649.767578	6868.772949
1648.767578	7019.885742
1647.768555	6936.181152
1646.767578	6883.966309
1645.767578	6839.029297
1644.766602	6910.207520
1643.766602	6761.299805
1642.765625	6595.528320
1641.764648	6550.684570
1640.762695	6513.108398
1639.761719	6714.756348
1638.759766	6520.137207
1637.757813	6513.987793
1636.755859	6531.988281
1635.752930	6479.966797
1634.750977	6396.586426
1633.748047	6426.665527
1632.745117	6367.457031
1631.741211	6245.551270
1630.738281	6398.645996
1629.734375	6303.307617
1628.730469	6232.116211
1627.726563	6213.981934
1626.722656	6352.498535
1625.718750	6298.205078
1624.713867	6265.613770
1623.708984	6307.696777
1622.704102	6231.773438
1621.698242	6256.993164
1620.693359	6205.179688
1619.687500	6348.312012
1618.681641	6147.327637
1617.675781	6271.168945
1616.669922	6293.948730
1615.663086	6309.505371
1614.656250	6276.974121
1613.649414	6335.791016
1612.642578	6264.817871
1611.635742	6282.769043
1610.627930	6360.764648
1609.620117	6414.712402
1608.612305	6307.762207
1607.604492	6404.909668
1606.595703	6485.216309
1605.587891	6373.516602
1604.579102	6520.973633
1603.570313	6543.637695
1602.560547	6515.930176
1601.551758	6560.165527
1600.541992	6942.392090
1599.532227	6926.603516
1598.522461	6965.934570
1597.512695	7117.850586
1596.501953	7305.634277
1595.491211	7404.733398
1594.480469	7633.085449
1593.469727	7789.528809
1592.458984	8058.395996
1591.447266	8284.082031
1590.435547	8303.931641
1589.423828	8469.677734
1588.412109	8628.181641
1587.400391	8569.047852
1586.387695	8576.869141
1585.375000	8403.051758
1584.362305	8253.198242
1583.349609	8213.297852
1582.335938	8149.528809
1581.323242	7995.041016
1580.309570	7883.590820
1579.294922	7707.735352
1578.281250	7696.623047
1577.267578	7544.736816
1576.252930	7500.263184
1575.238281	7422.415527
1574.223633	7318.368652
1573.208008	7462.312500
1572.193359	7444.109863
1571.177734	7368.718750
1570.162109	7329.097656
1569.145508	7375.250977
1568.129883	7242.757324
1567.113281	7298.433594
1566.096680	7294.568848
1565.080078	7290.704590
1564.063477	7251.145020
1563.045898	7537.562988
1562.029297	7469.423340
1561.011719	7406.067383
1559.994141	7209.578125
1558.975586	7143.922852
1557.958008	7211.397949
1556.939453	6998.432129
1555.920898	7099.171387
1554.902344	7166.612793
1553.882813	7015.533691
1552.864258	6876.387695
1551.844727	7031.668945
1550.825195	7023.116211
1549.804688	6827.100586
1548.785156	6989.413574
1547.764648	6855.156250
1546.744141	7033.997070
1545.723633	6966.174805
1544.703125	7016.908203
1543.681641	6977.557129
1542.660156	6907.416504
1541.638672	6993.666992
1540.617188	7150.940918
1539.595703	7045.284180
1538.573242	7081.730957
1537.550781	7058.982910
1536.528320	7022.042969
1535.505859	7240.670898
1534.482422	7272.315430
1533.459961	7268.467285
1532.436523	7196.041504
1531.413086	6951.050781
1530.388672	7186.015137
1529.365234	7000.208984
1528.340820	7093.295410
1527.316406	7011.527344
1526.291992	7045.525391
1525.267578	6956.715820
1524.242188	7016.680176
1523.216797	7036.492676
1522.191406	7129.455078
1521.166016	7038.339355
1520.139648	6992.082031
1519.114258	6877.445801
1518.087891	6965.646973
1517.061523	7190.550781
1516.034180	6910.947266
1515.007813	7015.583008
1513.980469	6976.452637
1512.953125	7099.876465
1511.925781	7131.398438
1510.897461	7374.827637
1509.870117	7443.946777
1508.841797	7343.570313
1507.813477	7459.730957
1506.785156	7585.255371
1505.755859	7964.772461
1504.726563	7887.887695
1503.697266	8217.809570
1502.667969	8225.533203
1501.638672	8301.413086
1500.608398	8701.542969
1499.579102	8554.102539
1498.548828	8733.218750
1497.517578	8860.596680
1496.487305	8797.738281
1495.456055	8650.396484
1494.424805	8608.728516
1493.393555	8653.897461
1492.362305	8419.871094
1491.331055	8291.489258
1490.298828	8282.757813
1489.266602	8227.138672
1488.234375	8077.776367
1487.201172	8015.189453
1486.168945	7708.940430
1485.135742	7763.586426
1484.102539	7773.708496
1483.069336	7542.630371
1482.035156	7665.170898
1481.001953	7518.475586
1479.967773	7671.394043
1478.933594	7796.171387
1477.898438	7808.610840
1476.864258	7809.350586
1475.829102	8006.510742
1474.793945	7988.505859
1473.758789	8440.323242
1472.722656	8415.225586
1471.687500	8787.331055
1470.651367	9089.205078
1469.615234	9365.264648
1468.579102	9627.200195
1467.541992	10136.487305
1466.504883	10778.604492
1465.468750	11152.099609
1464.430664	11518.440430
1463.393555	12115.559570
1462.355469	12539.854492
1461.318359	12922.005859
1460.280273	13271.363281
1459.241211	13671.851563
1458.203125	13587.490234
1457.164063	14066.958984
1456.125000	13996.525391
1455.085938	14175.299805
1454.046875	14097.885742
1453.006836	14185.778320
1451.967773	14078.136719
1450.927734	14161.342773
1449.886719	14097.950195
1448.846680	14327.648438
1447.805664	14559.577148
1446.764648	14635.636719
1445.723633	14586.142578
1444.682617	14722.588867
1443.641602	14719.566406
1442.599609	14437.777344
1441.557617	14506.812500
1440.515625	14069.600586
1439.472656	13723.111328
1438.430664	13372.120117
1437.387695	12810.092773
1436.344727	12540.638672
1435.301758	12401.199219
1434.257813	11832.756836
1433.213867	11399.036133
1432.169922	11422.194336
1431.125977	11062.904297
1430.082031	10838.166992
1429.037109	10590.352539
1427.993164	10479.305664
1426.948242	10245.560547
1425.902344	10185.568359
1424.857422	10141.804688
1423.811523	10116.575195
1422.765625	10089.041016
1421.719727	10202.641602
1420.673828	10128.838867
1419.626953	9999.564453
1418.580078	10085.367188
1417.533203	10171.133789
1416.486328	9991.083008
1415.439453	10160.016602
1414.391602	10176.407227
1413.343750	10264.392578
1412.295898	9860.471680
1411.248047	10022.364258
1410.199219	9787.164063
1409.150391	9738.992188
1408.101563	9700.070313
1407.052734	9843.405273
1406.003906	9693.769531
1404.954102	9611.066406
1403.904297	9530.702148
1402.854492	9434.235352
1401.804688	9243.324219
1400.753906	9464.909180
1399.703125	9317.836914
1398.652344	9198.459961
1397.601563	9076.830078
1396.550781	9144.023438
1395.499023	9241.110352
1394.447266	9098.833984
1393.395508	9126.867188
1392.343750	8943.268555
1391.291016	9300.186523
1390.239258	8925.786133
1389.186523	8804.408203
1388.132813	8623.323242
1387.080078	8511.248047
1386.026367	8599.090820
1384.972656	8923.478516
1383.918945	8721.847656
1382.865234	8889.950195
1381.810547	8867.457031
1380.756836	8771.532227
1379.702148	8971.641602
1378.646484	9155.609375
1377.591797	9158.307617
1376.536133	9319.228516
1375.480469	9363.158203
1374.424805	9391.023438
1373.369141	9418.876953
1372.312500	9364.234375
1371.256836	9224.856445
1370.200195	9442.818359
1369.142578	9452.317383
1368.085938	9416.025391
1367.028320	9418.659180
1365.970703	9325.177734
1364.913086	9236.311523
1363.855469	9165.780273
1362.796875	9321.687500
1361.739258	9301.469727
1360.680664	9313.263672
1359.621094	9466.756836
1358.562500	9384.822266
1357.502930	9549.659180
1356.443359	9408.353516
1355.383789	9739.823242
1354.324219	9651.048828
1353.263672	9977.765625
1352.203125	10126.331055
1351.142578	10297.651367
1350.082031	10635.436523
1349.021484	10614.990234
1347.959961	11139.558594
1346.898438	11267.208008
1345.836914	11520.171875
1344.774414	11695.545898
1343.712891	12151.099609
1342.650391	12380.941406
1341.587891	12701.789063
1340.525391	12917.758789
1339.461914	13525.210938
1338.398438	14011.776367
1337.335938	14261.473633
1336.271484	14574.770508
1335.208008	14869.739258
1334.143555	15462.509766
1333.079102	15213.742188
1332.014648	15151.486328
1330.950195	15214.259766
1329.885742	15074.767578
1328.820313	15008.033203
1327.754883	14398.458008
1326.689453	14293.283203
1325.623047	13577.395508
1324.556641	13318.072266
1323.491211	12822.826172
1322.423828	12316.438477
1321.357422	12014.432617
1320.291016	11535.637695
1319.223633	11381.314453
1318.156250	11002.604492
1317.087891	10857.520508
1316.020508	10637.710938
1314.952148	10603.785156
1313.883789	10476.994141
1312.815430	10547.296875
1311.747070	10459.063477
1310.677734	10431.991211
1309.608398	10425.300781
1308.539063	10432.189453
1307.469727	10393.826172
1306.399414	10400.717773
1305.330078	10303.575195
1304.259766	10177.078125
1303.189453	10007.681641
1302.118164	10007.864258
1301.046875	9797.898438
1299.976563	9913.342773
1298.904297	9784.795898
1297.833008	9778.248047
1296.761719	9543.666016
1295.689453	9340.782227
1294.617188	9248.569336
1293.543945	9384.287109
1292.471680	9321.428711
1291.398438	9414.220703
1290.325195	9346.871094
1289.251953	9464.417969
1288.178711	9246.064453
1287.104492	9467.247070
1286.030273	9740.157227
1284.956055	9857.523438
1283.881836	10053.665039
1282.806641	10035.813477
1281.732422	10071.998047
1280.657227	10443.530273
1279.581055	10614.631836
1278.505859	10598.925781
1277.429688	10452.763672
1276.353516	10619.256836
1275.277344	11048.745117
1274.201172	11014.975586
1273.124023	11149.781250
1272.046875	11185.661133
1270.969727	11113.691406
1269.892578	11160.792969
1268.814453	11277.488281
1267.737305	11138.187500
1266.659180	10868.751953
1265.581055	10832.827148
1264.501953	10502.985352
1263.422852	10354.985352
1262.344727	10227.232422
1261.264648	10041.230469
1260.185547	9846.338867
1259.105469	9671.699219
1258.026367	9344.748047
1256.946289	9226.296875
1255.865234	9112.375000
1254.785156	8906.677734
1253.704102	8819.737305
1252.623047	8515.687500
1251.541992	8558.675781
1250.459961	8599.409180
1249.378906	8405.215820
1248.296875	8246.892578
1247.214844	8198.211914
1246.131836	8245.690430
1245.049805	8029.378418
1243.966797	8029.939453
1242.883789	8048.375000
1241.800781	7964.041016
1240.716797	7852.939453
1239.632813	7969.651855
1238.548828	7869.757324
1237.464844	7979.720703
1236.380859	7897.717773
1235.295898	7817.979492
1234.210938	7952.420898
1233.125977	7841.480957
1232.041016	7940.184082
1230.955078	7764.642090
1229.869141	7791.996094
1228.783203	7699.007324
1227.697266	7775.376953
1226.610352	7769.298828
1225.524414	7678.598145
1224.437500	7581.255371
1223.349609	7897.996582
1222.262695	7765.038086
1221.174805	7839.070313
1220.086914	7953.115234
1218.999023	7702.345703
1217.911133	7811.922363
1216.822266	7848.085938
1215.733398	7930.912598
1214.644531	8089.262695
1213.555664	8136.453613
1212.465820	8094.768555
1211.376953	8075.309082
1210.287109	8100.267090
1209.196289	8136.313965
1208.106445	8261.126953
1207.015625	8053.026367
1205.924805	8255.455078
1204.833984	8218.238281
1203.743164	8267.526367
1202.651367	8137.199219
1201.559570	7951.506348
1200.467773	8178.121582
1199.375977	8231.806641
1198.283203	8043.994141
1197.190430	8037.881348
1196.097656	7801.469238
1195.004883	8052.229980
1193.911133	7835.834473
1192.818359	7856.325195
1191.724609	7770.602539
1190.629883	7921.612793
1189.536133	7672.248535
1188.441406	7728.133789
1187.346680	7591.660645
1186.251953	7676.271973
1185.157227	7665.825195
1184.061523	7509.565918
1182.965820	7432.891113
1181.870117	7305.454590
1180.774414	7292.884277
1179.677734	7359.789063
1178.581055	7311.899414
1177.484375	7237.550781
1176.387695	7366.194824
1175.291016	7384.501953
1174.193359	7294.747070
1173.095703	7343.926758
1171.998047	7166.046875
1170.899414	7085.208008
1169.800781	7112.365723
1168.702148	7055.802734
1167.603516	7223.909180
1166.504883	7169.547852
1165.405273	7005.134277
1164.305664	7065.293457
1163.206055	7019.800293
1162.106445	7233.937988
1161.005859	7305.008789
1159.906250	7202.313965
1158.804688	7381.097656
1157.704102	7194.895508
1156.603516	7312.066406
1155.501953	7297.348145
1154.400391	7502.322754
1153.298828	7248.160645
1152.196289	7468.430176
1151.093750	7728.125488
1149.992188	7678.212402
1148.888672	7678.794922
1147.786133	7900.981445
1146.682617	8017.778809
1145.579102	8097.242676
1144.475586	8128.433105
1143.372070	8240.723633
1142.267578	8081.182617
1141.163086	8000.596191
1140.058594	8053.687500
1138.954102	7870.189941
1137.848633	7846.636230
1136.744141	7678.585449
1135.638672	7736.075684
1134.532227	7631.585938
1133.426758	7658.427246
1132.320313	7672.130859
1131.213867	7436.487305
1130.107422	7570.501465
1129.000000	7525.184082
1127.893555	7431.796875
1126.786133	7493.609375
1125.677734	7336.905273
1124.570313	7396.526367
1123.461914	7495.433594
1122.354492	7537.526855
1121.245117	7452.984863
1120.136719	7540.903320
1119.027344	7438.937500
1117.918945	7707.901367
1116.808594	7614.667480
1115.699219	7783.164551
1114.589844	7783.706543
1113.479492	8191.879395
1112.369141	8336.173828
1111.257813	8661.258789
1110.147461	8805.392578
1109.036133	9060.543945
1107.924805	9559.473633
1106.813477	9873.139648
1105.701172	10315.093750
1104.589844	10671.991211
1103.477539	11248.484375
1102.364258	11461.465820
1101.251953	11648.258789
1100.138672	11854.541016
1099.025391	11962.911133
1097.912109	11860.411133
1096.798828	11731.878906
1095.684570	11351.388672
1094.570313	11012.326172
1093.456055	10649.518555
1092.341797	10252.125977
1091.226563	9822.339844
1090.111328	9533.797852
1088.996094	9108.682617
1087.880859	8850.783203
1086.764648	8571.302734
1085.648438	8389.517578
1084.532227	8073.396973
1083.416016	7943.812012
1082.299805	7879.291992
1081.182617	7777.967285
1080.065430	7551.050293
1078.947266	7642.579590
1077.830078	7539.202148
1076.711914	7444.526855
1075.593750	7533.854980
1074.475586	7311.554199
1073.357422	7316.500488
1072.238281	7401.471680
1071.119141	7339.359863
1070.000000	7301.055664
1068.879883	7243.313477
1067.760742	7256.910645
1066.640625	7352.605469
1065.519531	7385.614746
1064.399414	7260.950684
1063.278320	7268.053223
1062.157227	7359.345703
1061.036133	7342.681641
1059.915039	7483.549805
1058.792969	7551.005859
1057.670898	7542.938477
1056.548828	7580.161133
1055.426758	7431.945801
1054.303711	7689.046875
1053.181641	7586.128906
1052.057617	7679.331055
1050.934570	7783.264160
1049.811523	7947.458984
1048.687500	7939.317871
1047.563477	7601.790039
1046.438477	7832.642578
1045.314453	7749.210449
1044.189453	7939.054688
1043.064453	7902.957520
1041.939453	7875.477539
1040.813477	7764.153320
1039.687500	7839.898438
1038.561523	7982.236816
1037.435547	7808.644531
1036.309570	8112.052246
1035.182617	8045.898438
1034.055664	7945.413574
1032.928711	8042.490723
1031.800781	8223.239258
1030.673828	8077.712402
1029.545898	8215.464844
1028.416992	8250.191406
1027.289063	8018.961914
1026.160156	7910.051270
1025.031250	8129.183594
1023.902344	8136.033691
1022.773438	7977.880371
1021.643555	7965.477051
1020.513672	8025.904785
1019.383789	8165.542480
1018.252930	7962.552734
1017.123047	8046.487793
1015.992188	8055.481934
1014.861328	8017.398926
1013.729492	8203.950195
1012.598633	8238.569336
1011.466797	8236.821289
1010.334961	8260.728516
1009.202148	8128.593262
1008.070313	8184.566406
1006.937500	8415.708984
1005.804688	8702.290039
1004.670898	9046.410156
1003.538086	9044.490234
1002.404297	8752.251953
1001.270508	8507.089844
1000.135742	8340.981445
999.001953	8181.343750
997.867188	7959.919434
996.732422	7941.169434
995.596680	7837.147461
994.461914	7852.535156
993.326172	7776.279297
992.190430	7757.582520
991.054688	7962.560059
989.917969	7592.427734
988.781250	7895.298340
987.644531	7880.847656
986.507813	7772.754883
985.370117	7828.556152
984.232422	7897.097656
983.094727	8125.134766
981.957031	8008.573730
980.819336	8104.670898
979.680664	8200.727539
978.541992	8326.494141
977.402344	8462.831055
976.263672	8641.595703
975.124023	8813.912109
973.984375	9015.880859
972.844727	8971.503906
971.704102	9449.275391
970.563477	9230.818359
969.422852	9392.214844
968.282227	9593.843750
967.141602	9551.508789
966.000000	9502.831055
964.858398	9555.921875
963.715820	9481.830078
962.574219	9397.175781
961.431641	9424.832031
960.289063	9342.342773
959.146484	8999.432617
958.002930	9194.403320
956.860352	8955.383789
955.716797	8923.849609
954.572266	8911.370117
953.428711	8791.016602
952.284180	8880.080078
951.139648	8656.180664
949.995117	8681.816406
948.849609	8732.801758
947.704102	8644.307617
946.558594	8612.888672
945.413086	8583.594727
944.267578	8854.167969
943.121094	8831.167969
941.974609	9190.223633
940.827148	8992.005859
939.680664	9542.869141
938.533203	9545.052734
937.385742	9787.655273
936.238281	10253.655273
935.089844	10700.482422
933.942383	11090.213867
932.792969	11353.348633
931.644531	12027.177734
930.496094	12591.193359
929.346680	13180.237305
928.197266	13276.375000
927.047852	13385.100586
925.897461	13420.123047
924.747070	13183.712891
923.596680	12814.877930
922.446289	12608.139648
921.294922	11972.545898
920.144531	11335.121094
918.992188	10901.838867
917.840820	10512.868164
916.689453	10103.053711
915.537109	9724.920898
914.384766	9519.146484
913.231445	9168.591797
912.079102	8944.130859
910.925781	8786.920898
909.772461	8621.385742
908.619141	8439.138672
907.464844	8521.224609
906.310547	8425.045898
905.156250	8169.582520
904.001953	8144.780273
902.846680	8075.982910
901.691406	8086.825684
900.536133	8204.487305
899.380859	8068.707031
898.224609	7989.514160
897.069336	7983.618164
895.913086	7994.466309
894.755859	8063.895508
893.599609	7829.968750
892.442383	7916.133789
891.285156	7929.076172
890.126953	7850.028320
888.969727	7683.229004
887.811523	7871.743164
886.653320	7805.291992
885.494141	7855.839355
884.335938	7891.746582
883.176758	7787.750488
882.016602	7840.355469
880.857422	7890.850098
879.697266	7795.265625
878.538086	7870.780273
877.376953	7867.008301
876.216797	7777.744629
875.055664	7824.026367
873.894531	7784.832520
872.733398	7722.731934
871.572266	7760.661133
870.410156	7652.766602
869.248047	7903.108887
868.085938	7678.633789
866.922852	7885.148438
865.760742	7729.451172
864.597656	7748.600586
863.433594	7636.683594
862.270508	7684.961426
861.106445	7768.567383
859.942383	7700.374512
858.778320	7788.097168
857.613281	7857.079102
856.449219	7805.530762
855.284180	7758.157715
854.118164	7708.728516
852.953125	7769.361328
851.787109	7607.855469
850.621094	7676.784668
849.455078	7903.377441
848.288086	7758.541504
847.121094	7640.729492
845.954102	7802.901367
844.787109	7720.373047
843.619141	7683.478516
842.452148	7783.368164
841.283203	7713.326172
840.115234	7635.028320
838.947266	7678.947754
837.778320	7700.072754
836.609375	7808.128906
835.439453	7570.518555
834.269531	7862.708008
833.100586	7840.330566
831.929688	7834.508789
830.759766	7758.383301
829.588867	7938.642090
828.417969	7794.317871
827.247070	7850.502441
826.076172	7784.767090
824.904297	7801.682617
823.732422	7915.651367
822.560547	7860.266602
821.387695	7761.555664
820.215820	7691.780273
819.042969	7842.812988
817.869141	7828.747559
816.696289	7730.126465
815.522461	7889.299805
814.348633	7908.217285
813.174805	7817.885742
812.000000	7939.843750
810.825195	7725.928711
809.650391	7893.168457
808.475586	7802.916016
807.300781	7984.478516
806.125000	8042.454590
804.949219	8051.011719
803.772461	7954.628418
802.596680	7862.399902
801.419922	7951.200195
800.243164	7953.599121
799.065430	8118.405762
797.887695	8348.913086
796.710938	8038.874023
795.532227	8131.646973
794.354492	8193.569336
793.175781	8066.532715
791.997070	8276.268555
790.818359	8108.213379
789.639648	7985.380859
788.459961	8078.042480
787.280273	8000.398438
786.100586	7910.481934
784.919922	7886.219727
783.739258	8040.322266
782.558594	7798.782227
781.377930	7958.983887
780.196289	7949.071289
779.014648	7971.934570
777.833008	7826.864746
776.651367	7896.833984
775.468750	8054.791992
774.287109	7932.308105
773.103516	8012.437988
771.920898	8010.707520
770.737305	8101.011230
769.553711	8205.587891
768.370117	8222.214844
767.186523	8353.289063
766.001953	9557.106445
764.817383	14012.834961
763.632813	14724.697266
762.447266	14029.242188
761.262695	12117.256836
760.077148	13721.077148
758.890625	15581.341797
757.705078	15224.994141
756.518555	14601.574219
755.332031	11610.616211
754.145508	11952.698242
752.958008	12902.126953
751.770508	15895.389648
750.583008	13772.752930
749.395508	13900.157227
748.207031	14874.818359
747.018555	15692.256836
745.830078	17741.076172
744.640625	19054.197266
743.452148	20094.052734
742.262695	19078.503906
741.073242	19228.970703
739.882813	19338.697266
738.692383	19240.978516
737.501953	19167.697266
736.311523	19704.166016
735.120117	19651.130859
733.929688	19837.837891
732.738281	20479.427734
731.545898	21199.931641
730.354492	21741.462891
729.162109	22262.462891
727.969727	22671.621094
726.776367	23001.474609
725.583984	22876.810547
724.390625	22304.011719
723.196289	21058.306641
722.002930	19355.009766
720.808594	17488.287109
719.614258	15784.473633
718.419922	14687.114258
717.224609	13173.003906
716.030273	12410.797852
714.834961	11624.627930
713.638672	11134.310547
712.443359	10781.809570
711.247070	10536.690430
710.050781	10352.357422
708.853516	10331.911133
707.657227	10125.460938
706.459961	10232.420898
705.262695	9959.388672
704.064453	9813.768555
702.867188	9540.944336
701.668945	9474.244141
700.469727	9419.686523
699.271484	9272.289063
698.072266	9411.559570
696.873047	9798.972656
695.673828	9776.669922
694.473633	9875.397461
693.273438	9903.501953
692.073242	10278.371094
690.873047	10120.927734
689.671875	10582.243164
688.470703	10890.229492
687.269531	11232.326172
686.068359	11407.114258
684.866211	11626.123047
683.664063	11647.752930
682.461914	12053.790039
681.258789	11982.753906
680.055664	12002.278320
678.852539	12027.826172
677.649414	11743.684570
676.445313	11439.559570
675.242188	11437.071289
674.037109	11257.739258
672.833008	11444.150391
671.627930	11307.077148
670.422852	11457.246094
669.217773	11298.140625
668.012695	11418.133789
666.806641	11636.415039
665.600586	11782.366211
664.394531	11874.087891
663.187500	12212.464844
661.980469	12382.254883
660.773438	12742.424805
659.566406	13120.476563
658.358398	13125.634766
657.150391	13323.124023
655.942383	13502.498047
654.734375	13815.968750
653.525391	13446.561523
652.316406	13491.673828
651.107422	12938.376953
649.897461	12743.474609
648.688477	12168.576172
647.478516	11705.926758
646.267578	11301.465820
645.057617	11095.091797
643.846680	10932.778320
642.635742	10562.717773
641.423828	10280.721680
640.212891	10066.757813
639.000977	10084.532227
637.788086	9994.486328
636.576172	10062.168945
635.363281	10153.767578
634.150391	10560.567383
632.937500	10658.000977
631.723633	11150.268555
630.510742	11165.780273
629.295898	11486.282227
628.082031	11679.090820
626.867188	11628.719727
625.652344	11695.906250
624.437500	11340.819336
623.222656	10930.130859
622.006836	10816.256836
620.791016	10551.160156
619.575195	10033.452148
618.358398	9955.658203
617.141602	9579.532227
615.924805	9501.869141
614.708008	9428.216797
613.490234	9215.450195
612.272461	9219.398438
611.054688	8847.813477
609.836914	8978.975586
608.618164	8998.859375
607.399414	8720.889648
606.180664	8736.849609
604.960938	8828.223633
603.741211	8633.813477
602.521484	8461.309570
601.301758	8637.970703
600.081055	8542.879883
598.860352	8786.852539
597.639648	8481.659180
596.418945	8396.571289
595.197266	8489.835938
593.975586	8503.825195
592.753906	8569.298828
591.531250	8563.463867
590.308594	8557.629883
589.085938	8514.195313
587.863281	8534.096680
586.639648	8601.467773
585.416016	8595.628906
584.192383	8627.362305
582.967773	8581.979492
581.744141	8757.987305
580.519531	8775.830078
579.293945	8807.494141
578.069336	8880.623047
576.843750	9022.836914
575.618164	9009.013672
574.391602	9275.494141
573.166016	9322.798828
571.939453	9299.051758
570.711914	9348.301758
569.485352	9541.500977
568.257813	9350.119141
567.030273	9279.072266
565.802734	9296.747070
564.574219	9286.826172
563.345703	9213.868164
562.117188	9182.302734
560.888672	9060.168945
559.659180	9197.962891
558.429688	8989.272461
557.200195	8993.203125
555.969727	9054.188477
554.739258	8944.015625
553.508789	8983.350586
552.278320	8896.834961
551.046875	8969.579102
549.815430	8820.212891
548.583984	9065.848633
547.352539	9056.000000
546.120117	9040.263672
544.887695	9132.529297
543.655273	9185.491211
542.421875	9201.138672
541.188477	9414.966797
539.955078	9120.584961
538.721680	9077.391602
537.487305	9287.181641
536.252930	9136.139648
535.018555	9265.459961
533.783203	9049.817383
532.547852	9006.684570
531.312500	8938.104492
530.077148	9335.651367
528.840820	9079.063477
527.604492	9282.608398
526.368164	9534.989258
525.131836	9879.223633
523.894531	11015.581055
522.657227	12239.450195
521.419922	12686.495117
520.181641	12069.849609
518.943359	10896.438477
517.705078	9907.225586
516.465820	9662.791992
515.227539	9408.699219
513.988281	9215.253906
512.748047	9230.796875
511.508789	9088.225586
510.268555	9273.569336
509.028320	9129.098633
507.788086	9047.111328
506.546875	9144.580078
505.305664	9035.328125
504.064453	9140.552734
502.822266	9237.934570
501.580078	9017.666992
