1802.318359	3373.753418
1801.348633	3283.853027
1800.379883	3335.628418
1799.410156	3329.969727
1798.440430	3256.928223
1797.470703	3188.906494
1796.500977	3218.206055
1795.530273	3254.976563
1794.559570	3381.506592
1793.588867	3231.236572
1792.618164	3245.547119
1791.647461	3314.681396
1790.675781	3299.068359
1789.705078	3238.618896
1788.733398	3526.897949
1787.761719	3364.326660
1786.789063	3393.531006
1785.817383	3397.831055
1784.844727	3389.685059
1783.872070	3617.927002
1782.899414	3465.449951
1781.926758	3668.712402
1780.953125	3580.941650
1779.980469	3513.095947
1779.006836	3475.106689
1778.033203	3432.161621
1777.058594	3523.411621
1776.084961	3495.379395
1775.110352	3589.063477
1774.135742	3513.846680
1773.161133	3642.248291
1772.186523	3552.156738
1771.210938	3769.843506
1770.236328	3649.986328
1769.260742	3837.796387
1768.285156	3789.902100
1767.308594	3910.653564
1766.333008	3828.053223
1765.356445	4062.773682
1764.379883	4123.917969
1763.403320	4145.392090
1762.426758	4151.993652
1761.449219	4230.420410
1760.472656	4353.389160
1759.495117	4471.356934
1758.517578	4467.985840
1757.539063	4464.615234
1756.561523	4488.463867
1755.583008	4579.096680
1754.604492	4664.746582
1753.625977	4555.005371
1752.647461	4504.645020
1751.667969	4449.360840
1750.688477	4596.750977
1749.709961	4442.634766
1748.729492	4444.214355
1747.750000	4250.671875
1746.770508	4296.737793
1745.790039	4332.909180
1744.809570	4406.092285
1743.829102	4183.096680
1742.847656	4303.160645
1741.867188	4203.620605
1740.885742	4229.907715
1739.904297	4243.854492
1738.922852	4132.058594
1737.941406	4239.686035
1736.958984	4058.931152
1735.977539	4265.087402
1734.995117	4197.718262
1734.011719	4132.838379
1733.029297	4208.345215
1732.046875	4286.282715
1731.063477	4186.963379
1730.080078	4048.307617
1729.096680	4219.728516
1728.112305	4238.560547
1727.128906	4235.250000
1726.144531	4150.792969
1725.160156	4295.010742
1724.175781	4215.491699
1723.191406	4290.827637
1722.206055	4255.566895
1721.220703	4205.581055
1720.235352	4219.472168
1719.250000	4429.800781
1718.264648	4419.089844
1717.278320	4405.928711
1716.291992	4576.827637
1715.305664	4624.978516
1714.319336	4506.300781
1713.333008	4652.549805
1712.345703	4749.697754
1711.358398	4917.902344
1710.371094	5032.115234
1709.383789	5011.498047
1708.396484	5142.796387
1707.408203	5403.871582
1706.419922	5481.156250
1705.431641	5619.625977
1704.443359	5598.909668
1703.455078	5908.635254
1702.465820	6066.511230
1701.476563	6265.916992
1700.487305	6450.564941
1699.498047	6674.269531
1698.507813	6768.288086
1697.518555	7011.395020
1696.528320	7139.526367
1695.538086	7216.287598
1694.547852	7200.174805
1693.556641	7308.647461
1692.565430	7326.713379
1691.575195	7371.630859
1690.583008	7440.942383
1689.591797	7380.864746
1688.600586	7398.899902
1687.608398	7419.367188
1686.616211	7298.347168
1685.624023	7294.437500
1684.631836	7090.587891
1683.638672	7033.089355
1682.645508	7043.857910
1681.652344	7066.806641
1680.659180	6987.418945
1679.666016	6886.140137
1678.671875	6804.385254
1677.678711	6664.225586
1676.684570	6667.750488
1675.690430	6761.327148
1674.695313	6609.093262
1673.701172	6529.907227
1672.706055	6689.128906
1671.710938	6529.704590
1670.715820	6504.073242
1669.719727	6478.451172
1668.724609	6486.865723
1667.728516	6539.015625
1666.732422	6557.131836
1665.736328	6592.243164
1664.739258	6600.626465
1663.743164	6378.346191
1662.746094	6476.586426
1661.749023	6295.679688
1660.751953	6607.430176
1659.753906	6484.793945
1658.755859	6682.379395
1657.758789	6620.403320
1656.759766	6531.781738
1655.761719	6591.064453
1654.763672	6565.497070
1653.764648	6493.900879
1652.765625	6635.522949
1651.766602	6471.899902
1650.767578	6565.035645
1649.767578	6445.073242
1648.767578	6366.310059
1647.768555	6406.166016
1646.767578	6460.523438
1645.767578	6311.647461
1644.766602	6419.212402
1643.766602	6405.823730
1642.765625	6406.946289
1641.764648	6272.703125
1640.762695	6276.268066
1639.761719	6209.760254
1638.759766	6334.124023
1637.757813	6332.842773
1636.755859	6230.140625
1635.752930	6088.851074
1634.750977	6039.343262
1633.748047	6132.240723
1632.745117	6075.504395
1631.741211	6050.151855
1630.738281	6010.337402
1629.734375	6091.107422
1628.730469	6063.354980
1627.726563	6129.618652
1626.722656	6183.805176
1625.718750	5999.437988
1624.713867	6039.174805
1623.708984	5903.079590
1622.704102	6104.151855
1621.698242	6208.843750
1620.693359	6224.435059
1619.687500	6083.598145
1618.681641	6214.695801
1617.675781	6201.409180
1616.669922	6241.038086
1615.663086	6271.032715
1614.656250	6322.650879
1613.649414	6203.595215
1612.642578	6142.261230
1611.635742	6213.093750
1610.627930	6307.918457
1609.620117	6258.607422
1608.612305	6367.790527
1607.604492	6251.269043
1606.595703	6466.015137
1605.587891	6423.909668
1604.579102	6417.808594
1603.570313	6560.428711
1602.560547	6511.133789
1601.551758	6696.835449
1600.541992	6570.820801
1599.532227	6708.499023
1598.522461	6874.876465
1597.512695	6945.354980
1596.501953	7046.942871
1595.491211	7261.045410
1594.480469	7405.625000
1593.469727	7545.357910
1592.458984	7804.701172
1591.447266	7736.116699
1590.435547	7930.721191
1589.423828	8034.354004
1588.412109	8020.765625
1587.400391	8176.937500
1586.387695	8070.098145
1585.375000	8056.509277
1584.362305	7904.336914
1583.349609	7964.844727
1582.335938	7784.089844
1581.323242	7739.524414
1580.309570	7759.439941
1579.294922	7421.291016
1578.281250	7446.035156
1577.267578	7480.312988
1576.252930	7345.200195
1575.238281	7276.924805
1574.223633	7351.752930
1573.208008	7326.417480
1572.193359	7217.664063
1571.177734	7411.615234
1570.162109	7331.480469
1569.145508	7196.586914
1568.129883	7257.047852
1567.113281	7007.925293
1566.096680	7330.279785
1565.080078	7364.492188
1564.063477	7296.360840
1563.045898	7104.533691
1562.029297	7350.483398
1561.011719	7232.450195
1559.994141	7135.865723
1558.975586	6991.772461
1557.958008	7178.121582
1556.939453	6860.602539
1555.920898	7035.021973
1554.902344	6933.822754
1553.882813	7006.033691
1552.864258	6926.250977
1551.844727	6884.483398
1550.825195	6762.034180
1549.804688	6741.672852
1548.785156	6813.847656
1547.764648	6883.620605
1546.744141	6744.668945
1545.723633	6849.992676
1544.703125	6900.750000
1543.681641	6939.635742
1542.660156	6959.547852
1541.638672	6929.700195
1540.617188	6809.855957
1539.595703	6976.607422
1538.573242	6968.082520
1537.550781	7058.982910
1536.528320	7000.742676
1535.505859	6978.019043
1534.482422	7061.763672
1533.459961	7043.766602
1532.436523	6867.336426
1531.413086	7007.793945
1530.388672	6753.436035
1529.365234	6870.225098
1528.340820	7147.641113
1527.316406	6886.321777
1526.291992	6981.754395
1525.267578	6796.139648
1524.242188	6912.799316
1523.216797	6878.342285
1522.191406	6855.699219
1521.166016	7000.587891
1520.139648	6888.285645
1519.114258	6851.501953
1518.087891	6876.041504
1517.061523	6881.710449
1516.034180	6776.594238
1515.007813	6768.140625
1513.980469	6823.305176
1512.953125	6925.559570
1511.925781	7039.547363
1510.897461	6969.824219
1509.870117	7090.818359
1508.841797	7390.644043
1507.813477	7330.303711
1506.785156	7462.912598
1505.755859	7527.250977
1504.726563	7664.468262
1503.697266	7834.546875
1502.667969	7872.909668
1501.638672	8292.011719
1500.608398	8111.727051
1499.579102	8058.382324
1498.548828	8263.438477
1497.517578	8510.681641
1496.487305	8269.451172
1495.456055	8347.573242
1494.424805	8305.967773
1493.393555	8306.615234
1492.362305	7988.203613
1491.331055	8101.500977
1490.298828	7977.900391
1489.266602	7821.525391
1488.234375	7690.999512
1487.201172	7560.526367
1486.168945	7512.116211
1485.135742	7384.075195
1484.102539	7595.702637
1483.069336	7350.610352
1482.035156	7318.669922
1481.001953	7607.423828
1479.967773	7685.435547
1478.933594	7597.289551
1477.898438	7598.073242
1476.864258	7711.119629
1475.829102	7891.931641
1474.793945	8060.979980
1473.758789	8152.824219
1472.722656	8539.082031
1471.687500	8602.752930
1470.651367	8855.609375
1469.615234	9276.515625
1468.579102	9778.974609
1467.541992	10019.760742
1466.504883	10393.488281
1465.468750	10837.068359
1464.430664	11082.153320
1463.393555	11921.953125
1462.355469	12292.649414
1461.318359	12481.324219
1460.280273	12958.986328
1459.241211	12807.164063
1458.203125	13063.191406
1457.164063	13193.307617
1456.125000	13321.040039
1455.085938	13166.936523
1454.046875	13327.216797
1453.006836	13364.055664
1451.967773	13345.021484
1450.927734	13547.047852
1449.886719	13693.157227
1448.846680	13892.702148
1447.805664	13952.637695
1446.764648	14061.371094
1445.723633	13960.856445
1444.682617	13874.326172
1443.641602	14115.448242
1442.599609	13994.074219
1441.557617	13823.974609
1440.515625	13688.776367
1439.472656	13147.348633
1438.430664	12961.277344
1437.387695	12464.312500
1436.344727	12030.196289
1435.301758	11726.162109
1434.257813	11343.397461
1433.213867	10963.108398
1432.169922	10865.805664
1431.125977	10743.046875
1430.082031	10662.049805
1429.037109	10296.111328
1427.993164	10053.091797
1426.948242	10092.710938
1425.902344	10127.682617
1424.857422	9762.153320
1423.811523	9771.717773
1422.765625	9799.791016
1421.719727	9841.732422
1420.673828	9862.837891
1419.626953	9689.679688
1418.580078	9763.985352
1417.533203	10025.500977
1416.486328	10083.528320
1415.439453	9818.037109
1414.391602	9712.058594
1413.343750	9765.493164
1412.295898	9615.691406
1411.248047	9900.000000
1410.199219	9616.349609
1409.150391	9501.287109
1408.101563	9575.473633
1407.052734	9591.957031
1406.003906	9569.224609
1404.954102	9592.619141
1403.904297	9443.095703
1402.854492	9247.533203
1401.804688	9291.717773
1400.753906	9066.314453
1399.703125	9006.858398
1398.652344	8912.879883
1397.601563	8805.124023
1396.550781	8777.986328
1395.499023	8801.495117
1394.447266	8709.935547
1393.395508	8698.937500
1392.343750	8821.357422
1391.291016	8672.354492
1390.239258	8599.289063
1389.186523	8459.587891
1388.132813	8522.197266
1387.080078	8421.631836
1386.026367	8360.163086
1384.972656	8381.408203
1383.918945	8535.836914
1382.865234	8419.278320
1381.810547	8591.998047
1380.756836	8620.061523
1379.702148	8657.290039
1378.646484	8694.502930
1377.591797	9055.095703
1376.536133	8947.743164
1375.480469	9136.186523
1374.424805	9079.288086
1373.369141	9109.498047
1372.312500	9128.238281
1371.256836	9027.851563
1370.200195	9094.696289
1369.142578	9072.209961
1368.085938	8951.291016
1367.028320	9045.575195
1365.970703	8959.036133
1364.913086	9053.278320
1363.855469	9005.659180
1362.796875	9118.147461
1361.739258	9029.375977
1360.680664	9153.242188
1359.621094	9169.634766
1358.562500	9460.230469
1357.502930	9350.898438
1356.443359	9394.648438
1355.383789	9600.520508
1354.324219	9571.137695
1353.263672	9996.027344
1352.203125	10158.282227
1351.142578	10201.817383
1350.082031	10626.311523
1349.021484	10510.072266
1347.959961	10881.877930
1346.898438	11148.653320
1345.836914	11458.627930
1344.774414	11542.856445
1343.712891	11987.049805
1342.650391	12296.656250
1341.587891	12515.032227
1340.525391	13049.828125
1339.461914	13322.594727
1338.398438	13674.911133
1337.335938	13879.165039
1336.271484	14456.460938
1335.208008	14651.367188
1334.143555	14739.303711
1333.079102	14774.905273
1332.014648	15142.392578
1330.950195	14675.601563
1329.885742	14397.607422
1328.820313	14362.819336
1327.754883	13558.037109
1326.689453	13382.637695
1325.623047	13075.622070
1324.556641	12689.283203
1323.491211	12232.749023
1322.423828	11839.936523
1321.357422	11413.256836
1320.291016	11020.775391
1319.223633	10834.811523
1318.156250	10537.833008
1317.087891	10327.111328
1316.020508	10395.223633
1314.952148	10100.784180
1313.883789	10021.669922
1312.815430	10019.591797
1311.747070	10237.156250
1310.677734	10210.130859
1309.608398	10198.958984
1308.539063	10047.488281
1307.469727	10065.766602
1306.399414	9796.760742
1305.330078	9925.897461
1304.259766	9853.745117
1303.189453	9582.688477
1302.118164	9695.965820
1301.046875	9284.955078
1299.976563	9542.834961
1298.904297	9394.036133
1297.833008	9175.293945
1296.761719	9182.419922
1295.689453	9024.757813
1294.617188	8910.041992
1293.543945	8982.651367
1292.471680	8904.084961
1291.398438	8861.637695
1290.325195	8920.680664
1289.251953	9031.552734
1288.178711	9027.422852
1287.104492	9187.803711
1286.030273	9348.118164
1284.956055	9262.828125
1283.881836	9344.233398
1282.806641	9558.454102
1281.732422	9590.235352
1280.657227	9808.816406
1279.581055	10018.304688
1278.505859	10180.458984
1277.429688	10052.377930
1276.353516	10254.936523
1275.277344	10304.517578
1274.201172	10268.655273
1273.124023	10610.384766
1272.046875	10668.846680
1270.969727	10466.684570
1269.892578	10655.423828
1268.814453	10666.680664
1267.737305	10505.055664
1266.659180	10529.805664
1265.581055	10433.356445
1264.501953	10428.941406
1263.422852	10144.117188
1262.344727	9902.024414
1261.264648	9745.241211
1260.185547	9534.716797
1259.105469	9189.795898
1258.026367	9279.760742
1256.946289	9116.513672
1255.865234	8816.693359
1254.785156	8584.183594
1253.704102	8486.114258
1252.623047	8473.153320
1251.541992	8236.382813
1250.459961	8250.330078
1249.378906	8215.052734
1248.296875	7895.722656
1247.214844	7878.423340
1246.131836	8064.589844
1245.049805	7747.724121
1243.966797	7734.934570
1242.883789	7849.511719
1241.800781	7642.351563
1240.716797	7765.833496
1239.632813	7753.048828
1238.548828	7494.687988
1237.464844	7577.944336
1236.380859	7623.228027
1235.295898	7590.401367
1234.210938	7530.819824
1233.125977	7440.039551
1232.041016	7590.111328
1230.955078	7530.565918
1229.869141	7404.179688
1228.783203	7574.218750
1227.697266	7456.786621
1226.610352	7682.428711
1225.524414	7504.894531
1224.437500	7641.371094
1223.349609	7515.117188
1222.262695	7558.059570
1221.174805	7567.606934
1220.086914	7606.069824
1218.999023	7564.446289
1217.911133	7674.052246
1216.822266	7554.616699
1215.733398	7575.266113
1214.644531	7664.798828
1213.555664	7825.393066
1212.465820	7648.267578
1211.376953	7548.948242
1210.287109	7691.701172
1209.196289	7807.753418
1208.106445	7664.070801
1207.015625	7751.231934
1205.924805	7791.765137
1204.833984	7725.809570
1203.743164	7772.983398
1202.651367	7720.361816
1201.559570	7760.865723
1200.467773	7646.211426
1199.375977	7529.388672
1198.283203	7569.905762
1197.190430	7601.545898
1196.097656	7557.880859
1195.004883	7461.098633
1193.911133	7528.156250
1192.818359	7486.746094
1191.724609	7427.651855
1190.629883	7284.521484
1189.536133	7367.039551
1188.441406	7336.751953
1187.346680	7193.728516
1186.251953	7300.525879
1185.157227	7122.212402
1184.061523	7147.233398
1182.965820	7156.780762
1181.870117	7183.991211
1180.774414	7164.822754
1179.677734	7123.586914
1178.581055	7002.915039
1177.484375	6981.588379
1176.387695	7090.431152
1175.291016	6742.659180
1174.193359	7045.561035
1173.095703	6909.596680
1171.998047	6901.535645
1170.899414	6917.719238
1169.800781	6966.945801
1168.702148	6910.413086
1167.603516	6684.318359
1166.504883	6799.620117
1165.405273	6844.425293
1164.305664	6847.392090
1163.206055	6821.749512
1162.106445	6952.324707
1161.005859	6807.889648
1159.906250	7032.977051
1158.804688	6969.937500
1157.704102	6904.725586
1156.603516	6909.870117
1155.501953	7033.667969
1154.400391	6972.875977
1153.298828	7144.929199
1152.196289	7099.510254
1151.093750	7124.365723
1149.992188	7083.359375
1148.888672	7380.333496
1147.786133	7655.241211
1146.682617	7741.379395
1145.579102	7726.594238
1144.475586	7771.019043
1143.372070	7769.386719
1142.267578	7807.207031
1141.163086	7820.906250
1140.058594	7457.767090
1138.954102	7651.147461
1137.848633	7577.270996
1136.744141	7551.594238
1135.638672	7510.604004
1134.532227	7375.521973
1133.426758	7505.258789
1132.320313	7228.035645
1131.213867	7421.176758
1130.107422	7386.815430
1129.000000	7332.791016
1127.893555	7235.072754
1126.786133	7163.619629
1125.677734	7177.407227
1124.570313	7278.566406
1123.461914	7255.195313
1122.354492	7273.320801
1121.245117	7184.467773
1120.136719	7263.712402
1119.027344	7290.551758
1117.918945	7284.653809
1116.808594	7461.981445
1115.699219	7602.160645
1114.589844	7692.133301
1113.479492	7908.499023
1112.369141	8124.772949
1111.257813	8347.492188
1110.147461	8524.369141
1109.036133	8969.067383
1107.924805	9326.475586
1106.813477	9601.001953
1105.701172	10075.664063
1104.589844	10306.392578
1103.477539	10637.106445
1102.364258	11178.680664
1101.251953	11045.836914
1100.138672	11069.601563
1099.025391	11091.181641
1097.912109	11171.433594
1096.798828	11030.008789
1095.684570	10682.253906
1094.570313	10438.903320
1093.456055	9958.951172
1092.341797	9635.521484
1091.226563	9221.060547
1090.111328	8984.731445
1088.996094	8572.750000
1087.880859	8321.471680
1086.764648	8033.427246
1085.648438	7754.178223
1084.532227	7871.778809
1083.416016	7662.039551
1082.299805	7435.052246
1081.182617	7448.649414
1080.065430	7403.754883
1078.947266	7315.566406
1077.830078	7387.638672
1076.711914	7243.206543
1075.593750	7287.126953
1074.475586	7142.775879
1073.357422	7204.005371
1072.238281	7038.103027
1071.119141	7138.251465
1070.000000	7065.397949
1068.879883	7104.975098
1067.760742	7010.547363
1066.640625	7197.040527
1065.519531	7147.996094
1064.399414	7168.083008
1063.278320	7382.493652
1062.157227	7314.010742
1061.036133	7308.147949
1059.915039	7507.286621
1058.792969	7432.347168
1057.670898	7473.915527
1056.548828	7668.578125
1055.426758	7490.159668
1054.303711	7523.065430
1053.181641	7540.870605
1052.057617	7715.960938
1050.934570	7654.009766
1049.811523	7790.232910
1048.687500	7549.565430
1047.563477	7588.872559
1046.438477	7550.675781
1045.314453	7596.421387
1044.189453	7687.328125
1043.064453	7530.825684
1041.939453	7733.538086
1040.813477	7585.691895
1039.687500	7689.420410
1038.561523	7677.046387
1037.435547	7830.132324
1036.309570	7761.876465
1035.182617	7843.999512
1034.055664	7880.991699
1032.928711	7857.852539
1031.800781	8094.449707
1030.673828	7790.142578
1029.545898	7790.637695
1028.416992	7771.826172
1027.289063	7813.072754
1026.160156	7987.243652
1025.031250	7769.029785
1023.902344	7563.768066
1022.773438	7785.022461
1021.643555	7911.916992
1020.513672	7768.870605
1019.383789	7750.091309
1018.252930	7849.077148
1017.123047	7729.680176
1015.992188	7837.187988
1014.861328	7807.709473
1013.729492	7970.774414
1012.598633	7860.005859
1011.466797	7924.626465
1010.334961	7952.875000
1009.202148	7951.187500
1008.070313	7923.856934
1006.937500	8490.486328
1005.804688	8473.732422
1004.670898	8828.579102
1003.538086	8933.462891
1002.404297	8918.757813
1001.270508	8308.605469
1000.135742	8025.180664
999.001953	7897.609863
997.867188	7701.840332
996.732422	7700.204590
995.596680	7568.518555
994.461914	7421.967285
993.326172	7456.618652
992.190430	7369.809570
991.054688	7474.751953
989.917969	7281.489746
988.781250	7443.895508
987.644531	7499.791016
986.507813	7576.946289
985.370117	7464.684570
984.232422	7529.048828
983.094727	7525.321289
981.957031	7572.631836
980.819336	7715.595703
979.680664	7828.739746
978.541992	7939.709961
977.402344	7923.147949
976.263672	8172.128418
975.124023	8293.572266
973.984375	8408.593750
972.844727	8695.523438
971.704102	8755.224609
970.563477	8889.171875
969.422852	8885.158203
968.282227	8995.686523
967.141602	9097.684570
966.000000	8851.922852
964.858398	9064.134766
963.715820	8930.807617
962.574219	9070.870117
961.431641	8924.885742
960.289063	8901.805664
959.146484	8614.045898
958.002930	8633.381836
956.860352	8426.231445
955.716797	8371.532227
954.572266	8445.914063
953.428711	8236.819336
952.284180	8313.311523
951.139648	8254.452148
949.995117	8254.806641
948.849609	8168.509277
947.704102	8187.897949
946.558594	8429.096680
945.413086	8385.057617
944.267578	8307.250000
943.121094	8497.597656
941.974609	8692.085938
940.827148	8576.275391
939.680664	8907.803711
938.533203	9114.734375
937.385742	9490.292969
936.238281	10171.422852
935.089844	10335.789063
933.942383	10812.009766
932.792969	11389.169922
931.644531	11938.696289
930.496094	12464.818359
929.346680	12900.165039
928.197266	13446.909180
927.047852	13713.465820
925.897461	13533.763672
924.747070	13484.585938
923.596680	12989.473633
922.446289	12513.500000
921.294922	12182.812500
920.144531	11406.595703
918.992188	11145.642578
917.840820	10321.648438
916.689453	9859.353516
915.537109	9502.277344
914.384766	9157.952148
913.231445	8836.868164
912.079102	8570.497070
910.925781	8258.069336
909.772461	8340.230469
908.619141	8265.027344
907.464844	8089.186523
906.310547	7955.356934
905.156250	7985.101074
904.001953	7790.567871
902.846680	7822.429688
901.691406	7659.438965
900.536133	7636.854492
899.380859	7693.856445
898.224609	7627.306152
897.069336	7654.979492
895.913086	7531.959473
894.755859	7568.009766
893.599609	7566.390137
892.442383	7397.454590
891.285156	7596.606934
890.126953	7567.803711
888.969727	7403.155273
887.811523	7445.452637
886.653320	7370.735840
885.494141	7369.157715
884.335938	7490.790039
883.176758	7453.691406
882.016602	7247.527832
880.857422	7442.150391
879.697266	7359.181641
878.538086	7372.207520
877.376953	7445.710449
876.216797	7467.051758
875.055664	7313.265625
873.894531	7282.517578
872.733398	7391.400391
871.572266	7331.480957
870.410156	7361.153320
869.248047	7434.544922
868.085938	7407.966309
866.922852	7487.560547
865.760742	7352.759766
864.597656	7278.357910
863.433594	7353.766602
862.270508	7506.096191
861.106445	7392.199219
859.942383	7299.140137
858.778320	7503.344238
857.613281	7377.051270
856.449219	7439.873535
855.284180	7367.653320
854.118164	7326.614746
852.953125	7397.710938
851.787109	7572.566895
850.621094	7402.835938
849.455078	7440.669922
848.288086	7360.242188
847.121094	7364.883301
845.954102	7214.003418
844.787109	7492.327637
843.619141	7382.937988
842.452148	7402.074219
841.283203	7589.018066
840.115234	7446.534668
838.947266	7515.345703
837.778320	7451.616699
836.609375	7518.325684
835.439453	7411.161133
834.269531	7432.328125
833.100586	7525.890137
831.929688	7542.886230
830.759766	7652.925293
829.588867	7570.652832
828.417969	7827.388184
827.247070	7778.176270
826.076172	7718.654297
824.904297	7576.534668
823.732422	7477.843262
822.560547	7672.379883
821.387695	7637.701172
820.215820	7638.121094
819.042969	7613.780273
817.869141	7535.813965
816.696289	7464.067871
815.522461	7672.787598
814.348633	7555.687500
813.174805	7698.339844
812.000000	7669.893066
810.825195	7515.783203
809.650391	7709.846191
808.475586	7819.390625
807.300781	7698.289551
806.125000	7750.151367
804.949219	7557.084961
803.772461	7748.869629
802.596680	7646.399902
801.419922	7844.251953
800.243164	7865.180176
799.065430	7733.968750
797.887695	7699.416016
796.710938	7753.239258
795.532227	7720.750000
794.354492	7751.950195
793.175781	7799.564941
791.997070	7619.258789
790.818359	7753.094238
789.639648	7763.735840
788.459961	7628.692383
787.280273	7707.050781
786.100586	7623.350098
784.919922	7433.059570
783.739258	7482.707031
782.558594	7517.985352
781.377930	7590.132813
780.196289	7678.638672
779.014648	7586.856445
777.833008	7605.697266
776.651367	7546.728027
775.468750	7618.789063
774.287109	7862.726074
773.103516	7750.540039
771.920898	7902.289063
770.737305	7808.548340
769.553711	7905.009766
768.370117	8060.713867
767.186523	8159.122070
766.001953	8051.101074
764.817383	8259.789063
763.632813	8421.407227
762.447266	8433.881836
761.262695	8621.933594
760.077148	8654.770508
758.890625	8905.956055
757.705078	8871.384766
756.518555	9189.730469
755.332031	9250.966797
754.145508	9656.768555
752.958008	10137.822266
751.770508	10398.548828
750.583008	11168.583984
749.395508	11630.661133
748.207031	12609.886719
747.018555	13794.361328
745.830078	15057.723633
744.640625	16127.166992
743.452148	16968.220703
742.262695	17806.875000
741.073242	18183.410156
739.882813	18425.554688
738.692383	18303.634766
737.501953	18080.125000
736.311523	18094.500000
735.120117	18397.408203
733.929688	18362.951172
732.738281	18653.482422
731.545898	19100.244141
730.354492	19709.228516
729.162109	20066.255859
727.969727	20583.445313
726.776367	20830.566406
725.583984	20477.160156
724.390625	20282.089844
723.196289	19121.980469
722.002930	17783.986328
720.808594	16227.687500
719.614258	14738.929688
718.419922	13706.623047
717.224609	12784.132813
716.030273	11932.914063
714.834961	11377.640625
713.638672	11020.962891
712.443359	10636.109375
711.247070	10354.604492
710.050781	10265.379883
708.853516	10095.302734
707.657227	9973.822266
706.459961	9832.179688
705.262695	9755.269531
704.064453	9524.831055
702.867188	9373.275391
701.668945	9357.103516
700.469727	9351.033203
699.271484	9272.289063
698.072266	9621.467773
696.873047	9645.611328
695.673828	9734.302734
694.473633	9826.989258
693.273438	9937.784180
692.073242	10123.126953
690.873047	10495.851563
689.671875	10902.673828
688.470703	11212.604492
687.269531	11703.697266
686.068359	11971.025391
684.866211	12139.573242
683.664063	12624.103516
682.461914	12939.358398
681.258789	12974.777344
680.055664	12756.695313
678.852539	12558.821289
677.649414	12359.021484
676.445313	12018.574219
675.242188	11881.288086
674.037109	11579.274414
672.833008	11783.698242
671.627930	11522.009766
670.422852	11451.220703
669.217773	11587.270508
668.012695	11508.466797
666.806641	11415.648438
665.600586	11860.621094
664.394531	11872.081055
663.187500	12090.119141
661.980469	12326.108398
660.773438	12578.032227
659.566406	12344.792969
658.358398	12706.817383
657.150391	12796.208984
655.942383	12781.403320
654.734375	12730.556641
653.525391	12769.829102
652.316406	12550.859375
651.107422	12245.928711
649.897461	12095.196289
648.688477	11714.480469
647.478516	11193.930664
646.267578	11123.505859
645.057617	10693.269531
643.846680	10337.171875
642.635742	10197.039063
641.423828	9959.074219
640.212891	9801.107422
639.000977	9790.982422
637.788086	9701.000977
636.576172	9988.314453
635.363281	9904.314453
634.150391	10065.759766
632.937500	10468.499023
631.723633	10593.851563
630.510742	10774.977539
629.295898	11077.624023
628.082031	10939.680664
626.867188	11130.573242
625.652344	10950.842773
624.437500	10761.230469
623.222656	10547.805664
622.006836	10436.005859
620.791016	9910.249023
619.575195	9945.893555
618.358398	9410.524414
617.141602	9376.642578
615.924805	9273.171875
614.708008	8992.792969
613.490234	9014.681641
612.272461	8621.200195
611.054688	8607.394531
609.836914	8613.459961
608.618164	8496.384766
607.399414	8331.706055
606.180664	8405.322266
604.960938	8468.981445
603.741211	8316.320313
602.521484	8334.340820
601.301758	8445.575195
600.081055	8384.237305
598.860352	8172.248535
597.639648	8396.426758
596.418945	8269.741211
595.197266	8220.380859
593.975586	8163.117676
592.753906	8220.744141
591.531250	8074.405762
590.308594	8276.533203
589.085938	8074.829590
587.863281	8187.825684
586.639648	8150.424805
585.416016	8168.418457
584.192383	8330.752930
582.967773	8366.491211
581.744141	8338.963867
580.519531	8396.419922
579.293945	8443.972656
578.069336	8578.413086
576.843750	8698.970703
575.618164	8827.373047
574.391602	8748.455078
573.166016	8957.702148
571.939453	8936.007813
570.711914	9046.489258
569.485352	8995.201172
568.257813	8943.935547
567.030273	8945.916992
565.802734	8876.944336
564.574219	8804.060547
563.345703	8776.519531
562.117188	8656.417969
560.888672	8849.467773
559.659180	8723.496094
558.429688	8674.342773
557.200195	8493.362305
555.969727	8475.758789
554.739258	8560.447266
553.508789	8389.442383
552.278320	8456.416992
551.046875	8537.121094
549.815430	8580.448242
548.583984	8556.951172
547.352539	8708.296875
546.120117	8523.733398
544.887695	8623.966797
543.655273	8735.934570
542.421875	8790.933594
541.188477	8484.851563
539.955078	8710.560547
538.721680	8694.916992
537.487305	8632.215820
536.252930	8655.806641
535.018555	8677.425781
533.783203	8591.251953
532.547852	8622.670898
531.312500	8601.186523
530.077148	8703.090820
528.840820	8781.454102
527.604492	8922.422852
526.368164	8761.935547
525.131836	9386.142578
523.894531	10319.160156
522.657227	11507.977539
521.419922	11661.876953
520.181641	11160.798828
518.943359	10054.041016
517.705078	9063.059570
516.465820	8973.151367
515.227539	8742.648438
513.988281	8664.565430
512.748047	8607.991211
511.508789	8514.355469
510.268555	8859.849609
509.028320	8617.916016
507.788086	8617.968750
506.546875	8641.423828
505.305664	8717.511719
504.064453	8588.883789
502.822266	8401.842773
501.580078	8627.966797
