1802.219727	12980.325195
1801.250000	13130.155273
1800.281250	13115.048828
1799.311523	13174.833984
1798.341797	13112.305664
1797.372070	13092.219727
1796.402344	12812.694336
1795.431641	13159.319336
1794.460938	12613.066406
1793.491211	13104.197266
1792.519531	12902.163086
1791.548828	13151.294922
1790.578125	13071.423828
1789.606445	12854.568359
1788.634766	13168.316406
1787.663086	12986.389648
1786.690430	12971.344727
1785.718750	13200.246094
1784.746094	13590.822266
1783.773438	13717.491211
1782.800781	13734.648438
1781.828125	13682.157227
1780.854492	13659.526367
1779.880859	13875.581055
1778.908203	14026.919922
1777.933594	14212.990234
1776.959961	13810.104492
1775.986328	13747.719727
1775.011719	13605.879883
1774.037109	13685.102539
1773.062500	13719.604492
1772.086914	13749.127930
1771.112305	13962.287109
1770.136719	14155.509766
1769.161133	14400.750000
1768.185547	14722.780273
1767.209961	14568.566406
1766.233398	15006.957031
1765.257813	14637.094727
1764.281250	14829.945313
1763.304688	14772.463867
1762.327148	15049.436523
1761.350586	15011.746094
1760.373047	15060.740234
1759.395508	14976.021484
1758.417969	15250.252930
1757.440430	15541.697266
1756.461914	15716.731445
1755.483398	16042.596680
1754.504883	15982.495117
1753.526367	15633.097656
1752.547852	15686.827148
1751.568359	15676.266602
1750.589844	15403.749023
1749.610352	15524.201172
1748.630859	15733.536133
1747.650391	15814.355469
1746.670898	15887.733398
1745.690430	15435.216797
1744.709961	15654.271484
1743.729492	15150.156250
1742.749023	15376.581055
1741.767578	15368.562500
1740.786133	15291.487305
1739.804688	15204.579102
1738.823242	15226.180664
1737.841797	15156.573242
1736.859375	15109.171875
1735.876953	15231.796875
1734.895508	15428.274414
1733.912109	15270.013672
1732.929688	15606.760742
1731.946289	15463.297852
1730.963867	15492.190430
1729.980469	15398.025391
1728.997070	14920.068359
1728.012695	15128.626953
1727.029297	15137.884766
1726.044922	15031.567383
1725.060547	15601.368164
1724.076172	15730.963867
1723.090820	16027.614258
1722.106445	15464.202148
1721.121094	15507.767578
1720.135742	15212.388672
1719.150391	15391.037109
1718.164063	15542.608398
1717.178711	15593.483398
1716.192383	15769.491211
1715.206055	15749.145508
1714.219727	15849.005859
1713.232422	16154.837891
1712.246094	16168.752930
1711.258789	16579.812500
1710.271484	16556.869141
1709.284180	16634.408203
1708.295898	16692.312500
1707.307617	16595.871094
1706.320313	16670.902344
1705.332031	16983.416016
1704.342773	16678.882813
1703.354492	17351.064453
1702.365234	17655.908203
1701.375977	18060.939453
1700.386719	18108.671875
1699.397461	18493.882813
1698.408203	18756.679688
1697.417969	18799.351563
1696.427734	18800.455078
1695.437500	18711.140625
1694.447266	18946.802734
1693.456055	18908.791016
1692.464844	19400.746094
1691.474609	19850.994141
1690.482422	19929.996094
1689.491211	20101.710938
1688.500000	20475.896484
1687.507813	20593.755859
1686.515625	20984.763672
1685.523438	20831.769531
1684.530273	20851.955078
1683.538086	21252.419922
1682.544922	21065.341797
1681.551758	20588.359375
1680.558594	20920.416016
1679.565430	21108.626953
1678.571289	20855.968750
1677.577148	21453.162109
1676.583008	21482.916016
1675.588867	21507.791016
1674.594727	21403.685547
1673.599609	21681.578125
1672.604492	21409.644531
1671.609375	21276.437500
1670.614258	21313.476563
1669.619141	21561.990234
1668.623047	21188.216797
1667.626953	21152.353516
1666.630859	21276.843750
1665.634766	20988.363281
1664.638672	21277.968750
1663.641602	21152.275391
1662.644531	20965.945313
1661.647461	21112.185547
1660.650391	20841.009766
1659.652344	20696.093750
1658.655273	20839.869141
1657.657227	20998.136719
1656.659180	21229.074219
1655.660156	21186.001953
1654.662109	21060.544922
1653.663086	21136.250000
1652.664063	21122.289063
1651.665039	21086.535156
1650.666016	21113.753906
1649.666016	21102.224609
1648.666992	21267.402344
1647.666992	21507.535156
1646.666016	21374.947266
1645.666016	21353.691406
1644.666016	21375.980469
1643.665039	21383.750000
1642.664063	21439.867188
1641.663086	21508.046875
1640.661133	21518.197266
1639.660156	21303.636719
1638.658203	21287.250000
1637.656250	21307.095703
1636.653320	21278.638672
1635.651367	21334.689453
1634.648438	21185.546875
1633.646484	21309.164063
1632.642578	21379.648438
1631.639648	21529.708984
1630.636719	21402.349609
1629.632813	20949.513672
1628.628906	21292.431641
1627.625000	21509.873047
1626.621094	21915.193359
1625.616211	21657.773438
1624.611328	22060.488281
1623.607422	21740.521484
1622.601563	21654.250000
1621.596680	21779.865234
1620.590820	21120.769531
1619.585938	21383.605469
1618.580078	21162.738281
1617.574219	21557.757813
1616.567383	21452.382813
1615.561523	21659.630859
1614.554688	21523.021484
1613.547852	21614.800781
1612.540039	21901.185547
1611.533203	22555.042969
1610.525391	22781.068359
1609.518555	22651.568359
1608.509766	22642.173828
1607.501953	22892.046875
1606.494141	22700.197266
1605.485352	22913.958984
1604.476563	22957.294922
1603.467773	23262.064453
1602.458984	23868.876953
1601.449219	23856.841797
1600.439453	24089.324219
1599.429688	23847.164063
1598.419922	24192.171875
1597.410156	24596.933594
1596.399414	24773.980469
1595.388672	24864.742188
1594.377930	25182.923828
1593.367188	25635.023438
1592.356445	26254.470703
1591.344727	26622.419922
1590.333008	26540.460938
1589.321289	26707.285156
1588.309570	26847.734375
1587.297852	27007.253906
1586.285156	27204.951172
1585.272461	27185.087891
1584.259766	27638.332031
1583.247070	27647.052734
1582.233398	28025.974609
1581.219727	28581.451172
1580.206055	28449.107422
1579.192383	28705.896484
1578.178711	28616.535156
1577.164063	29099.853516
1576.149414	28936.494141
1575.134766	28937.767578
1574.120117	28810.273438
1573.105469	28692.365234
1572.089844	28855.767578
1571.074219	29107.275391
1570.058594	29006.052734
1569.042969	29107.349609
1568.026367	28898.990234
1567.010742	29507.455078
1565.994141	28968.179688
1564.977539	29088.437500
1563.959961	29027.787109
1562.943359	29252.667969
1561.925781	28975.537109
1560.908203	29476.212891
1559.890625	28942.347656
1558.872070	29171.810547
1557.854492	28951.958984
1556.835938	28841.507813
1555.817383	28707.341797
1554.798828	28893.902344
1553.779297	28909.392578
1552.760742	28960.492188
1551.741211	29324.925781
1550.721680	28803.921875
1549.701172	28864.498047
1548.681641	29335.484375
1547.661133	28817.160156
1546.640625	28875.322266
1545.620117	29089.943359
1544.599609	29176.466797
1543.578125	28815.015625
1542.556641	28977.382813
1541.535156	29078.087891
1540.513672	29022.419922
1539.492188	29404.876953
1538.469727	29356.265625
1537.447266	29631.972656
1536.424805	29498.130859
1535.402344	30000.847656
1534.378906	29471.910156
1533.356445	29108.751953
1532.333008	29180.853516
1531.308594	29101.609375
1530.285156	29055.490234
1529.261719	29219.720703
1528.237305	28691.580078
1527.212891	29077.873047
1526.188477	29017.619141
1525.163086	29330.482422
1524.137695	28899.539063
1523.113281	29526.228516
1522.087891	29206.332031
1521.061523	29523.615234
1520.036133	29512.871094
1519.009766	29535.148438
1517.983398	29371.132813
1516.957031	29537.234375
1515.930664	29682.052734
1514.903320	30201.501953
1513.875977	30197.691406
1512.848633	30577.839844
1511.821289	30800.039063
1510.793945	31179.906250
1509.765625	31237.099609
1508.737305	31350.753906
1507.708984	31699.679688
1506.680664	31582.625000
1505.651367	31790.222656
1504.622070	31807.244141
1503.593750	32080.542969
1502.563477	32092.792969
1501.534180	32184.945313
1500.503906	32091.421875
1499.474609	31807.640625
1498.444336	31812.880859
1497.413086	31641.990234
1496.382813	31870.308594
1495.351563	31610.271484
1494.320313	31298.705078
1493.289063	31219.562500
1492.257813	30976.234375
1491.225586	31087.171875
1490.194336	30651.673828
1489.162109	30610.234375
1488.129883	30613.347656
1487.096680	30743.011719
1486.064453	30617.222656
1485.031250	31053.708984
1483.998047	30843.587891
1482.963867	30998.847656
1481.930664	31509.902344
1480.896484	31414.505859
1479.862305	31602.312500
1478.828125	31890.648438
1477.793945	32431.503906
1476.758789	32908.988281
1475.724609	33229.613281
1474.689453	33991.949219
1473.653320	34059.781250
1472.618164	34417.355469
1471.582031	35122.902344
1470.545898	35695.011719
1469.509766	36000.644531
1468.473633	36413.558594
1467.437500	37050.410156
1466.400391	37967.078125
1465.363281	38299.988281
1464.326172	39624.300781
1463.288086	40432.574219
1462.250977	41233.515625
1461.212891	42530.757813
1460.174805	42911.335938
1459.136719	43757.882813
1458.097656	44583.109375
1457.058594	44949.046875
1456.019531	45696.820313
1454.980469	45885.386719
1453.941406	45983.074219
1452.901367	46788.363281
1451.862305	46732.218750
1450.822266	47851.136719
1449.781250	48513.632813
1448.741211	49108.402344
1447.700195	49356.441406
1446.659180	49987.984375
1445.618164	49487.265625
1444.577148	48989.074219
1443.535156	48860.519531
1442.494141	47688.984375
1441.452148	46643.343750
1440.410156	44836.496094
1439.367188	43492.382813
1438.324219	42367.000000
1437.282227	41030.902344
1436.239258	40528.285156
1435.195313	39664.000000
1434.152344	38860.367188
1433.108398	38497.621094
1432.064453	37808.144531
1431.020508	36949.757813
1429.976563	36492.609375
1428.931641	36515.226563
1427.886719	36283.035156
1426.841797	36078.730469
1425.796875	35733.265625
1424.750977	35529.152344
1423.706055	35760.234375
1422.660156	35882.460938
1421.613281	35713.136719
1420.567383	35604.019531
1419.521484	36221.078125
1418.474609	36412.464844
1417.427734	36386.480469
1416.379883	36654.015625
1415.333008	36997.687500
1414.285156	37442.863281
1413.237305	37326.601563
1412.189453	37272.738281
1411.141602	37299.695313
1410.092773	37047.343750
1409.043945	36776.632813
1407.995117	36623.699219
1406.946289	36339.343750
1405.897461	36149.660156
1404.847656	35902.402344
1403.797852	35493.871094
1402.748047	35000.222656
1401.698242	34488.339844
1400.647461	34126.425781
1399.596680	33700.156250
1398.545898	33515.882813
1397.495117	32537.300781
1396.444336	32719.367188
1395.392578	32128.017578
1394.340820	31944.208984
1393.289063	31707.560547
1392.237305	31250.191406
1391.184570	31252.947266
1390.131836	31023.480469
1389.079102	30842.378906
1388.026367	30385.556641
1386.973633	31342.070313
1385.919922	31009.386719
1384.866211	30968.537109
1383.812500	31680.919922
1382.758789	31265.712891
1381.704102	31644.896484
1380.649414	31727.871094
1379.594727	32285.769531
1378.540039	32095.585938
1377.484375	32444.462891
1376.429688	32857.398438
1375.374023	33013.390625
1374.318359	33258.710938
1373.261719	33357.261719
1372.206055	33742.167969
1371.149414	34019.246094
1370.092773	34259.570313
1369.036133	34605.117188
1367.978516	34426.273438
1366.921875	34673.222656
1365.864258	34807.937500
1364.806641	34889.976563
1363.748047	35424.882813
1362.690430	35696.566406
1361.631836	36018.441406
1360.573242	35985.851563
1359.513672	36867.476563
1358.455078	36960.402344
1357.395508	37875.722656
1356.335938	38317.863281
1355.276367	39065.816406
1354.216797	39678.757813
1353.156250	40455.792969
1352.095703	40933.539063
1351.035156	41887.960938
1349.974609	42315.019531
1348.914063	43191.214844
1347.852539	43800.246094
1346.791016	44618.769531
1345.729492	45402.757813
1344.666992	45992.718750
1343.605469	46748.753906
1342.542969	47319.957031
1341.480469	47833.988281
1340.416992	48962.597656
1339.354492	49603.554688
1338.291016	50403.566406
1337.227539	50909.695313
1336.164063	51454.289063
1335.099609	52091.914063
1334.036133	52886.191406
1332.971680	52641.046875
1331.907227	52330.078125
1330.842773	51896.503906
1329.777344	51172.253906
1328.711914	50473.289063
1327.646484	49860.925781
1326.581055	48760.566406
1325.514648	48816.308594
1324.449219	47410.175781
1323.382813	46429.011719
1322.316406	45579.859375
1321.249023	45211.984375
1320.182617	44308.992188
1319.115234	43408.644531
1318.047852	42739.910156
1316.980469	42833.050781
1315.912109	41870.105469
1314.843750	41933.925781
1313.775391	41401.957031
1312.707031	41089.890625
1311.638672	41110.804688
1310.569336	40989.085938
1309.500000	40693.136719
1308.430664	40519.503906
1307.361328	40140.058594
1306.291016	39776.601563
1305.221680	40062.343750
1304.151367	39217.449219
1303.080078	39019.425781
1302.009766	38473.425781
1300.938477	38343.421875
1299.867188	37800.046875
1298.795898	36857.105469
1297.724609	36849.453125
1296.652344	36537.007813
1295.580078	35910.929688
1294.507813	35239.972656
1293.435547	34133.816406
1292.363281	34196.660156
1291.290039	33747.500000
1290.216797	33230.875000
1289.143555	33136.046875
1288.069336	32849.667969
1286.996094	32905.941406
1285.921875	32705.339844
1284.847656	32288.572266
1283.772461	33054.339844
1282.698242	33110.515625
1281.623047	33189.175781
1280.547852	33067.492188
1279.472656	33490.414063
1278.396484	33719.675781
1277.321289	34153.531250
1276.245117	34450.023438
1275.167969	34436.113281
1274.091797	34723.425781
1273.014648	34552.140625
1271.938477	34540.457031
1270.860352	34683.789063
1269.783203	34168.968750
1268.706055	33876.671875
1267.627930	33927.996094
1266.549805	33622.398438
1265.471680	33141.878906
1264.392578	32924.074219
1263.313477	32275.656250
1262.235352	31800.199219
1261.155273	31894.482422
1260.076172	31278.062500
1258.996094	31219.998047
1257.916992	30400.050781
1256.835938	29681.261719
1255.755859	29426.443359
1254.675781	29010.484375
1253.594727	28473.791016
1252.513672	28537.253906
1251.432617	28068.021484
1250.350586	27605.697266
1249.269531	27649.162109
1248.187500	27504.724609
1247.104492	27288.785156
1246.022461	27063.992188
1244.939453	26709.644531
1243.857422	26978.960938
1242.774414	27053.773438
1241.690430	26487.421875
1240.607422	26671.742188
1239.523438	26492.007813
1238.439453	26770.011719
1237.355469	26496.583984
1236.270508	26062.593750
1235.186523	26505.611328
1234.101563	26134.253906
1233.015625	26119.880859
1231.930664	26270.511719
1230.844727	26287.322266
1229.759766	26139.193359
1228.673828	26365.484375
1227.586914	26297.601563
1226.500977	26343.341797
1225.414063	26246.539063
1224.327148	26757.597656
1223.240234	26422.564453
1222.152344	26392.566406
1221.064453	26812.041016
1219.977539	26790.871094
1218.888672	26874.240234
1217.800781	26848.613281
1216.711914	26682.933594
1215.623047	26975.207031
1214.534180	26754.011719
1213.445313	26232.958984
1212.355469	26429.621094
1211.266602	26559.572266
1210.176758	26383.048828
1209.085938	26299.835938
1207.996094	26631.701172
1206.905273	26024.777344
1205.814453	25915.062500
1204.723633	26095.964844
1203.631836	26132.644531
1202.541016	26120.527344
1201.449219	25512.119141
1200.357422	25752.787109
1199.264648	25809.441406
1198.172852	25810.689453
1197.080078	25364.533203
1195.987305	25764.460938
1194.893555	25674.939453
1193.800781	25793.521484
1192.707031	25870.003906
1191.613281	26189.833984
1190.519531	26179.927734
1189.424805	26194.351563
1188.331055	26034.087891
1187.236328	26006.531250
1186.141602	25954.669922
1185.045898	26024.367188
1183.950195	25722.873047
1182.855469	25821.300781
1181.758789	25930.728516
1180.663086	25567.615234
1179.566406	25712.365234
1178.470703	25720.220703
1177.374023	25613.332031
1176.276367	25702.824219
1175.179688	25476.878906
1174.082031	25356.873047
1172.984375	25395.652344
1171.886719	25112.597656
1170.788086	25387.210938
1169.689453	25280.537109
1168.590820	25447.056641
1167.492188	25190.652344
1166.393555	25236.013672
1165.293945	25061.210938
1164.194336	25066.958984
1163.094727	25035.294922
1161.995117	25516.255859
1160.894531	25196.361328
1159.793945	25085.517578
1158.693359	25306.716797
1157.592773	25349.767578
1156.491211	24797.208984
1155.390625	24897.474609
1154.289063	25030.648438
1153.186523	24961.701172
1152.084961	25206.792969
1150.982422	24900.726563
1149.879883	24967.933594
1148.777344	25381.843750
1147.673828	25260.228516
1146.571289	25368.992188
1145.467773	25352.697266
1144.364258	25566.640625
1143.259766	25646.767578
1142.156250	25527.408203
1141.051758	25364.271484
1139.947266	25770.818359
1138.841797	25820.164063
1137.737305	25510.339844
1136.631836	25848.722656
1135.526367	25346.386719
1134.420898	25387.019531
1133.314453	25237.269531
1132.208008	25122.582031
1131.101563	25101.990234
1129.995117	25153.566406
1128.887695	25052.082031
1127.781250	25079.601563
1126.673828	25135.515625
1125.566406	24916.111328
1124.458008	24806.019531
1123.349609	24938.388672
1122.242188	24784.666016
1121.132813	25030.498047
1120.024414	25359.164063
1118.915039	25115.976563
1117.805664	25677.917969
1116.696289	25467.482422
1115.586914	25802.314453
1114.476563	26341.949219
1113.367188	26458.472656
1112.255859	27472.835938
1111.145508	28133.789063
1110.035156	28441.558594
1108.923828	29110.740234
1107.812500	30310.949219
1106.700195	31338.664063
1105.588867	31715.142578
1104.476563	32611.558594
1103.364258	33218.226563
1102.251953	33772.433594
1101.139648	34461.242188
1100.026367	33632.093750
1098.913086	33359.796875
1097.799805	33576.621094
1096.685547	32917.667969
1095.572266	32363.265625
1094.458008	31498.498047
1093.342773	30894.679688
1092.228516	29963.279297
1091.113281	29284.062500
1089.999023	28663.726563
1088.882813	27765.923828
1087.767578	27113.626953
1086.651367	26448.589844
1085.536133	26083.064453
1084.419922	26092.736328
1083.302734	25634.236328
1082.186523	25357.955078
1081.069336	25460.929688
1079.952148	25121.982422
1078.834961	24926.107422
1077.716797	25215.304688
1076.598633	25021.654297
1075.480469	25152.716797
1074.362305	25104.130859
1073.243164	25319.488281
1072.125000	25437.423828
1071.005859	25494.761719
1069.886719	25623.417969
1068.766602	25769.308594
1067.646484	25997.257813
1066.526367	26436.843750
1065.406250	26817.919922
1064.286133	26471.025391
1063.165039	27136.945313
1062.043945	27543.533203
1060.922852	27928.363281
1059.801758	27926.775391
1058.679688	28233.691406
1057.557617	28447.728516
1056.435547	28435.246094
1055.313477	28608.181641
1054.190430	29091.443359
1053.067383	28085.324219
1051.944336	28318.548828
1050.821289	28724.009766
1049.697266	28216.113281
1048.573242	28375.945313
1047.449219	27855.416016
1046.325195	27989.427734
1045.200195	27720.970703
1044.075195	27650.560547
1042.950195	27427.457031
1041.825195	27641.007813
1040.699219	27140.634766
1039.574219	26986.562500
1038.448242	27176.425781
1037.321289	27198.605469
1036.195313	26864.160156
1035.068359	26882.095703
1033.941406	27013.833984
1032.814453	26915.794922
1031.686523	27294.308594
1030.559570	27550.337891
1029.431641	27696.835938
1028.302734	27808.947266
1027.174805	27487.792969
1026.045898	27857.199219
1024.916992	27690.515625
1023.788086	28014.710938
1022.658203	27923.060547
1021.529297	27897.859375
1020.399414	27844.822266
1019.269531	27665.460938
1018.138672	27685.287109
1017.008789	27433.251953
1015.877930	27645.724609
1014.746094	27532.878906
1013.615234	27860.751953
1012.483398	27330.851563
1011.351563	27348.574219
1010.219727	27402.630859
1009.087891	27219.416016
1007.955078	27487.164063
1006.822266	27430.056641
1005.689453	27379.376953
1004.556641	27610.613281
1003.422852	27709.373047
1002.289063	27940.435547
1001.155273	27740.291016
1000.021484	27459.148438
998.886719	27244.255859
997.751953	27298.189453
996.617188	26791.281250
995.482422	26749.347656
994.346680	26701.035156
993.210938	26729.458984
992.075195	26732.302734
990.939453	26411.365234
989.802734	26401.494141
988.666016	26231.933594
987.529297	26592.505859
986.392578	26608.136719
985.254883	26308.835938
984.118164	26175.599609
982.979492	26227.460938
981.841797	26238.896484
980.704102	26545.847656
979.565430	26589.089844
978.426758	26560.058594
977.287109	26494.917969
976.148438	26249.244141
975.008789	26354.095703
973.869141	26187.117188
972.729492	26285.566406
971.588867	26872.130859
970.448242	27104.076172
969.307617	27210.748047
968.166992	26969.517578
967.025391	27398.503906
965.883789	27390.552734
964.742188	26928.980469
963.600586	27474.257813
962.458008	27584.943359
961.316406	27634.146484
960.173828	27342.341797
959.030273	27370.398438
957.887695	27381.503906
956.744141	27405.302734
955.600586	27130.718750
954.457031	26934.527344
953.312500	26814.568359
952.167969	26698.886719
951.023438	26860.226563
949.878906	26423.273438
948.733398	26130.218750
947.588867	26340.169922
946.442383	26343.005859
945.296875	26821.050781
944.151367	26627.398438
943.004883	27111.509766
941.858398	27291.470703
940.710938	27473.462891
939.564453	27855.806641
938.416992	29121.808594
937.269531	30098.347656
936.122070	30745.548828
934.973633	32024.873047
933.825195	33225.671875
932.676758	35039.125000
931.528320	37073.000000
930.378906	39320.835938
929.230469	41464.531250
928.081055	43038.875000
926.930664	44580.968750
925.781250	45686.789063
924.630859	45895.843750
923.480469	45553.687500
922.330078	44715.351563
921.178711	42884.937500
920.027344	41299.152344
918.875977	39106.644531
917.724609	37146.210938
916.572266	35064.769531
915.419922	33175.343750
914.267578	31320.324219
913.115234	30259.695313
911.961914	29222.607422
910.809570	28211.142578
909.655273	27672.187500
908.501953	27368.402344
907.347656	27039.578125
906.194336	26484.439453
905.040039	26560.533203
903.884766	26181.785156
902.730469	26016.931641
901.575195	25950.611328
900.419922	25643.447266
899.263672	25593.984375
898.108398	25760.187500
896.952148	25804.912109
895.795898	25684.289063
894.638672	25653.685547
893.482422	25685.847656
892.325195	25826.748047
891.167969	25630.943359
890.009766	25449.853516
888.851563	25450.673828
887.694336	25390.894531
886.535156	25341.583984
885.376953	25317.359375
884.217773	25253.464844
883.058594	25404.642578
881.899414	25503.570313
880.740234	25182.980469
879.580078	25223.486328
878.419922	25399.568359
877.259766	25260.646484
876.099609	25194.763672
874.938477	25191.449219
873.777344	25713.365234
872.616211	25597.410156
871.454102	25966.927734
870.292969	25630.177734
869.130859	25849.587891
867.967773	25373.509766
866.805664	25674.058594
865.642578	25895.394531
864.479492	25525.722656
863.316406	25601.375000
862.152344	25629.160156
860.989258	25611.185547
859.825195	25774.080078
858.660156	25618.900391
857.496094	25659.119141
856.331055	25736.714844
855.166016	25814.275391
854.000977	25837.806641
852.834961	25736.753906
851.668945	25791.425781
850.502930	25455.912109
849.336914	25570.789063
848.169922	25604.710938
847.002930	25339.962891
845.835938	25550.169922
844.668945	25459.683594
843.500977	25603.445313
842.333008	25585.511719
841.165039	25952.929688
839.997070	26237.337891
838.828125	25701.556641
837.659180	25954.835938
836.490234	25860.248047
835.321289	25581.511719
834.151367	25993.966797
832.981445	25843.574219
831.811523	25922.812500
830.641602	25884.154297
829.470703	25967.482422
828.299805	25953.630859
827.128906	26024.505859
825.957031	26320.541016
824.786133	26209.537109
823.614258	26305.085938
822.441406	26394.400391
821.269531	26349.501953
820.096680	26089.988281
818.923828	25832.650391
817.750977	25820.900391
816.577148	25730.783203
815.403320	25879.892578
814.229492	25721.767578
813.055664	26033.636719
811.881836	26330.947266
810.707031	26222.265625
809.532227	26191.902344
808.356445	26729.919922
807.181641	26781.810547
806.005859	26430.224609
804.830078	26597.402344
803.653320	26519.656250
802.477539	26365.832031
801.300781	26592.550781
800.124023	26451.109375
798.946289	26883.287109
797.768555	27183.736328
796.590820	27543.644531
795.413086	27584.958984
794.235352	27326.369141
793.056641	27184.943359
791.877930	27039.468750
790.699219	27084.955078
789.519531	27048.328125
788.340820	26806.539063
787.161133	26835.628906
785.980469	27166.187500
784.800781	26973.734375
783.620117	26674.761719
782.439453	26324.677734
781.257813	26601.775391
780.077148	26927.921875
778.895508	26809.455078
777.713867	26516.974609
776.532227	26439.593750
775.349609	26392.945313
774.166992	26505.943359
772.984375	26956.484375
771.800781	26664.279297
770.618164	26441.734375
769.434570	26775.443359
768.250977	27227.574219
767.066406	27640.675781
765.881836	27428.322266
764.697266	27440.783203
763.512695	27414.427734
762.328125	27704.601563
761.142578	28441.761719
759.957031	28602.990234
758.770508	29033.523438
757.584961	29123.140625
756.398438	29745.117188
755.211914	29912.035156
754.025391	30560.076172
752.837891	31998.783203
751.650391	32888.621094
750.462891	34430.117188
749.274414	35838.527344
748.086914	38022.332031
746.898438	41671.347656
745.709961	44555.320313
744.520508	48710.195313
743.331055	52781.867188
742.141602	56418.414063
740.952148	59432.976563
739.762695	61764.945313
738.572266	62308.679688
737.381836	61272.687500
736.191406	59369.324219
735.000000	56950.675781
733.808594	53671.718750
732.617188	51362.988281
731.425781	48750.660156
730.233398	46655.125000
729.041016	45451.542969
727.848633	44544.750000
726.656250	44307.867188
725.462891	43991.976563
724.269531	43090.140625
723.076172	42620.550781
721.881836	41573.445313
720.687500	40826.734375
719.493164	39472.484375
718.298828	38598.925781
717.104492	37349.031250
715.909180	36545.148438
714.713867	36079.699219
713.517578	35907.929688
712.322266	34995.601563
711.125977	34405.351563
709.929688	33611.058594
708.732422	33373.230469
707.536133	33097.085938
706.338867	32808.933594
705.141602	32609.822266
703.943359	32071.353516
702.745117	31963.388672
701.546875	31669.664063
700.348633	31307.412109
699.150391	31211.789063
697.951172	31691.421875
696.751953	32178.917969
695.551758	32123.509766
694.352539	32072.158203
693.152344	32373.724609
691.952148	33221.523438
690.750977	33442.078125
689.550781	34591.554688
688.349609	35081.695313
687.147461	35984.562500
685.946289	36232.507813
684.744141	36780.355469
683.541992	38153.312500
682.339844	38772.953125
681.136719	39609.636719
679.934570	39446.117188
678.731445	39383.234375
677.527344	39193.691406
676.324219	38612.199219
675.120117	38840.976563
673.916016	38500.953125
672.710938	38625.175781
671.505859	38759.390625
670.300781	38526.031250
669.095703	38537.726563
667.890625	38764.203125
666.684570	38852.097656
665.478516	40015.429688
664.272461	40650.660156
663.065430	41722.839844
661.858398	42529.863281
660.651367	43400.683594
659.444336	43198.820313
658.236328	43157.347656
657.028320	42671.132813
655.820313	42193.136719
654.612305	41467.027344
653.403320	41233.753906
652.194336	40155.871094
650.985352	39770.882813
649.775391	39350.046875
648.565430	38755.359375
647.355469	38088.933594
646.145508	37260.832031
644.934570	36658.984375
643.723633	35693.644531
642.512695	34622.820313
641.301758	34371.542969
640.089844	33259.523438
638.877930	33180.382813
637.666016	33043.375000
636.453125	32916.406250
635.241211	32386.380859
634.028320	32854.160156
632.814453	32483.953125
631.601563	32460.910156
630.387695	32936.335938
629.173828	32935.128906
627.958984	33577.648438
626.744141	33942.925781
625.530273	33650.644531
624.314453	33722.964844
623.099609	33148.097656
621.883789	33624.625000
620.667969	32996.285156
619.452148	32696.560547
618.235352	32464.605469
617.018555	32246.671875
615.801758	31788.208984
614.584961	31785.240234
613.367188	31217.748047
612.149414	30835.320313
610.931641	30576.246094
609.712891	30335.162109
608.495117	30127.943359
607.276367	30609.812500
606.056641	30204.103516
604.837891	30098.263672
603.618164	30363.529297
602.398438	30045.423828
601.177734	29965.466797
599.958008	29802.257813
598.737305	29302.083984
597.516602	29408.654297
596.294922	29184.234375
595.073242	28833.111328
593.851563	28979.326172
592.629883	28747.220703
591.407227	28562.732422
590.184570	28693.068359
588.961914	28876.779297
587.739258	28528.150391
586.515625	28430.906250
585.291992	28972.527344
584.068359	29138.212891
582.844727	29416.507813
581.620117	29453.546875
580.395508	29765.240234
579.169922	29571.035156
577.945313	30032.675781
576.719727	29905.636719
575.494141	30291.972656
574.267578	30605.103516
573.041992	30580.636719
571.815430	30822.533203
570.587891	31015.009766
569.361328	31461.806641
568.133789	31425.333984
566.906250	31518.978516
565.678711	31265.710938
564.450195	31016.492188
563.221680	30846.179688
561.993164	30565.644531
560.763672	30712.531250
559.535156	30821.947266
558.305664	30754.169922
557.075195	30641.158203
555.845703	30614.761719
554.615234	30560.835938
553.384766	30530.529297
552.153320	30211.216797
550.922852	30589.857422
549.691406	30225.468750
548.459961	29908.390625
547.227539	29544.306641
545.995117	29602.628906
544.762695	29264.294922
543.530273	29479.695313
542.296875	29679.298828
541.063477	29986.736328
539.830078	30111.587891
538.596680	30287.378906
537.362305	29835.593750
536.127930	30060.375000
534.893555	30465.384766
533.658203	30876.091797
532.422852	30344.236328
531.187500	30523.650391
529.952148	30434.689453
528.715820	30373.175781
527.479492	30564.203125
526.243164	31001.734375
525.005859	30822.732422
523.769531	31483.015625
522.532227	31489.781250
521.293945	31527.826172
520.056641	31700.742188
518.818359	31383.005859
517.580078	31038.050781
516.340820	30671.753906
515.101563	30418.902344
513.862305	29894.726563
512.623047	30204.423828
511.382813	30332.455078
510.143555	30796.080078
508.902344	30806.857422
507.662109	30669.382813
506.420898	30695.783203
505.179688	31073.123047
503.938477	30799.220703
502.697266	30301.316406
