1802.219727	13497.240234
1801.250000	13404.844727
1800.281250	13264.849609
1799.311523	13616.657227
1798.341797	13259.550781
1797.372070	13658.625977
1796.402344	13259.242188
1795.431641	13206.708984
1794.460938	12944.726563
1793.491211	13256.281250
1792.519531	13348.354492
1791.548828	13241.014648
1790.578125	13612.121094
1789.606445	13380.209961
1788.634766	13267.944336
1787.663086	13327.546875
1786.690430	13235.252930
1785.718750	13630.878906
1784.746094	13628.152344
1783.773438	13943.917969
1782.800781	13854.058594
1781.828125	13948.289063
1780.854492	14134.489258
1779.880859	14126.688477
1778.908203	14347.577148
1777.933594	14250.268555
1776.959961	14125.665039
1775.986328	13767.593750
1775.011719	13938.699219
1774.037109	13886.245117
1773.062500	13794.086914
1772.086914	13858.345703
1771.112305	14267.541016
1770.136719	14520.252930
1769.161133	14514.865234
1768.185547	14995.607422
1767.209961	14965.327148
1766.233398	14880.514648
1765.257813	15140.283203
1764.281250	14976.163086
1763.304688	15129.262695
1762.327148	15267.436523
1761.350586	14788.836914
1760.373047	14875.019531
1759.395508	14782.911133
1758.417969	15002.724609
1757.440430	15685.235352
1756.461914	15949.315430
1755.483398	15869.430664
1754.504883	15703.011719
1753.526367	15645.461914
1752.547852	15333.286133
1751.568359	15552.675781
1750.589844	15559.442383
1749.610352	15880.000000
1748.630859	15738.477539
1747.650391	15942.787109
1746.670898	15677.838867
1745.690430	15383.371094
1744.709961	15212.436523
1743.729492	15374.731445
1742.749023	15388.917969
1741.767578	15294.556641
1740.786133	15575.119141
1739.804688	15165.125000
1738.823242	15423.411133
1737.841797	15425.245117
1736.859375	15175.709961
1735.876953	15135.705078
1734.895508	15386.397461
1733.912109	15326.661133
1732.929688	15515.651367
1731.946289	15726.722656
1730.963867	15452.808594
1729.980469	15533.375977
1728.997070	15235.003906
1728.012695	15121.247070
1727.029297	15054.263672
1726.044922	15422.541016
1725.060547	15766.084961
1724.076172	16045.583008
1723.090820	15823.643555
1722.106445	15864.689453
1721.121094	15640.417969
1720.135742	15421.147461
1719.150391	15614.487305
1718.164063	15562.248047
1717.178711	15475.666992
1716.192383	15654.152344
1715.206055	15727.063477
1714.219727	15929.956055
1713.232422	16191.625977
1712.246094	16242.314453
1711.258789	16631.294922
1710.271484	16718.638672
1709.284180	16661.363281
1708.295898	16591.859375
1707.307617	16370.509766
1706.320313	16357.419922
1705.332031	16777.734375
1704.342773	16894.314453
1703.354492	17307.007813
1702.365234	17633.884766
1701.375977	17975.308594
1700.386719	17993.705078
1699.397461	18449.861328
1698.408203	18556.177734
1697.417969	18689.343750
1696.427734	18947.103516
1695.437500	18921.296875
1694.447266	18871.064453
1693.456055	19194.583984
1692.464844	19425.167969
1691.474609	19680.074219
1690.482422	19776.199219
1689.491211	20355.544922
1688.500000	19956.128906
1687.507813	20239.996094
1686.515625	20492.037109
1685.523438	20856.158203
1684.530273	20681.277344
1683.538086	20416.267578
1682.544922	20268.353516
1681.551758	20369.048828
1680.558594	20248.000000
1679.565430	20869.917969
1678.571289	20790.214844
1677.577148	20978.373047
1676.583008	21037.435547
1675.588867	21042.927734
1674.594727	20919.449219
1673.599609	20971.185547
1672.604492	21001.007813
1671.609375	21327.505859
1670.614258	20897.710938
1669.619141	20664.990234
1668.623047	20544.162109
1667.626953	20389.361328
1666.630859	20635.476563
1665.634766	20410.279297
1664.638672	20624.718750
1663.641602	20508.869141
1662.644531	20499.875000
1661.647461	20364.679688
1660.650391	20518.289063
1659.652344	20504.441406
1658.655273	20478.470703
1657.657227	20447.660156
1656.659180	20475.048828
1655.660156	20386.072266
1654.662109	20978.144531
1653.663086	20707.371094
1652.664063	20746.792969
1651.665039	20655.406250
1650.666016	20588.271484
1649.666016	20845.589844
1648.666992	21056.808594
1647.666992	21149.357422
1646.666016	21382.205078
1645.666016	20867.447266
1644.666016	20766.482422
1643.665039	20861.427734
1642.664063	20748.414063
1641.663086	20973.851563
1640.661133	20964.775391
1639.660156	21136.917969
1638.658203	20869.332031
1637.656250	20650.154297
1636.653320	20921.257813
1635.651367	21081.193359
1634.648438	20751.072266
1633.646484	21137.822266
1632.642578	20682.355469
1631.639648	21008.654297
1630.636719	20847.634766
1629.632813	20742.138672
1628.628906	21089.921875
1627.625000	21570.130859
1626.621094	21430.812500
1625.616211	21320.460938
1624.611328	21441.406250
1623.607422	21543.033203
1622.601563	21514.591797
1621.596680	21308.011719
1620.590820	21185.757813
1619.585938	21053.923828
1618.580078	20883.648438
1617.574219	21074.259766
1616.567383	20925.693359
1615.561523	21205.181641
1614.554688	21443.689453
1613.547852	21756.607422
1612.540039	21694.525391
1611.533203	21903.955078
1610.525391	22250.214844
1609.518555	22329.757813
1608.509766	23095.978516
1607.501953	22409.527344
1606.494141	22512.988281
1605.485352	22066.892578
1604.476563	22916.509766
1603.467773	23343.617188
1602.458984	23583.496094
1601.449219	23602.689453
1600.439453	23808.853516
1599.429688	23437.328125
1598.419922	23636.250000
1597.410156	23823.113281
1596.399414	24064.988281
1595.388672	24428.898438
1594.377930	24514.921875
1593.367188	24888.164063
1592.356445	25486.222656
1591.344727	25847.150391
1590.333008	25846.687500
1589.321289	26099.757813
1588.309570	26269.027344
1587.297852	26251.738281
1586.285156	26370.707031
1585.272461	26652.140625
1584.259766	26460.351563
1583.247070	26803.761719
1582.233398	27249.732422
1581.219727	27576.121094
1580.206055	27549.031250
1579.192383	27552.982422
1578.178711	28062.867188
1577.164063	27746.982422
1576.149414	27650.693359
1575.134766	27504.355469
1574.120117	27679.990234
1573.105469	27748.271484
1572.089844	27554.326172
1571.074219	27815.630859
1570.058594	27864.775391
1569.042969	28037.769531
1568.026367	28024.923828
1567.010742	28343.062500
1565.994141	28451.570313
1564.977539	28188.722656
1563.959961	28080.660156
1562.943359	27725.199219
1561.925781	28162.005859
1560.908203	28351.292969
1559.890625	27834.300781
1558.872070	28144.818359
1557.854492	28112.945313
1556.835938	27484.625000
1555.817383	27635.835938
1554.798828	27941.382813
1553.779297	28135.183594
1552.760742	28184.066406
1551.741211	27874.466797
1550.721680	27705.023438
1549.701172	27756.332031
1548.681641	27368.712891
1547.661133	27742.654297
1546.640625	27767.833984
1545.620117	27963.712891
1544.599609	28000.685547
1543.578125	27257.896484
1542.556641	27377.927734
1541.535156	27178.085938
1540.513672	27854.703125
1539.492188	27763.773438
1538.469727	27838.613281
1537.447266	27937.093750
1536.424805	27869.865234
1535.402344	27741.140625
1534.378906	27782.798828
1533.356445	28314.039063
1532.333008	27740.728516
1531.308594	27652.322266
1530.285156	27875.968750
1529.261719	27806.472656
1528.237305	27786.625000
1527.212891	27343.925781
1526.188477	27383.222656
1525.163086	27868.798828
1524.137695	28158.222656
1523.113281	27496.285156
1522.087891	27632.267578
1521.061523	27926.277344
1520.036133	27946.525391
1519.009766	27877.142578
1517.983398	27805.427734
1516.957031	28120.371094
1515.930664	28277.265625
1514.903320	28214.933594
1513.875977	28583.787109
1512.848633	28594.437500
1511.821289	28663.960938
1510.793945	29117.257813
1509.765625	29758.697266
1508.737305	29543.142578
1507.708984	29772.425781
1506.680664	29959.263672
1505.651367	29948.437500
1504.622070	29874.115234
1503.593750	29903.279297
1502.563477	29885.414063
1501.534180	30464.529297
1500.503906	30054.132813
1499.474609	29709.683594
1498.444336	30133.451172
1497.413086	29852.529297
1496.382813	29736.074219
1495.351563	29462.388672
1494.320313	29817.789063
1493.289063	29161.722656
1492.257813	28949.312500
1491.225586	29187.322266
1490.194336	29354.882813
1489.162109	29135.523438
1488.129883	28735.759766
1487.096680	28889.244141
1486.064453	28986.427734
1485.031250	28896.160156
1483.998047	28918.351563
1482.963867	29202.798828
1481.930664	29227.255859
1480.896484	29488.111328
1479.862305	29561.640625
1478.828125	30028.214844
1477.793945	30394.007813
1476.758789	30811.103516
1475.724609	31260.761719
1474.689453	31707.896484
1473.653320	31949.160156
1472.618164	32667.042969
1471.582031	32945.390625
1470.545898	33459.546875
1469.509766	34080.921875
1468.473633	34533.921875
1467.437500	35348.578125
1466.400391	36076.542969
1465.363281	36470.511719
1464.326172	37680.882813
1463.288086	38237.636719
1462.250977	39351.527344
1461.212891	40112.886719
1460.174805	41204.953125
1459.136719	41315.367188
1458.097656	42355.468750
1457.058594	42824.367188
1456.019531	43223.195313
1454.980469	43163.097656
1453.941406	43955.164063
1452.901367	43969.421875
1451.862305	44367.679688
1450.822266	44930.972656
1449.781250	45321.882813
1448.741211	46084.769531
1447.700195	46221.812500
1446.659180	46475.039063
1445.618164	46260.949219
1444.577148	45814.546875
1443.535156	45073.242188
1442.494141	44174.277344
1441.452148	42987.683594
1440.410156	42249.730469
1439.367188	40520.765625
1438.324219	39637.390625
1437.282227	38366.828125
1436.239258	37709.308594
1435.195313	36430.382813
1434.152344	36548.132813
1433.108398	35504.160156
1432.064453	35329.949219
1431.020508	34924.035156
1429.976563	34455.714844
1428.931641	34121.964844
1427.886719	34075.570313
1426.841797	33656.343750
1425.796875	33751.300781
1424.750977	33360.085938
1423.706055	33487.464844
1422.660156	33774.449219
1421.613281	33677.277344
1420.567383	33557.015625
1419.521484	33906.242188
1418.474609	33938.570313
1417.427734	34338.425781
1416.379883	34423.804688
1415.333008	34643.164063
1414.285156	34587.519531
1413.237305	34795.203125
1412.189453	34808.824219
1411.141602	35247.242188
1410.092773	34949.148438
1409.043945	34526.554688
1407.995117	34258.722656
1406.946289	34466.203125
1405.897461	34216.941406
1404.847656	33799.449219
1403.797852	33727.937500
1402.748047	32941.929688
1401.698242	32674.740234
1400.647461	32552.810547
1399.596680	32129.171875
1398.545898	31691.888672
1397.495117	31604.769531
1396.444336	31153.957031
1395.392578	30862.138672
1394.340820	30671.687500
1393.289063	30269.654297
1392.237305	30366.923828
1391.184570	30114.595703
1390.131836	29961.236328
1389.079102	29844.718750
1388.026367	29744.335938
1386.973633	29570.462891
1385.919922	29447.201172
1384.866211	30185.308594
1383.812500	30039.003906
1382.758789	30425.408203
1381.704102	30765.744141
1380.649414	30789.230469
1379.594727	31081.162109
1378.540039	31379.853516
1377.484375	31391.726563
1376.429688	32123.615234
1375.374023	32284.345703
1374.318359	32584.826172
1373.261719	32532.267578
1372.206055	32692.806641
1371.149414	32862.441406
1370.092773	33480.890625
1369.036133	33224.394531
1367.978516	32855.824219
1366.921875	33707.343750
1365.864258	33466.972656
1364.806641	33755.195313
1363.748047	34260.597656
1362.690430	34001.957031
1361.631836	34818.054688
1360.573242	34701.132813
1359.513672	35336.191406
1358.455078	35680.781250
1357.395508	36112.042969
1356.335938	36502.011719
1355.276367	37309.718750
1354.216797	38121.652344
1353.156250	38930.968750
1352.095703	39023.335938
1351.035156	39843.535156
1349.974609	40581.265625
1348.914063	41350.621094
1347.852539	42375.050781
1346.791016	43011.480469
1345.729492	43488.089844
1344.666992	44110.347656
1343.605469	45090.058594
1342.542969	45711.722656
1341.480469	46068.937500
1340.416992	46908.730469
1339.354492	47723.128906
1338.291016	48641.890625
1337.227539	49098.320313
1336.164063	50055.085938
1335.099609	50317.679688
1334.036133	50580.164063
1332.971680	50837.992188
1331.907227	50416.007813
1330.842773	50121.468750
1329.777344	49468.027344
1328.711914	48764.871094
1327.646484	48307.312500
1326.581055	47300.386719
1325.514648	46711.628906
1324.449219	45700.902344
1323.382813	44642.933594
1322.316406	44075.503906
1321.249023	43521.921875
1320.182617	42528.558594
1319.115234	42073.027344
1318.047852	41481.652344
1316.980469	41416.386719
1315.912109	41063.339844
1314.843750	40816.925781
1313.775391	40359.941406
1312.707031	39864.644531
1311.638672	39713.726563
1310.569336	39945.457031
1309.500000	39801.367188
1308.430664	39544.191406
1307.361328	38769.023438
1306.291016	39057.296875
1305.221680	38404.667969
1304.151367	38335.652344
1303.080078	38137.808594
1302.009766	37508.371094
1300.938477	37376.304688
1299.867188	37061.304688
1298.795898	36391.816406
1297.724609	36187.796875
1296.652344	35435.230469
1295.580078	34940.300781
1294.507813	34860.828125
1293.435547	34036.796875
1292.363281	33375.523438
1291.290039	33393.402344
1290.216797	32815.968750
1289.143555	32730.244141
1288.069336	32119.375000
1286.996094	32358.335938
1285.921875	32504.818359
1284.847656	31975.462891
1283.772461	32200.787109
1282.698242	32245.880859
1281.623047	32671.406250
1280.547852	32682.619141
1279.472656	32750.082031
1278.396484	33181.980469
1277.321289	33233.562500
1276.245117	33467.277344
1275.167969	33703.140625
1274.091797	33644.429688
1273.014648	33859.929688
1271.938477	33558.531250
1270.860352	33675.109375
1269.783203	33479.433594
1268.706055	33620.675781
1267.627930	33054.648438
1266.549805	33195.917969
1265.471680	32627.964844
1264.392578	32167.947266
1263.313477	31860.658203
1262.235352	31629.748047
1261.155273	31291.302734
1260.076172	30964.205078
1258.996094	30345.865234
1257.916992	29996.687500
1256.835938	29802.244141
1255.755859	29377.164063
1254.675781	28773.097656
1253.594727	28590.220703
1252.513672	28156.697266
1251.432617	28139.640625
1250.350586	27992.806641
1249.269531	27611.130859
1248.187500	27213.953125
1247.104492	27311.148438
1246.022461	27133.300781
1244.939453	27125.410156
1243.857422	26797.939453
1242.774414	26921.945313
1241.690430	27211.208984
1240.607422	26977.722656
1239.523438	26648.316406
1238.439453	26881.636719
1237.355469	26824.693359
1236.270508	26426.339844
1235.186523	26730.953125
1234.101563	26486.697266
1233.015625	26311.677734
1231.930664	26134.500000
1230.844727	26318.531250
1229.759766	26393.275391
1228.673828	26545.978516
1227.586914	26651.830078
1226.500977	26603.947266
1225.414063	26990.332031
1224.327148	26563.896484
1223.240234	27170.498047
1222.152344	26913.339844
1221.064453	26745.289063
1219.977539	26962.164063
1218.888672	26780.826172
1217.800781	26619.576172
1216.711914	27087.558594
1215.623047	27108.572266
1214.534180	26682.898438
1213.445313	26883.951172
1212.355469	26529.582031
1211.266602	26828.298828
1210.176758	26787.166016
1209.085938	26757.146484
1207.996094	26638.359375
1206.905273	26796.998047
1205.814453	26565.103516
1204.723633	26734.779297
1203.631836	26081.638672
1202.541016	26424.281250
1201.449219	25855.708984
1200.357422	26074.142578
1199.264648	26044.314453
1198.172852	25527.128906
1197.080078	25461.986328
1195.987305	25323.796875
1194.893555	25781.208984
1193.800781	25992.734375
1192.707031	25900.986328
1191.613281	25933.179688
1190.519531	26089.232422
1189.424805	26128.003906
1188.331055	26138.011719
1187.236328	26134.750000
1186.141602	25945.830078
1185.045898	26057.513672
1183.950195	26427.638672
1182.855469	25973.710938
1181.758789	25935.144531
1180.663086	25892.177734
1179.566406	25895.583984
1178.470703	25764.359375
1177.374023	25878.113281
1176.276367	25727.091797
1175.179688	25593.775391
1174.082031	25826.566406
1172.984375	25717.535156
1171.886719	25661.447266
1170.788086	25671.494141
1169.689453	25813.732422
1168.590820	25543.982422
1167.492188	25794.099609
1166.393555	25557.492188
1165.293945	25477.283203
1164.194336	25645.816406
1163.094727	25741.662109
1161.995117	25410.654297
1160.894531	25777.054688
1159.793945	25602.314453
1158.693359	25335.300781
1157.592773	25433.300781
1156.491211	25487.302734
1155.390625	25352.312500
1154.289063	25476.605469
1153.186523	25324.101563
1152.084961	25285.845703
1150.982422	25385.919922
1149.879883	25578.138672
1148.777344	25239.199219
1147.673828	25613.472656
1146.571289	25555.447266
1145.467773	25876.857422
1144.364258	25915.277344
1143.259766	25852.835938
1142.156250	26095.072266
1141.051758	25664.478516
1139.947266	25994.285156
1138.841797	25874.923828
1137.737305	25735.900391
1136.631836	25693.271484
1135.526367	25801.699219
1134.420898	25724.052734
1133.314453	25810.544922
1132.208008	25630.109375
1131.101563	25655.341797
1129.995117	25254.154297
1128.887695	25541.800781
1127.781250	25560.472656
1126.673828	25227.298828
1125.566406	25396.781250
1124.458008	25288.771484
1123.349609	25283.451172
1122.242188	25446.259766
1121.132813	25491.115234
1120.024414	25422.457031
1118.915039	25596.039063
1117.805664	25845.904297
1116.696289	26215.628906
1115.586914	26135.964844
1114.476563	26459.683594
1113.367188	27066.638672
1112.255859	27753.970703
1111.145508	28214.408203
1110.035156	28718.218750
1108.923828	29563.757813
1107.812500	30631.042969
1106.700195	31268.998047
1105.588867	31863.152344
1104.476563	32872.695313
1103.364258	32870.121094
1102.251953	33539.687500
1101.139648	33763.144531
1100.026367	33373.351563
1098.913086	33401.097656
1097.799805	33120.210938
1096.685547	32404.855469
1095.572266	31770.181641
1094.458008	31020.656250
1093.342773	30145.494141
1092.228516	29489.980469
1091.113281	28832.570313
1089.999023	28231.859375
1088.882813	27609.705078
1087.767578	27367.431641
1086.651367	26934.402344
1085.536133	26083.064453
1084.419922	25988.677734
1083.302734	25822.804688
1082.186523	25791.351563
1081.069336	25833.570313
1079.952148	25316.927734
1078.834961	24772.349609
1077.716797	25414.498047
1076.598633	25233.792969
1075.480469	25278.242188
1074.362305	25409.222656
1073.243164	25615.863281
1072.125000	25500.146484
1071.005859	25579.095703
1069.886719	25872.041016
1068.766602	26112.986328
1067.646484	25928.103516
1066.526367	26318.011719
1065.406250	26450.699219
1064.286133	26801.455078
1063.165039	27026.826172
1062.043945	27202.449219
1060.922852	27287.347656
1059.801758	27594.466797
1058.679688	27769.853516
1057.557617	27666.921875
1056.435547	27758.113281
1055.313477	28120.921875
1054.190430	28013.664063
1053.067383	27843.951172
1051.944336	28262.527344
1050.821289	27769.703125
1049.697266	27983.509766
1048.573242	28046.494141
1047.449219	27739.164063
1046.325195	27610.609375
1045.200195	27961.984375
1044.075195	27691.437500
1042.950195	27646.859375
1041.825195	27767.888672
1040.699219	27667.406250
1039.574219	27764.732422
1038.448242	27279.585938
1037.321289	27359.759766
1036.195313	27113.359375
1035.068359	27397.572266
1033.941406	27138.380859
1032.814453	27317.267578
1031.686523	27292.162109
1030.559570	27526.732422
1029.431641	27746.183594
1028.302734	27766.044922
1027.174805	27845.947266
1026.045898	27572.023438
1024.916992	27763.402344
1023.788086	27753.232422
1022.658203	27903.773438
1021.529297	27591.501953
1020.399414	28106.134766
1019.269531	27412.769531
1018.138672	27417.662109
1017.008789	27463.220703
1015.877930	27337.550781
1014.746094	27119.927734
1013.615234	27447.888672
1012.483398	26992.931641
1011.351563	27156.128906
1010.219727	27043.476563
1009.087891	26742.781250
1007.955078	27162.353516
1006.822266	27139.496094
1005.689453	27033.343750
1004.556641	27192.044922
1003.422852	27408.322266
1002.289063	27667.201172
1001.155273	27251.560547
1000.021484	27328.990234
998.886719	27229.322266
997.751953	26801.238281
996.617188	26697.455078
995.482422	26779.195313
994.346680	26455.916016
993.210938	26414.068359
992.075195	26563.988281
990.939453	26611.595703
989.802734	26450.476563
988.666016	26651.388672
987.529297	26447.750000
986.392578	26303.789063
985.254883	26530.132813
984.118164	26286.224609
982.979492	26070.066406
981.841797	26770.523438
980.704102	26420.410156
979.565430	26397.787109
978.426758	26993.587891
977.287109	26881.613281
976.148438	26538.140625
975.008789	26674.789063
973.869141	26683.976563
972.729492	26451.150391
971.588867	26918.826172
970.448242	27006.464844
969.307617	27925.703125
968.166992	27586.750000
967.025391	27710.236328
965.883789	27617.410156
964.742188	27901.933594
963.600586	27713.736328
962.458008	27754.449219
961.316406	27602.371094
960.173828	27933.242188
959.030273	27609.671875
957.887695	27453.482422
956.744141	27172.480469
955.600586	27340.212891
954.457031	27156.673828
953.312500	26780.724609
952.167969	26548.738281
951.023438	26610.738281
949.878906	26364.085938
948.733398	26434.548828
947.588867	26697.259766
946.442383	26634.531250
945.296875	26856.955078
944.151367	27007.488281
943.004883	27191.732422
941.858398	27665.064453
940.710938	27743.576172
939.564453	28338.953125
938.416992	28548.062500
937.269531	29674.457031
936.122070	30762.416016
934.973633	31346.095703
933.825195	32589.189453
932.676758	34185.746094
931.528320	35511.964844
930.378906	37010.324219
929.230469	38693.351563
928.081055	39394.578125
926.930664	40535.425781
925.781250	40575.171875
924.630859	40985.195313
923.480469	40467.390625
922.330078	39098.066406
921.178711	38084.667969
920.027344	36605.015625
918.875977	34852.769531
917.724609	33155.906250
916.572266	32199.251953
915.419922	31032.966797
914.267578	29720.183594
913.115234	29149.074219
911.961914	28353.611328
910.809570	27780.935547
909.655273	27370.058594
908.501953	26890.130859
907.347656	26875.994141
906.194336	26723.472656
905.040039	26608.748047
903.884766	26494.072266
902.730469	26632.990234
901.575195	26271.144531
900.419922	26359.779297
899.263672	26081.908203
898.108398	26275.224609
896.952148	26439.150391
895.795898	26134.230469
894.638672	26222.791016
893.482422	26166.974609
892.325195	26180.195313
891.167969	25978.041016
890.009766	26254.699219
888.851563	26035.890625
887.694336	25953.000000
886.535156	26271.263672
885.376953	26000.371094
884.217773	26019.861328
883.058594	26074.833984
881.899414	26106.822266
880.740234	25842.449219
879.580078	25907.853516
878.419922	25983.658203
877.259766	26015.630859
876.099609	25993.373047
874.938477	26131.646484
873.777344	25921.789063
872.616211	26247.556641
871.454102	26594.017578
870.292969	26032.179688
869.130859	26286.904297
867.967773	26297.923828
866.805664	26529.582031
865.642578	26405.269531
864.479492	26414.169922
863.316406	25863.484375
862.152344	26076.312500
860.989258	26326.476563
859.825195	26212.726563
858.660156	26292.316406
857.496094	26263.816406
856.331055	26031.726563
855.166016	26254.621094
854.000977	26602.017578
852.834961	26668.974609
851.668945	26428.687500
850.502930	26354.525391
849.336914	26087.431641
848.169922	26241.560547
847.002930	26416.363281
845.835938	26313.232422
844.668945	26535.621094
843.500977	26380.689453
842.333008	26037.251953
841.165039	26479.158203
839.997070	26742.738281
838.828125	26629.306641
837.659180	26646.357422
836.490234	26704.798828
835.321289	26887.386719
834.151367	26678.835938
832.981445	26805.494141
831.811523	26987.935547
830.641602	26802.238281
829.470703	26688.974609
828.299805	26524.085938
827.128906	27014.322266
825.957031	27297.748047
824.786133	27060.535156
823.614258	26887.441406
822.441406	26745.390625
821.269531	27266.005859
820.096680	26630.693359
818.923828	26515.605469
817.750977	26538.779297
816.577148	26774.369141
815.403320	26585.089844
814.229492	26577.304688
813.055664	26159.363281
811.881836	26722.470703
810.707031	27062.830078
809.532227	26818.068359
808.356445	27051.173828
807.181641	27115.347656
806.005859	27348.283203
804.830078	27494.683594
803.653320	27171.898438
802.477539	27417.007813
801.300781	27168.414063
800.124023	27563.521484
798.946289	27590.472656
797.768555	27658.517578
796.590820	28273.128906
795.413086	28193.074219
794.235352	27765.925781
793.056641	27932.437500
791.877930	27973.634766
790.699219	27727.439453
789.519531	27544.966797
788.340820	27645.718750
787.161133	27699.244141
785.980469	27527.144531
784.800781	27326.412109
783.620117	27043.763672
782.439453	26832.970703
781.257813	27431.671875
780.077148	27011.917969
778.895508	27255.972656
777.713867	27016.638672
776.532227	27352.714844
775.349609	27281.308594
774.166992	27171.046875
772.984375	27592.800781
771.800781	27271.820313
770.618164	27292.515625
769.434570	27474.734375
768.250977	27846.988281
767.066406	27984.039063
765.881836	28315.150391
764.697266	28292.689453
763.512695	28325.382813
762.328125	28682.746094
761.142578	28954.207031
759.957031	29243.917969
758.770508	29360.041016
757.584961	29623.011719
756.398438	30463.144531
755.211914	30946.017578
754.025391	31589.755859
752.837891	32263.792969
751.650391	33589.722656
750.462891	34715.390625
749.274414	36178.742188
748.086914	38802.414063
746.898438	41133.757813
745.709961	44736.511719
744.520508	48299.035156
743.331055	51841.695313
742.141602	55968.777344
740.952148	57838.222656
739.762695	60040.382813
738.572266	60283.570313
737.381836	59217.527344
736.191406	57651.980469
735.000000	55274.339844
733.808594	52690.515625
732.617188	49983.910156
731.425781	47981.062500
730.233398	46573.917969
729.041016	45461.691406
727.848633	44926.253906
726.656250	44725.808594
725.462891	44004.148438
724.269531	43475.453125
723.076172	43141.625000
721.881836	41997.105469
720.687500	40597.726563
719.493164	39618.371094
718.298828	38519.917969
717.104492	37697.386719
715.909180	36741.562500
714.713867	36636.421875
713.517578	35934.238281
712.322266	35284.972656
711.125977	34551.015625
709.929688	33922.554688
708.732422	33690.722656
707.536133	33509.535156
706.338867	33354.703125
705.141602	32842.230469
703.943359	32919.960938
702.745117	32407.800781
701.546875	32053.390625
700.348633	32088.833984
699.150391	31908.255859
697.951172	32095.083984
696.751953	31993.273438
695.551758	32644.005859
694.352539	32443.285156
693.152344	32924.242188
691.952148	33152.976563
690.750977	33796.835938
689.550781	34889.812500
688.349609	35170.347656
687.147461	35599.820313
685.946289	36188.203125
684.744141	36838.746094
683.541992	37754.730469
682.339844	38227.535156
681.136719	39110.617188
679.934570	38862.714844
678.731445	38898.511719
677.527344	38433.585938
676.324219	38071.394531
675.120117	38382.699219
673.916016	38378.371094
672.710938	38494.585938
671.505859	38134.691406
670.300781	38580.253906
669.095703	38208.449219
667.890625	38364.734375
666.684570	38727.667969
665.478516	39652.253906
664.272461	40229.390625
663.065430	41036.917969
661.858398	42058.644531
660.651367	42532.628906
659.444336	42445.199219
658.236328	41640.417969
657.028320	41304.789063
655.820313	40682.875000
654.612305	40365.617188
653.403320	39481.894531
652.194336	39581.386719
650.985352	38732.234375
649.775391	38343.636719
648.565430	37715.164063
647.355469	37194.957031
646.145508	36642.984375
644.934570	35693.433594
643.723633	35034.093750
642.512695	34800.660156
641.301758	33634.367188
640.089844	33543.144531
638.877930	32974.703125
637.666016	33119.238281
636.453125	32644.945313
635.241211	32837.382813
634.028320	32824.234375
632.814453	32553.769531
631.601563	32931.562500
630.387695	33221.457031
629.173828	33401.585938
627.958984	33567.683594
626.744141	33578.289063
625.530273	33760.210938
624.314453	33424.214844
623.099609	33385.054688
621.883789	33495.222656
620.667969	33452.082031
619.452148	32712.480469
618.235352	32444.710938
617.018555	32312.312500
615.801758	32164.060547
614.584961	31976.107422
613.367188	31611.324219
612.149414	31340.101563
610.931641	31053.099609
609.712891	30718.548828
608.495117	30922.351563
607.276367	30595.912109
606.056641	30734.138672
604.837891	30419.789063
603.618164	30617.517578
602.398438	30069.230469
601.177734	30149.925781
599.958008	30236.531250
598.737305	29894.865234
597.516602	29818.951172
596.294922	29495.359375
595.073242	29471.074219
593.851563	29300.216797
592.629883	28982.884766
591.407227	29378.472656
590.184570	28936.548828
588.961914	28940.109375
587.739258	29143.509766
586.515625	29077.783203
585.291992	29097.126953
584.068359	29280.582031
582.844727	29902.828125
581.620117	29809.314453
580.395508	30166.376953
579.169922	30367.208984
577.945313	30307.226563
576.719727	30582.976563
575.494141	31024.445313
574.267578	30899.212891
573.041992	31170.699219
571.815430	31256.599609
570.587891	31877.031250
569.361328	32179.671875
568.133789	31971.500000
566.906250	31773.275391
565.678711	31669.736328
564.450195	31743.578125
563.221680	31596.748047
561.993164	31373.166016
560.763672	31104.388672
559.535156	31518.867188
558.305664	31569.031250
557.075195	31548.330078
555.845703	31342.699219
554.615234	31115.521484
553.384766	31354.509766
552.153320	31194.271484
550.922852	31169.732422
549.691406	30925.095703
548.459961	30623.583984
547.227539	30269.164063
545.995117	29828.484375
544.762695	30271.580078
543.530273	30286.525391
542.296875	30275.947266
541.063477	30728.457031
539.830078	30870.802734
538.596680	30875.789063
537.362305	31021.957031
536.127930	30556.382813
534.893555	30361.500000
533.658203	30999.548828
532.422852	31243.513672
531.187500	31054.478516
529.952148	31049.611328
528.715820	30817.623047
527.479492	31515.542969
526.243164	31420.544922
525.005859	32119.976563
523.769531	32541.318359
522.532227	33582.449219
521.293945	34200.769531
520.056641	33690.835938
518.818359	33149.851563
517.580078	32343.351563
516.340820	31679.820313
515.101563	30979.466797
513.862305	30646.537109
512.623047	30538.271484
511.382813	30640.853516
510.143555	31080.994141
508.902344	31384.365234
507.662109	31158.986328
506.420898	31499.255859
505.179688	30995.132813
503.938477	31040.937500
502.697266	30932.755859
