1802.182617	3885.581299
1801.212891	3923.038574
1800.244141	3847.355225
1799.274414	3816.632813
1798.304688	3898.227295
1797.334961	3732.767334
1796.364258	3722.042969
1795.394531	3758.711670
1794.423828	3800.353027
1793.453125	3909.293213
1792.482422	3873.614258
1791.511719	3957.573975
1790.540039	3864.590820
1789.568359	3896.203613
1788.596680	3900.406006
1787.625000	3857.293213
1786.653320	3811.707520
1785.680664	3937.893799
1784.708984	3961.993164
1783.736328	4053.263916
1782.763672	3925.580811
1781.790039	4044.181152
1780.817383	4127.919922
1779.843750	4176.817871
1778.870117	4046.725830
1777.896484	4080.708984
1776.922852	4144.494629
1775.948242	4081.560059
1774.973633	4209.896484
1773.999023	4310.865723
1773.024414	4183.384277
1772.049805	4209.851074
1771.074219	4429.881836
1770.099609	4359.520508
1769.124023	4353.686523
1768.148438	4613.239258
1767.171875	4428.814941
1766.196289	4670.893555
1765.219727	4536.105957
1764.243164	4840.021973
1763.266602	4668.087402
1762.290039	4924.787109
1761.312500	4938.660645
1760.334961	5081.294922
1759.357422	5152.073730
1758.379883	5222.824219
1757.402344	5543.498535
1756.423828	5413.725098
1755.446289	5447.272949
1754.467773	5572.318359
1753.489258	5593.456543
1752.509766	5486.026367
1751.531250	5749.409180
1750.551758	5726.014648
1749.572266	5633.446289
1748.592773	5580.439941
1747.613281	5512.635742
1746.632813	5336.208008
1745.652344	5517.831055
1744.671875	5415.522461
1743.691406	5313.254395
1742.710938	5099.997070
1741.729492	5217.382324
1740.749023	5063.421875
1739.767578	5020.485840
1738.785156	5120.558105
1737.803711	5008.611328
1736.822266	5081.537109
1735.839844	5021.384277
1734.857422	5000.668945
1733.875000	5149.901367
1732.891602	5116.855957
1731.909180	5022.276367
1730.925781	5063.111816
1729.942383	4934.127441
1728.958984	4972.502930
1727.974609	4934.605469
1726.991211	4938.533203
1726.006836	4905.574707
1725.022461	4941.465820
1724.038086	5021.584961
1723.052734	4907.533203
1722.068359	4940.944336
1721.083008	4981.711426
1720.097656	5010.181641
1719.112305	4950.243164
1718.125977	5022.897461
1717.140625	5019.433594
1716.154297	5123.946289
1715.167969	5046.857422
1714.181641	5060.560547
1713.194336	5057.090332
1712.208008	5178.674316
1711.220703	5187.438965
1710.233398	5458.460938
1709.246094	5307.879395
1708.257813	5355.812988
1707.270508	5638.884277
1706.282227	5601.013672
1705.293945	5734.558105
1704.304688	5899.873535
1703.316406	6094.493164
1702.327148	6247.433594
1701.337891	6131.185547
1700.348633	6379.454590
1699.359375	6551.809570
1698.370117	6714.313477
1697.379883	6752.076172
1696.389648	7044.013184
1695.399414	7152.559082
1694.409180	7500.489746
1693.417969	7437.912598
1692.426758	7651.325684
1691.436523	7615.601074
1690.444336	7719.037598
1689.453125	7841.958008
1688.461914	8030.714355
1687.469727	8170.599609
1686.477539	8188.466797
1685.485352	8001.473145
1684.492188	8243.684570
1683.500000	8161.577148
1682.506836	8281.794922
1681.513672	8299.619141
1680.520508	8202.931641
1679.527344	7950.392090
1678.533203	7736.918457
1677.539063	7991.012207
1676.544922	8021.046875
1675.550781	7717.635742
1674.556641	7991.044922
1673.561523	7724.253906
1672.566406	7674.048828
1671.571289	7507.134766
1670.576172	7580.992188
1669.581055	7518.690918
1668.584961	7488.008789
1667.588867	7491.357910
1666.592773	7591.880859
1665.596680	7328.025879
1664.600586	7333.832031
1663.603516	7414.901367
1662.606445	7282.322266
1661.609375	7278.425293
1660.612305	7580.263184
1659.614258	7350.690918
1658.617188	7244.911133
1657.619141	7435.021973
1656.621094	7171.674316
1655.622070	7293.850098
1654.624023	7435.364746
1653.625000	7315.133789
1652.625977	7328.191406
1651.626953	7438.125000
1650.627930	7235.632324
1649.627930	7466.593262
1648.627930	7237.548828
1647.627930	7294.168457
1646.627930	7263.658691
1645.627930	7361.374512
1644.626953	7251.047852
1643.625977	7421.269531
1642.625000	7310.975098
1641.624023	7389.262695
1640.623047	7283.851563
1639.621094	7422.517090
1638.619141	7425.847168
1637.617188	7373.625977
1636.615234	7268.301270
1635.613281	7341.671875
1634.610352	7202.603516
1633.607422	7302.502930
1632.604492	7141.782715
1631.601563	7229.591797
1630.597656	7148.539551
1629.594727	7272.479980
1628.590820	7186.629883
1627.586914	7120.096191
1626.582031	7227.097168
1625.578125	7247.318359
1624.573242	7236.215332
1623.568359	7345.535156
1622.563477	7416.284180
1621.558594	7258.301270
1620.552734	7353.107910
1619.546875	7378.088867
1618.541016	7357.346680
1617.535156	7423.208984
1616.529297	7628.531250
1615.522461	7530.806641
1614.515625	7541.300781
1613.508789	7657.543945
1612.501953	7672.812988
1611.494141	7606.389648
1610.487305	7595.239746
1609.479492	7651.337402
1608.471680	7666.593750
1607.463867	7657.837402
1606.455078	7622.683594
1605.446289	7657.131836
1604.437500	7741.947266
1603.428711	7591.662109
1602.419922	7731.612793
1601.410156	7813.962402
1600.401367	7920.250000
1599.391602	7935.419922
1598.381836	8008.092285
1597.371094	8255.621094
1596.361328	8512.629883
1595.350586	8278.613281
1594.339844	8262.567383
1593.329102	8603.199219
1592.317383	8898.219727
1591.305664	8937.090820
1590.294922	8904.176758
1589.283203	9124.808594
1588.270508	9005.780273
1587.258789	9178.483398
1586.246094	9386.971680
1585.233398	9449.592773
1584.220703	9361.654297
1583.208008	9257.030273
1582.194336	9233.653320
1581.180664	9339.235352
1580.167969	9258.551758
1579.153320	9039.456055
1578.139648	9018.527344
1577.125000	9059.642578
1576.111328	8773.924805
1575.096680	8657.660156
1574.081055	8708.360352
1573.066406	8646.988281
1572.050781	8716.738281
1571.035156	8653.005859
1570.019531	8563.089844
1569.003906	8835.291992
1567.988281	8712.032227
1566.971680	8705.498047
1565.955078	8625.165039
1564.938477	8630.550781
1563.920898	8747.780273
1562.904297	8841.169922
1561.886719	8637.178711
1560.869141	8740.064453
1559.851563	8752.551758
1558.833984	8601.001953
1557.815430	8599.251953
1556.796875	8497.696289
1555.778320	8610.005859
1554.759766	8503.738281
1553.740234	8594.626953
1552.721680	8357.813477
1551.702148	8479.553711
1550.682617	8577.510742
1549.662109	8371.692383
1548.642578	8502.843750
1547.622070	8477.392578
1546.601563	8449.579102
1545.581055	8758.458984
1544.560547	8650.000977
1543.539063	8721.709961
1542.517578	9009.017578
1541.496094	8921.894531
1540.474609	8877.442383
1539.453125	9169.277344
1538.430664	9060.865234
1537.408203	9191.578125
1536.385742	9251.237305
1535.363281	9062.423828
1534.339844	9062.941406
1533.316406	9169.893555
1532.292969	9196.399414
1531.269531	9036.120117
1530.246094	9041.369141
1529.221680	8850.462891
1528.198242	8865.196289
1527.173828	8818.503906
1526.148438	8623.035156
1525.124023	8699.200195
1524.098633	8699.786133
1523.073242	8617.757813
1522.047852	8658.477539
1521.022461	8663.788086
1519.997070	8522.842773
1518.970703	8561.196289
1517.944336	8502.857422
1516.917969	8534.125977
1515.890625	8744.514648
1514.864258	8617.833008
1513.836914	8512.407227
1512.809570	8694.403320
1511.782227	8584.292969
1510.753906	8820.355469
1509.726563	8625.514648
1508.698242	8920.312500
1507.669922	9005.556641
1506.640625	9097.824219
1505.612305	9408.807617
1504.583008	9729.070313
1503.553711	9818.780273
1502.524414	9990.730469
1501.495117	10273.071289
1500.464844	10397.861328
1499.434570	10369.892578
1498.404297	10870.423828
1497.374023	10748.434570
1496.343750	10429.273438
1495.312500	10584.416016
1494.281250	10429.702148
1493.250000	10385.333008
1492.218750	10254.180664
1491.186523	10193.446289
1490.154297	10132.736328
1489.122070	10006.403320
1488.089844	9891.841797
1487.057617	9547.658203
1486.024414	9482.441406
1484.991211	9288.407227
1483.958008	9281.822266
1482.924805	9223.722656
1481.891602	9043.906250
1480.857422	9149.725586
1479.823242	9276.563477
1478.789063	9522.674805
1477.753906	9361.656250
1476.719727	9317.641602
1475.684570	9458.368164
1474.649414	9701.901367
1473.614258	9898.586914
1472.578125	9905.906250
1471.542969	10352.459961
1470.506836	10579.255859
1469.470703	10726.554688
1468.433594	11231.037109
1467.397461	11515.874023
1466.360352	11975.641602
1465.323242	12087.528320
1464.286133	12920.272461
1463.249023	12866.307617
1462.210938	13649.575195
1461.172852	14066.461914
1460.134766	14326.993164
1459.096680	14792.511719
1458.057617	14892.004883
1457.019531	15252.379883
1455.980469	15442.574219
1454.941406	15625.704102
1453.901367	15974.062500
1452.862305	16222.183594
1451.822266	16446.929688
1450.782227	16657.621094
1449.742188	17210.195313
1448.701172	17634.621094
1447.661133	18403.025391
1446.620117	19052.544922
1445.579102	19794.773438
1444.537109	20327.539063
1443.496094	21087.787109
1442.454102	21369.185547
1441.412109	21562.210938
1440.370117	21365.052734
1439.327148	21469.779297
1438.285156	20588.000000
1437.242188	20094.123047
1436.199219	19349.873047
1435.155273	18415.718750
1434.112305	17762.564453
1433.068359	17297.494141
1432.024414	16331.876953
1430.980469	15670.281250
1429.936523	15071.521484
1428.891602	14679.203125
1427.846680	14152.697266
1426.801758	13765.358398
1425.756836	13257.779297
1424.710938	12986.525391
1423.666016	12680.666992
1422.620117	12504.514648
1421.574219	12328.433594
1420.527344	12214.874023
1419.481445	12068.986328
1418.434570	12117.368164
1417.387695	12218.895508
1416.340820	12278.780273
1415.292969	12091.405273
1414.245117	12523.222656
1413.197266	12134.932617
1412.149414	12275.604492
1411.101563	12448.539063
1410.052734	12469.058594
1409.004883	12434.183594
1407.955078	12380.863281
1406.906250	12306.803711
1405.857422	12394.215820
1404.807617	12534.626953
1403.757813	12379.890625
1402.708008	12333.547852
1401.658203	12146.652344
1400.607422	12121.111328
1399.556641	12070.241211
1398.505859	11855.877930
1397.455078	12155.066406
1396.404297	11639.203125
1395.352539	11496.408203
1394.300781	11397.391602
1393.249023	11309.919922
1392.197266	11270.786133
1391.144531	11052.291992
1390.091797	11001.729492
1389.039063	10941.993164
1387.986328	10723.700195
1386.932617	10657.150391
1385.879883	10625.087891
1384.826172	10567.772461
1383.772461	10544.925781
1382.717773	10602.443359
1381.664063	10352.350586
1380.609375	10582.004883
1379.554688	10891.870117
1378.500000	10724.455078
1377.444336	10781.873047
1376.389648	10965.385742
1375.333984	11038.777344
1374.278320	11041.083008
1373.221680	11187.760742
1372.166016	11080.057617
1371.109375	11487.803711
1370.052734	11396.113281
1368.995117	11604.416016
1367.938477	11638.648438
1366.880859	11311.235352
1365.823242	11491.964844
1364.765625	11558.226563
1363.708008	11272.204102
1362.649414	11093.784180
1361.590820	11553.351563
1360.532227	11352.085938
1359.473633	11653.709961
1358.415039	11303.978516
1357.355469	11621.478516
1356.295898	11644.202148
1355.236328	11771.959961
1354.175781	12301.495117
1353.116211	12182.537109
1352.055664	12371.721680
1350.995117	12747.927734
1349.934570	12893.572266
1348.873047	13506.712891
1347.811523	13934.895508
1346.750000	14378.859375
1345.688477	14872.784180
1344.626953	15475.890625
1343.564453	15891.916016
1342.501953	16455.833984
1341.439453	17010.410156
1340.376953	17687.710938
1339.313477	17925.363281
1338.250977	18572.603516
1337.187500	19292.394531
1336.123047	19914.056641
1335.059570	20367.136719
1333.995117	21040.623047
1332.930664	21077.193359
1331.866211	21211.496094
1330.801758	21298.013672
1329.736328	21434.484375
1328.671875	20887.080078
1327.606445	20285.390625
1326.540039	19504.548828
1325.474609	19123.621094
1324.408203	18368.310547
1323.341797	17406.789063
1322.275391	16720.214844
1321.208984	16040.730469
1320.141602	15316.165039
1319.074219	14734.756836
1318.006836	14167.190430
1316.939453	13704.125000
1315.872070	13624.234375
1314.803711	13299.679688
1313.735352	13281.064453
1312.666992	12900.094727
1311.597656	13028.749023
1310.529297	12860.787109
1309.459961	13077.665039
1308.390625	13029.694336
1307.320313	13420.651367
1306.250977	13173.577148
1305.180664	13433.174805
1304.110352	13199.764648
1303.040039	13235.454102
1301.968750	13020.260742
1300.898438	12956.548828
1299.827148	12759.574219
1298.754883	12506.213867
1297.683594	12490.068359
1296.612305	12446.835938
1295.540039	12164.351563
1294.467773	11909.065430
1293.394531	11906.591797
1292.322266	11683.045898
1291.249023	11635.511719
1290.175781	11152.797852
1289.102539	11400.724609
1288.028320	11283.403320
1286.955078	11145.847656
1285.880859	11226.894531
1284.806641	11211.045898
1283.732422	11235.741211
1282.657227	11321.219727
1281.582031	11393.154297
1280.506836	11645.115234
1279.431641	11494.178711
1278.355469	11563.781250
1277.280273	11694.084961
1276.204102	11810.841797
1275.127930	11916.306641
1274.050781	11945.298828
1272.974609	12109.123047
1271.897461	12396.461914
1270.820313	12290.543945
1269.742188	12090.336914
1268.665039	12388.725586
1267.586914	12772.302734
1266.508789	12619.255859
1265.430664	12955.496094
1264.351563	13060.496094
1263.272461	13136.291016
1262.194336	13402.686523
1261.114258	13216.028320
1260.035156	13202.067383
1258.955078	13004.321289
1257.875977	12905.254883
1256.794922	12456.724609
1255.714844	12411.570313
1254.634766	11826.719727
1253.553711	11454.817383
1252.472656	11423.330078
1251.391602	10613.000977
1250.309570	10342.275391
1249.227539	10261.820313
1248.146484	10096.403320
1247.063477	9810.299805
1245.981445	9826.140625
1244.898438	9399.387695
1243.816406	9556.100586
1242.732422	9417.812500
1241.649414	9473.929688
1240.566406	9389.318359
1239.482422	9373.961914
1238.398438	9175.547852
1237.314453	9202.650391
1236.229492	9343.550781
1235.144531	9183.194336
1234.059570	9230.352539
1232.974609	9215.044922
1231.889648	9262.175781
1230.803711	9151.010742
1229.717773	9180.303711
1228.631836	9115.995117
1227.545898	9276.724609
1226.458984	9063.187500
1225.373047	9290.667969
1224.286133	8945.855469
1223.198242	9070.868164
1222.111328	9249.241211
1221.023438	9049.280273
1219.935547	8864.974609
1218.847656	9125.569336
1217.759766	8910.192383
1216.670898	9092.855469
1215.582031	8910.915039
1214.493164	9002.388672
1213.404297	9511.521484
1212.314453	11995.207031
1211.224609	17493.796875
1210.134766	10049.558594
1209.044922	8895.308594
1207.954102	8993.325195
1206.864258	14809.700195
1205.773438	8994.002930
1204.681641	9127.425781
1203.590820	9254.138672
1202.499023	9190.123047
1201.407227	9108.400391
1200.315430	9226.171875
1199.223633	9381.561523
1198.130859	9288.771484
1197.038086	9384.281250
1195.945313	9340.245117
1194.852539	9249.733398
1193.758789	9360.684570
1192.666016	9524.699219
1191.572266	9285.965820
1190.477539	9418.958008
1189.383789	9211.307617
1188.289063	9202.746094
1187.194336	8957.645508
1186.099609	8977.872070
1185.004883	9068.801758
1183.909180	8896.787109
1182.813477	8806.571289
1181.717773	8579.473633
1180.621094	8707.942383
1179.525391	8714.948242
1178.428711	8523.323242
1177.332031	8362.668945
1176.235352	8429.303711
1175.137695	8458.416016
1174.040039	8458.848633
1172.942383	8267.474609
1171.844727	8234.882813
1170.747070	8424.881836
1169.648438	8178.552246
1168.549805	8227.501953
1167.451172	8272.026367
1166.351563	8109.554199
1165.252930	8149.680664
1164.153320	8214.000000
1163.053711	8256.287109
1161.953125	8375.557617
1160.853516	8461.784180
1159.752930	8552.372070
1158.652344	8467.028320
1157.550781	8445.467773
1156.450195	8687.644531
1155.348633	8468.291016
1154.247070	8587.338867
1153.145508	8629.462891
1152.042969	8504.681641
1150.940430	8535.828125
1149.837891	8529.645508
1148.735352	8510.298828
1147.632813	8530.452148
1146.529297	8651.500977
1145.425781	8853.644531
1144.322266	8823.280273
1143.217773	8961.728516
1142.114258	9194.362305
1141.009766	9017.127930
1139.905273	8925.410156
1138.799805	8938.867188
1137.695313	8805.593750
1136.589844	8821.258789
1135.484375	8952.932617
1134.378906	8907.280273
1133.272461	8909.784180
1132.166016	8680.400391
1131.059570	8787.932617
1129.953125	8823.258789
1128.846680	8749.257813
1127.739258	8784.576172
1126.631836	8811.136719
1125.524414	8710.965820
1124.416016	8554.041992
1123.307617	8578.450195
1122.200195	8725.120117
1121.090820	8644.696289
1119.982422	8634.147461
1118.873047	8586.506836
1117.763672	8879.218750
1116.654297	8853.357422
1115.544922	8932.179688
1114.434570	9087.277344
1113.325195	9475.546875
1112.213867	9726.353516
1111.103516	10027.168945
1109.993164	11011.878906
1108.881836	11419.014648
1107.770508	12026.308594
1106.658203	12853.226563
1105.546875	13442.548828
1104.434570	14042.501953
1103.322266	14679.187500
1102.209961	15191.618164
1101.096680	15125.348633
1099.984375	15504.835938
1098.871094	15660.257813
1097.757813	15380.938477
1096.643555	15058.278320
1095.529297	14929.101563
1094.415039	14187.475586
1093.300781	13693.716797
1092.186523	12989.570313
1091.071289	12941.248047
1089.956055	11957.604492
1088.840820	11282.473633
1087.725586	10761.642578
1086.609375	10280.070313
1085.493164	9900.611328
1084.376953	9595.019531
1083.260742	9265.714844
1082.143555	8882.374023
1081.027344	8715.845703
1079.910156	8705.341797
1078.791992	8558.409180
1077.674805	8528.456055
1076.556641	8448.727539
1075.438477	8533.512695
1074.320313	8425.686523
1073.201172	8404.437500
1072.082031	8203.680664
1070.962891	8418.186523
1069.843750	8505.047852
1068.724609	8565.934570
1067.604492	8706.751953
1066.484375	8756.765625
1065.364258	8750.595703
1064.243164	8744.426758
1063.123047	8736.101563
1062.001953	9148.733398
1060.880859	9269.821289
1059.758789	9237.652344
1058.637695	9281.003906
1057.515625	9263.943359
1056.392578	9199.447266
1055.270508	9438.974609
1054.147461	9486.555664
1053.025391	9346.624023
1051.901367	9284.317383
1050.778320	9275.890625
1049.654297	9019.789063
1048.531250	9091.092773
1047.407227	8996.597656
1046.282227	9074.331055
1045.158203	9029.373047
1044.033203	8909.132813
1042.908203	8885.737305
1041.782227	9012.888672
1040.657227	8993.780273
1039.531250	8895.142578
1038.405273	8895.409180
1037.279297	8947.243164
1036.152344	8979.720703
1035.025391	8818.881836
1033.898438	8956.591797
1032.771484	9180.118164
1031.644531	9015.043945
1030.516602	9137.601563
1029.388672	9283.707031
1028.260742	9148.745117
1027.131836	9249.749023
1026.002930	9324.978516
1024.874023	9153.649414
1023.745117	9374.607422
1022.616211	9503.331055
1021.486328	9302.078125
1020.356445	9390.065430
1019.226563	9403.065430
1018.095703	9356.110352
1016.965820	9525.369141
1015.834961	9367.123047
1014.704102	9444.302734
1013.572266	9495.778320
1012.441406	9639.196289
1011.309570	9598.663086
1010.176758	9406.361328
1009.044922	9447.112305
1007.912109	9460.066406
1006.779297	9430.285156
1005.646484	9421.875000
1004.513672	9759.426758
1003.379883	9597.223633
1002.246094	10002.901367
1001.112305	9804.432617
999.978516	9712.734375
998.843750	9618.940430
997.708984	9516.655273
996.574219	9164.925781
995.439453	8949.787109
994.303711	9062.985352
993.167969	8833.041992
992.032227	8937.692383
990.896484	8839.939453
989.759766	8714.541016
988.623047	8629.650391
987.486328	8815.145508
986.349609	8585.544922
985.211914	8773.097656
984.075195	8741.449219
982.936523	8624.736328
981.798828	8752.618164
980.661133	8633.824219
979.522461	8897.686523
978.383789	9127.433594
977.244141	8974.639648
976.105469	9157.538086
974.965820	9155.590820
973.826172	9361.728516
972.685547	9652.692383
971.545898	9727.045898
970.405273	10179.076172
969.264648	10193.882813
968.124023	10441.998047
966.982422	10257.403320
965.840820	10636.848633
964.699219	10562.513672
963.557617	10687.419922
962.415039	10699.976563
961.273438	10636.265625
960.129883	10428.563477
958.987305	10517.392578
957.844727	10407.185547
956.701172	10070.553711
955.557617	10066.291992
954.413086	9897.010742
953.269531	9751.068359
952.125000	9558.663086
950.980469	9567.197266
949.835938	9624.346680
948.690430	9457.450195
947.544922	9417.401367
946.399414	9413.281250
945.253906	9362.697266
944.107422	9375.481445
942.961914	9320.704102
941.815430	9542.450195
940.667969	9780.982422
939.521484	9880.166016
938.374023	10232.428711
937.226563	10306.166016
936.078125	10772.041992
934.930664	11062.754883
933.782227	11838.078125
932.633789	12465.573242
931.485352	13031.707031
930.335938	14164.164063
929.186523	14946.583984
928.037109	15768.669922
926.887695	16615.662109
925.737305	17392.845703
924.587891	17917.222656
923.436523	18403.511719
922.286133	17960.042969
921.135742	17771.177734
919.984375	16850.843750
918.833008	16069.615234
917.680664	15316.034180
916.529297	14403.113281
915.376953	13326.754883
914.224609	12798.929688
913.071289	11822.045898
911.918945	11378.727539
910.765625	10841.162109
909.612305	10373.064453
908.458984	10072.978516
907.304688	9808.672852
906.150391	9605.286133
904.996094	9422.948242
903.841797	9358.057617
902.686523	9207.281250
901.531250	9171.791992
900.375977	9370.904297
899.220703	9186.714844
898.064453	9086.348633
896.908203	8977.652344
895.751953	8887.835938
894.595703	8977.995117
893.438477	9028.369141
892.281250	8965.786133
891.124023	9005.685547
889.966797	8920.138672
888.808594	8725.944336
887.650391	8899.601563
886.492188	8644.909180
885.333008	8883.258789
884.174805	8637.030273
883.015625	8691.550781
881.856445	8672.990234
880.696289	8629.393555
879.536133	8796.548828
878.376953	8688.276367
877.215820	8509.141602
876.055664	8615.744141
874.894531	8524.256836
873.733398	8580.788086
872.572266	8651.880859
871.410156	8589.609375
870.249023	8546.110352
869.086914	8590.091797
867.924805	8667.365234
866.761719	8590.570313
865.598633	8520.051758
864.435547	8580.643555
863.272461	8431.108398
862.109375	8670.552734
860.945313	8718.595703
859.781250	8502.601563
858.616211	8504.933594
857.452148	8650.645508
856.287109	8669.563477
855.122070	8954.341797
853.957031	8736.448242
852.791016	8495.809570
851.625000	8707.788086
850.458984	8589.701172
849.292969	8778.744141
848.125977	8637.873047
846.958984	8748.012695
845.791992	8677.707031
844.625000	8601.211914
843.457031	8649.107422
842.290039	8512.557617
841.121094	8539.732422
839.953125	8827.879883
838.784180	8668.597656
837.615234	8629.466797
836.446289	8608.982422
835.277344	8538.837891
834.107422	8777.014648
832.937500	8715.137695
831.767578	8795.991211
830.597656	8814.777344
829.426758	8936.918945
828.255859	8726.245117
827.084961	8947.540039
825.913086	8770.008789
824.742188	8906.511719
823.570313	8888.075195
822.397461	8859.322266
821.225586	8865.672852
820.052734	8929.804688
818.879883	8822.654297
817.707031	8985.784180
816.533203	8717.798828
815.359375	8938.614258
814.185547	8833.614258
813.011719	8953.315430
811.836914	8770.051758
810.662109	8832.029297
809.487305	9009.325195
808.312500	9025.917969
807.136719	9056.915039
805.961914	9102.307617
804.785156	9057.129883
803.609375	8991.394531
802.432617	9195.166016
801.255859	9032.765625
800.079102	8886.885742
798.902344	9059.708984
797.724609	8864.556641
796.546875	8924.291992
795.369141	9214.096680
794.190430	9152.543945
793.012695	9041.733398
791.833984	9054.155273
790.654297	8970.095703
789.475586	8970.213867
788.295898	9163.196289
787.116211	9101.731445
785.936523	9124.377930
784.755859	9122.409180
783.575195	9118.391602
782.394531	9089.779297
781.213867	9108.308594
780.032227	8926.059570
778.851563	9063.412109
777.668945	9102.411133
776.487305	9239.666016
775.304688	9335.921875
774.123047	9243.862305
772.939453	9286.877930
771.756836	9203.049805
770.573242	9434.207031
769.389648	9399.454102
768.206055	9438.308594
767.022461	9616.125000
765.837891	9624.263672
764.653320	9951.094727
763.468750	10042.899414
762.283203	10132.620117
761.097656	10563.250000
759.912109	10579.336914
758.726563	10777.041016
757.540039	10935.892578
756.353516	11278.260742
755.166992	11618.440430
753.980469	11866.719727
752.792969	12204.584961
751.605469	12870.432617
750.417969	13658.250000
749.230469	14771.676758
748.041992	16025.156250
746.853516	17730.152344
745.665039	19444.589844
744.476563	22009.093750
743.287109	24350.671875
742.097656	26847.896484
740.908203	28743.974609
739.717773	30448.066406
738.527344	30913.183594
737.336914	31272.390625
736.146484	30877.441406
734.955078	29415.910156
733.763672	28901.671875
732.572266	28556.230469
731.380859	27721.564453
730.188477	27303.439453
728.996094	26846.929688
727.803711	25718.927734
726.611328	25114.851563
725.417969	24663.162109
724.224609	23879.085938
723.031250	23271.740234
721.836914	22336.271484
720.643555	21312.033203
719.449219	19844.503906
718.253906	18588.287109
717.059570	17324.513672
715.864258	16393.365234
714.668945	15598.255859
713.473633	14613.235352
712.277344	14110.247070
711.081055	13589.268555
709.884766	13127.172852
708.687500	13000.967773
707.491211	12646.353516
706.293945	12449.558594
705.096680	12103.299805
703.898438	12260.291016
702.700195	11924.322266
701.501953	11986.360352
700.303711	11598.097656
699.105469	11718.721680
697.906250	11546.640625
696.707031	11758.025391
695.506836	11713.105469
694.307617	11982.853516
693.107422	12208.119141
691.907227	12142.967773
690.706055	12658.354492
689.505859	12778.532227
688.304688	13275.422852
687.102539	13405.484375
685.901367	14226.259766
684.699219	14712.441406
683.497070	15452.052734
682.294922	16110.837891
681.091797	16362.878906
679.889648	16415.648438
678.685547	16269.278320
677.482422	16452.748047
676.278320	16071.213867
675.075195	15663.712891
673.870117	15555.809570
672.666016	15220.924805
671.460938	14693.352539
670.255859	14690.155273
669.050781	14793.371094
667.845703	14519.159180
666.639648	14391.570313
665.433594	14370.379883
664.226563	14537.764648
663.020508	15058.061523
661.813477	15000.643555
660.606445	15113.651367
659.398438	15485.163086
658.191406	15624.064453
656.983398	15911.157227
655.775391	15671.338867
654.566406	15966.304688
653.358398	15762.615234
652.149414	15759.180664
650.939453	15539.613281
649.730469	15624.261719
648.520508	15260.791016
647.310547	14825.479492
646.099609	14138.420898
644.889648	13491.641602
643.678711	13544.662109
642.467773	13000.200195
641.255859	12691.708984
640.044922	12487.212891
638.833008	12236.875977
637.620117	12120.410156
636.408203	11936.128906
635.195313	11993.392578
633.982422	11920.946289
632.769531	12233.507813
631.555664	12290.666016
630.341797	12720.645508
629.127930	13118.541992
627.914063	13334.904297
626.699219	13507.334961
625.484375	13617.935547
624.269531	13698.612305
623.053711	13404.902344
621.838867	13300.445313
620.622070	12827.817383
619.406250	12383.253906
618.190430	12060.242188
616.973633	11691.623047
615.756836	11502.139648
614.539063	11274.961914
613.321289	11083.663086
612.104492	11025.595703
610.885742	10739.063477
609.667969	10764.526367
608.449219	10565.558594
607.230469	10330.936523
606.011719	10449.771484
604.791992	10243.062500
603.572266	10389.642578
602.352539	10407.208984
601.132813	10248.244141
599.912109	10311.440430
598.691406	10132.739258
597.470703	10088.898438
596.249023	10003.460938
595.028320	9993.347656
593.805664	10048.603516
592.583984	10008.777344
591.362305	10024.406250
590.139648	9970.745117
588.916992	9988.353516
587.693359	10108.841797
586.469727	10092.781250
585.246094	10049.038086
584.022461	10082.429688
582.798828	10161.275391
581.574219	10317.166992
580.349609	10273.410156
579.125000	10322.525391
577.899414	10543.458008
576.673828	10560.895508
575.448242	10894.213867
574.221680	10870.113281
572.996094	10921.013672
571.769531	10934.404297
570.541992	11208.167969
569.315430	11079.494141
568.087891	11157.905273
566.860352	11181.084961
565.632813	11227.905273
564.404297	10971.259766
563.175781	11065.381836
561.947266	10978.264648
560.717773	10871.493164
559.489258	10859.264648
558.259766	10911.994141
557.029297	10832.854492
555.799805	10558.977539
554.569336	10499.619141
553.338867	10658.569336
552.107422	10493.043945
550.876953	10441.599609
549.645508	10470.750977
548.413086	10468.452148
547.181641	10407.222656
545.949219	10581.691406
544.716797	10475.301758
543.484375	10531.893555
542.250977	10612.010742
541.017578	10423.269531
539.784180	10470.024414
538.550781	10365.733398
537.316406	10355.612305
536.082031	10443.519531
534.847656	10309.900391
533.612305	10288.038086
532.376953	10417.042969
531.141602	10495.062500
529.906250	10434.004883
528.669922	10527.647461
527.433594	10311.968750
526.197266	10489.749023
524.959961	10503.094727
523.722656	10622.067383
522.485352	10875.934570
521.248047	11413.210938
520.009766	12049.949219
518.771484	12221.245117
517.533203	11862.921875
516.294922	10963.608398
515.055664	10830.333008
513.816406	10679.541016
512.577148	10390.200195
511.336914	10579.197266
510.096680	10580.771484
508.856445	10426.261719
507.616211	10498.088867
506.375000	10468.474609
505.133789	10665.041016
503.892578	10333.259766
502.650391	10709.065430
