1802.182617	3758.226074
1801.212891	3795.683594
1800.244141	3720.025391
1799.274414	3654.382080
1798.304688	3628.695557
1797.334961	3453.308838
1796.364258	3647.202881
1795.394531	3596.590820
1794.423828	3755.467041
1793.453125	3637.537354
1792.482422	3646.781006
1791.511719	3568.794678
1790.540039	3735.023682
1789.568359	3836.415283
1788.596680	3790.816162
1787.625000	3797.528809
1786.653320	3913.784668
1785.680664	3888.110107
1784.708984	3740.500000
1783.736328	3796.980225
1782.763672	3938.019287
1781.790039	3865.103027
1780.817383	3961.311035
1779.843750	3893.391113
1778.870117	3947.297607
1777.896484	4031.004883
1776.922852	3918.386230
1775.948242	3840.591553
1774.973633	4117.999023
1773.999023	4037.711670
1773.024414	4091.523438
1772.049805	4180.064453
1771.074219	4003.024902
1770.099609	4193.278320
1769.124023	4254.457031
1768.148438	4228.802734
1767.171875	4287.469727
1766.196289	4269.256348
1765.219727	4327.891113
1764.243164	4312.154785
1763.266602	4521.899902
1762.290039	4711.742676
1761.312500	4733.089844
1760.334961	4888.145996
1759.357422	5018.382324
1758.379883	5193.121094
1757.402344	5189.605469
1756.423828	5213.308105
1755.446289	5316.162109
1754.467773	5357.142578
1753.489258	5561.310059
1752.509766	5456.358887
1751.531250	5435.490234
1750.551758	5478.884277
1749.572266	5584.030273
1748.592773	5402.577637
1747.613281	5292.821777
1746.632813	5318.922852
1745.652344	5231.446777
1744.671875	5141.537598
1743.691406	5113.359863
1742.710938	4863.132324
1741.729492	5049.636719
1740.749023	4875.979004
1739.767578	4838.012695
1738.785156	4923.329102
1737.803711	4808.957031
1736.822266	4844.957520
1735.839844	4826.737793
1734.857422	4719.843262
1733.875000	4709.043945
1732.891602	4833.680664
1731.909180	4877.023926
1730.925781	4664.363770
1729.942383	4860.299805
1728.958984	4692.015625
1727.974609	4725.511719
1726.991211	4830.317871
1726.006836	4821.970703
1725.022461	4705.455566
1724.038086	4770.874512
1723.052734	4718.309570
1722.068359	4877.063477
1721.083008	4770.455566
1720.097656	4798.968262
1719.112305	4736.616699
1718.125977	4801.949219
1717.140625	5073.432129
1716.154297	4959.528320
1715.167969	5037.043457
1714.181641	5112.073730
1713.194336	5047.280273
1712.208008	5284.111328
1711.220703	5187.438965
1710.233398	5196.199707
1709.246094	5307.879395
1708.257813	5463.615234
1707.270508	5592.342285
1706.282227	5652.443848
1705.293945	5590.092285
1704.304688	5738.300293
1703.316406	5925.609375
1702.327148	6095.713867
1701.337891	6207.030273
1700.348633	6367.224121
1699.359375	6449.093262
1698.370117	6521.148926
1697.379883	6676.292480
1696.389648	7000.018555
1695.399414	7203.875488
1694.409180	7441.854004
1693.417969	7469.667480
1692.426758	7643.999023
1691.436523	7603.392578
1690.444336	7694.625977
1689.453125	7778.500000
1688.461914	7903.823730
1687.469727	7824.160156
1686.477539	7744.528320
1685.485352	7984.401855
1684.492188	7746.283691
1683.500000	8022.625488
1682.506836	7774.845703
1681.513672	7848.817871
1680.520508	7861.853027
1679.527344	7792.065918
1678.533203	7510.436523
1677.539063	7601.444336
1676.544922	7412.469727
1675.550781	7376.901367
1674.556641	7460.580078
1673.561523	7347.164551
1672.566406	7228.929688
1671.571289	7402.564941
1670.576172	7187.111328
1669.581055	7224.555176
1668.584961	7220.666992
1667.588867	7192.480957
1666.592773	7132.723633
1665.596680	7058.416504
1664.600586	7003.566895
1663.603516	6973.017578
1662.606445	7066.280273
1661.609375	7069.707520
1660.612305	6954.236328
1659.614258	7037.740723
1658.617188	7055.723633
1657.619141	6840.899414
1656.621094	6861.338379
1655.622070	6879.344238
1654.624023	6880.377930
1653.625000	7130.983398
1652.625977	7015.683105
1651.626953	6982.778809
1650.627930	7037.063965
1649.627930	6960.588379
1648.627930	6903.508301
1647.627930	6965.035645
1646.627930	6862.004395
1645.627930	7044.469727
1644.626953	6975.324219
1643.625977	7073.057617
1642.625000	6878.215332
1641.624023	7031.522949
1640.623047	6943.100586
1639.621094	10041.660156
1638.619141	9616.882813
1637.617188	6987.192871
1636.615234	6939.899902
1635.613281	7093.006348
1634.610352	7142.259766
1633.607422	7015.325684
1632.604492	6835.361328
1631.601563	7012.486816
1630.597656	6760.241699
1629.594727	6939.720703
1628.590820	6846.705078
1627.586914	6987.528320
1626.582031	7039.130371
1625.578125	6924.465820
1624.573242	7019.417969
1623.568359	6851.818848
1622.563477	7011.759766
1621.558594	6788.858887
1620.552734	6936.712402
1619.546875	7014.719238
1618.541016	7075.852539
1617.535156	7120.122559
1616.529297	7311.076660
1615.522461	7333.640137
1614.515625	7238.398438
1613.508789	7234.528320
1612.501953	7242.674316
1611.494141	7133.092773
1610.487305	7251.748535
1609.479492	7427.993164
1608.471680	7464.904297
1607.463867	7343.361816
1606.455078	7387.474609
1605.446289	7289.992676
1604.437500	7312.505371
1603.428711	7464.534668
1602.419922	7460.622559
1601.410156	7353.612305
1600.401367	7503.142578
1599.391602	7492.033691
1598.381836	7543.229980
1597.371094	7843.559082
1596.361328	8002.447266
1595.350586	8005.612793
1594.339844	8130.883301
1593.329102	8165.139648
1592.317383	8218.528320
1591.305664	8470.496094
1590.294922	8471.168945
1589.283203	8648.834961
1588.270508	8893.386719
1587.258789	9147.402344
1586.246094	9135.983398
1585.233398	8914.258789
1584.220703	9110.768555
1583.208008	9163.862305
1582.194336	9035.414063
1581.180664	9009.699219
1580.167969	8826.421875
1579.153320	8717.214844
1578.139648	8634.303711
1577.125000	8522.792969
1576.111328	8473.350586
1575.096680	8545.563477
1574.081055	8460.368164
1573.066406	8313.219727
1572.050781	8175.666016
1571.035156	8219.283203
1570.019531	8241.437500
1569.003906	8382.689453
1567.988281	8145.202148
1566.971680	8229.267578
1565.955078	8472.802734
1564.938477	8233.060547
1563.920898	8424.141602
1562.904297	8474.770508
1561.886719	8342.215820
1560.869141	8333.383789
1559.851563	8262.732422
1558.833984	8177.846191
1557.815430	8157.167480
1556.796875	7920.251953
1555.778320	8177.605469
1554.759766	8107.055664
1553.740234	8114.904785
1552.721680	8063.390625
1551.702148	8166.199707
1550.682617	7822.765625
1549.662109	8132.026367
1548.642578	7945.319336
1547.622070	8093.134766
1546.601563	8032.199219
1545.581055	7992.626953
1544.560547	8180.639648
1543.539063	8226.373047
1542.517578	8210.479492
1541.496094	8538.106445
1540.474609	8481.889648
1539.453125	8690.920898
1538.430664	8632.327148
1537.408203	8443.564453
1536.385742	8792.107422
1535.363281	8847.102539
1534.339844	8603.999023
1533.316406	8850.590820
1532.292969	8676.161133
1531.269531	8478.160156
1530.246094	8689.168945
1529.221680	8439.252930
1528.198242	8423.354492
1527.173828	8409.824219
1526.148438	8422.280273
1525.124023	8378.057617
1524.098633	8218.169922
1523.073242	8273.141602
1522.047852	8391.808594
1521.022461	8295.718750
1519.997070	8378.947266
1518.970703	8195.635742
1517.944336	8179.814941
1516.917969	8251.227539
1515.890625	8204.758789
1514.864258	8247.857422
1513.836914	8158.999512
1512.809570	8129.066406
1511.782227	8280.487305
1510.753906	8354.142578
1509.726563	8272.396484
1508.698242	8444.875977
1507.669922	8356.083008
1506.640625	8467.304688
1505.612305	8731.373047
1504.583008	9094.105469
1503.553711	8946.470703
1502.524414	9381.882813
1501.495117	9372.915039
1500.464844	9425.043945
1499.434570	9808.405273
1498.404297	9937.935547
1497.374023	10104.984375
1496.343750	9912.740234
1495.312500	10107.894531
1494.281250	9835.931641
1493.250000	9984.091797
1492.218750	9822.524414
1491.186523	9813.478516
1490.154297	9525.381836
1489.122070	9230.368164
1488.089844	9148.782227
1487.057617	9088.320313
1486.024414	9011.482422
1484.991211	8965.128906
1483.958008	8792.319336
1482.924805	8701.537109
1481.891602	8903.436523
1480.857422	8559.874023
1479.823242	8705.554688
1478.789063	8809.059570
1477.753906	8844.683594
1476.719727	9025.295898
1475.684570	9072.550781
1474.649414	9241.352539
1473.614258	9510.589844
1472.578125	9602.115234
1471.542969	9885.185547
1470.506836	10144.780273
1469.470703	10605.113281
1468.433594	10694.002930
1467.397461	10906.581055
1466.360352	11354.803711
1465.323242	11550.823242
1464.286133	12460.666992
1463.249023	12579.404297
1462.210938	13036.242188
1461.172852	13523.202148
1460.134766	13842.123047
1459.096680	14079.338867
1458.057617	14530.831055
1457.019531	14690.927734
1455.980469	15039.623047
1454.941406	15097.084961
1453.901367	15613.185547
1452.862305	15614.637695
1451.822266	15969.835938
1450.782227	16066.611328
1449.742188	16696.076172
1448.701172	17095.021484
1447.661133	17261.265625
1446.620117	18592.214844
1445.579102	18792.947266
1444.537109	19411.906250
1443.496094	19781.998047
1442.454102	20532.908203
1441.412109	20312.699219
1440.370117	20659.154297
1439.327148	19972.373047
1438.285156	19640.998047
1437.242188	18590.371094
1436.199219	18243.171875
1435.155273	17402.029297
1434.112305	16781.554688
1433.068359	16154.375000
1432.024414	15620.182617
1430.980469	14889.200195
1429.936523	14234.987305
1428.891602	13849.791016
1427.846680	13402.210938
1426.801758	12896.917969
1425.756836	12593.269531
1424.710938	12125.387695
1423.666016	12014.116211
1422.620117	11828.844727
1421.574219	11472.452148
1420.527344	11645.879883
1419.481445	11370.608398
1418.434570	11627.216797
1417.387695	11571.659180
1416.340820	11407.502930
1415.292969	11398.223633
1414.245117	11675.404297
1413.197266	11592.163086
1412.149414	11411.970703
1411.101563	11573.540039
1410.052734	11402.656250
1409.004883	11541.082031
1407.955078	11919.407227
1406.906250	11667.818359
1405.857422	11729.993164
1404.807617	11633.038086
1403.757813	11637.558594
1402.708008	11623.636719
1401.658203	11729.550781
1400.607422	11482.915039
1399.556641	11492.067383
1398.505859	11298.549805
1397.455078	11063.666016
1396.404297	11130.448242
1395.352539	10801.330078
1394.300781	10831.319336
1393.249023	10858.995117
1392.197266	10707.246094
1391.144531	10601.553711
1390.091797	10638.454102
1389.039063	10238.579102
1387.986328	10314.609375
1386.932617	10181.507813
1385.879883	10048.461914
1384.826172	10096.919922
1383.772461	9842.236328
1382.717773	9982.551758
1381.664063	10262.829102
1380.609375	10070.231445
1379.554688	10242.534180
1378.500000	10423.940430
1377.444336	10453.898438
1376.389648	10522.826172
1375.333984	10823.275391
1374.278320	10901.264648
1373.221680	10866.931641
1372.166016	11080.057617
1371.109375	10997.595703
1370.052734	10970.132813
1368.995117	11210.580078
1367.938477	10901.502930
1366.880859	11045.734375
1365.823242	11228.807617
1364.765625	11093.792969
1363.708008	10901.648438
1362.649414	10990.873047
1361.590820	10986.315430
1360.532227	11011.477539
1359.473633	10936.066406
1358.415039	11100.612305
1357.355469	10995.513672
1356.295898	11038.922852
1355.236328	11429.419922
1354.175781	11548.063477
1353.116211	11621.002930
1352.055664	11844.537109
1350.995117	12214.006836
1349.934570	12542.260742
1348.873047	13150.913086
1347.811523	13403.586914
1346.750000	13982.169922
1345.688477	14337.135742
1344.626953	14625.867188
1343.564453	15222.063477
1342.501953	15927.352539
1341.439453	16308.949219
1340.376953	16965.904297
1339.313477	17196.875000
1338.250977	17748.671875
1337.187500	18703.019531
1336.123047	19233.798828
1335.059570	19919.033203
1333.995117	20269.679688
1332.930664	20608.810547
1331.866211	20570.445313
1330.801758	20661.640625
1329.736328	20457.400391
1328.671875	20101.031250
1327.606445	19731.181641
1326.540039	19168.458984
1325.474609	18649.105469
1324.408203	17882.542969
1323.341797	17114.029297
1322.275391	16171.119141
1321.208984	15410.081055
1320.141602	14606.263672
1319.074219	14347.000000
1318.006836	13514.261719
1316.939453	13277.996094
1315.872070	13198.193359
1314.803711	12855.601563
1313.735352	12585.637695
1312.666992	12635.118164
1311.597656	12430.975586
1310.529297	12577.809570
1309.459961	12683.840820
1308.390625	12439.081055
1307.320313	12515.685547
1306.250977	12603.566406
1305.180664	12958.264648
1304.110352	12559.899414
1303.040039	12817.254883
1301.968750	12674.470703
1300.898438	12554.339844
1299.827148	12416.186523
1298.754883	12271.313477
1297.683594	11984.233398
1296.612305	11774.034180
1295.540039	11609.066406
1294.467773	11331.328125
1293.394531	11152.981445
1292.322266	10949.894531
1291.249023	11031.069336
1290.175781	10841.620117
1289.102539	10884.457031
1288.028320	10897.972656
1286.955078	10776.272461
1285.880859	10848.383789
1284.806641	10900.191406
1283.732422	10828.110352
1282.657227	11109.565430
1281.582031	11132.019531
1280.506836	11077.939453
1279.431641	11332.162109
1278.355469	11399.548828
1277.280273	11430.917969
1276.204102	11617.442383
1275.127930	11599.288086
1274.050781	11772.210938
1272.974609	11664.132813
1271.897461	11814.500000
1270.820313	11778.344727
1269.742188	11921.885742
1268.665039	12056.383789
1267.586914	12262.667969
1266.508789	12408.260742
1265.430664	12416.899414
1264.351563	12490.600586
1263.272461	12750.457031
1262.194336	12628.936523
1261.114258	12637.518555
1260.035156	12619.195313
1258.955078	12318.467773
1257.875977	11934.952148
1256.794922	11739.790039
1255.714844	11513.350586
1254.634766	11206.381836
1253.553711	10686.834961
1252.472656	10541.340820
1251.391602	10328.764648
1250.309570	10024.534180
1249.227539	9796.492188
1248.146484	9539.468750
1247.063477	9443.559570
1245.981445	9065.984375
1244.898438	9124.447266
1243.816406	9249.929688
1242.732422	8910.613281
1241.649414	8995.877930
1240.566406	8889.031250
1239.482422	8878.245117
1238.398438	8952.298828
1237.314453	8997.303711
1236.229492	8834.754883
1235.144531	8848.529297
1234.059570	8844.453125
1232.974609	8746.710938
1231.889648	8894.275391
1230.803711	9035.090820
1229.717773	8915.080078
1228.631836	8926.589844
1227.545898	8996.017578
1226.458984	8994.139648
1225.373047	8816.335938
1224.286133	8845.665039
1223.198242	8826.010742
1222.111328	8810.814453
1221.023438	8791.174805
1219.935547	8856.076172
1218.847656	8658.503906
1217.759766	8732.299805
1216.670898	8723.805664
1215.582031	8710.869141
1214.493164	8622.381836
1213.404297	8691.677734
1212.314453	8605.450195
1211.224609	8596.989258
1210.134766	8586.311523
1209.044922	8617.815430
1207.954102	8653.745117
1206.864258	8651.936523
1205.773438	8721.121094
1204.681641	8692.680664
1203.590820	8788.438477
1202.499023	8924.064453
1201.407227	8713.829102
1200.315430	8980.169922
1199.223633	8772.225586
1198.130859	8777.036133
1197.038086	9049.839844
1195.945313	9019.160156
1194.852539	8862.298828
1193.758789	8984.397461
1192.666016	9026.777344
1191.572266	8982.849609
1190.477539	8786.308594
1189.383789	8760.141602
1188.289063	8782.629883
1187.194336	8656.994141
1186.099609	8580.034180
1185.004883	8522.994141
1183.909180	8415.163086
1182.813477	8541.512695
1181.717773	8259.261719
1180.621094	8359.095703
1179.525391	8383.833008
1178.428711	8357.799805
1177.332031	8108.920410
1176.235352	8327.826172
1175.137695	8094.494141
1174.040039	8187.618164
1172.942383	8141.809082
1171.844727	8245.904297
1170.747070	7829.873047
1169.648438	8028.729492
1168.549805	7892.674805
1167.451172	7948.280762
1166.351563	7944.412598
1165.252930	8063.824707
1164.153320	8000.506836
1163.053711	7979.023926
1161.953125	7957.550293
1160.853516	7918.487793
1159.752930	8006.990723
1158.652344	8117.441895
1157.550781	8122.333496
1156.450195	8219.527344
1155.348633	8250.760742
1154.247070	8128.204590
1153.145508	8170.425781
1152.042969	8113.813477
1150.940430	8232.858398
1149.837891	8204.790039
1148.735352	8150.399414
1147.632813	8291.300781
1146.529297	8476.014648
1145.425781	8384.316406
1144.322266	8542.620117
1143.217773	8606.591797
1142.114258	8692.453125
1141.009766	8657.757813
1139.905273	8631.839844
1138.799805	8787.731445
1137.695313	8597.553711
1136.589844	8558.526367
1135.484375	8510.758789
1134.378906	8526.477539
1133.272461	8548.753906
1132.166016	8518.518555
1131.059570	8571.405273
1129.953125	8230.667969
1128.846680	8296.709961
1127.739258	8437.040039
1126.631836	8461.489258
1125.524414	8293.661133
1124.416016	8392.398438
1123.307617	8360.057617
1122.200195	8519.875000
1121.090820	8341.258789
1119.982422	8280.575195
1118.873047	8505.769531
1117.763672	8569.427734
1116.654297	8619.972656
1115.544922	8792.614258
1114.434570	9026.230469
1113.325195	9209.612305
1112.213867	9432.144531
1111.103516	9992.307617
1109.993164	10404.101563
1108.881836	10944.220703
1107.770508	11741.056641
1106.658203	12208.824219
1105.546875	12698.158203
1104.434570	13450.596680
1103.322266	13939.462891
1102.209961	14441.172852
1101.096680	14870.903320
1099.984375	14948.218750
1098.871094	15010.283203
1097.757813	15013.638672
1096.643555	14884.445313
1095.529297	14372.953125
1094.415039	13892.083984
1093.300781	13244.208008
1092.186523	12785.488281
1091.071289	12227.113281
1089.956055	11783.991211
1088.840820	11191.345703
1087.725586	10616.303711
1086.609375	10108.735352
1085.493164	9542.835938
1084.376953	9376.063477
1083.260742	9157.343750
1082.143555	9021.059570
1081.027344	8663.849609
1079.910156	8501.733398
1078.791992	8285.544922
1077.674805	8355.245117
1076.556641	8221.436523
1075.438477	8174.251953
1074.320313	8166.034668
1073.201172	8216.229492
1072.082031	8182.051758
1070.962891	8234.383789
1069.843750	8280.207031
1068.724609	8222.258789
1067.604492	8296.158203
1066.484375	8415.396484
1065.364258	8454.661133
1064.243164	8439.916016
1063.123047	8550.411133
1062.001953	8503.270508
1060.880859	8702.193359
1059.758789	8877.294922
1058.637695	8918.566406
1057.515625	8953.347656
1056.392578	8800.502930
1055.270508	8958.186523
1054.147461	8559.671875
1053.025391	8896.209961
1051.901367	8801.679688
1050.778320	8711.496094
1049.654297	8632.119141
1048.531250	8781.021484
1047.407227	8591.869141
1046.282227	8587.899414
1045.158203	8581.778320
1044.033203	8638.050781
1042.908203	8446.935547
1041.782227	8520.416016
1040.657227	8690.619141
1039.531250	8626.440430
1038.405273	8858.873047
1037.279297	8665.761719
1036.152344	8653.185547
1035.025391	8662.091797
1033.898438	8739.708984
1032.771484	8694.919922
1031.644531	8723.128906
1030.516602	8716.988281
1029.388672	8895.366211
1028.260742	8925.657227
1027.131836	9013.840820
1026.002930	8756.774414
1024.874023	8915.697266
1023.745117	8757.349609
1022.616211	8894.775391
1021.486328	8901.458984
1020.356445	9038.794922
1019.226563	8936.230469
1018.095703	8998.565430
1016.965820	8791.166016
1015.834961	9084.632813
1014.704102	9134.056641
1013.572266	9142.815430
1012.441406	8978.333008
1011.309570	8965.737305
1010.176758	9169.064453
1009.044922	8906.361328
1007.912109	8981.400391
1006.779297	8902.582031
1005.646484	9050.211914
1004.513672	9011.987305
1003.379883	9212.907227
1002.246094	9360.375977
1001.112305	9185.519531
999.978516	9232.645508
998.843750	9143.220703
997.708984	8738.174805
996.574219	8689.407227
995.439453	8538.327148
994.303711	8419.283203
993.167969	8443.066406
992.032227	8370.963867
990.896484	8526.813477
989.759766	8484.538086
988.623047	8465.701172
987.486328	8487.318359
986.349609	8270.556641
985.211914	8370.935547
984.075195	8394.684570
982.936523	8375.883789
981.798828	8510.198242
980.661133	8408.464844
979.522461	8532.085938
978.383789	8662.030273
977.244141	8785.542969
976.105469	8894.134766
974.965820	9000.554688
973.826172	9140.902344
972.685547	9561.409180
971.545898	9786.473633
970.405273	9901.098633
969.264648	9964.758789
968.124023	10134.444336
966.982422	10350.709961
965.840820	10418.471680
964.699219	10467.126953
963.557617	10388.604492
962.415039	10594.036133
961.273438	10435.021484
960.129883	10146.881836
958.987305	10136.250977
957.844727	9983.785156
956.701172	9911.812500
955.557617	9861.030273
954.413086	9482.343750
953.269531	9408.406250
952.125000	9465.614258
950.980469	9298.681641
949.835938	9286.130859
948.690430	9290.492188
947.544922	9132.153320
946.399414	9294.981445
945.253906	9090.243164
944.107422	9062.965820
942.961914	9206.702148
941.815430	9175.188477
940.667969	9335.720703
939.521484	9517.282227
938.374023	9781.029297
937.226563	9785.269531
936.078125	10268.124023
934.930664	10748.663086
933.782227	11083.577148
932.633789	11755.482422
931.485352	12342.833984
930.335938	13277.456055
929.186523	13815.798828
928.037109	14600.230469
926.887695	15032.816406
925.737305	15452.590820
924.587891	15811.169922
923.436523	15769.930664
922.286133	15545.742188
921.135742	15433.086914
919.984375	14704.547852
918.833008	13997.336914
917.680664	13252.603516
916.529297	12571.212891
915.376953	12154.755859
914.224609	11280.697266
913.071289	10820.605469
911.918945	10400.589844
910.765625	10142.341797
909.612305	9882.106445
908.458984	9498.218750
907.304688	9359.869141
906.150391	9353.673828
904.996094	8980.625977
903.841797	9029.005859
902.686523	9027.074219
901.531250	9029.333984
900.375977	8945.715820
899.220703	8728.112305
898.064453	8837.207031
896.908203	8879.272461
895.751953	8864.816406
894.595703	9005.194336
893.438477	8760.614258
892.281250	8689.722656
891.124023	9024.504883
889.966797	8535.487305
888.808594	8617.261719
887.650391	8648.850586
886.492188	8523.738281
885.333008	8465.517578
884.174805	8411.498047
883.015625	8608.038086
881.856445	8541.486328
880.696289	8445.745117
879.536133	8437.675781
878.376953	8531.825195
877.215820	8644.703125
876.055664	8665.787109
874.894531	8422.107422
873.733398	8522.429688
872.572266	8487.261719
871.410156	8364.608398
870.249023	8594.016602
869.086914	8469.309570
867.924805	8457.083008
866.761719	8455.269531
865.598633	8455.537109
864.435547	8418.352539
863.272461	8451.910156
862.109375	8358.586914
860.945313	8354.714844
859.781250	8396.578125
858.616211	8457.129883
857.452148	8368.039063
856.287109	8528.291016
855.122070	8605.390625
853.957031	8412.491211
852.791016	8321.409180
851.625000	8541.728516
850.458984	8548.195313
849.292969	8585.782227
848.125977	8538.300781
846.958984	8441.064453
845.791992	8557.442383
844.625000	8588.773438
843.457031	8365.156250
842.290039	8607.877930
841.121094	8599.813477
839.953125	8407.405273
838.784180	8596.117188
837.615234	8708.142578
836.446289	8602.772461
835.277344	8582.297852
834.107422	8632.179688
832.937500	8673.764648
831.767578	8547.808594
830.597656	8632.816406
829.426758	8697.113281
828.255859	8755.180664
827.084961	8831.821289
825.913086	8755.546875
824.742188	8625.601563
823.570313	8805.471680
822.397461	8867.581055
821.225586	8632.419922
820.052734	8599.606445
818.879883	8766.945313
817.707031	8760.932617
816.533203	8715.736328
815.359375	8637.567383
814.185547	8835.675781
813.011719	8794.612305
811.836914	8875.144531
810.662109	8852.630859
809.487305	9073.176758
808.312500	8873.529297
807.136719	8914.854492
805.961914	8873.824219
804.785156	9011.854492
803.609375	8939.956055
802.432617	8940.086914
801.255859	8833.271484
800.079102	8923.897461
798.902344	8852.078125
797.724609	9063.921875
796.546875	8887.304688
795.369141	8751.850586
794.190430	8895.796875
793.012695	9101.286133
791.833984	9171.181641
790.654297	8924.937500
789.475586	8990.735352
788.295898	8810.292969
787.116211	9029.934570
785.936523	8917.239258
784.755859	9048.593750
783.575195	9056.891602
782.394531	9011.896484
781.213867	8889.053711
780.032227	9026.444336
778.851563	8940.518555
777.668945	8961.114258
776.487305	9145.488281
775.304688	9024.792969
774.123047	9329.813477
772.939453	9188.668945
771.756836	9076.223633
770.573242	9340.130859
769.389648	9456.705078
768.206055	9403.556641
767.022461	9542.547852
765.837891	9585.439453
764.653320	9836.691406
763.468750	9812.098633
762.283203	10210.217773
761.097656	10289.675781
759.912109	10332.356445
758.726563	10636.231445
757.540039	10864.483398
756.353516	11098.754883
755.166992	11316.609375
753.980469	11779.043945
752.792969	12330.972656
751.605469	12758.338867
750.417969	13324.079102
749.230469	14498.693359
748.041992	15524.115234
746.853516	17288.273438
745.665039	19053.703125
744.476563	21341.472656
743.287109	23559.062500
742.097656	25667.857422
740.908203	27924.228516
739.717773	28920.781250
738.527344	29546.853516
737.336914	29629.898438
736.146484	29239.369141
734.955078	28733.189453
733.763672	28152.060547
732.572266	27944.890625
731.380859	27845.431641
730.188477	27364.343750
728.996094	26881.435547
727.803711	26595.572266
726.611328	26037.966797
725.417969	25762.548828
724.224609	25219.558594
723.031250	24319.960938
721.836914	23611.296875
720.643555	22584.757813
719.449219	20723.871094
718.253906	19366.175781
717.059570	17774.132813
715.864258	16794.289063
714.668945	15636.719727
713.473633	14910.762695
712.277344	14209.401367
711.081055	13660.078125
709.884766	13319.327148
708.687500	13069.723633
707.491211	12601.874023
706.293945	12392.959961
705.096680	12481.211914
703.898438	12088.549805
702.700195	12065.725586
701.501953	11952.027344
700.303711	11842.416992
699.105469	11771.208008
697.906250	11675.810547
696.707031	11671.257813
695.506836	11818.010742
694.307617	11817.460938
693.107422	12008.481445
691.907227	12098.613281
690.706055	12239.096680
689.505859	13024.389648
688.304688	13345.939453
687.102539	13858.712891
685.901367	14284.663086
684.699219	14885.599609
683.497070	15496.339844
682.294922	15980.018555
681.091797	16320.624023
679.889648	16451.859375
678.685547	16303.469727
677.482422	16191.338867
676.278320	15980.745117
675.075195	15758.181641
673.870117	15165.959961
672.666016	15460.006836
671.460938	14940.417969
670.255859	14734.335938
669.050781	14510.273438
667.845703	14462.953125
666.639648	14532.054688
665.433594	14344.295898
664.226563	14664.145508
663.020508	14548.638672
661.813477	14808.147461
660.606445	15005.396484
659.398438	15306.781250
658.191406	15081.019531
656.983398	15540.524414
655.775391	15314.807617
654.566406	15313.474609
653.358398	15298.125000
652.149414	15220.730469
650.939453	14933.237305
649.730469	14933.985352
648.520508	14476.647461
647.310547	14193.501953
646.099609	13774.512695
644.889648	13483.645508
643.678711	12941.078125
642.467773	12624.541016
641.255859	12495.929688
640.044922	12199.599609
638.833008	12137.032227
637.620117	11790.997070
636.408203	11806.388672
635.195313	11889.623047
633.982422	12006.737305
632.769531	12169.677734
631.555664	12322.574219
630.341797	12620.954102
629.127930	13076.680664
627.914063	13404.657227
626.699219	13846.064453
625.484375	13741.445313
624.269531	13716.537109
623.053711	13544.288086
621.838867	13296.463867
620.622070	12823.836914
619.406250	12460.861328
618.190430	12187.569336
616.973633	11886.549805
615.756836	11559.809570
614.539063	11390.276367
613.321289	11047.882813
612.104492	11019.633789
610.885742	10780.787109
609.667969	10635.407227
608.449219	10571.516602
607.230469	10513.609375
606.011719	10457.711914
604.791992	10493.134766
603.572266	10252.727539
602.352539	10262.388672
601.132813	10444.600586
599.912109	10097.279297
598.691406	10253.673828
597.470703	10299.000977
596.249023	10031.204102
595.028320	10060.708984
593.805664	10064.450195
592.583984	10111.756836
591.362305	10065.985352
590.139648	10160.777344
588.916992	10184.281250
587.693359	10089.055664
586.469727	10069.042969
585.246094	10185.504883
584.022461	10230.730469
582.798828	10266.050781
581.574219	10317.166992
580.349609	10431.493164
579.125000	10364.013672
577.899414	10535.557617
576.673828	10600.390625
575.448242	10592.144531
574.221680	10692.464844
572.996094	10913.120117
571.769531	11192.868164
570.541992	11014.855469
569.315430	11164.295898
568.087891	11189.452148
566.860352	11190.941406
565.632813	11225.933594
564.404297	11130.863281
563.175781	11185.550781
561.947266	10974.325195
560.717773	10897.091797
559.489258	10920.293945
558.259766	10917.898438
557.029297	10828.918945
555.799805	10675.053711
554.569336	10786.794922
553.338867	10572.041992
552.107422	10473.382813
550.876953	10535.951172
549.645508	10486.472656
548.413086	10521.501953
547.181641	10587.944336
545.949219	10577.763672
544.716797	10673.615234
543.484375	10396.441406
542.250977	10612.010742
541.017578	10558.662109
539.784180	10701.514648
538.550781	10624.631836
537.316406	10541.899414
536.082031	10588.595703
534.847656	10372.622070
533.612305	10734.833008
532.376953	10612.961914
531.141602	10432.381836
529.906250	10322.379883
528.669922	10398.426758
527.433594	10470.523438
526.197266	10446.693359
524.959961	10373.958008
523.722656	10592.724609
522.485352	10821.173828
521.248047	11780.811523
520.009766	12059.723633
518.771484	12160.657227
517.533203	11831.657227
516.294922	11350.421875
515.055664	10937.757813
513.816406	10628.769531
512.577148	10587.383789
511.336914	10479.651367
510.096680	10555.402344
508.856445	10385.290039
507.616211	10554.655273
506.375000	10663.490234
505.133789	10481.766602
503.892578	10582.770508
502.650391	10578.490234
