1802.297852	10505.800781
1801.329102	10458.353516
1800.359375	10586.094727
1799.390625	10456.672852
1798.420898	10472.053711
1797.451172	10831.768555
1796.480469	10455.395508
1795.510742	10188.918945
1794.540039	9947.484375
1793.569336	9898.125000
1792.598633	10309.940430
1791.627930	10427.506836
1790.656250	10532.567383
1789.684570	10547.900391
1788.712891	10368.949219
1787.741211	10379.327148
1786.769531	10456.923828
1785.797852	10400.069336
1784.825195	10888.272461
1783.852539	10928.395508
1782.879883	11388.931641
1781.907227	11304.574219
1780.933594	11349.561523
1779.959961	11620.779297
1778.986328	11735.285156
1778.012695	11956.611328
1777.039063	11743.012695
1776.064453	11626.386719
1775.090820	11599.221680
1774.116211	10859.367188
1773.141602	10949.056641
1772.166016	11209.987305
1771.191406	11649.500977
1770.215820	12051.618164
1769.240234	12155.878906
1768.264648	12547.812500
1767.289063	12860.233398
1766.312500	12875.013672
1765.336914	13184.763672
1764.360352	13385.344727
1763.383789	13464.430664
1762.406250	13149.591797
1761.429688	13414.454102
1760.452148	13112.130859
1759.474609	13215.963867
1758.497070	13502.929688
1757.519531	13960.542969
1756.541016	14301.677734
1755.563477	14763.893555
1754.584961	15087.416016
1753.606445	14671.425781
1752.626953	14549.811523
1751.648438	14319.482422
1750.668945	13765.497070
1749.689453	13700.965820
1748.709961	14137.944336
1747.730469	14033.843750
1746.750000	14389.088867
1745.769531	13885.018555
1744.789063	13447.796875
1743.808594	13430.291016
1742.828125	13101.900391
1741.846680	13442.170898
1740.866211	13513.465820
1739.884766	13251.833008
1738.903320	13278.758789
1737.920898	13083.829102
1736.939453	13216.746094
1735.957031	12822.327148
1734.974609	12807.435547
1733.992188	12755.605469
1733.009766	13341.570313
1732.026367	13407.826172
1731.042969	13518.361328
1730.059570	13203.103516
1729.076172	12823.999023
1728.092773	12774.683594
1727.108398	12432.708008
1726.125000	12781.845703
1725.140625	13101.341797
1724.155273	13452.662109
1723.170898	13907.055664
1722.185547	13653.645508
1721.201172	13606.683594
1720.215820	13336.242188
1719.230469	12685.299805
1718.244141	12913.523438
1717.258789	12849.564453
1716.272461	12888.699219
1715.286133	13156.000000
1714.299805	13268.648438
1713.312500	13471.997070
1712.326172	13942.539063
1711.338867	14341.795898
1710.351563	14424.699219
1709.364258	14514.920898
1708.375977	14438.498047
1707.388672	14362.104492
1706.400391	14413.095703
1705.412109	14505.691406
1704.422852	14752.482422
1703.434570	15072.603516
1702.445313	15179.691406
1701.457031	15966.907227
1700.466797	16105.571289
1699.477539	16816.466797
1698.488281	16959.791016
1697.498047	17000.380859
1696.507813	17168.052734
1695.517578	17489.607422
1694.527344	16997.443359
1693.536133	17299.359375
1692.545898	17447.294922
1691.554688	17944.335938
1690.563477	18167.757813
1689.572266	18417.935547
1688.580078	18404.462891
1687.587891	18364.158203
1686.595703	18643.414063
1685.603516	18812.810547
1684.611328	18760.253906
1683.618164	18968.562500
1682.625977	18808.750000
1681.632813	18436.998047
1680.639648	18182.339844
1679.645508	18397.898438
1678.652344	18340.611328
1677.658203	18763.013672
1676.664063	18841.998047
1675.669922	19066.982422
1674.675781	19308.908203
1673.680664	19066.589844
1672.685547	18965.447266
1671.690430	18934.871094
1670.695313	19050.189453
1669.700195	18601.486328
1668.704102	18296.357422
1667.708008	17928.171875
1666.711914	17618.441406
1665.715820	18093.392578
1664.719727	18118.882813
1663.722656	18078.804688
1662.725586	17987.765625
1661.728516	17743.859375
1660.731445	17415.123047
1659.733398	17200.542969
1658.736328	17427.496094
1657.738281	17411.849609
1656.740234	17708.978516
1655.741211	17702.978516
1654.743164	17699.402344
1653.744141	18495.445313
1652.745117	18133.164063
1651.746094	17686.253906
1650.747070	17513.166016
1649.747070	17432.150391
1648.748047	17416.525391
1647.748047	17906.716797
1646.748047	18118.447266
1645.747070	18018.017578
1644.747070	18086.935547
1643.746094	17882.568359
1642.745117	18215.013672
1641.744141	18148.482422
1640.742188	18118.228516
1639.741211	18158.056641
1638.739258	17755.785156
1637.737305	17841.558594
1636.735352	17992.494141
1635.732422	18218.212891
1634.730469	18103.492188
1633.727539	17829.537109
1632.724609	18006.890625
1631.721680	18029.783203
1630.717773	18016.486328
1629.713867	17991.138672
1628.710938	18161.080078
1627.707031	18314.078125
1626.702148	18645.345703
1625.698242	19128.269531
1624.693359	19040.085938
1623.688477	18805.019531
1622.683594	19005.886719
1621.678711	19018.890625
1620.672852	18213.517578
1619.666992	17998.058594
1618.661133	18061.781250
1617.655273	17997.984375
1616.649414	18201.169922
1615.642578	18317.707031
1614.635742	18203.410156
1613.628906	18331.916016
1612.622070	18746.335938
1611.615234	19021.234375
1610.607422	19577.068359
1609.599609	19990.978516
1608.591797	20133.394531
1607.583984	20326.164063
1606.576172	19611.599609
1605.567383	19770.800781
1604.558594	19735.601563
1603.549805	20331.269531
1602.541016	20624.523438
1601.531250	20814.554688
1600.521484	21090.808594
1599.511719	20623.958984
1598.501953	20730.001953
1597.492188	20498.197266
1596.481445	20510.804688
1595.471680	21098.158203
1594.460938	20974.160156
1593.449219	21431.912109
1592.438477	21815.281250
1591.426758	22339.673828
1590.415039	22555.236328
1589.403320	22926.183594
1588.391602	22486.292969
1587.379883	22551.064453
1586.367188	22190.310547
1585.354492	22212.093750
1584.341797	22613.789063
1583.329102	22566.195313
1582.315430	22356.201172
1581.302734	22931.943359
1580.289063	23517.000000
1579.274414	23516.996094
1578.260742	23581.425781
1577.247070	23428.699219
1576.232422	23476.419922
1575.217773	23567.050781
1574.203125	23121.109375
1573.187500	22706.341797
1572.172852	22923.402344
1571.157227	22985.470703
1570.141602	23300.074219
1569.125000	23312.011719
1568.109375	23252.492188
1567.092773	23669.236328
1566.076172	23254.937500
1565.059570	23612.003906
1564.042969	23324.009766
1563.025391	23366.849609
1562.008789	23150.382813
1560.991211	23433.449219
1559.973633	23542.814453
1558.955078	23566.552734
1557.937500	23431.029297
1556.918945	23036.535156
1555.900391	23129.257813
1554.881836	23043.785156
1553.862305	23039.093750
1552.842773	23373.947266
1551.824219	23157.906250
1550.804688	23530.572266
1549.784180	23509.169922
1548.764648	22889.904297
1547.744141	22439.300781
1546.723633	22491.648438
1545.703125	22634.070313
1544.682617	22582.048828
1543.661133	22534.785156
1542.639648	22238.732422
1541.618164	21978.335938
1540.596680	22156.242188
1539.575195	22402.751953
1538.552734	22978.265625
1537.530273	22580.626953
1536.507813	22985.464844
1535.485352	22727.591797
1534.461914	23153.523438
1533.439453	22952.486328
1532.416016	22985.642578
1531.392578	23040.062500
1530.368164	22895.898438
1529.344727	22692.707031
1528.320313	22638.458984
1527.295898	22638.566406
1526.271484	22355.244141
1525.246094	22520.705078
1524.221680	22520.830078
1523.196289	22870.300781
1522.170898	23000.150391
1521.145508	22976.582031
1520.119141	22849.222656
1519.092773	22762.011719
1518.067383	22889.414063
1517.040039	23028.552734
1516.013672	22755.144531
1514.987305	23179.396484
1513.959961	22964.968750
1512.932617	23245.310547
1511.905273	23478.431641
1510.876953	23419.478516
1509.849609	23765.468750
1508.821289	23617.037109
1507.792969	23793.410156
1506.763672	24148.517578
1505.735352	23924.824219
1504.706055	24068.095703
1503.676758	24253.632813
1502.647461	24467.300781
1501.618164	24765.494141
1500.587891	24701.685547
1499.557617	24569.769531
1498.527344	24517.767578
1497.497070	24601.994141
1496.466797	24874.019531
1495.435547	24857.195313
1494.404297	24626.802734
1493.373047	24708.585938
1492.341797	24213.214844
1491.309570	24311.464844
1490.278320	23914.867188
1489.246094	24301.517578
1488.213867	23883.984375
1487.180664	24436.878906
1486.148438	24127.269531
1485.115234	24565.093750
1484.082031	24260.267578
1483.047852	25004.644531
1482.014648	24381.443359
1480.980469	24802.466797
1479.946289	25078.220703
1478.912109	25393.634766
1477.877930	25570.900391
1476.842773	25766.802734
1475.808594	26348.449219
1474.773438	26635.285156
1473.738281	27048.220703
1472.702148	27713.373047
1471.666992	27922.646484
1470.630859	28323.380859
1469.594727	28702.929688
1468.557617	29280.794922
1467.521484	29776.714844
1466.484375	30151.058594
1465.447266	30382.902344
1464.410156	30791.960938
1463.373047	31277.828125
1462.334961	31681.869141
1461.296875	31819.933594
1460.258789	32193.388672
1459.220703	32384.896484
1458.182617	32888.570313
1457.143555	32620.894531
1456.104492	33007.847656
1455.065430	33296.832031
1454.026367	33033.886719
1452.986328	33304.121094
1451.946289	33164.628906
1450.906250	32638.931641
1449.866211	33434.835938
1448.826172	33744.300781
1447.785156	34237.339844
1446.744141	34200.089844
1445.703125	34193.070313
1444.662109	34439.363281
1443.620117	34411.382813
1442.578125	33784.062500
1441.537109	33842.156250
1440.494141	33470.640625
1439.452148	32839.250000
1438.409180	32593.427734
1437.367188	31704.880859
1436.323242	30981.431641
1435.280273	30399.779297
1434.237305	30398.171875
1433.193359	29849.335938
1432.149414	29507.052734
1431.105469	29619.195313
1430.061523	29031.458984
1429.016602	28548.220703
1427.971680	28384.839844
1426.926758	28114.992188
1425.881836	27954.078125
1424.835938	27825.638672
1423.791016	27662.533203
1422.745117	27541.144531
1421.699219	27981.990234
1420.652344	27522.878906
1419.606445	27593.531250
1418.559570	27539.302734
1417.512695	27630.724609
1416.465820	28052.599609
1415.417969	27979.818359
1414.371094	27999.472656
1413.323242	28277.806641
1412.275391	28061.845703
1411.226563	28178.433594
1410.178711	28221.107422
1409.129883	27739.888672
1408.081055	27921.072266
1407.032227	28002.984375
1405.982422	27923.414063
1404.933594	27760.863281
1403.883789	27768.978516
1402.833984	27604.216797
1401.783203	27301.251953
1400.733398	27367.052734
1399.682617	27227.810547
1398.631836	27130.078125
1397.581055	26744.560547
1396.529297	26999.189453
1395.478516	26880.843750
1394.426758	26806.269531
1393.375000	26872.066406
1392.322266	26905.630859
1391.270508	26635.615234
1390.217773	26531.255859
1389.165039	26576.359375
1388.112305	26276.693359
1387.058594	26264.382813
1386.005859	26003.957031
1384.952148	26120.330078
1383.898438	26215.984375
1382.843750	26467.724609
1381.790039	26884.632813
1380.735352	26941.050781
1379.680664	27465.529297
1378.625977	27707.619141
1377.570313	27894.562500
1376.515625	28429.980469
1375.459961	27997.683594
1374.404297	28301.345703
1373.347656	28751.550781
1372.291992	28571.482422
1371.235352	28870.251953
1370.178711	28745.197266
1369.122070	29101.050781
1368.064453	29122.513672
1367.007813	29075.298828
1365.950195	29149.386719
1364.892578	29468.250000
1363.833984	29732.080078
1362.776367	29870.015625
1361.717773	29843.265625
1360.659180	29638.216797
1359.600586	30340.611328
1358.541016	30119.544922
1357.482422	30449.156250
1356.422852	30328.656250
1355.363281	30941.257813
1354.302734	31459.994141
1353.243164	31859.812500
1352.182617	32072.320313
1351.122070	32763.910156
1350.060547	32841.542969
1349.000000	33548.648438
1347.938477	34193.890625
1346.876953	33945.152344
1345.815430	34615.113281
1344.753906	35612.964844
1343.691406	35872.179688
1342.628906	36671.167969
1341.566406	36845.781250
1340.503906	37614.628906
1339.441406	38276.160156
1338.377930	39353.945313
1337.314453	39905.605469
1336.250977	40256.820313
1335.186523	40987.761719
1334.123047	41550.109375
1333.058594	42021.265625
1331.994141	42178.515625
1330.928711	41858.406250
1329.864258	41636.136719
1328.798828	41338.984375
1327.733398	40733.042969
1326.667969	40043.324219
1325.601563	39941.941406
1324.536133	39016.589844
1323.469727	38091.617188
1322.403320	36980.968750
1321.335938	36417.500000
1320.269531	35922.308594
1319.202148	34787.847656
1318.134766	34538.050781
1317.067383	34481.023438
1315.999023	33585.511719
1314.930664	33218.292969
1313.863281	33091.343750
1312.793945	32708.521484
1311.725586	32914.585938
1310.656250	32174.263672
1309.587891	32040.837891
1308.517578	31796.583984
1307.448242	32034.333984
1306.378906	31799.224609
1305.308594	31539.335938
1304.238281	31322.511719
1303.167969	31071.867188
1302.096680	30502.646484
1301.026367	30654.492188
1299.955078	29941.003906
1298.883789	29896.388672
1297.811523	29490.472656
1296.740234	29059.886719
1295.667969	28776.203125
1294.595703	27948.736328
1293.523438	28186.621094
1292.450195	27668.675781
1291.376953	27254.695313
1290.303711	27521.884766
1289.230469	27090.066406
1288.157227	27179.107422
1287.083008	27565.580078
1286.008789	27422.414063
1284.934570	26754.443359
1283.860352	27134.001953
1282.785156	27360.285156
1281.710938	27188.007813
1280.635742	27774.304688
1279.559570	27446.740234
1278.484375	27758.257813
1277.408203	27936.931641
1276.332031	27915.380859
1275.255859	28033.238281
1274.179688	28425.292969
1273.102539	28545.240234
1272.025391	28471.892578
1270.948242	28735.554688
1269.871094	28695.884766
1268.793945	28712.369141
1267.715820	28255.121094
1266.637695	28794.697266
1265.559570	28891.937500
1264.480469	28726.619141
1263.401367	28574.826172
1262.323242	28207.787109
1261.243164	28031.496094
1260.164063	27767.843750
1259.083984	27831.546875
1258.004883	27538.910156
1256.924805	27508.529297
1255.843750	27475.919922
1254.763672	27349.261719
1253.682617	26609.148438
1252.601563	26805.080078
1251.520508	26403.343750
1250.438477	26324.000000
1249.357422	26278.244141
1248.275391	25852.261719
1247.193359	25719.406250
1246.110352	25488.228516
1245.028320	25681.861328
1243.945313	24894.300781
1242.862305	25155.005859
1241.779297	24874.984375
1240.695313	25180.251953
1239.611328	24862.378906
1238.527344	24455.335938
1237.443359	24425.681641
1236.359375	24478.609375
1235.274414	24379.794922
1234.189453	24042.335938
1233.104492	24101.996094
1232.019531	23824.937500
1230.933594	23802.132813
1229.847656	23899.691406
1228.761719	24217.814453
1227.675781	23900.855469
1226.588867	23837.953125
1225.502930	24024.496094
1224.416016	24037.291016
1223.328125	24150.253906
1222.241211	23956.037109
1221.153320	24024.462891
1220.065430	24017.220703
1218.977539	23961.048828
1217.889648	24042.769531
1216.800781	23837.654297
1215.711914	23863.792969
1214.623047	23789.916016
1213.534180	23638.302734
1212.444336	23586.712891
1211.355469	23350.808594
1210.265625	23463.613281
1209.174805	23554.167969
1208.084961	23620.269531
1206.994141	23442.244141
1205.903320	23324.195313
1204.812500	23474.587891
1203.720703	23336.619141
1202.629883	23460.337891
1201.538086	23091.884766
1200.446289	23056.027344
1199.353516	23084.441406
1198.261719	22796.046875
1197.168945	22656.167969
1196.076172	22476.488281
1194.983398	22288.025391
1193.889648	22515.779297
1192.795898	23026.707031
1191.702148	22829.394531
1190.608398	23165.281250
1189.514648	22917.150391
1188.419922	23423.138672
1187.325195	23110.943359
1186.230469	23190.093750
1185.135742	23404.007813
1184.040039	23169.335938
1182.944336	23292.599609
1181.848633	23250.177734
1180.752930	23521.300781
1179.656250	22924.767578
1178.559570	22900.101563
1177.462891	23029.904297
1176.366211	22846.384766
1175.268555	22949.671875
1174.171875	22920.605469
1173.074219	22607.142578
1171.975586	22646.488281
1170.877930	22573.423828
1169.779297	22692.078125
1168.680664	22493.468750
1167.582031	22405.060547
1166.483398	22528.076172
1165.383789	22309.808594
1164.284180	22267.710938
1163.184570	22348.863281
1162.084961	22165.966797
1160.984375	22467.066406
1159.883789	22282.021484
1158.783203	22356.500000
1157.682617	22334.222656
1156.581055	22232.833984
1155.480469	22454.492188
1154.378906	22129.037109
1153.276367	22113.410156
1152.174805	22534.781250
1151.072266	22110.712891
1149.969727	22610.925781
1148.867188	22641.291016
1147.764648	22875.695313
1146.661133	23028.832031
1145.557617	23098.564453
1144.454102	23181.421875
1143.349609	23507.582031
1142.246094	23638.535156
1141.141602	23640.144531
1140.037109	23538.777344
1138.932617	23676.208984
1137.827148	23480.707031
1136.721680	23372.867188
1135.616211	23317.605469
1134.510742	23317.082031
1133.404297	23115.250000
1132.298828	23158.519531
1131.192383	22661.531250
1130.084961	22971.656250
1128.978516	22708.845703
1127.871094	22706.255859
1126.763672	22504.796875
1125.656250	22753.511719
1124.548828	22554.310547
1123.440430	22684.972656
1122.332031	22780.642578
1121.223633	22653.597656
1120.115234	22482.953125
1119.005859	22827.365234
1117.896484	23271.986328
1116.787109	22979.166016
1115.677734	23373.410156
1114.567383	23222.408203
1113.457031	23490.000000
1112.346680	23613.638672
1111.236328	24031.376953
1110.125000	24043.744141
1109.014648	24465.570313
1107.903320	24802.292969
1106.791016	25441.488281
1105.679688	25536.253906
1104.567383	26061.861328
1103.455078	26112.937500
1102.342773	26664.302734
1101.230469	26425.980469
1100.117188	26724.818359
1099.003906	26943.095703
1097.890625	26861.347656
1096.776367	26384.150391
1095.663086	26530.664063
1094.548828	26136.275391
1093.434570	25859.314453
1092.319336	25619.378906
1091.205078	25257.986328
1090.089844	24733.976563
1088.974609	24112.548828
1087.858398	24120.478516
1086.743164	23659.931641
1085.626953	23208.251953
1084.510742	23355.111328
1083.394531	23051.072266
1082.277344	22942.191406
1081.160156	22835.521484
1080.042969	22744.056641
1078.925781	22663.458984
1077.807617	22487.625000
1076.690430	22612.761719
1075.572266	22365.587891
1074.453125	22540.462891
1073.334961	22459.986328
1072.215820	22751.560547
1071.096680	22619.169922
1069.977539	22579.800781
1068.858398	22520.992188
1067.738281	22844.718750
1066.618164	22950.083984
1065.498047	23064.042969
1064.376953	23000.857422
1063.256836	23058.615234
1062.135742	23431.531250
1061.014648	23420.103516
1059.892578	23417.310547
1058.771484	23785.593750
1057.649414	23743.896484
1056.527344	24157.240234
1055.404297	23942.994141
1054.282227	24052.177734
1053.159180	24047.091797
1052.036133	24442.777344
1050.912109	24625.025391
1049.789063	24604.740234
1048.665039	24291.609375
1047.541016	24712.738281
1046.416992	24404.019531
1045.291992	24745.318359
1044.166992	24296.873047
1043.041992	24416.492188
1041.916992	24447.882813
1040.791992	24247.046875
1039.666016	23947.408203
1038.540039	24041.201172
1037.413086	24012.474609
1036.287109	23725.960938
1035.160156	23727.380859
1034.033203	23380.917969
1032.906250	23367.376953
1031.779297	23740.210938
1030.651367	23821.023438
1029.523438	24034.826172
1028.395508	24465.195313
1027.266602	24033.220703
1026.137695	23886.609375
1025.009766	24091.634766
1023.879883	23617.144531
1022.750977	23897.138672
1021.621094	23712.109375
1020.491211	23882.722656
1019.361328	24134.638672
1018.231445	23356.605469
1017.100586	23672.740234
1015.969727	23866.751953
1014.838867	23915.181641
1013.708008	23672.656250
1012.576172	23502.949219
1011.444336	23320.482422
1010.312500	23170.160156
1009.180664	23197.304688
1008.047852	23188.107422
1006.915039	23531.437500
1005.782227	23838.304688
1004.649414	24234.738281
1003.515625	24255.214844
1002.381836	24583.076172
1001.248047	24740.060547
1000.114258	24320.853516
998.979492	23795.156250
997.844727	23581.080078
996.709961	22872.373047
995.575195	22586.093750
994.439453	22466.195313
993.303711	22410.277344
992.167969	22041.181641
991.032227	22628.681641
989.895508	22591.927734
988.758789	22880.964844
987.622070	22548.265625
986.485352	22720.126953
985.347656	22300.357422
984.210938	22404.115234
983.073242	22505.703125
981.934570	22309.529297
980.796875	22391.955078
979.658203	22531.736328
978.519531	22567.322266
977.380859	22619.890625
976.241211	22589.587891
975.101563	22676.107422
973.961914	22643.677734
972.822266	22532.714844
971.681641	22557.634766
970.541992	23147.000000
969.400391	23515.470703
968.259766	24015.291016
967.119141	24073.798828
965.977539	24117.439453
964.835938	24031.753906
963.694336	24507.720703
962.551758	24313.923828
961.409180	24209.181641
960.266602	24250.621094
959.124023	24025.234375
957.980469	24056.107422
956.837891	23852.023438
955.694336	23893.496094
954.549805	23778.388672
953.406250	23743.708984
952.261719	23709.042969
951.117188	23532.726563
949.972656	23005.578125
948.827148	23266.968750
947.681641	22993.658203
946.536133	22999.320313
945.390625	23076.789063
944.245117	23297.814453
943.098633	23328.736328
941.952148	23688.921875
940.804688	23709.193359
939.658203	24142.984375
938.510742	24331.898438
937.363281	24794.894531
936.215820	25314.619141
935.067383	25935.308594
933.919922	26393.445313
932.770508	26958.851563
931.622070	28295.064453
930.473633	29173.648438
929.324219	30306.658203
928.174805	31108.642578
927.025391	31464.044922
925.875000	32031.841797
924.724609	32332.185547
923.574219	31889.845703
922.423828	31441.384766
921.272461	30881.671875
920.122070	29815.564453
918.969727	28892.830078
917.818359	28128.085938
916.666992	26861.560547
915.514648	26213.095703
914.362305	25077.716797
913.208984	24845.609375
912.056641	23956.593750
910.903320	23735.316406
909.750000	23291.726563
908.596680	22934.330078
907.442383	22925.232422
906.288086	22823.876953
905.133789	22726.755859
903.979492	22656.921875
902.824219	22557.779297
901.668945	21976.822266
900.513672	22014.013672
899.358398	22011.396484
898.202148	21992.031250
897.045898	22177.810547
895.889648	21756.599609
894.733398	21829.361328
893.576172	21906.273438
892.419922	21905.765625
891.261719	22143.632813
890.104492	21860.849609
888.946289	21574.005859
887.789063	21882.833984
886.629883	21696.386719
885.471680	21351.273438
884.312500	21532.560547
883.153320	21901.675781
881.994141	21750.865234
880.834961	21792.119141
879.674805	21691.468750
878.514648	21599.207031
877.354492	21751.000000
876.194336	21833.916016
875.033203	21518.611328
873.872070	21716.175781
872.710938	21774.035156
871.548828	22152.710938
870.387695	21752.203125
869.225586	21597.597656
868.063477	21826.156250
866.900391	21894.332031
865.737305	21804.308594
864.574219	21982.736328
863.411133	21826.160156
862.248047	21463.750000
861.083984	21665.001953
859.919922	21760.142578
858.755859	21655.705078
857.590820	21310.259766
856.425781	21704.583984
855.260742	22023.960938
854.095703	22035.845703
852.930664	21894.082031
851.764648	21729.544922
850.598633	21839.025391
849.431641	21875.833984
848.265625	21425.125000
847.098633	21605.111328
845.931641	21940.537109
844.764648	21962.775391
843.596680	21786.023438
842.428711	21737.826172
841.260742	21753.873047
840.092773	22356.105469
838.923828	22361.656250
837.754883	22528.699219
836.585938	22209.212891
835.416992	22450.718750
834.247070	22489.343750
833.077148	22530.019531
831.907227	22413.490234
830.737305	22580.298828
829.566406	22393.515625
828.395508	22611.925781
827.224609	22233.033203
826.052734	22701.367188
824.881836	22739.861328
823.709961	23290.488281
822.538086	22986.097656
821.365234	22857.296875
820.192383	22658.380859
819.019531	22626.681641
817.846680	22248.425781
816.673828	22043.578125
815.500000	21871.808594
814.326172	21772.267578
813.151367	22037.587891
811.977539	22146.181641
810.802734	22514.314453
809.627930	22771.060547
808.453125	22827.937500
807.277344	22701.542969
806.101563	22748.115234
804.925781	22590.919922
803.750000	22635.435547
802.573242	22231.472656
801.396484	22263.703125
800.219727	22398.728516
799.042969	22412.404297
797.865234	22717.933594
796.687500	22756.189453
795.509766	23040.964844
794.331055	23183.886719
793.153320	23283.621094
791.974609	23461.330078
790.795898	23238.683594
789.616211	22878.628906
788.436523	22752.636719
787.256836	22893.376953
786.077148	23120.193359
784.897461	23240.285156
783.716797	22886.761719
782.536133	22476.000000
781.354492	22479.345703
780.173828	22593.320313
778.992188	22801.464844
777.810547	22784.255859
776.628906	22736.339844
775.446289	22782.605469
774.263672	22190.335938
773.081055	22785.042969
771.898438	23183.111328
770.714844	22987.902344
769.531250	22715.074219
768.347656	22857.357422
767.163086	23602.515625
765.979492	23720.021484
764.794922	24080.589844
763.609375	23695.474609
762.424805	23516.775391
761.239258	24291.603516
760.053711	24688.472656
758.868164	24883.130859
757.681641	25045.058594
756.495117	25665.888672
755.308594	26037.636719
754.122070	26042.201172
752.934570	26319.929688
751.748047	26978.666016
750.559570	27681.943359
749.372070	28340.097656
748.183594	28633.376953
746.995117	30451.761719
745.806641	32075.945313
744.618164	33597.648438
743.428711	34913.156250
742.239258	36665.527344
741.049805	38061.160156
739.859375	39456.187500
738.669922	40173.527344
737.479492	40982.027344
736.288086	41302.402344
735.097656	41051.656250
733.906250	41428.753906
732.714844	41915.363281
731.523438	42062.640625
730.331055	42012.925781
729.138672	42127.640625
727.946289	41408.250000
726.753906	41405.363281
725.560547	40731.062500
724.367188	39783.269531
723.173828	38977.816406
721.979492	38067.300781
720.786133	37017.332031
719.591797	36172.468750
718.396484	34227.957031
717.202148	33274.691406
716.006836	32157.818359
714.811523	31602.207031
713.616211	31160.183594
712.419922	30489.681641
711.223633	29878.138672
710.027344	29218.316406
708.831055	29307.023438
707.633789	28938.751953
706.436523	29253.876953
705.239258	28768.556641
704.041016	28491.560547
702.843750	28267.205078
701.645508	27899.550781
700.447266	27453.302734
699.248047	27061.755859
698.048828	27507.988281
696.849609	28030.705078
695.650391	28599.593750
694.450195	28625.654297
693.250000	29115.517578
692.049805	29433.792969
690.849609	30630.777344
689.648438	31553.164063
688.447266	32992.960938
687.246094	33644.500000
686.044922	34477.007813
684.842773	35041.355469
683.640625	36648.234375
682.438477	38419.449219
681.235352	39380.980469
680.033203	39283.898438
678.829102	39038.019531
677.625977	38448.378906
676.422852	37257.867188
675.218750	36218.621094
674.014648	35682.218750
672.809570	36022.039063
671.604492	35741.015625
670.400391	35405.890625
669.194336	35358.031250
667.989258	35033.164063
666.783203	35089.761719
665.577148	35457.343750
664.371094	35772.605469
663.164063	36192.023438
661.957031	36775.683594
660.750000	37503.429688
659.542969	38138.656250
658.334961	37517.156250
657.127930	37472.921875
655.918945	36809.765625
654.710938	35956.652344
653.501953	35768.621094
652.292969	35174.324219
651.083984	35102.617188
649.875000	34362.656250
648.665039	33502.988281
647.455078	33279.687500
646.244141	32078.705078
645.034180	31092.148438
643.823242	31105.357422
642.612305	30157.404297
641.400391	29619.412109
640.189453	29063.677734
638.977539	28312.484375
637.765625	27984.873047
636.552734	28274.185547
635.339844	28140.296875
634.126953	27966.562500
632.914063	28014.318359
631.700195	28181.710938
630.487305	28534.458984
629.272461	28532.218750
628.058594	28695.396484
626.843750	29625.644531
625.628906	29860.226563
624.414063	29325.904297
623.199219	29184.093750
621.983398	28940.810547
620.767578	28958.375000
619.551758	28731.164063
618.334961	27911.169922
617.118164	27628.587891
615.901367	27304.365234
614.684570	26926.599609
613.466797	26646.400391
612.249023	26380.234375
611.031250	25704.875000
609.813477	25019.875000
608.594727	24835.662109
607.375977	25056.593750
606.157227	25158.316406
604.937500	24958.308594
603.717773	25054.050781
602.498047	25110.074219
601.278320	24803.095703
600.057617	24817.501953
598.836914	24768.457031
597.616211	24652.037109
596.395508	24331.550781
595.173828	24060.734375
593.952148	23942.560547
592.729492	23432.314453
591.507813	23027.228516
590.285156	22788.601563
589.062500	22730.177734
587.839844	22938.900391
586.616211	22722.205078
585.392578	22909.078125
584.168945	23378.632813
582.944336	23832.166016
581.720703	23941.585938
580.495117	24359.224609
579.270508	24517.867188
578.045898	24623.107422
576.820313	25010.697266
575.594727	25206.601563
574.368164	25428.078125
573.142578	25669.191406
571.916016	25858.898438
570.688477	25859.148438
569.461914	25981.671875
568.234375	25936.541016
567.006836	25853.972656
565.779297	25799.031250
564.550781	25748.052734
563.322266	25651.785156
562.093750	25559.496094
560.865234	25225.039063
559.635742	25245.097656
558.406250	25613.537109
557.176758	25548.880859
555.946289	25407.521484
554.715820	25529.802734
553.485352	25461.267578
552.254883	25264.964844
551.023438	25412.744141
549.791992	25108.441406
548.560547	25317.097656
547.328125	24466.839844
546.096680	24157.048828
544.864258	23759.033203
543.630859	24168.033203
542.398438	23952.716797
541.165039	24430.171875
539.931641	24734.773438
538.697266	24703.841797
537.463867	24727.828125
536.229492	24712.591797
534.994141	24730.681641
533.759766	24523.400391
532.524414	24772.710938
531.289063	24972.941406
530.053711	24560.107422
528.817383	24464.640625
527.581055	24723.527344
526.344727	24784.632813
525.107422	25248.781250
523.871094	25849.658203
522.632813	26542.195313
521.395508	27803.437500
520.158203	27949.804688
518.919922	27625.070313
517.681641	26776.783203
516.442383	25971.845703
515.203125	25651.662109
513.963867	24812.173828
512.724609	24755.951172
511.485352	24360.113281
510.245117	24682.603516
509.004883	25219.566406
507.763672	25533.917969
506.523438	26084.107422
505.282227	25809.291016
504.040039	25795.808594
502.798828	25618.621094
501.556641	25116.111328
