1802.297852	4028.014648
1801.329102	4195.328125
1800.359375	3889.890381
1799.390625	3981.473633
1798.420898	4025.601074
1797.451172	4094.663086
1796.480469	3979.087646
1795.510742	3631.594971
1794.540039	3583.488525
1793.569336	3709.927002
1792.598633	3716.663818
1791.627930	3897.854004
1790.656250	3936.942627
1789.684570	4033.313965
1788.712891	3753.544678
1787.741211	3737.852783
1786.769531	3692.290039
1785.797852	3801.078613
1784.825195	3944.665771
1783.852539	4021.012695
1782.879883	4338.640625
1781.907227	4310.413086
1780.933594	4369.232910
1779.959961	4482.727051
1778.986328	4690.633789
1778.012695	4664.842773
1777.039063	4735.967773
1776.064453	4407.096191
1775.090820	4264.639160
1774.116211	4065.123291
1773.141602	4044.447510
1772.166016	4006.403564
1771.191406	4261.225586
1770.215820	4535.795410
1769.240234	4683.734863
1768.264648	4940.747559
1767.289063	4991.833984
1766.312500	5055.295898
1765.336914	5170.787109
1764.360352	5229.230957
1763.383789	5178.627441
1762.406250	5222.181641
1761.429688	5050.234863
1760.452148	4796.638184
1759.474609	4805.580078
1758.497070	5133.835938
1757.519531	5251.599121
1756.541016	5453.442383
1755.563477	5840.742676
1754.584961	5965.712891
1753.606445	5647.991699
1752.626953	5540.548340
1751.648438	5351.576172
1750.668945	5199.750000
1749.689453	5161.644043
1748.709961	5382.942383
1747.730469	5591.802734
1746.750000	5659.823730
1745.769531	5396.986328
1744.789063	5200.900879
1743.808594	4987.618164
1742.828125	5097.650879
1741.846680	5062.091309
1740.866211	5221.392090
1739.884766	5173.491699
1738.903320	4997.408691
1737.920898	5011.195313
1736.939453	5037.297852
1735.957031	4920.481934
1734.974609	4796.321777
1733.992188	4815.062500
1733.009766	5249.949707
1732.026367	5317.830566
1731.042969	5247.841797
1730.059570	5423.977539
1729.076172	4861.899902
1728.092773	4838.783203
1727.108398	4732.053223
1726.125000	4795.036621
1725.140625	5165.306641
1724.155273	5368.283203
1723.170898	5610.498047
1722.185547	5616.741699
1721.201172	5453.482422
1720.215820	5290.288086
1719.230469	5237.658691
1718.244141	5035.292480
1717.258789	5142.280273
1716.272461	5313.030273
1715.286133	5461.629395
1714.299805	5330.518555
1713.312500	5525.652344
1712.326172	5862.928711
1711.338867	6079.940918
1710.351563	6326.278809
1709.364258	6496.548340
1708.375977	6333.534180
1707.388672	6371.453613
1706.400391	6671.414063
1705.412109	6608.855957
1704.422852	6972.298340
1703.434570	7213.212402
1702.445313	7703.638184
1701.457031	8166.953125
1700.466797	8559.142578
1699.477539	8943.835938
1698.488281	9064.294922
1697.498047	9529.406250
1696.507813	9525.042969
1695.517578	9232.323242
1694.527344	9042.336914
1693.536133	8881.738281
1692.545898	9041.136719
1691.554688	9442.203125
1690.563477	9296.266602
1689.572266	9438.398438
1688.580078	9316.923828
1687.587891	8997.876953
1686.595703	9035.091797
1685.603516	9040.587891
1684.611328	9116.791016
1683.618164	8837.043945
1682.625977	8511.099609
1681.632813	8297.379883
1680.639648	7937.566895
1679.645508	7862.891113
1678.652344	7878.353516
1677.658203	8035.030273
1676.664063	8269.543945
1675.669922	8182.689941
1674.675781	8227.274414
1673.680664	8147.761719
1672.685547	7883.418457
1671.690430	7801.575195
1670.695313	7736.784180
1669.700195	7645.278809
1668.704102	7276.739258
1667.708008	7100.314453
1666.711914	6979.837891
1665.715820	7041.582520
1664.719727	7227.153809
1663.722656	7118.863281
1662.725586	7098.006348
1661.728516	6696.116699
1660.731445	6512.775879
1659.733398	6686.134766
1658.736328	6565.933105
1657.738281	6697.984863
1656.740234	6638.442383
1655.741211	6872.236328
1654.743164	7028.380859
1653.744141	7051.191895
1652.745117	7040.076660
1651.746094	6900.594238
1650.747070	6664.302246
1649.747070	6580.637207
1648.748047	6671.291504
1647.748047	6899.857910
1646.748047	7043.643066
1645.747070	7172.854492
1644.747070	7043.214355
1643.746094	6751.606445
1642.745117	6929.151855
1641.744141	7009.936035
1640.742188	6887.682129
1639.741211	6779.974609
1638.739258	6759.276855
1637.737305	6881.088379
1636.735352	6720.321289
1635.732422	6943.490234
1634.730469	6777.947266
1633.727539	6653.497070
1632.724609	6755.901855
1631.721680	6624.268555
1630.717773	6581.926758
1629.713867	6440.735840
1628.710938	6490.060547
1627.707031	6905.742676
1626.702148	7128.464844
1625.698242	7165.571777
1624.693359	7383.332520
1623.688477	7384.246094
1622.683594	7214.194824
1621.678711	7135.694824
1620.672852	6698.588867
1619.666992	6629.850586
1618.661133	6467.306152
1617.655273	6444.346191
1616.649414	6443.040527
1615.642578	6465.780762
1614.635742	6435.622070
1613.628906	6540.074219
1612.622070	6730.994141
1611.615234	6974.693359
1610.607422	7247.118164
1609.599609	7449.785645
1608.591797	7537.116699
1607.583984	7521.185059
1606.576172	7313.247559
1605.567383	7083.796875
1604.558594	6938.409668
1603.549805	7419.138672
1602.541016	7664.648438
1601.531250	7727.832031
1600.521484	7961.192871
1599.511719	7564.115234
1598.501953	7591.335938
1597.492188	7582.608398
1596.481445	7775.087402
1595.471680	8276.416992
1594.460938	8020.940430
1593.449219	8344.872070
1592.438477	8537.039063
1591.426758	9171.804688
1590.415039	9526.405273
1589.403320	9615.363281
1588.391602	9369.488281
1587.379883	9501.476563
1586.367188	9332.217773
1585.354492	9461.768555
1584.341797	9189.838867
1583.329102	9066.134766
1582.315430	9219.544922
1581.302734	9072.003906
1580.289063	9409.187500
1579.274414	9328.503906
1578.260742	9023.517578
1577.247070	8620.826172
1576.232422	8456.854492
1575.217773	8531.458984
1574.203125	8286.495117
1573.187500	8160.836426
1572.172852	8059.064941
1571.157227	7959.717285
1570.141602	7896.149414
1569.125000	8023.181641
1568.109375	8295.444336
1567.092773	8384.244141
1566.076172	8318.258789
1565.059570	8295.144531
1564.042969	8126.874023
1563.025391	8168.047852
1562.008789	8256.780273
1560.991211	8145.697754
1559.973633	8469.801758
1558.955078	8299.287109
1557.937500	8195.393555
1556.918945	8084.412109
1555.900391	8189.681641
1554.881836	8283.030273
1553.862305	8307.468750
1552.842773	8476.736328
1551.824219	8524.863281
1550.804688	8413.948242
1549.784180	8326.806641
1548.764648	8189.878418
1547.744141	8280.718750
1546.723633	8357.292969
1545.703125	8450.432617
1544.682617	8259.065430
1543.661133	8442.249023
1542.639648	8390.767578
1541.618164	8351.151367
1540.596680	8302.077148
1539.575195	8567.986328
1538.552734	8765.125000
1537.530273	8921.939453
1536.507813	9111.824219
1535.485352	9180.953125
1534.461914	9190.910156
1533.439453	9399.544922
1532.416016	9418.911133
1531.392578	9223.117188
1530.368164	9112.500977
1529.344727	9153.182617
1528.320313	8848.870117
1527.295898	9002.981445
1526.271484	8769.679688
1525.246094	8829.287109
1524.221680	8860.539063
1523.196289	9019.240234
1522.170898	9076.398438
1521.145508	9060.389648
1520.119141	8806.127930
1519.092773	8858.576172
1518.067383	8826.113281
1517.040039	8798.377930
1516.013672	9048.788086
1514.987305	8768.863281
1513.959961	8712.881836
1512.932617	8788.837891
1511.905273	8673.996094
1510.876953	8804.084961
1509.849609	9268.415039
1508.821289	9132.360352
1507.792969	9132.847656
1506.763672	9302.731445
1505.735352	9418.444336
1504.706055	9515.293945
1503.676758	9583.888672
1502.647461	9807.607422
1501.618164	10057.088867
1500.587891	10163.126953
1499.557617	10285.565430
1498.527344	10513.654297
1497.497070	10459.839844
1496.466797	10645.536133
1495.435547	10535.375977
1494.404297	10563.731445
1493.373047	10568.610352
1492.341797	10467.916016
1491.309570	10259.368164
1490.278320	10397.972656
1489.246094	9973.821289
1488.213867	9910.833984
1487.180664	9744.752930
1486.148438	9923.180664
1485.115234	9372.967773
1484.082031	9392.128906
1483.047852	9376.156250
1482.014648	9261.858398
1480.980469	9262.302734
1479.946289	9258.066406
1478.912109	9218.734375
1477.877930	9256.614258
1476.842773	9479.246094
1475.808594	9715.815430
1474.773438	9849.420898
1473.738281	10141.914063
1472.702148	10455.319336
1471.666992	10899.434570
1470.630859	10901.873047
1469.594727	11464.823242
1468.557617	11826.732422
1467.521484	12349.574219
1466.484375	13175.625000
1465.447266	13588.297852
1464.410156	14264.438477
1463.373047	14944.965820
1462.334961	15261.402344
1461.296875	15750.250000
1460.258789	16469.681641
1459.220703	16836.882813
1458.182617	17241.216797
1457.143555	17419.398438
1456.104492	17311.009766
1455.065430	17554.308594
1454.026367	18053.619141
1452.986328	17803.167969
1451.946289	17657.546875
1450.906250	18005.279297
1449.866211	18564.570313
1448.826172	18409.576172
1447.785156	19291.787109
1446.744141	19283.177734
1445.703125	19939.371094
1444.662109	20086.337891
1443.620117	20163.537109
1442.578125	20303.425781
1441.537109	20159.902344
1440.494141	20183.626953
1439.452148	19253.156250
1438.409180	18610.888672
1437.367188	18189.347656
1436.323242	17396.748047
1435.280273	16848.042969
1434.237305	16162.726563
1433.193359	15593.628906
1432.149414	15119.814453
1431.105469	14527.985352
1430.061523	14107.880859
1429.016602	13720.383789
1427.971680	13020.334961
1426.926758	12707.328125
1425.881836	12514.850586
1424.835938	12199.759766
1423.791016	11917.201172
1422.745117	11810.620117
1421.699219	11613.856445
1420.652344	11734.058594
1419.606445	11611.391602
1418.559570	11615.939453
1417.512695	11467.917969
1416.465820	11338.446289
1415.417969	11500.169922
1414.371094	11611.002930
1413.323242	11634.020508
1412.275391	11592.369141
1411.226563	11855.490234
1410.178711	11998.471680
1409.129883	11679.832031
1408.081055	11545.909180
1407.032227	11654.261719
1405.982422	11651.861328
1404.933594	11651.768555
1403.883789	11730.058594
1402.833984	11515.586914
1401.783203	11397.990234
1400.733398	11473.978516
1399.682617	11296.546875
1398.631836	11423.190430
1397.581055	11089.264648
1396.529297	11146.833984
1395.478516	11091.599609
1394.426758	11050.193359
1393.375000	11169.852539
1392.322266	10995.034180
1391.270508	10951.372070
1390.217773	10613.421875
1389.165039	10576.751953
1388.112305	10441.268555
1387.058594	10338.009766
1386.005859	10023.435547
1384.952148	9883.554688
1383.898438	9996.336914
1382.843750	10024.122070
1381.790039	10315.875977
1380.735352	10469.807617
1379.680664	10451.585938
1378.625977	10646.718750
1377.570313	10603.236328
1376.515625	10873.928711
1375.459961	10915.244141
1374.404297	11087.196289
1373.347656	11039.073242
1372.291992	10867.245117
1371.235352	11000.155273
1370.178711	11029.947266
1369.122070	10933.788086
1368.064453	10743.805664
1367.007813	10846.874023
1365.950195	10801.154297
1364.892578	10867.560547
1363.833984	11055.172852
1362.776367	10858.497070
1361.717773	11144.351563
1360.659180	10892.873047
1359.600586	11119.176758
1358.541016	11379.662109
1357.482422	11107.727539
1356.422852	11219.638672
1355.363281	11555.300781
1354.302734	11680.769531
1353.243164	12055.002930
1352.182617	12203.137695
1351.122070	12417.382813
1350.060547	12788.947266
1349.000000	13002.981445
1347.938477	13600.024414
1346.876953	13936.914063
1345.815430	14139.177734
1344.753906	14774.355469
1343.691406	15129.018555
1342.628906	15433.416992
1341.566406	15853.843750
1340.503906	16041.834961
1339.441406	16960.531250
1338.377930	17264.294922
1337.314453	18139.117188
1336.250977	18378.806641
1335.186523	18816.292969
1334.123047	18996.609375
1333.058594	19552.019531
1331.994141	19557.064453
1330.928711	19091.632813
1329.864258	18567.312500
1328.798828	18506.669922
1327.733398	18082.626953
1326.667969	17604.255859
1325.601563	16914.929688
1324.536133	16341.658203
1323.469727	15825.361328
1322.403320	15379.617188
1321.335938	14480.340820
1320.269531	14041.862305
1319.202148	13909.697266
1318.134766	13179.052734
1317.067383	12965.517578
1315.999023	13035.348633
1314.930664	12772.083008
1313.863281	12778.496094
1312.793945	12334.206055
1311.725586	12696.208984
1310.656250	12528.312500
1309.587891	12656.991211
1308.517578	12801.457031
1307.448242	12588.391602
1306.378906	12918.293945
1305.308594	12623.875977
1304.238281	12935.543945
1303.167969	12738.448242
1302.096680	12394.525391
1301.026367	12371.616211
1299.955078	12285.458008
1298.883789	12197.076172
1297.811523	12050.016602
1296.740234	11997.842773
1295.667969	11688.357422
1294.595703	11523.437500
1293.523438	11178.076172
1292.450195	11317.875977
1291.376953	11234.329102
1290.303711	11195.916016
1289.230469	11168.791016
1288.157227	11326.506836
1287.083008	11148.375000
1286.008789	11378.127930
1284.934570	11382.520508
1283.860352	11393.667969
1282.785156	11429.579102
1281.710938	11854.934570
1280.635742	11937.999023
1279.559570	11955.769531
1278.484375	12002.780273
1277.408203	12139.744141
1276.332031	12089.993164
1275.255859	12319.065430
1274.179688	12289.528320
1273.102539	12221.794922
1272.025391	12234.981445
1270.948242	12461.583984
1269.871094	12391.608398
1268.793945	12395.767578
1267.715820	12429.110352
1266.637695	12534.268555
1265.559570	12825.650391
1264.480469	12616.556641
1263.401367	12578.038086
1262.323242	12382.539063
1261.243164	12126.576172
1260.164063	12007.473633
1259.083984	11861.523438
1258.004883	11807.511719
1256.924805	11253.896484
1255.843750	11144.032227
1254.763672	10760.989258
1253.682617	10622.164063
1252.601563	10199.093750
1251.520508	10042.537109
1250.438477	9890.520508
1249.357422	9626.706055
1248.275391	9689.565430
1247.193359	9584.676758
1246.110352	9567.029297
1245.028320	9243.145508
1243.945313	9238.983398
1242.862305	9317.496094
1241.779297	9407.145508
1240.695313	9351.580078
1239.611328	9059.337891
1238.527344	9184.704102
1237.443359	9214.038086
1236.359375	9051.439453
1235.274414	9178.958008
1234.189453	9154.736328
1233.104492	9056.926758
1232.019531	8970.306641
1230.933594	8995.186523
1229.847656	8832.833984
1228.761719	9015.944336
1227.675781	9054.164063
1226.588867	9250.515625
1225.502930	9179.548828
1224.416016	8995.059570
1223.328125	8828.454102
1222.241211	9006.882813
1221.153320	9013.902344
1220.065430	9060.961914
1218.977539	9228.106445
1217.889648	8945.991211
1216.800781	9008.596680
1215.711914	9057.838867
1214.623047	9160.395508
1213.534180	8909.633789
1212.444336	9089.925781
1211.355469	9125.782227
1210.265625	9139.417969
1209.174805	9082.007813
1208.084961	8984.669922
1206.994141	9075.992188
1205.903320	9173.931641
1204.812500	9127.651367
1203.720703	9289.850586
1202.629883	9505.195313
1201.538086	9321.433594
1200.446289	9252.995117
1199.353516	9078.225586
1198.261719	9074.111328
1197.168945	8965.898438
1196.076172	8793.510742
1194.983398	8618.981445
1193.889648	9044.384766
1192.795898	9060.196289
1191.702148	9257.431641
1190.608398	9534.220703
1189.514648	9249.133789
1188.419922	9382.080078
1187.325195	9161.253906
1186.230469	8962.622070
1185.135742	9088.914063
1184.040039	9164.337891
1182.944336	9241.937500
1181.848633	8968.367188
1180.752930	8880.378906
1179.656250	9055.117188
1178.559570	8742.029297
1177.462891	8857.146484
1176.366211	8614.825195
1175.268555	8740.947266
1174.171875	8560.496094
1173.074219	8953.345703
1171.975586	8887.545898
1170.877930	8731.416992
1169.779297	8742.806641
1168.680664	8670.482422
1167.582031	8864.678711
1166.483398	8561.153320
1165.383789	8585.775391
1164.284180	8619.191406
1163.184570	8804.430664
1162.084961	8655.177734
1160.984375	8813.935547
1159.883789	8862.666992
1158.783203	8874.000000
1157.682617	9157.910156
1156.581055	8940.605469
1155.480469	8945.321289
1154.378906	8827.009766
1153.276367	8981.101563
1152.174805	8728.878906
1151.072266	8801.693359
1149.969727	8940.326172
1148.867188	8973.562500
1147.764648	8894.884766
1146.661133	8901.791016
1145.557617	9046.864258
1144.454102	9137.058594
1143.349609	9054.025391
1142.246094	9071.849609
1141.141602	8955.994141
1140.037109	9324.371094
1138.932617	9267.651367
1137.827148	9167.155273
1136.721680	9071.081055
1135.616211	9178.625977
1134.510742	9111.039063
1133.404297	9203.212891
1132.298828	8936.572266
1131.192383	9015.619141
1130.084961	8924.067383
1128.978516	8998.710938
1127.871094	9003.375977
1126.763672	8844.136719
1125.656250	9019.252930
1124.548828	9078.519531
1123.440430	9170.520508
1122.332031	9273.400391
1121.223633	9064.058594
1120.115234	8937.743164
1119.005859	9315.554688
1117.896484	9326.684570
1116.787109	9409.789063
1115.677734	9606.257813
1114.567383	9763.397461
1113.457031	10223.468750
1112.346680	10487.201172
1111.236328	10776.969727
1110.125000	11487.058594
1109.014648	11750.356445
1107.903320	12756.086914
1106.791016	13247.600586
1105.679688	13882.562500
1104.567383	14578.190430
1103.455078	15142.980469
1102.342773	15526.985352
1101.230469	15986.945313
1100.117188	16246.671875
1099.003906	16460.636719
1097.890625	16424.564453
1096.776367	16162.519531
1095.663086	16089.592773
1094.548828	15760.392578
1093.434570	15238.059570
1092.319336	14596.533203
1091.205078	13981.324219
1090.089844	13346.841797
1088.974609	12513.008789
1087.858398	11703.388672
1086.743164	11340.891602
1085.626953	10959.031250
1084.510742	10607.681641
1083.394531	10165.446289
1082.277344	9784.074219
1081.160156	9584.852539
1080.042969	9403.042969
1078.925781	9303.604492
1077.807617	9026.662109
1076.690430	9003.108398
1075.572266	8882.172852
1074.453125	8715.847656
1073.334961	8841.645508
1072.215820	8684.048828
1071.096680	8991.444336
1069.977539	8749.564453
1068.858398	8883.892578
1067.738281	8752.351563
1066.618164	8925.512695
1065.498047	8858.822266
1064.376953	9029.726563
1063.256836	9045.091797
1062.135742	9077.721680
1061.014648	8905.293945
1059.892578	8994.042969
1058.771484	9100.012695
1057.649414	9154.169922
1056.527344	9031.469727
1055.404297	9133.050781
1054.282227	9038.428711
1053.159180	8935.225586
1052.036133	8929.026367
1050.912109	9021.923828
1049.789063	8979.092773
1048.665039	9099.932617
1047.541016	9132.453125
1046.416992	9050.881836
1045.291992	9165.171875
1044.166992	9161.081055
1043.041992	8997.813477
1041.916992	8894.832031
1040.791992	9092.911133
1039.666016	8916.862305
1038.540039	9101.957031
1037.413086	8824.987305
1036.287109	8808.080078
1035.160156	8621.499023
1034.033203	8574.578125
1032.906250	8424.622070
1031.779297	8759.836914
1030.651367	8852.407227
1029.523438	9108.001953
1028.395508	9084.621094
1027.266602	9170.626953
1026.137695	9132.232422
1025.009766	9138.872070
1023.879883	9276.250000
1022.750977	9437.140625
1021.621094	9409.431641
1020.491211	9520.959961
1019.361328	9418.291016
1018.231445	9534.050781
1017.100586	9352.219727
1015.969727	9375.917969
1014.838867	9487.333008
1013.708008	9256.422852
1012.576172	9515.389648
1011.444336	9359.412109
1010.312500	9340.323242
1009.180664	9361.853516
1008.047852	9246.607422
1006.915039	9272.419922
1005.782227	9078.208008
1004.649414	9413.705078
1003.515625	9388.219727
1002.381836	9401.169922
1001.248047	9190.018555
1000.114258	9296.890625
998.979492	9115.716797
997.844727	9158.571289
996.709961	9145.963867
995.575195	8849.809570
994.439453	8948.110352
993.303711	8684.088867
992.167969	8724.856445
991.032227	8744.303711
989.895508	8844.671875
988.758789	8838.533203
987.622070	9004.830078
986.485352	8939.066406
985.347656	8852.049805
984.210938	8890.589844
983.073242	8914.223633
981.934570	9014.402344
980.796875	9033.746094
979.658203	8963.804688
978.519531	9131.913086
977.380859	9416.809570
976.241211	9642.104492
975.101563	9618.814453
973.961914	9504.229492
972.822266	9585.001953
971.681641	10096.600586
970.541992	10300.288086
969.400391	10807.272461
968.259766	10705.279297
967.119141	10855.688477
965.977539	10895.782227
964.835938	10825.629883
963.694336	10986.511719
962.551758	10999.004883
961.409180	10856.847656
960.266602	10670.273438
959.124023	10867.045898
957.980469	10506.949219
956.837891	10504.710938
955.694336	10585.002930
954.549805	10540.433594
953.406250	10117.252930
952.261719	10083.375000
951.117188	10047.396484
949.972656	9979.723633
948.827148	9787.386719
947.681641	9626.825195
946.536133	9785.326172
945.390625	9922.638672
944.245117	9791.712891
943.098633	9916.296875
941.952148	10093.595703
940.804688	10085.111328
939.658203	10245.418945
938.510742	10388.782227
937.363281	10726.106445
936.215820	10662.670898
935.067383	11130.491211
933.919922	11633.939453
932.770508	11877.993164
931.622070	12267.303711
930.473633	12656.447266
929.324219	13277.062500
928.174805	13747.931641
927.025391	14184.920898
925.875000	14400.754883
924.724609	14435.551758
923.574219	13952.859375
922.423828	13966.705078
921.272461	13328.719727
920.122070	13170.309570
918.969727	12528.562500
917.818359	12183.373047
916.666992	11861.440430
915.514648	11295.996094
914.362305	10890.389648
913.208984	10531.145508
912.056641	10268.611328
910.903320	10195.063477
909.750000	9836.196289
908.596680	9586.562500
907.442383	9555.151367
906.288086	9488.106445
905.133789	9416.897461
903.979492	9316.375000
902.824219	9389.819336
901.668945	9329.150391
900.513672	9258.034180
899.358398	9434.054688
898.202148	9094.953125
897.045898	9321.169922
895.889648	9300.339844
894.733398	9202.101563
893.576172	9264.981445
892.419922	9035.030273
891.261719	8916.000977
890.104492	9194.225586
888.946289	9066.850586
887.789063	8939.530273
886.629883	8697.357422
885.471680	8843.796875
884.312500	9113.382813
883.153320	8973.631836
881.994141	8959.185547
880.834961	8963.527344
879.674805	8884.405273
878.514648	8822.005859
877.354492	8688.720703
876.194336	8851.587891
875.033203	8839.266602
873.872070	8883.226563
872.710938	8845.897461
871.548828	8800.250000
870.387695	8992.077148
869.225586	8919.343750
868.063477	8852.887695
866.900391	8875.968750
865.737305	8921.931641
864.574219	8778.529297
863.411133	8899.381836
862.248047	8764.364258
861.083984	8625.245117
859.919922	8573.500000
858.755859	8698.448242
857.590820	8611.381836
856.425781	8659.395508
855.260742	8933.796875
854.095703	8965.106445
852.930664	8965.258789
851.764648	8896.908203
850.598633	8726.893555
849.431641	8648.247070
848.265625	8683.730469
847.098633	8553.276367
845.931641	8903.947266
844.764648	8746.549805
843.596680	8736.379883
842.428711	8753.153320
841.260742	8850.718750
840.092773	8985.526367
838.923828	9000.163086
837.754883	9000.298828
836.585938	9116.355469
835.416992	8926.064453
834.247070	8764.823242
833.077148	9009.112305
831.907227	8916.171875
830.737305	8924.593750
829.566406	8819.307617
828.395508	8860.815430
827.224609	9007.695313
826.052734	8912.787109
824.881836	9185.589844
823.709961	9464.470703
822.538086	9117.632813
821.365234	9303.516602
820.192383	9235.472656
819.019531	8899.222656
817.846680	8886.993164
816.673828	8701.521484
815.500000	8742.950195
814.326172	8706.021484
813.151367	8953.542969
811.977539	9050.528320
810.802734	9116.567383
809.627930	9242.311523
808.453125	9137.352539
807.277344	9512.165039
806.101563	9588.337891
804.925781	9228.175781
803.750000	9156.229492
802.573242	8882.714844
801.396484	9041.222656
800.219727	9168.818359
799.042969	9302.525391
797.865234	9368.346680
796.687500	9442.359375
795.509766	9561.538086
794.331055	9559.476563
793.153320	9563.575195
791.974609	9428.058594
790.795898	9512.239258
789.616211	9376.790039
788.436523	9251.658203
787.256836	9389.156250
786.077148	9305.092773
784.897461	9395.357422
783.716797	9323.628906
782.536133	8954.736328
781.354492	8760.182617
780.173828	9008.236328
778.992188	9143.526367
777.810547	9116.978516
776.628906	9186.668945
775.446289	8914.487305
774.263672	8996.469727
773.081055	9045.678711
771.898438	9080.545898
770.714844	9129.714844
769.531250	9250.427734
768.347656	9414.017578
767.163086	9704.255859
765.979492	9812.503906
764.794922	9712.320313
763.609375	9695.923828
762.424805	9902.122070
761.239258	10018.398438
760.053711	10532.659180
758.868164	10587.524414
757.681641	10752.541992
756.495117	11019.482422
755.308594	11314.859375
754.122070	11657.004883
752.934570	11876.687500
751.748047	12687.331055
750.559570	13334.607422
749.372070	14171.067383
748.183594	15218.992188
746.995117	16946.607422
745.806641	19074.548828
744.618164	21069.263672
743.428711	23052.939453
742.239258	25084.583984
741.049805	26621.046875
739.859375	27359.625000
738.669922	28146.679688
737.479492	27977.958984
736.288086	27352.019531
735.097656	27092.101563
733.906250	26816.041016
732.714844	26889.445313
731.523438	27243.042969
730.331055	27631.000000
729.138672	28254.240234
727.946289	28826.472656
726.753906	29317.302734
725.560547	29266.322266
724.367188	29053.125000
723.173828	27842.457031
721.979492	26451.898438
720.786133	24873.458984
719.591797	22440.628906
718.396484	20079.753906
717.202148	18131.050781
716.006836	16600.326172
714.811523	15301.055664
713.616211	14299.882813
712.419922	13624.943359
711.223633	13037.291992
710.027344	12508.553711
708.831055	12139.805664
707.633789	11965.313477
706.436523	11934.417969
705.239258	11580.177734
704.041016	11418.041992
702.843750	11332.739258
701.645508	10906.151367
700.447266	10435.324219
699.248047	10231.180664
698.048828	10281.435547
696.849609	10569.781250
695.650391	10985.100586
694.450195	10682.177734
693.250000	10825.051758
692.049805	10848.910156
690.849609	11217.444336
689.648438	11694.642578
688.447266	11899.628906
687.246094	12144.814453
686.044922	12095.853516
684.842773	12230.143555
683.640625	12650.233398
682.438477	13243.227539
681.235352	13664.924805
680.033203	13897.331055
678.829102	13508.131836
677.625977	13105.025391
676.422852	12499.037109
675.218750	12192.804688
674.014648	12143.931641
672.809570	12211.610352
671.604492	12421.875977
670.400391	12489.462891
669.194336	12587.136719
667.989258	12192.954102
666.783203	11889.255859
665.577148	12039.164063
664.371094	12090.708008
663.164063	12242.510742
661.957031	12259.897461
660.750000	12720.332031
659.542969	12891.940430
658.334961	12923.199219
657.127930	12910.367188
655.918945	12683.214844
654.710938	12740.529297
653.501953	12653.663086
652.292969	12835.064453
651.083984	12822.261719
649.875000	13009.548828
648.665039	12898.690430
647.455078	12523.882813
646.244141	12679.117188
645.034180	12140.591797
643.823242	12008.030273
642.612305	11835.562500
641.400391	11491.357422
640.189453	11227.196289
638.977539	11041.030273
637.765625	11056.589844
636.552734	11263.764648
635.339844	11287.250977
634.126953	11238.898438
632.914063	11340.173828
631.700195	11965.909180
630.487305	12298.270508
629.272461	12524.832031
628.058594	12835.001953
626.843750	13507.683594
625.628906	14064.527344
624.414063	13756.724609
623.199219	13439.099609
621.983398	13189.301758
620.767578	12842.081055
619.551758	12483.072266
618.334961	12004.846680
617.118164	11725.739258
615.901367	11224.023438
614.684570	10994.912109
613.466797	10759.938477
612.249023	10511.154297
611.031250	9928.673828
609.813477	9459.677734
608.594727	9590.676758
607.375977	9673.961914
606.157227	9858.454102
604.937500	9816.603516
603.717773	9679.523438
602.498047	9637.729492
601.278320	9474.961914
600.057617	9484.787109
598.836914	9274.541016
597.616211	9387.476563
596.395508	9026.731445
595.173828	8999.000000
593.952148	8987.126953
592.729492	8993.082031
591.507813	8373.358398
590.285156	8583.336914
589.062500	8492.398438
587.839844	8300.584961
586.616211	8417.462891
585.392578	8599.556641
584.168945	8963.490234
582.944336	9054.444336
581.720703	9133.498047
580.495117	9453.599609
579.270508	9649.094727
578.045898	9763.518555
576.820313	9905.539063
575.594727	10081.060547
574.368164	10234.791992
573.142578	10240.442383
571.916016	10394.069336
570.688477	10630.479492
569.461914	10720.841797
568.234375	10858.486328
567.006836	10834.420898
565.779297	10772.918945
564.550781	10518.336914
563.322266	10255.985352
562.093750	10340.398438
560.865234	10338.130859
559.635742	10253.175781
558.406250	10311.943359
557.176758	10504.500977
555.946289	10441.205078
554.715820	10244.179688
553.485352	10285.196289
552.254883	10184.631836
551.023438	10184.361328
549.791992	10191.952148
548.560547	10022.702148
547.328125	9737.625000
546.096680	9444.816406
544.864258	9301.366211
543.630859	9248.282227
542.398438	9438.594727
541.165039	9489.502930
539.931641	9936.677734
538.697266	10083.560547
537.463867	9955.843750
536.229492	9645.850586
534.994141	9604.529297
533.759766	9767.031250
532.524414	9966.686523
531.289063	9784.284180
530.053711	9470.750000
528.817383	9454.961914
527.581055	9503.779297
526.344727	9965.520508
525.107422	10211.824219
523.871094	10682.987305
522.632813	12550.383789
521.395508	14018.063477
520.158203	14910.342773
518.919922	14070.531250
517.681641	12414.281250
516.442383	11004.919922
515.203125	10133.314453
513.963867	9666.319336
512.724609	9012.103516
511.485352	9058.916992
510.245117	9351.599609
509.004883	9796.335938
507.763672	9954.131836
506.523438	9988.994141
505.282227	10068.684570
504.040039	10091.808594
502.798828	9820.633789
501.556641	9436.565430
