1802.297852	4609.866699
1801.329102	4961.974609
1800.359375	4494.096680
1799.390625	4655.453613
1798.420898	4686.967773
1797.451172	4773.364258
1796.480469	4557.864258
1795.510742	4285.082520
1794.540039	4127.121582
1793.569336	4136.269531
1792.598633	4404.657715
1791.627930	4421.223145
1790.656250	4487.616211
1789.684570	4441.876953
1788.712891	4371.248047
1787.741211	4300.647461
1786.769531	4274.890137
1785.797852	4264.078125
1784.825195	4502.145508
1783.852539	4730.164063
1782.879883	5062.576660
1781.907227	5046.640625
1780.933594	5015.790039
1779.959961	4883.014648
1778.986328	5103.270508
1778.012695	5303.556152
1777.039063	5429.217773
1776.064453	5276.590820
1775.090820	4962.579590
1774.116211	4569.228516
1773.141602	4724.729004
1772.166016	4691.513672
1771.191406	4799.772949
1770.215820	5138.748535
1769.240234	5321.298340
1768.264648	5682.355469
1767.289063	5740.732910
1766.312500	5742.062500
1765.336914	5998.708008
1764.360352	5918.200684
1763.383789	5879.848145
1762.406250	5908.397949
1761.429688	5582.750977
1760.452148	5698.019531
1759.474609	5496.335938
1758.497070	5735.341309
1757.519531	5870.308105
1756.541016	6198.218750
1755.563477	6686.796875
1754.584961	6752.237305
1753.606445	6570.365234
1752.626953	6250.114258
1751.648438	6112.908691
1750.668945	6040.013672
1749.689453	6004.210449
1748.709961	6119.113770
1747.730469	6394.512695
1746.750000	6331.495605
1745.769531	6147.527832
1744.789063	5936.481445
1743.808594	5757.602051
1742.828125	5744.109863
1741.846680	5876.170410
1740.866211	5939.117676
1739.884766	5908.334961
1738.903320	5771.550781
1737.920898	5896.103516
1736.939453	5742.125488
1735.957031	5538.930176
1734.974609	5417.109375
1733.992188	5539.168945
1733.009766	5700.578613
1732.026367	6329.695801
1731.042969	6146.275879
1730.059570	6105.666016
1729.076172	5791.959473
1728.092773	5542.337891
1727.108398	5442.845215
1726.125000	5372.899902
1725.140625	5708.634766
1724.155273	6110.600586
1723.170898	6426.391602
1722.185547	6557.779297
1721.201172	6254.309082
1720.215820	5914.119629
1719.230469	5853.998047
1718.244141	5852.821289
1717.258789	5989.099609
1716.272461	6147.409180
1715.286133	6084.833984
1714.299805	6380.431641
1713.312500	6469.894043
1712.326172	6529.895020
1711.338867	7004.189941
1710.351563	7466.038086
1709.364258	7297.895508
1708.375977	7538.988281
1707.388672	7319.455566
1706.400391	7557.997070
1705.412109	7519.746582
1704.422852	7956.450195
1703.434570	8170.241699
1702.445313	8861.141602
1701.457031	9409.857422
1700.466797	9796.903320
1699.477539	9931.889648
1698.488281	10318.673828
1697.498047	10671.076172
1696.507813	10578.492188
1695.517578	10454.176758
1694.527344	10337.240234
1693.536133	10430.424805
1692.545898	10477.168945
1691.554688	10868.177734
1690.563477	10765.897461
1689.572266	10697.828125
1688.580078	10666.389648
1687.587891	10432.461914
1686.595703	10308.395508
1685.603516	10311.196289
1684.611328	10365.199219
1683.618164	10155.896484
1682.625977	9646.887695
1681.632813	9294.041016
1680.639648	9050.969727
1679.645508	9151.450195
1678.652344	9081.416016
1677.658203	9257.329102
1676.664063	9116.703125
1675.669922	9333.913086
1674.675781	9366.097656
1673.680664	9086.859375
1672.685547	8934.216797
1671.690430	8864.321289
1670.695313	8719.078125
1669.700195	8520.414063
1668.704102	8538.137695
1667.708008	8218.091797
1666.711914	7912.750488
1665.715820	8061.749512
1664.719727	8123.262695
1663.722656	8211.458008
1662.725586	8185.525879
1661.728516	7632.942383
1660.731445	7500.369141
1659.733398	7542.522949
1658.736328	7640.446777
1657.738281	7600.103027
1656.740234	7688.276855
1655.741211	7769.142090
1654.743164	7980.847656
1653.744141	8197.313477
1652.745117	8076.949707
1651.746094	7879.126953
1650.747070	7579.675293
1649.747070	7423.190918
1648.748047	7634.707520
1647.748047	7843.717773
1646.748047	8115.554199
1645.747070	7985.697266
1644.747070	7780.913574
1643.746094	7714.048828
1642.745117	7799.526855
1641.744141	7889.803711
1640.742188	8047.712402
1639.741211	7787.547363
1638.739258	7566.138672
1637.737305	7557.362305
1636.735352	7558.248535
1635.732422	7619.490723
1634.730469	7755.535645
1633.727539	7510.222168
1632.724609	7515.940918
1631.721680	7724.292969
1630.717773	7655.198242
1629.713867	7311.235840
1628.710938	7555.664551
1627.707031	7583.059570
1626.702148	7892.400879
1625.698242	8201.616211
1624.693359	8310.765625
1623.688477	8174.210938
1622.683594	8136.436523
1621.678711	8014.416016
1620.672852	7627.678223
1619.666992	7433.614746
1618.661133	7273.313477
1617.655273	7228.541016
1616.649414	7231.886230
1615.642578	7208.780273
1614.635742	7279.440918
1613.628906	7342.861816
1612.622070	7533.619141
1611.615234	7700.272461
1610.607422	8083.046875
1609.599609	8328.774414
1608.591797	8341.492188
1607.583984	8387.813477
1606.576172	8290.107422
1605.567383	7906.880371
1604.558594	7566.993164
1603.549805	8237.090820
1602.541016	8609.539063
1601.531250	8509.487305
1600.521484	8749.880859
1599.511719	8613.887695
1598.501953	8494.723633
1597.492188	8399.565430
1596.481445	8730.805664
1595.471680	8956.539063
1594.460938	9040.916992
1593.449219	9216.224609
1592.438477	9860.555664
1591.426758	10528.552734
1590.415039	10579.046875
1589.403320	10804.127930
1588.391602	10849.762695
1587.379883	10670.631836
1586.367188	10649.341797
1585.354492	10539.631836
1584.341797	10382.176758
1583.329102	10012.166016
1582.315430	10182.103516
1581.302734	10060.634766
1580.289063	10316.442383
1579.274414	10276.153320
1578.260742	9982.907227
1577.247070	9739.886719
1576.232422	9518.434570
1575.217773	9552.276367
1574.203125	9268.951172
1573.187500	8980.972656
1572.172852	8917.172852
1571.157227	8932.041992
1570.141602	8982.644531
1569.125000	8933.173828
1568.109375	8943.265625
1567.092773	9370.065430
1566.076172	9311.021484
1565.059570	9175.833984
1564.042969	9031.182617
1563.025391	8988.897461
1562.008789	9267.765625
1560.991211	9280.149414
1559.973633	9506.532227
1558.955078	9281.127930
1557.937500	9307.760742
1556.918945	8901.883789
1555.900391	9090.142578
1554.881836	8960.020508
1553.862305	9300.184570
1552.842773	9231.806641
1551.824219	9488.688477
1550.804688	9432.166016
1549.784180	9432.618164
1548.764648	9323.934570
1547.744141	9127.530273
1546.723633	9305.907227
1545.703125	9469.985352
1544.682617	9548.655273
1543.661133	9582.260742
1542.639648	9343.348633
1541.618164	9237.203125
1540.596680	9405.862305
1539.575195	9591.030273
1538.552734	9892.136719
1537.530273	10148.144531
1536.507813	10032.473633
1535.485352	10435.052734
1534.461914	10570.138672
1533.439453	10499.390625
1532.416016	10442.859375
1531.392578	10353.250977
1530.368164	10355.867188
1529.344727	10074.881836
1528.320313	10115.357422
1527.295898	10110.931641
1526.271484	9929.366211
1525.246094	9976.929688
1524.221680	10055.165039
1523.196289	10246.668945
1522.170898	10235.137695
1521.145508	10143.388672
1520.119141	9936.085938
1519.092773	10028.398438
1518.067383	9816.486328
1517.040039	9868.706055
1516.013672	10088.254883
1514.987305	9921.234375
1513.959961	9582.285156
1512.932617	9745.221680
1511.905273	9891.605469
1510.876953	10019.091797
1509.849609	10153.587891
1508.821289	10262.136719
1507.792969	10123.553711
1506.763672	10455.574219
1505.735352	10721.595703
1504.706055	10684.127930
1503.676758	10907.668945
1502.647461	11044.137695
1501.618164	11373.277344
1500.587891	11462.596680
1499.557617	11697.540039
1498.527344	11937.084961
1497.497070	11880.630859
1496.466797	12075.427734
1495.435547	11831.170898
1494.404297	11817.015625
1493.373047	12018.744141
1492.341797	11622.155273
1491.309570	11601.013672
1490.278320	11605.675781
1489.246094	11502.484375
1488.213867	11319.634766
1487.180664	10961.089844
1486.148438	10923.699219
1485.115234	10809.015625
1484.082031	10305.578125
1483.047852	10568.080078
1482.014648	10565.916992
1480.980469	10376.494141
1479.946289	10439.897461
1478.912109	10678.756836
1477.877930	10335.032227
1476.842773	10505.988281
1475.808594	10770.408203
1474.773438	11160.962891
1473.738281	11263.859375
1472.702148	11855.125977
1471.666992	11990.545898
1470.630859	12473.966797
1469.594727	12606.868164
1468.557617	13286.102539
1467.521484	13684.916016
1466.484375	14436.003906
1465.447266	15154.114258
1464.410156	15605.958008
1463.373047	16731.736328
1462.334961	16945.193359
1461.296875	17585.251953
1460.258789	18455.833984
1459.220703	18831.951172
1458.182617	19291.800781
1457.143555	19681.568359
1456.104492	19868.529297
1455.065430	19980.892578
1454.026367	20330.695313
1452.986328	19751.552734
1451.946289	20143.148438
1450.906250	20011.037109
1449.866211	20707.173828
1448.826172	20982.033203
1447.785156	21698.609375
1446.744141	21661.607422
1445.703125	22319.636719
1444.662109	22830.982422
1443.620117	22686.882813
1442.578125	22668.287109
1441.537109	22642.728516
1440.494141	22519.652344
1439.452148	21855.687500
1438.409180	21356.796875
1437.367188	20561.064453
1436.323242	19698.371094
1435.280273	19114.396484
1434.237305	18268.589844
1433.193359	17650.365234
1432.149414	17192.355469
1431.105469	16451.761719
1430.061523	15648.902344
1429.016602	15393.149414
1427.971680	14678.858398
1426.926758	14641.102539
1425.881836	14033.767578
1424.835938	13776.237305
1423.791016	13643.794922
1422.745117	13328.599609
1421.699219	13143.090820
1420.652344	13105.692383
1419.606445	13059.057617
1418.559570	13056.371094
1417.512695	12947.350586
1416.465820	13118.022461
1415.417969	13092.216797
1414.371094	13073.351563
1413.323242	13211.553711
1412.275391	13171.886719
1411.226563	13277.687500
1410.178711	13136.457031
1409.129883	13260.682617
1408.081055	13331.787109
1407.032227	13079.901367
1405.982422	13084.126953
1404.933594	13307.412109
1403.883789	13180.178711
1402.833984	13092.179688
1401.783203	12900.515625
1400.733398	12872.513672
1399.682617	12853.737305
1398.631836	12807.331055
1397.581055	12558.315430
1396.529297	12643.208008
1395.478516	12378.215820
1394.426758	12502.228516
1393.375000	12290.289063
1392.322266	12170.445313
1391.270508	12218.530273
1390.217773	11999.880859
1389.165039	11700.862305
1388.112305	11590.428711
1387.058594	11457.061523
1386.005859	11179.013672
1384.952148	11050.378906
1383.898438	11123.881836
1382.843750	11353.478516
1381.790039	11617.411133
1380.735352	11461.249023
1379.680664	11594.261719
1378.625977	11864.862305
1377.570313	11961.038086
1376.515625	11958.570313
1375.459961	12132.634766
1374.404297	12219.525391
1373.347656	12345.336914
1372.291992	12480.261719
1371.235352	12138.655273
1370.178711	12225.469727
1369.122070	12422.157227
1368.064453	11872.443359
1367.007813	12092.010742
1365.950195	12073.494141
1364.892578	12011.514648
1363.833984	12061.644531
1362.776367	12189.509766
1361.717773	12239.580078
1360.659180	12355.924805
1359.600586	12348.799805
1358.541016	12259.415039
1357.482422	12416.803711
1356.422852	12533.011719
1355.363281	12788.474609
1354.302734	13002.733398
1353.243164	13452.022461
1352.182617	13300.895508
1351.122070	14062.538086
1350.060547	14296.884766
1349.000000	14503.763672
1347.938477	15048.048828
1346.876953	15384.638672
1345.815430	16015.131836
1344.753906	16597.505859
1343.691406	16851.539063
1342.628906	17251.257813
1341.566406	17605.259766
1340.503906	18202.757813
1339.441406	18991.240234
1338.377930	19478.949219
1337.314453	20018.796875
1336.250977	20419.630859
1335.186523	21407.171875
1334.123047	21398.191406
1333.058594	22039.507813
1331.994141	21959.925781
1330.928711	21523.542969
1329.864258	21371.382813
1328.798828	20917.126953
1327.733398	20569.812500
1326.667969	19952.398438
1325.601563	19210.365234
1324.536133	18523.119141
1323.469727	17570.621094
1322.403320	17188.048828
1321.335938	16265.712891
1320.269531	15869.958984
1319.202148	15156.898438
1318.134766	15069.871094
1317.067383	14842.343750
1315.999023	14374.689453
1314.930664	14235.763672
1313.863281	14164.853516
1312.793945	14091.706055
1311.725586	14303.897461
1310.656250	14294.138672
1309.587891	14411.134766
1308.517578	14473.770508
1307.448242	14368.956055
1306.378906	14390.857422
1305.308594	14582.363281
1304.238281	14581.597656
1303.167969	14171.665039
1302.096680	14193.584961
1301.026367	13942.077148
1299.955078	14045.364258
1298.883789	13737.522461
1297.811523	13429.806641
1296.740234	13562.484375
1295.667969	12941.165039
1294.595703	12839.176758
1293.523438	12802.665039
1292.450195	12430.037109
1291.376953	12734.194336
1290.303711	12499.288086
1289.230469	12749.195313
1288.157227	12895.312500
1287.083008	12583.894531
1286.008789	12621.835938
1284.934570	12887.275391
1283.860352	12961.169922
1282.785156	12967.483398
1281.710938	13433.041992
1280.635742	13396.488281
1279.559570	13629.982422
1278.484375	13703.642578
1277.408203	13545.587891
1276.332031	13787.899414
1275.255859	13852.484375
1274.179688	13993.471680
1273.102539	13657.934570
1272.025391	13794.408203
1270.948242	14061.124023
1269.871094	13734.762695
1268.793945	13880.115234
1267.715820	13996.219727
1266.637695	14101.051758
1265.559570	14109.337891
1264.480469	14054.794922
1263.401367	14090.004883
1262.323242	13799.993164
1261.243164	13893.540039
1260.164063	13753.893555
1259.083984	13558.268555
1258.004883	13080.366211
1256.924805	12878.240234
1255.843750	12754.597656
1254.763672	12196.534180
1253.682617	11927.543945
1252.601563	11593.746094
1251.520508	11345.134766
1250.438477	11112.290039
1249.357422	10962.319336
1248.275391	10720.703125
1247.193359	10664.798828
1246.110352	10722.942383
1245.028320	10756.472656
1243.945313	10600.023438
1242.862305	10595.579102
1241.779297	10385.613281
1240.695313	10309.743164
1239.611328	10405.845703
1238.527344	10504.140625
1237.443359	10236.332031
1236.359375	10260.975586
1235.274414	10357.005859
1234.189453	10200.928711
1233.104492	10129.663086
1232.019531	10288.091797
1230.933594	10154.416992
1229.847656	9887.067383
1228.761719	10063.273438
1227.675781	10199.301758
1226.588867	10099.166016
1225.502930	10123.781250
1224.416016	10241.899414
1223.328125	10466.816406
1222.241211	10128.569336
1221.153320	10226.583984
1220.065430	10119.890625
1218.977539	10093.310547
1217.889648	10186.822266
1216.800781	10122.443359
1215.711914	10040.308594
1214.623047	10020.432617
1213.534180	9947.239258
1212.444336	10016.245117
1211.355469	10267.337891
1210.265625	10367.333008
1209.174805	10154.266602
1208.084961	10394.073242
1206.994141	10387.461914
1205.903320	10496.220703
1204.812500	10387.555664
1203.720703	10416.430664
1202.629883	10165.924805
1201.538086	10405.423828
1200.446289	10425.411133
1199.353516	10370.050781
1198.261719	10294.774414
1197.168945	10013.543945
1196.076172	9763.432617
1194.983398	9807.882813
1193.889648	10111.293945
1192.795898	10334.908203
1191.702148	10306.194336
1190.608398	10516.400391
1189.514648	10419.098633
1188.419922	10284.245117
1187.325195	10211.349609
1186.230469	10392.663086
1185.135742	10439.102539
1184.040039	10333.078125
1182.944336	10207.216797
1181.848633	10026.197266
1180.752930	9982.146484
1179.656250	9869.680664
1178.559570	10030.932617
1177.462891	9929.536133
1176.366211	9834.798828
1175.268555	9987.132813
1174.171875	9815.241211
1173.074219	9799.956055
1171.975586	9828.761719
1170.877930	9742.957031
1169.779297	9743.118164
1168.680664	9659.569336
1167.582031	9538.614258
1166.483398	9728.182617
1165.383789	9812.000977
1164.284180	9664.675781
1163.184570	9726.464844
1162.084961	9790.427734
1160.984375	9836.765625
1159.883789	9850.095703
1158.783203	9999.740234
1157.682617	10217.466797
1156.581055	10103.236328
1155.480469	9958.289063
1154.378906	10105.585938
1153.276367	10298.945313
1152.174805	10039.857422
1151.072266	9908.216797
1149.969727	9996.131836
1148.867188	9969.893555
1147.764648	9967.799805
1146.661133	10242.105469
1145.557617	10242.147461
1144.454102	10244.381836
1143.349609	10075.618164
1142.246094	10400.079102
1141.141602	10286.135742
1140.037109	10244.539063
1138.932617	10211.720703
1137.827148	10349.731445
1136.721680	10161.449219
1135.616211	9946.977539
1134.510742	10179.064453
1133.404297	10082.835938
1132.298828	10131.032227
1131.192383	10327.936523
1130.084961	10087.411133
1128.978516	10113.710938
1127.871094	10118.141602
1126.763672	10203.427734
1125.656250	9950.018555
1124.548828	10229.717773
1123.440430	10048.479492
1122.332031	10135.889648
1121.223633	10125.025391
1120.115234	10192.737305
1119.005859	10280.060547
1117.896484	10548.425781
1116.787109	10360.801758
1115.677734	10646.481445
1114.567383	10951.663086
1113.457031	11295.952148
1112.346680	11890.725586
1111.236328	11931.799805
1110.125000	12824.637695
1109.014648	13427.422852
1107.903320	14077.860352
1106.791016	14893.481445
1105.679688	15710.934570
1104.567383	16501.927734
1103.455078	17344.804688
1102.342773	17950.222656
1101.230469	18168.269531
1100.117188	18490.591797
1099.003906	18801.906250
1097.890625	18750.128906
1096.776367	18617.970703
1095.663086	18359.863281
1094.548828	18038.873047
1093.434570	17086.083984
1092.319336	16528.841797
1091.205078	15711.352539
1090.089844	14989.697266
1088.974609	14342.117188
1087.858398	13339.042969
1086.743164	12820.043945
1085.626953	12361.977539
1084.510742	11901.936523
1083.394531	11292.532227
1082.277344	10995.435547
1081.160156	10670.297852
1080.042969	10395.117188
1078.925781	10258.653320
1077.807617	10239.166016
1076.690430	9998.883789
1075.572266	9888.559570
1074.453125	9938.403320
1073.334961	9767.562500
1072.215820	9698.450195
1071.096680	9769.924805
1069.977539	9981.897461
1068.858398	9994.919922
1067.738281	10012.257813
1066.618164	10111.692383
1065.498047	10090.114258
1064.376953	10152.773438
1063.256836	10347.119141
1062.135742	10111.782227
1061.014648	10206.770508
1059.892578	10331.927734
1058.771484	10167.937500
1057.649414	10293.048828
1056.527344	10049.342773
1055.404297	10286.540039
1054.282227	10096.828125
1053.159180	10144.260742
1052.036133	10148.579102
1050.912109	10254.144531
1049.789063	10183.053711
1048.665039	10034.473633
1047.541016	10247.637695
1046.416992	10340.174805
1045.291992	10114.183594
1044.166992	10157.224609
1043.041992	10454.070313
1041.916992	10008.835938
1040.791992	10144.326172
1039.666016	10073.388672
1038.540039	10230.298828
1037.413086	9843.502930
1036.287109	9974.614258
1035.160156	9549.374023
1034.033203	9744.912109
1032.906250	9442.275391
1031.779297	9629.166992
1030.651367	9882.505859
1029.523438	10017.729492
1028.395508	10421.036133
1027.266602	10127.152344
1026.137695	10416.620117
1025.009766	10495.875000
1023.879883	10287.892578
1022.750977	10472.140625
1021.621094	10564.186523
1020.491211	10422.719727
1019.361328	10653.932617
1018.231445	10662.378906
1017.100586	10642.993164
1015.969727	10570.112305
1014.838867	10801.094727
1013.708008	10646.918945
1012.576172	10497.084961
1011.444336	10522.656250
1010.312500	10375.048828
1009.180664	10400.633789
1008.047852	10496.726563
1006.915039	10535.092773
1005.782227	10353.428711
1004.649414	10756.994141
1003.515625	10436.575195
1002.381836	10487.726563
1001.248047	10517.513672
1000.114258	10455.534180
998.979492	10372.247070
997.844727	10182.351563
996.709961	10097.024414
995.575195	9984.017578
994.439453	9813.506836
993.303711	9905.188477
992.167969	9764.594727
991.032227	9798.732422
989.895508	10167.219727
988.758789	10126.732422
987.622070	10073.489258
986.485352	9969.186523
985.347656	9950.044922
984.210938	9922.400391
983.073242	9967.083984
981.934570	10086.177734
980.796875	10028.754883
979.658203	10200.924805
978.519531	10302.888672
977.380859	10511.045898
976.241211	10710.617188
975.101563	10655.243164
973.961914	10527.696289
972.822266	10920.320313
971.681641	11072.937500
970.541992	11524.693359
969.400391	12037.782227
968.259766	12192.182617
967.119141	12212.915039
965.977539	12248.478516
964.835938	12307.344727
963.694336	12287.769531
962.551758	12158.021484
961.409180	12310.076172
960.266602	12061.771484
959.124023	12018.969727
957.980469	11717.905273
956.837891	11795.839844
955.694336	11685.403320
954.549805	11534.814453
953.406250	11314.485352
952.261719	11295.156250
951.117188	11053.827148
949.972656	10778.778320
948.827148	10928.649414
947.681641	10896.737305
946.536133	10881.739258
945.390625	10917.437500
944.245117	10946.784180
943.098633	11104.901367
941.952148	11091.978516
940.804688	11334.408203
939.658203	11405.834961
938.510742	11548.950195
937.363281	11953.513672
936.215820	12191.332031
935.067383	12646.176758
933.919922	13056.567383
932.770508	13334.032227
931.622070	14024.290039
930.473633	14545.752930
929.324219	15496.575195
928.174805	15950.127930
927.025391	16180.366211
925.875000	16429.445313
924.724609	16438.560547
923.574219	15997.511719
922.423828	15630.258789
921.272461	15319.932617
920.122070	14635.546875
918.969727	14144.812500
917.818359	13563.931641
916.666992	13042.122070
915.514648	12722.173828
914.362305	12333.062500
913.208984	11824.444336
912.056641	11790.430664
910.903320	11246.468750
909.750000	11065.720703
908.596680	10767.577148
907.442383	10750.593750
906.288086	10463.127930
905.133789	10697.780273
903.979492	10559.257813
902.824219	10376.788086
901.668945	10326.382813
900.513672	10380.727539
899.358398	10120.928711
898.202148	10296.726563
897.045898	10185.674805
895.889648	10292.320313
894.733398	10183.408203
893.576172	10103.829102
892.419922	10172.775391
891.261719	9982.408203
890.104492	10061.802734
888.946289	10036.657227
887.789063	9892.412109
886.629883	9752.406250
885.471680	9804.625000
884.312500	9929.912109
883.153320	9767.019531
881.994141	10176.148438
880.834961	9815.009766
879.674805	9833.772461
878.514648	9673.123047
877.354492	10081.918945
876.194336	9892.092773
875.033203	9673.160156
873.872070	9702.350586
872.710938	9869.062500
871.548828	9756.526367
870.387695	9868.997070
869.225586	9993.913086
868.063477	9656.559570
866.900391	9785.629883
865.737305	9810.586914
864.574219	9939.567383
863.411133	9554.666016
862.248047	9644.127930
861.083984	9417.486328
859.919922	9585.938477
858.755859	9573.489258
857.590820	9640.009766
856.425781	9573.535156
855.260742	9640.026367
854.095703	9718.948242
852.930664	9959.783203
851.764648	9781.201172
850.598633	9691.936523
849.431641	9660.806641
848.265625	9469.955078
847.098633	9569.547852
845.931641	9700.202148
844.764648	9781.043945
843.596680	9625.563477
842.428711	9505.377930
841.260742	9594.494141
840.092773	9843.066406
838.923828	9847.164063
837.754883	9749.805664
836.585938	9731.150391
835.416992	9592.466797
834.247070	9884.220703
833.077148	9865.545898
831.907227	9737.262695
830.737305	9927.473633
829.566406	9813.702148
828.395508	9778.520508
827.224609	9805.347656
826.052734	9726.795898
824.881836	9904.408203
823.709961	10119.116211
822.538086	10218.108398
821.365234	10110.632813
820.192383	9953.672852
819.019531	9815.349609
817.846680	9912.256836
816.673828	9594.566406
815.500000	9662.609375
814.326172	9650.221680
813.151367	9670.816406
811.977539	9967.533203
810.802734	10305.326172
809.627930	9998.256836
808.453125	10352.371094
807.277344	10444.851563
806.101563	10277.923828
804.925781	10471.221680
803.750000	10073.910156
802.573242	10001.796875
801.396484	9697.307617
800.219727	10129.086914
799.042969	10131.014648
797.865234	10461.799805
796.687500	10498.588867
795.509766	10662.737305
794.331055	10752.870117
793.153320	10600.639648
791.974609	10575.768555
790.795898	10639.174805
789.616211	10187.434570
788.436523	10131.889648
787.256836	10332.790039
786.077148	10461.820313
784.897461	10223.756836
783.716797	10201.049805
782.536133	9811.472656
781.354492	9835.994141
780.173828	10059.231445
778.992188	10192.246094
777.810547	10284.247070
776.628906	10198.083008
775.446289	10095.580078
774.263672	9833.493164
773.081055	10263.090820
771.898438	10140.181641
770.714844	10031.642578
769.531250	10129.667969
768.347656	10023.219727
767.163086	10532.020508
765.979492	10492.962891
764.794922	10625.532227
763.609375	10647.746094
762.424805	10776.139648
761.239258	11133.141602
760.053711	11473.658203
758.868164	11905.862305
757.681641	11729.860352
756.495117	12145.501953
755.308594	12322.346680
754.122070	12519.504883
752.934570	13110.019531
751.748047	13924.472656
750.559570	14683.554688
749.372070	15466.753906
748.183594	16938.052734
746.995117	19033.878906
745.806641	21287.595703
744.618164	23607.509766
743.428711	26034.273438
742.239258	27922.851563
741.049805	29452.597656
739.859375	30554.597656
738.669922	31123.400391
737.479492	31509.000000
736.288086	30689.216797
735.097656	30042.503906
733.906250	30145.701172
732.714844	30248.849609
731.523438	30624.056641
730.331055	31082.337891
729.138672	31637.847656
727.946289	33047.457031
726.753906	33411.582031
725.560547	33475.335938
724.367188	32922.546875
723.173828	31143.324219
721.979492	29778.402344
720.786133	27451.396484
719.591797	25036.244141
718.396484	22200.769531
717.202148	19658.175781
716.006836	17944.876953
714.811523	16623.044922
713.616211	15672.185547
712.419922	14824.942383
711.223633	14141.941406
710.027344	13619.032227
708.831055	13177.240234
707.633789	12951.977539
706.436523	13036.086914
705.239258	12960.502930
704.041016	12596.013672
702.843750	12318.546875
701.645508	11970.510742
700.447266	11501.472656
699.248047	11046.767578
698.048828	11189.689453
696.849609	11435.461914
695.650391	11965.588867
694.450195	11882.309570
693.250000	11714.367188
692.049805	11687.628906
690.849609	12172.892578
689.648438	12948.143555
688.447266	13007.790039
687.246094	13111.725586
686.044922	13294.161133
684.842773	13653.705078
683.640625	13831.915039
682.438477	14468.930664
681.235352	14916.519531
680.033203	15164.748047
678.829102	14733.035156
677.625977	14422.164063
676.422852	13640.978516
675.218750	13229.976563
674.014648	13472.268555
672.809570	13533.629883
671.604492	13562.825195
670.400391	13596.022461
669.194336	13695.463867
667.989258	13393.380859
666.783203	13099.455078
665.577148	12934.075195
664.371094	13232.173828
663.164063	13287.457031
661.957031	13350.735352
660.750000	13834.990234
659.542969	14000.342773
658.334961	14035.367188
657.127930	13918.112305
655.918945	14095.354492
654.710938	14038.212891
653.501953	14189.321289
652.292969	14154.202148
651.083984	14197.147461
649.875000	14033.985352
648.665039	14232.968750
647.455078	13783.871094
646.244141	13748.873047
645.034180	13362.046875
643.823242	13373.125000
642.612305	12932.594727
641.400391	12526.218750
640.189453	12233.869141
638.977539	11983.581055
637.765625	12126.711914
636.552734	12195.924805
635.339844	12554.471680
634.126953	12376.156250
632.914063	12588.889648
631.700195	12949.108398
630.487305	13313.156250
629.272461	13834.527344
628.058594	14570.916016
626.843750	15221.300781
625.628906	15542.696289
624.414063	15278.389648
623.199219	14928.572266
621.983398	14467.418945
620.767578	14048.265625
619.551758	13868.089844
618.334961	13057.310547
617.118164	12662.605469
615.901367	12325.743164
614.684570	12064.580078
613.466797	11885.030273
612.249023	11312.060547
611.031250	11265.875977
609.813477	10729.046875
608.594727	10377.155273
607.375977	10492.039063
606.157227	10729.953125
604.937500	10697.835938
603.717773	10610.170898
602.498047	10334.074219
601.278320	10496.440430
600.057617	10246.266602
598.836914	10422.458984
597.616211	10170.427734
596.395508	10075.061523
595.173828	9846.990234
593.952148	9995.380859
592.729492	9571.364258
591.507813	9385.130859
590.285156	9537.481445
589.062500	9250.400391
587.839844	9200.886719
586.616211	9299.763672
585.392578	9370.906250
584.168945	9564.615234
582.944336	9886.741211
581.720703	10125.710938
580.495117	10338.886719
579.270508	10421.575195
578.045898	10717.550781
576.820313	10942.302734
575.594727	11032.700195
574.368164	11288.866211
573.142578	11473.874023
571.916016	11568.039063
570.688477	11920.576172
569.461914	11813.436523
568.234375	11887.746094
567.006836	11902.880859
565.779297	11606.607422
564.550781	11340.020508
563.322266	11274.492188
562.093750	11260.202148
560.865234	11100.198242
559.635742	11166.668945
558.406250	11341.366211
557.176758	11445.143555
555.946289	11611.832031
554.715820	11701.733398
553.485352	11329.448242
552.254883	11234.552734
551.023438	11375.583984
549.791992	11414.357422
548.560547	11138.737305
547.328125	10725.727539
546.096680	10289.331055
544.864258	10263.508789
543.630859	10269.107422
542.398438	10333.583984
541.165039	10580.521484
539.931641	10935.250000
538.697266	10901.464844
537.463867	10955.937500
536.229492	10498.685547
534.994141	10566.942383
533.759766	10660.643555
532.524414	10693.566406
531.289063	10714.721680
530.053711	10655.573242
528.817383	10351.705078
527.581055	10566.713867
526.344727	10658.331055
525.107422	11107.976563
523.871094	11846.945313
522.632813	13301.412109
521.395508	14907.757813
520.158203	15792.021484
518.919922	15198.284180
517.681641	13322.929688
516.442383	12093.104492
515.203125	11016.170898
513.963867	10500.162109
512.724609	10189.376953
511.485352	9943.142578
510.245117	10311.739258
509.004883	10572.863281
507.763672	10984.071289
506.523438	10810.034180
505.282227	10918.791016
504.040039	10959.271484
502.798828	10804.840820
501.556641	10578.383789
