1802.182617	5471.277832
1801.212891	5633.593262
1800.244141	5550.078125
1799.274414	5568.938965
1798.304688	5645.191895
1797.334961	5556.733398
1796.364258	5475.793945
1795.394531	5621.855469
1794.423828	5635.694336
1793.453125	5537.333984
1792.482422	5723.177734
1791.511719	5712.065430
1790.540039	5489.164063
1789.568359	5664.940430
1788.596680	5646.373535
1787.625000	5769.753418
1786.653320	5753.661621
1785.680664	5886.927246
1784.708984	5816.066895
1783.736328	5650.683105
1782.763672	5734.134277
1781.790039	5772.782227
1780.817383	5910.882813
1779.843750	5939.534668
1778.870117	6030.317383
1777.896484	5897.395020
1776.922852	5908.638184
1775.948242	5862.740234
1774.973633	5973.333984
1773.999023	5895.158691
1773.024414	6042.941895
1772.049805	6083.929688
1771.074219	6008.260254
1770.099609	6093.900391
1769.124023	6159.659668
1768.148438	6150.985840
1767.171875	6395.248047
1766.196289	6408.842773
1765.219727	6484.400391
1764.243164	6507.884277
1763.266602	6620.557129
1762.290039	6827.320313
1761.312500	6994.372070
1760.334961	7037.543457
1759.357422	7172.300781
1758.379883	7148.585938
1757.402344	7357.509277
1756.423828	7526.760254
1755.446289	7500.513672
1754.467773	7607.834961
1753.489258	7784.350586
1752.509766	7681.425781
1751.531250	7754.040039
1750.551758	7774.726563
1749.572266	7783.050781
1748.592773	7556.691406
1747.613281	7718.184082
1746.632813	7417.847656
1745.652344	7554.614258
1744.671875	7321.075195
1743.691406	7267.782227
1742.710938	7493.319336
1741.729492	7057.650879
1740.749023	7389.191895
1739.767578	7284.143066
1738.785156	7107.640625
1737.803711	7204.808594
1736.822266	7186.111816
1735.839844	6805.231934
1734.857422	7237.421387
1733.875000	7080.806152
1732.891602	7042.448730
1731.909180	7001.644043
1730.925781	7155.306641
1729.942383	6792.115234
1728.958984	6945.757324
1727.974609	7013.240234
1726.991211	7065.938965
1726.006836	6973.538574
1725.022461	7065.558594
1724.038086	6919.120117
1723.052734	6878.410156
1722.068359	6955.650879
1721.083008	6964.078613
1720.097656	7279.499512
1719.112305	6833.594727
1718.125977	7291.303223
1717.140625	7120.477539
1716.154297	7276.101563
1715.167969	7161.777344
1714.181641	7226.568848
1713.194336	7360.003906
1712.208008	7493.385254
1711.220703	7670.839844
1710.233398	7323.700195
1709.246094	7398.193848
1708.257813	7786.264160
1707.270508	7828.789551
1706.282227	8108.856934
1705.293945	7933.376465
1704.304688	8056.632324
1703.316406	8338.930664
1702.327148	8552.596680
1701.337891	8531.302734
1700.348633	8891.609375
1699.359375	9114.816406
1698.370117	9325.707031
1697.379883	9458.284180
1696.389648	9796.115234
1695.399414	10055.613281
1694.409180	10322.334961
1693.417969	10645.130859
1692.426758	10794.401367
1691.436523	11114.528320
1690.444336	11141.583984
1689.453125	11341.916992
1688.461914	11539.728516
1687.469727	11527.644531
1686.477539	11522.882813
1685.485352	11686.393555
1684.492188	11876.659180
1683.500000	11691.434570
1682.506836	11737.823242
1681.513672	11786.628906
1680.520508	11538.189453
1679.527344	11608.936523
1678.533203	11458.042969
1677.539063	11472.775391
1676.544922	11285.455078
1675.550781	11419.472656
1674.556641	10967.003906
1673.561523	10860.179688
1672.566406	10884.744141
1671.571289	11062.505859
1670.576172	10800.118164
1669.581055	10853.848633
1668.584961	10834.645508
1667.588867	10832.458984
1666.592773	10815.697266
1665.596680	10781.937500
1664.600586	10570.916992
1663.603516	10583.350586
1662.606445	10683.166992
1661.609375	10399.483398
1660.612305	10450.765625
1659.614258	10407.414063
1658.617188	10434.417969
1657.619141	10425.036133
1656.621094	10299.280273
1655.622070	10471.729492
1654.624023	10445.378906
1653.625000	10377.846680
1652.625977	10261.890625
1651.626953	10233.173828
1650.627930	10347.341797
1649.627930	10272.618164
1648.627930	10183.401367
1647.627930	10278.146484
1646.627930	10203.480469
1645.627930	10315.116211
1644.626953	10112.285156
1643.625977	10318.200195
1642.625000	10042.919922
1641.624023	10108.569336
1640.623047	10116.192383
1639.621094	10077.903320
1638.619141	9889.856445
1637.617188	10030.353516
1636.615234	10245.648438
1635.613281	9907.998047
1634.610352	9884.269531
1633.607422	10039.131836
1632.604492	9988.844727
1631.601563	9967.525391
1630.597656	10020.978516
1629.594727	9835.691406
1628.590820	9881.916992
1627.586914	9932.944336
1626.582031	9971.900391
1625.578125	9854.232422
1624.573242	9820.921875
1623.568359	9977.885742
1622.563477	9715.813477
1621.558594	9745.142578
1620.552734	9899.617188
1619.546875	9979.430664
1618.541016	10066.428711
1617.535156	10110.092773
1616.529297	10129.689453
1615.522461	10036.266602
1614.515625	10284.247070
1613.508789	10375.899414
1612.501953	10246.437500
1611.494141	10383.707031
1610.487305	10309.541016
1609.479492	10189.775391
1608.471680	10322.168945
1607.463867	10454.508789
1606.455078	10209.979492
1605.446289	10253.501953
1604.437500	10376.176758
1603.428711	10789.035156
1602.419922	10561.421875
1601.410156	10741.500977
1600.401367	10770.485352
1599.391602	10907.307617
1598.381836	11187.846680
1597.371094	11286.196289
1596.361328	11343.786133
1595.350586	11739.010742
1594.339844	11762.965820
1593.329102	11873.084961
1592.317383	12196.161133
1591.305664	12267.862305
1590.294922	12667.279297
1589.283203	12695.801758
1588.270508	12884.530273
1587.258789	12872.350586
1586.246094	13256.976563
1585.233398	13120.450195
1584.220703	12713.977539
1583.208008	13024.342773
1582.194336	12957.208984
1581.180664	12694.291016
1580.167969	12677.387695
1579.153320	12779.837891
1578.139648	12433.587891
1577.125000	12695.907227
1576.111328	12543.039063
1575.096680	12578.650391
1574.081055	12495.018555
1573.066406	12435.261719
1572.050781	12277.800781
1571.035156	12387.309570
1570.019531	12303.782227
1569.003906	12522.818359
1567.988281	12422.624023
1566.971680	12439.146484
1565.955078	12472.327148
1564.938477	12726.849609
1563.920898	12714.742188
1562.904297	12602.710938
1561.886719	12711.947266
1560.869141	12685.578125
1559.851563	12518.931641
1558.833984	12533.024414
1557.815430	12851.341797
1556.796875	12337.818359
1555.778320	12408.958008
1554.759766	12470.566406
1553.740234	12503.650391
1552.721680	12258.917969
1551.702148	12197.074219
1550.682617	12287.153320
1549.662109	12251.430664
1548.642578	12227.583008
1547.622070	12671.021484
1546.601563	12516.666016
1545.581055	12426.388672
1544.560547	12734.394531
1543.539063	12959.323242
1542.517578	12994.594727
1541.496094	12939.827148
1540.474609	13316.163086
1539.453125	13455.535156
1538.430664	13206.560547
1537.408203	13471.354492
1536.385742	13534.875000
1535.363281	13648.057617
1534.339844	13420.535156
1533.316406	13429.624023
1532.292969	13334.661133
1531.269531	13130.981445
1530.246094	13255.946289
1529.221680	13005.098633
1528.198242	12844.138672
1527.173828	12773.011719
1526.148438	12973.523438
1525.124023	12661.540039
1524.098633	12836.020508
1523.073242	12380.208008
1522.047852	12469.717773
1521.022461	12559.189453
1519.997070	12525.959961
1518.970703	12351.235352
1517.944336	12419.454102
1516.917969	12362.695313
1515.890625	12527.519531
1514.864258	12536.744141
1513.836914	12670.834961
1512.809570	12691.802734
1511.782227	13002.436523
1510.753906	12980.944336
1509.726563	13173.684570
1508.698242	13467.552734
1507.669922	13561.281250
1506.640625	13899.649414
1505.612305	14320.205078
1504.583008	14587.726563
1503.553711	14852.787109
1502.524414	15571.434570
1501.495117	15424.884766
1500.464844	15849.394531
1499.434570	15900.188477
1498.404297	15967.403320
1497.374023	15874.900391
1496.343750	15613.387695
1495.312500	15593.762695
1494.281250	15419.249023
1493.250000	15221.340820
1492.218750	15197.113281
1491.186523	14708.491211
1490.154297	14208.342773
1489.122070	14060.075195
1488.089844	13879.051758
1487.057617	13770.750977
1486.024414	13388.354492
1484.991211	13266.141602
1483.958008	13296.215820
1482.924805	13380.134766
1481.891602	13368.031250
1480.857422	12995.466797
1479.823242	13252.568359
1478.789063	13364.500977
1477.753906	13544.225586
1476.719727	13716.859375
1475.684570	13992.305664
1474.649414	14239.584961
1473.614258	14465.726563
1472.578125	14689.437500
1471.542969	15223.792969
1470.506836	15697.196289
1469.470703	16298.851563
1468.433594	16946.958984
1467.397461	17361.353516
1466.360352	17705.556641
1465.323242	18791.671875
1464.286133	19385.074219
1463.249023	20220.816406
1462.210938	20664.425781
1461.172852	21700.076172
1460.134766	22185.160156
1459.096680	22562.833984
1458.057617	23266.572266
1457.019531	23385.273438
1455.980469	24004.701172
1454.941406	24416.617188
1453.901367	24828.363281
1452.862305	25288.822266
1451.822266	26624.150391
1450.782227	27023.552734
1449.742188	28469.636719
1448.701172	29649.978516
1447.661133	31404.203125
1446.620117	32474.185547
1445.579102	33262.468750
1444.537109	34287.472656
1443.496094	34963.531250
1442.454102	34510.339844
1441.412109	34110.746094
1440.370117	33128.488281
1439.327148	32311.458984
1438.285156	30587.222656
1437.242188	29460.085938
1436.199219	27551.529297
1435.155273	26546.097656
1434.112305	25401.929688
1433.068359	24195.623047
1432.024414	23040.812500
1430.980469	22208.642578
1429.936523	20920.310547
1428.891602	20142.201172
1427.846680	19547.400391
1426.801758	19084.845703
1425.756836	18057.529297
1424.710938	17912.609375
1423.666016	17557.134766
1422.620117	17204.119141
1421.574219	16802.666016
1420.527344	16447.636719
1419.481445	16761.068359
1418.434570	16787.675781
1417.387695	16645.529297
1416.340820	16655.970703
1415.292969	16832.771484
1414.245117	17055.699219
1413.197266	17100.693359
1412.149414	17570.554688
1411.101563	17439.960938
1410.052734	17856.468750
1409.004883	18132.031250
1407.955078	18423.628906
1406.906250	18202.996094
1405.857422	18764.298828
1404.807617	18423.781250
1403.757813	18447.650391
1402.708008	18072.761719
1401.658203	17654.242188
1400.607422	17622.957031
1399.556641	17296.839844
1398.505859	16837.281250
1397.455078	16458.498047
1396.404297	16452.804688
1395.352539	15899.336914
1394.300781	15548.592773
1393.249023	15780.052734
1392.197266	15307.567383
1391.144531	15049.146484
1390.091797	14862.107422
1389.039063	14711.923828
1387.986328	14407.817383
1386.932617	14273.873047
1385.879883	14160.658203
1384.826172	14470.107422
1383.772461	14083.629883
1382.717773	14471.027344
1381.664063	14263.749023
1380.609375	14407.683594
1379.554688	14602.035156
1378.500000	14488.910156
1377.444336	14962.974609
1376.389648	15033.263672
1375.333984	15004.943359
1374.278320	15331.909180
1373.221680	15395.202148
1372.166016	15513.455078
1371.109375	15526.287109
1370.052734	15520.791016
1368.995117	15574.830078
1367.938477	15647.159180
1366.880859	15566.109375
1365.823242	15659.003906
1364.765625	15680.935547
1363.708008	15762.329102
1362.649414	15928.303711
1361.590820	16160.515625
1360.532227	16154.890625
1359.473633	16464.664063
1358.415039	16404.136719
1357.355469	16638.339844
1356.295898	17112.271484
1355.236328	17433.005859
1354.175781	17712.509766
1353.116211	18621.910156
1352.055664	18846.279297
1350.995117	19558.839844
1349.934570	20314.447266
1348.873047	21311.503906
1347.811523	22381.117188
1346.750000	22985.201172
1345.688477	23839.761719
1344.626953	24707.642578
1343.564453	25896.417969
1342.501953	26364.871094
1341.439453	27489.041016
1340.376953	27547.107422
1339.313477	29114.486328
1338.250977	29697.957031
1337.187500	30825.050781
1336.123047	31214.539063
1335.059570	32179.349609
1333.995117	32534.279297
1332.930664	32909.523438
1331.866211	33005.003906
1330.801758	32989.078125
1329.736328	32514.156250
1328.671875	31848.595703
1327.606445	30779.007813
1326.540039	29573.609375
1325.474609	28518.556641
1324.408203	27538.845703
1323.341797	26564.078125
1322.275391	25385.503906
1321.208984	24422.925781
1320.141602	23460.744141
1319.074219	22678.101563
1318.006836	22319.730469
1316.939453	21383.511719
1315.872070	20993.830078
1314.803711	20463.833984
1313.735352	20368.980469
1312.666992	20296.814453
1311.597656	20267.697266
1310.529297	20265.757813
1309.459961	20114.435547
1308.390625	20510.792969
1307.320313	20725.992188
1306.250977	20400.496094
1305.180664	20753.576172
1304.110352	20855.537109
1303.040039	20735.921875
1301.968750	20684.156250
1300.898438	20304.769531
1299.827148	19939.093750
1298.754883	19623.259766
1297.683594	19438.529297
1296.612305	19165.824219
1295.540039	18435.007813
1294.467773	18248.380859
1293.394531	17678.253906
1292.322266	17561.791016
1291.249023	17337.115234
1290.175781	16918.609375
1289.102539	16610.744141
1288.028320	16483.326172
1286.955078	16132.860352
1285.880859	16537.308594
1284.806641	16234.279297
1283.732422	16422.333984
1282.657227	16508.986328
1281.582031	16505.554688
1280.506836	16628.162109
1279.431641	16993.742188
1278.355469	16821.476563
1277.280273	16916.949219
1276.204102	16796.492188
1275.127930	16945.886719
1274.050781	16838.958984
1272.974609	17183.806641
1271.897461	17243.148438
1270.820313	17401.308594
1269.742188	17617.796875
1268.665039	17937.492188
1267.586914	18364.816406
1266.508789	18675.240234
1265.430664	18954.117188
1264.351563	19039.919922
1263.272461	18932.767578
1262.194336	19191.228516
1261.114258	19028.031250
1260.035156	18891.802734
1258.955078	18547.183594
1257.875977	17821.755859
1256.794922	17282.583984
1255.714844	16674.197266
1254.634766	16097.416992
1253.553711	15496.246094
1252.472656	14993.820313
1251.391602	14355.080078
1250.309570	13996.307617
1249.227539	13566.094727
1248.146484	13297.102539
1247.063477	13184.755859
1245.981445	13007.619141
1244.898438	12991.496094
1243.816406	12937.386719
1242.732422	12849.784180
1241.649414	12833.702148
1240.566406	12540.680664
1239.482422	12444.281250
1238.398438	12472.940430
1237.314453	12430.163086
1236.229492	12697.588867
1235.144531	12411.590820
1234.059570	12429.077148
1232.974609	12497.849609
1231.889648	12542.065430
1230.803711	12427.986328
1229.717773	12284.980469
1228.631836	12518.617188
1227.545898	12355.599609
1226.458984	12435.433594
1225.373047	12265.819336
1224.286133	12356.769531
1223.198242	12389.804688
1222.111328	12275.942383
1221.023438	12391.305664
1219.935547	12671.240234
1218.847656	12288.269531
1217.759766	12428.016602
1216.670898	12718.881836
1215.582031	12469.501953
1214.493164	12544.675781
1213.404297	12595.377930
1212.314453	12648.279297
1211.224609	12372.468750
1210.134766	12405.410156
1209.044922	12660.330078
1207.954102	12682.097656
1206.864258	12579.590820
1205.773438	12738.915039
1204.681641	12829.412109
1203.590820	13021.879883
1202.499023	13200.963867
1201.407227	13215.936523
1200.315430	13144.468750
1199.223633	13287.959961
1198.130859	13289.611328
1197.038086	13353.276367
1195.945313	13408.056641
1194.852539	13500.449219
1193.758789	13679.126953
1192.666016	13620.939453
1191.572266	13536.225586
1190.477539	13551.088867
1189.383789	13313.823242
1188.289063	13162.889648
1187.194336	13224.243164
1186.099609	13181.690430
1185.004883	13044.135742
1183.909180	12796.173828
1182.813477	12638.875977
1181.717773	12382.267578
1180.621094	12445.911133
1179.525391	12191.656250
1178.428711	12136.134766
1177.332031	12040.918945
1176.235352	11826.615234
1175.137695	11894.715820
1174.040039	11693.762695
1172.942383	11770.678711
1171.844727	11618.326172
1170.747070	11809.820313
1169.648438	11639.895508
1168.549805	11738.784180
1167.451172	11557.932617
1166.351563	11467.433594
1165.252930	11491.445313
1164.153320	11671.715820
1163.053711	11671.467773
1161.953125	12021.026367
1160.853516	12020.704102
1159.752930	12064.364258
1158.652344	12420.213867
1157.550781	12323.084961
1156.450195	12234.788086
1155.348633	12471.722656
1154.247070	12273.588867
1153.145508	12343.492188
1152.042969	12261.849609
1150.940430	11978.259766
1149.837891	12076.713867
1148.735352	12258.516602
1147.632813	12240.583984
1146.529297	12183.173828
1145.425781	12165.263672
1144.322266	12204.369141
1143.217773	12256.610352
1142.114258	12370.198242
1141.009766	12382.938477
1139.905273	12566.556641
1138.799805	12511.346680
1137.695313	12353.234375
1136.589844	12554.256836
1135.484375	12499.082031
1134.378906	12503.020508
1133.272461	12386.613281
1132.166016	12276.816406
1131.059570	12274.235352
1129.953125	12059.546875
1128.846680	12290.936523
1127.739258	12482.884766
1126.631836	12252.987305
1125.524414	12250.410156
1124.416016	12274.045898
1123.307617	12160.083984
1122.200195	12314.734375
1121.090820	12499.881836
1119.982422	12366.298828
1118.873047	12603.725586
1117.763672	12633.797852
1116.654297	12803.451172
1115.544922	13481.136719
1114.434570	13548.066406
1113.325195	14127.218750
1112.213867	14849.960938
1111.103516	15661.732422
1109.993164	16765.068359
1108.881836	18039.996094
1107.770508	19577.863281
1106.658203	20512.042969
1105.546875	21950.792969
1104.434570	23127.802734
1103.322266	24084.572266
1102.209961	24858.220703
1101.096680	25346.648438
1099.984375	25406.535156
1098.871094	25266.404297
1097.757813	24945.939453
1096.643555	24182.333984
1095.529297	23462.500000
1094.415039	22015.347656
1093.300781	21155.119141
1092.186523	20026.039063
1091.071289	18478.503906
1089.956055	17428.587891
1088.840820	16606.933594
1087.725586	15737.899414
1086.609375	14823.687500
1085.493164	14076.821289
1084.376953	13655.451172
1083.260742	13266.769531
1082.143555	12858.748047
1081.027344	12524.559570
1079.910156	12251.160156
1078.791992	12088.320313
1077.674805	12137.731445
1076.556641	11951.171875
1075.438477	11872.900391
1074.320313	11937.470703
1073.201172	11945.766602
1072.082031	11882.683594
1070.962891	11966.669922
1069.843750	12124.125000
1068.724609	12268.544922
1067.604492	12326.460938
1066.484375	12341.141602
1065.364258	12593.426758
1064.243164	12817.529297
1063.123047	12875.277344
1062.001953	13200.684570
1060.880859	13348.974609
1059.758789	13518.778320
1058.637695	13744.601563
1057.515625	13659.733398
1056.392578	13844.457031
1055.270508	13459.916992
1054.147461	13605.803711
1053.025391	13475.775391
1051.901367	13533.255859
1050.778320	13190.032227
1049.654297	13426.305664
1048.531250	13218.904297
1047.407227	12979.298828
1046.282227	12795.754883
1045.158203	13016.844727
1044.033203	12770.976563
1042.908203	12845.708984
1041.782227	12877.398438
1040.657227	12603.762695
1039.531250	12607.542969
1038.405273	12639.260742
1037.279297	12673.112305
1036.152344	12706.949219
1035.025391	12764.396484
1033.898438	12763.840820
1032.771484	12842.719727
1031.644531	12857.169922
1030.516602	12762.168945
1029.388672	13053.403320
1028.260742	12825.404297
1027.131836	13232.309570
1026.002930	12985.070313
1024.874023	13014.473633
1023.745117	13052.437500
1022.616211	13086.097656
1021.486328	12894.796875
1020.356445	12982.023438
1019.226563	12891.471680
1018.095703	13010.774414
1016.965820	13022.999023
1015.834961	12926.073242
1014.704102	12702.950195
1013.572266	12820.049805
1012.441406	12887.907227
1011.309570	12703.420898
1010.176758	12683.623047
1009.044922	12586.888672
1007.912109	12458.139648
1006.779297	12575.137695
1005.646484	12548.972656
1004.513672	12629.594727
1003.379883	12626.914063
1002.246094	12728.830078
1001.112305	12512.709961
999.978516	12653.012695
998.843750	12513.795898
997.708984	12342.645508
996.574219	12322.964844
995.439453	12122.079102
994.303711	12081.138672
993.167969	12116.929688
992.032227	12020.611328
990.896484	12047.877930
989.759766	11919.668945
988.623047	11959.719727
987.486328	11986.980469
986.349609	11875.889648
985.211914	12209.564453
984.075195	12189.949219
982.936523	12117.168945
981.798828	12218.790039
980.661133	12275.721680
979.522461	12247.603516
978.383789	12468.137695
977.244141	12603.589844
976.105469	13087.356445
974.965820	13027.230469
973.826172	13385.423828
972.685547	13630.952148
971.545898	13912.455078
970.405273	14198.082031
969.264648	14237.491211
968.124023	14525.046875
966.982422	14621.624023
965.840820	14851.728516
964.699219	15030.862305
963.557617	14766.993164
962.415039	15124.045898
961.273438	14663.260742
960.129883	14691.906250
958.987305	14572.317383
957.844727	14302.470703
956.701172	14221.111328
955.557617	13951.453125
954.413086	13762.303711
953.269531	13636.689453
952.125000	13509.013672
950.980469	13444.820313
949.835938	13490.573242
948.690430	12948.781250
947.544922	12981.941406
946.399414	13165.073242
945.253906	12961.622070
944.107422	13210.138672
942.961914	13264.322266
941.815430	13291.042969
940.667969	13632.178711
939.521484	13768.517578
938.374023	14124.168945
937.226563	14323.609375
936.078125	14976.279297
934.930664	15668.722656
933.782227	16242.845703
932.633789	17223.392578
931.485352	18527.943359
930.335938	19250.626953
929.186523	20697.376953
928.037109	21985.609375
926.887695	23045.968750
925.737305	23746.021484
924.587891	24222.753906
923.436523	24415.310547
922.286133	24180.863281
921.135742	23517.585938
919.984375	22526.652344
918.833008	21611.802734
917.680664	19873.652344
916.529297	18947.152344
915.376953	17615.679688
914.224609	16690.056641
913.071289	15911.790039
911.918945	15031.002930
910.765625	14303.787109
909.612305	14067.838867
908.458984	13745.986328
907.304688	13657.061523
906.150391	13289.304688
904.996094	13229.862305
903.841797	13101.280273
902.686523	13056.569336
901.531250	13032.827148
900.375977	12948.352539
899.220703	12539.332031
898.064453	12689.483398
896.908203	12638.625000
895.751953	12861.935547
894.595703	12551.617188
893.438477	12444.338867
892.281250	12510.691406
891.124023	12443.194336
889.966797	12285.833984
888.808594	12483.847656
887.650391	12491.623047
886.492188	12415.827148
885.333008	12289.934570
884.174805	12496.127930
883.015625	12236.651367
881.856445	12277.864258
880.696289	12308.625000
879.536133	12245.480469
878.376953	11986.275391
877.215820	11891.942383
876.055664	12118.757813
874.894531	12232.902344
873.733398	11932.234375
872.572266	12090.128906
871.410156	12256.287109
870.249023	12245.328125
869.086914	12146.910156
867.924805	12310.865234
866.761719	12252.023438
865.598633	12014.230469
864.435547	12277.977539
863.272461	12065.242188
862.109375	12041.856445
860.945313	12240.966797
859.781250	12254.971680
858.616211	11967.596680
857.452148	12141.657227
856.287109	12051.794922
855.122070	12024.283203
853.957031	12144.223633
852.791016	12160.302734
851.625000	12273.934570
850.458984	12076.219727
849.292969	11920.086914
848.125977	12050.290039
846.958984	12186.657227
845.791992	12235.877930
844.625000	12028.014648
843.457031	12077.247070
842.290039	12035.280273
841.121094	12109.348633
839.953125	12011.466797
838.784180	12176.625000
837.615234	12082.910156
836.446289	11954.044922
835.277344	11999.074219
834.107422	12267.543945
832.937500	12060.112305
831.767578	12444.269531
830.597656	12193.464844
829.426758	12192.910156
828.255859	12122.081055
827.084961	12162.869141
825.913086	12445.355469
824.742188	12151.439453
823.570313	12287.185547
822.397461	12197.827148
821.225586	12374.787109
820.052734	12411.334961
818.879883	12478.815430
817.707031	12292.536133
816.533203	12489.943359
815.359375	12497.564453
814.185547	12402.105469
813.011719	12448.901367
811.836914	12559.554688
810.662109	12606.294922
809.487305	12679.790039
808.312500	12732.660156
807.136719	13086.100586
805.961914	12988.593750
804.785156	13158.665039
803.609375	12974.767578
802.432617	13202.365234
801.255859	13045.272461
800.079102	12999.280273
798.902344	12959.474609
797.724609	12940.239258
796.546875	13036.083008
795.369141	13259.259766
794.190430	13278.994141
793.012695	13261.755859
791.833984	13269.162109
790.654297	13009.718750
789.475586	13238.812500
788.295898	13119.005859
787.116211	13079.251953
785.936523	12961.580078
784.755859	13075.659180
783.575195	12863.737305
782.394531	12955.241211
781.213867	12782.369141
780.032227	12978.331055
778.851563	12955.046875
777.668945	12954.297852
776.487305	13344.591797
775.304688	13173.864258
774.123047	12927.491211
772.939453	13211.141602
771.756836	13161.240234
770.573242	13195.209961
769.389648	13304.817383
768.206055	13622.890625
767.022461	13476.880859
765.837891	13678.305664
764.653320	13642.663086
763.468750	14091.104492
762.283203	14367.819336
761.097656	14570.915039
759.912109	14812.705078
758.726563	14901.334961
757.540039	15267.404297
756.353516	15769.982422
755.166992	16404.904297
753.980469	16978.380859
752.792969	17665.763672
751.605469	18540.353516
750.417969	19818.013672
749.230469	21579.970703
748.041992	23392.083984
746.853516	26598.283203
745.665039	30244.878906
744.476563	34292.906250
743.287109	39275.277344
742.097656	44015.410156
740.908203	48749.421875
739.717773	51466.015625
738.527344	53087.554688
737.336914	53053.699219
736.146484	50613.558594
734.955078	48249.648438
733.763672	45090.425781
732.572266	42535.785156
731.380859	40067.531250
730.188477	38440.824219
728.996094	37687.593750
727.803711	37009.769531
726.611328	36551.347656
725.417969	36166.148438
724.224609	36239.429688
723.031250	35094.140625
721.836914	34008.132813
720.643555	31986.291016
719.449219	29890.353516
718.253906	27805.453125
717.059570	25636.390625
715.864258	24251.892578
714.668945	22930.751953
713.473633	22033.197266
712.277344	20949.863281
711.081055	19978.267578
709.884766	19389.380859
708.687500	18839.167969
707.491211	18133.515625
706.293945	17725.308594
705.096680	17456.720703
703.898438	17212.494141
702.700195	17045.134766
701.501953	16609.238281
700.303711	16633.900391
699.105469	16832.162109
697.906250	16634.750000
696.707031	16411.191406
695.506836	16217.991211
694.307617	16272.960938
693.107422	16460.996094
691.907227	16743.707031
690.706055	17133.123047
689.505859	17530.429688
688.304688	18118.966797
687.102539	18673.003906
685.901367	19101.935547
684.699219	19915.253906
683.497070	20456.457031
682.294922	21255.035156
681.091797	21451.628906
679.889648	21704.464844
678.685547	21562.978516
677.482422	21491.931641
676.278320	21075.123047
675.075195	20531.865234
673.870117	20266.160156
672.666016	20131.160156
671.460938	19815.437500
670.255859	20110.349609
669.050781	19967.437500
667.845703	20294.304688
666.639648	20324.003906
665.433594	20799.128906
664.226563	21472.640625
663.020508	22294.275391
661.813477	23075.445313
660.606445	23830.212891
659.398438	24530.535156
658.191406	24958.025391
656.983398	24672.109375
655.775391	24720.816406
654.566406	24368.990234
653.358398	23947.242188
652.149414	23391.564453
650.939453	22652.011719
649.730469	22062.841797
648.520508	21397.912109
647.310547	20645.275391
646.099609	20028.929688
644.889648	19430.843750
643.678711	18888.976563
642.467773	18317.373047
641.255859	17885.861328
640.044922	17650.271484
638.833008	17259.027344
637.620117	16861.962891
636.408203	16483.035156
635.195313	16702.943359
633.982422	16850.929688
632.769531	16946.988281
631.555664	17308.242188
630.341797	17416.119141
629.127930	17940.568359
627.914063	18410.976563
626.699219	18719.783203
625.484375	19215.712891
624.269531	19070.109375
623.053711	18607.964844
621.838867	18163.937500
620.622070	18130.115234
619.406250	17310.289063
618.190430	17077.716797
616.973633	16626.451172
615.756836	16195.266602
614.539063	15774.210938
613.321289	15442.786133
612.104492	15393.703125
610.885742	15233.375977
609.667969	15031.402344
608.449219	14869.236328
607.230469	14683.312500
606.011719	15063.234375
604.791992	14742.387695
603.572266	14606.218750
602.352539	14597.072266
601.132813	14508.593750
599.912109	14705.700195
598.691406	14757.994141
597.470703	14497.092773
596.249023	14493.920898
595.028320	14401.594727
593.805664	14511.348633
592.583984	14492.330078
591.362305	14407.980469
590.139648	14579.023438
588.916992	14423.443359
587.693359	14655.743164
586.469727	14318.218750
585.246094	14479.238281
584.022461	14353.473633
582.798828	14674.541992
581.574219	14797.821289
580.349609	14824.220703
579.125000	15131.143555
577.899414	15183.132813
576.673828	15298.291016
575.448242	15733.234375
574.221680	15605.432617
572.996094	15757.914063
571.769531	16014.897461
570.541992	16252.041016
569.315430	16611.353516
568.087891	16526.871094
566.860352	16629.695313
565.632813	16909.851563
564.404297	16679.544922
563.175781	16604.968750
561.947266	16613.144531
560.717773	16363.360352
559.489258	15995.563477
558.259766	15805.070313
557.029297	15801.602539
555.799805	15414.494141
554.569336	15509.458984
553.338867	15224.841797
552.107422	15319.805664
550.876953	15182.777344
549.645508	15354.349609
548.413086	15038.575195
547.181641	15070.631836
545.949219	14994.657227
544.716797	15032.597656
543.484375	14799.616211
542.250977	14918.049805
541.017578	15130.616211
539.784180	14868.336914
538.550781	14921.949219
537.316406	15246.143555
536.082031	14895.787109
534.847656	14796.470703
533.612305	15024.455078
532.376953	14811.518555
531.141602	14714.241211
529.906250	15059.589844
528.669922	15224.659180
527.433594	15086.245117
526.197266	15098.583984
524.959961	15396.582031
523.722656	15643.586914
522.485352	16207.313477
521.248047	17251.800781
520.009766	18510.865234
518.771484	18823.414063
517.533203	18023.982422
516.294922	16802.921875
515.055664	16107.801758
513.816406	15748.857422
512.577148	15419.354492
511.336914	15406.200195
510.096680	15250.595703
508.856445	15106.763672
507.616211	15101.486328
506.375000	15182.017578
505.133789	14927.158203
503.892578	15179.229492
502.650391	15481.858398
