1802.182617	9748.913086
1801.212891	10058.561523
1800.244141	9761.946289
1799.274414	9797.438477
1798.304688	9885.325195
1797.334961	10147.837891
1796.364258	9878.880859
1795.394531	9664.902344
1794.423828	9570.705078
1793.453125	9548.847656
1792.482422	9606.762695
1791.511719	9908.888672
1790.540039	10078.833008
1789.568359	9904.926758
1788.596680	10020.008789
1787.625000	9836.221680
1786.653320	9871.600586
1785.680664	10220.601563
1784.708984	10333.038086
1783.736328	10296.136719
1782.763672	10833.906250
1781.790039	11072.998047
1780.817383	10929.041016
1779.843750	10993.981445
1778.870117	11180.695313
1777.896484	11243.074219
1776.922852	11499.233398
1775.948242	11623.626953
1774.973633	11119.590820
1773.999023	10933.607422
1773.024414	11005.900391
1772.049805	10976.392578
1771.074219	11192.586914
1770.099609	11664.260742
1769.124023	11748.750977
1768.148438	12230.044922
1767.171875	12411.096680
1766.196289	12547.448242
1765.219727	12867.171875
1764.243164	12951.333984
1763.266602	13421.990234
1762.290039	13344.983398
1761.312500	13399.275391
1760.334961	13465.925781
1759.357422	13587.016602
1758.379883	13425.875977
1757.402344	13824.099609
1756.423828	14442.373047
1755.446289	14820.440430
1754.467773	14998.020508
1753.489258	15054.360352
1752.509766	14870.864258
1751.531250	14492.168945
1750.551758	14425.009766
1749.572266	14444.354492
1748.592773	14485.922852
1747.613281	14507.715820
1746.632813	14497.398438
1745.652344	13995.787109
1744.671875	13617.792969
1743.691406	13457.119141
1742.710938	13326.117188
1741.729492	13508.457031
1740.749023	13222.115234
1739.767578	13130.691406
1738.785156	13130.521484
1737.803711	12938.090820
1736.822266	13167.145508
1735.839844	12871.300781
1734.857422	12674.109375
1733.875000	12698.656250
1732.891602	12925.109375
1731.909180	12969.290039
1730.925781	13262.053711
1729.942383	13200.329102
1728.958984	12631.781250
1727.974609	12511.167969
1726.991211	12356.169922
1726.006836	12144.678711
1725.022461	12437.250977
1724.038086	12864.892578
1723.052734	13282.532227
1722.068359	13110.333008
1721.083008	13215.782227
1720.097656	13127.166992
1719.112305	12672.720703
1718.125977	12409.945313
1717.140625	12765.805664
1716.154297	12935.019531
1715.167969	12750.859375
1714.181641	12927.365234
1713.194336	13076.821289
1712.208008	13059.479492
1711.220703	13579.028320
1710.233398	13951.305664
1709.246094	14142.092773
1708.257813	14141.698242
1707.270508	14126.604492
1706.282227	14030.698242
1705.293945	14537.177734
1704.304688	13941.817383
1703.316406	14183.770508
1702.327148	14687.463867
1701.337891	15137.128906
1700.348633	15307.755859
1699.359375	16001.675781
1698.370117	15810.179688
1697.379883	16178.580078
1696.389648	16048.227539
1695.399414	16096.312500
1694.409180	15755.915039
1693.417969	15994.565430
1692.426758	16076.820313
1691.436523	16415.416016
1690.444336	16829.552734
1689.453125	16882.298828
1688.461914	17110.716797
1687.469727	16751.070313
1686.477539	17147.726563
1685.485352	17175.974609
1684.492188	17350.505859
1683.500000	17817.492188
1682.506836	17394.693359
1681.513672	17425.300781
1680.520508	17041.730469
1679.527344	17371.996094
1678.533203	17543.833984
1677.539063	17664.470703
1676.544922	18018.751953
1675.550781	18324.212891
1674.556641	18541.949219
1673.561523	18139.224609
1672.566406	18203.671875
1671.571289	18100.292969
1670.576172	18096.640625
1669.581055	17925.259766
1668.584961	17875.464844
1667.588867	18265.500000
1666.592773	17758.927734
1665.596680	17881.646484
1664.600586	17703.189453
1663.603516	18182.775391
1662.606445	17771.294922
1661.609375	17643.931641
1660.612305	17807.794922
1659.614258	17947.332031
1658.617188	17895.197266
1657.619141	17910.982422
1656.621094	17921.912109
1655.622070	17974.044922
1654.624023	18302.435547
1653.625000	18337.507813
1652.625977	18784.394531
1651.626953	18201.728516
1650.627930	18152.041016
1649.627930	17969.212891
1648.627930	18188.275391
1647.627930	18516.152344
1646.627930	18679.363281
1645.627930	18980.394531
1644.626953	18925.767578
1643.625977	18941.285156
1642.625000	18678.767578
1641.624023	19247.857422
1640.623047	19449.382813
1639.621094	19107.183594
1638.619141	19156.462891
1637.617188	19010.091797
1636.615234	19465.042969
1635.613281	19813.582031
1634.610352	19225.447266
1633.607422	19334.980469
1632.604492	19005.345703
1631.601563	19312.683594
1630.597656	19716.367188
1629.594727	19208.414063
1628.590820	19390.158203
1627.586914	19417.568359
1626.582031	19835.357422
1625.578125	20166.242188
1624.573242	20234.423828
1623.568359	20247.185547
1622.563477	20247.900391
1621.558594	20308.798828
1620.552734	19967.718750
1619.546875	19814.476563
1618.541016	19488.066406
1617.535156	19873.800781
1616.529297	19607.634766
1615.522461	19440.158203
1614.515625	19443.429688
1613.508789	19376.998047
1612.501953	19507.640625
1611.494141	20145.160156
1610.487305	20352.457031
1609.479492	20338.724609
1608.471680	20620.328125
1607.463867	20834.599609
1606.455078	20304.755859
1605.446289	20087.074219
1604.437500	19936.654297
1603.428711	20316.390625
1602.419922	20890.222656
1601.410156	20814.056641
1600.401367	21200.572266
1599.391602	20846.355469
1598.381836	20940.371094
1597.371094	20746.859375
1596.361328	20733.068359
1595.350586	21207.810547
1594.339844	20904.224609
1593.329102	21271.015625
1592.317383	21675.949219
1591.305664	21745.724609
1590.294922	22214.988281
1589.283203	22516.630859
1588.270508	22344.664063
1587.258789	22230.148438
1586.246094	22134.800781
1585.233398	22178.101563
1584.220703	22505.724609
1583.208008	22501.152344
1582.194336	22792.746094
1581.180664	22766.625000
1580.167969	23296.789063
1579.153320	23442.433594
1578.139648	23296.867188
1577.125000	23110.796875
1576.111328	23110.871094
1575.096680	22927.296875
1574.081055	22765.255859
1573.066406	22417.324219
1572.050781	22396.082031
1571.035156	22274.755859
1570.019531	22417.949219
1569.003906	22646.837891
1567.988281	22747.025391
1566.971680	22749.542969
1565.955078	22661.591797
1564.938477	22761.710938
1563.920898	22578.601563
1562.904297	22607.318359
1561.886719	22697.867188
1560.869141	22764.595703
1559.851563	23047.673828
1558.833984	22950.269531
1557.815430	22900.439453
1556.796875	22798.349609
1555.778320	23031.291016
1554.759766	23230.882813
1553.740234	23207.154297
1552.721680	23693.925781
1551.702148	23765.066406
1550.682617	23757.853516
1549.662109	24111.328125
1548.642578	23876.289063
1547.622070	24087.275391
1546.601563	23899.763672
1545.581055	24056.123047
1544.560547	24435.246094
1543.539063	24238.294922
1542.517578	24342.355469
1541.496094	24266.322266
1540.474609	24476.917969
1539.453125	24912.396484
1538.430664	25101.462891
1537.408203	25155.523438
1536.385742	25588.226563
1535.363281	25632.699219
1534.339844	26060.392578
1533.316406	25953.375000
1532.292969	25652.492188
1531.269531	25659.082031
1530.246094	26041.505859
1529.221680	25906.212891
1528.198242	25555.960938
1527.173828	25898.007813
1526.148438	25642.371094
1525.124023	25807.154297
1524.098633	25620.103516
1523.073242	25770.660156
1522.047852	25722.921875
1521.022461	25972.490234
1519.997070	25740.730469
1518.970703	25728.400391
1517.944336	25737.294922
1516.917969	25823.982422
1515.890625	26358.466797
1514.864258	26411.998047
1513.836914	26272.308594
1512.809570	26693.300781
1511.782227	27422.636719
1510.753906	27857.345703
1509.726563	28134.150391
1508.698242	28940.410156
1507.669922	29212.171875
1506.640625	30074.341797
1505.612305	30719.757813
1504.583008	31759.994141
1503.553711	32186.132813
1502.524414	33084.597656
1501.495117	33881.628906
1500.464844	34396.359375
1499.434570	35181.046875
1498.404297	35495.644531
1497.374023	35927.531250
1496.343750	36328.714844
1495.312500	36732.078125
1494.281250	36522.734375
1493.250000	36189.109375
1492.218750	36162.937500
1491.186523	35860.007813
1490.154297	34931.089844
1489.122070	34565.230469
1488.089844	33665.078125
1487.057617	33313.687500
1486.024414	32437.587891
1484.991211	32063.160156
1483.958008	31365.671875
1482.924805	30314.880859
1481.891602	29756.160156
1480.857422	29150.853516
1479.823242	29041.916016
1478.789063	28481.455078
1477.753906	28524.746094
1476.719727	27896.792969
1475.684570	28052.421875
1474.649414	28553.980469
1473.614258	28237.265625
1472.578125	28360.007813
1471.542969	28494.380859
1470.506836	28731.474609
1469.470703	29148.296875
1468.433594	29618.650391
1467.397461	30219.539063
1466.360352	30782.835938
1465.323242	30998.208984
1464.286133	31472.457031
1463.249023	32359.369141
1462.210938	33271.570313
1461.172852	33705.417969
1460.134766	34355.878906
1459.096680	35150.570313
1458.057617	36131.343750
1457.019531	36769.253906
1455.980469	37812.179688
1454.941406	38489.066406
1453.901367	39168.000000
1452.862305	40056.156250
1451.822266	40678.628906
1450.782227	41361.343750
1449.742188	42011.207031
1448.701172	42879.433594
1447.661133	43786.832031
1446.620117	44782.199219
1445.579102	45270.429688
1444.537109	45621.347656
1443.496094	45577.128906
1442.454102	45923.187500
1441.412109	45941.628906
1440.370117	45816.093750
1439.327148	45425.945313
1438.285156	44541.570313
1437.242188	43606.496094
1436.199219	42639.324219
1435.155273	41925.390625
1434.112305	40810.531250
1433.068359	39784.238281
1432.024414	39247.507813
1430.980469	37779.261719
1429.936523	37352.070313
1428.891602	36505.714844
1427.846680	35652.753906
1426.801758	35087.304688
1425.756836	34309.074219
1424.710938	33621.445313
1423.666016	32934.093750
1422.620117	32103.558594
1421.574219	31680.533203
1420.527344	31364.078125
1419.481445	30779.498047
1418.434570	30299.201172
1417.387695	29936.986328
1416.340820	29267.546875
1415.292969	29538.798828
1414.245117	29123.826172
1413.197266	29041.613281
1412.149414	28370.593750
1411.101563	28498.658203
1410.052734	28215.804688
1409.004883	28380.769531
1407.955078	28275.714844
1406.906250	28131.484375
1405.857422	27735.921875
1404.807617	27999.996094
1403.757813	28459.916016
1402.708008	28163.636719
1401.658203	27890.521484
1400.607422	27907.816406
1399.556641	28065.613281
1398.505859	28073.650391
1397.455078	27971.158203
1396.404297	28013.738281
1395.352539	27607.490234
1394.300781	27709.953125
1393.249023	27395.957031
1392.197266	27250.000000
1391.144531	27311.074219
1390.091797	27776.781250
1389.039063	27352.683594
1387.986328	27259.710938
1386.932617	27175.964844
1385.879883	27158.873047
1384.826172	27148.677734
1383.772461	27340.566406
1382.717773	27750.484375
1381.664063	28238.275391
1380.609375	28519.318359
1379.554688	28472.132813
1378.500000	28977.820313
1377.444336	28898.447266
1376.389648	29046.119141
1375.333984	29319.818359
1374.278320	29300.013672
1373.221680	29312.298828
1372.166016	29086.296875
1371.109375	28858.095703
1370.052734	28733.044922
1368.995117	28713.373047
1367.938477	28691.419922
1366.880859	27868.392578
1365.823242	27986.207031
1364.765625	28227.513672
1363.708008	28573.939453
1362.649414	28837.892578
1361.590820	29033.140625
1360.532227	29568.914063
1359.473633	30150.173828
1358.415039	30463.845703
1357.355469	31010.410156
1356.295898	31627.552734
1355.236328	31755.748047
1354.175781	32491.199219
1353.116211	32685.355469
1352.055664	33148.726563
1350.995117	33449.906250
1349.934570	33493.175781
1348.873047	34149.953125
1347.811523	34617.191406
1346.750000	34781.019531
1345.688477	35343.660156
1344.626953	35379.648438
1343.564453	36092.308594
1342.501953	35916.273438
1341.439453	36598.914063
1340.376953	36523.027344
1339.313477	37423.804688
1338.250977	37832.578125
1337.187500	38166.082031
1336.123047	38347.015625
1335.059570	38475.554688
1333.995117	39343.144531
1332.930664	38893.902344
1331.866211	39088.164063
1330.801758	39070.980469
1329.736328	38747.039063
1328.671875	38286.921875
1327.606445	38833.199219
1326.540039	37766.929688
1325.474609	37595.632813
1324.408203	37115.699219
1323.341797	36542.910156
1322.275391	36074.734375
1321.208984	35561.375000
1320.141602	34805.546875
1319.074219	34548.898438
1318.006836	34432.917969
1316.939453	34282.980469
1315.872070	33777.312500
1314.803711	33448.582031
1313.735352	33294.402344
1312.666992	33557.007813
1311.597656	33534.195313
1310.529297	33404.996094
1309.459961	32995.187500
1308.390625	33547.277344
1307.320313	33795.968750
1306.250977	33562.761719
1305.180664	33406.542969
1304.110352	33433.523438
1303.040039	33686.546875
1301.968750	33105.500000
1300.898438	32606.035156
1299.827148	32334.947266
1298.754883	32312.425781
1297.683594	32106.996094
1296.612305	31673.619141
1295.540039	31100.470703
1294.467773	30617.830078
1293.394531	30514.449219
1292.322266	30320.876953
1291.249023	30208.576172
1290.175781	30163.966797
1289.102539	30090.066406
1288.028320	29520.322266
1286.955078	29748.552734
1285.880859	29724.345703
1284.806641	30396.193359
1283.732422	30642.111328
1282.657227	30982.494141
1281.582031	31851.757813
1280.506836	32578.863281
1279.431641	33753.460938
1278.355469	35346.023438
1277.280273	36663.511719
1276.204102	38101.882813
1275.127930	40169.195313
1274.050781	41979.382813
1272.974609	43422.488281
1271.897461	45527.843750
1270.820313	47057.214844
1269.742188	47844.761719
1268.665039	49262.980469
1267.586914	48999.035156
1266.508789	48602.761719
1265.430664	47769.042969
1264.351563	46843.675781
1263.272461	45090.945313
1262.194336	43359.125000
1261.114258	41663.898438
1260.035156	39978.343750
1258.955078	38167.972656
1257.875977	36284.406250
1256.794922	35322.429688
1255.714844	34062.941406
1254.634766	33392.957031
1253.553711	32248.580078
1252.472656	31568.058594
1251.391602	30764.722656
1250.309570	30254.849609
1249.227539	29443.169922
1248.146484	28770.500000
1247.063477	28847.244141
1245.981445	27542.257813
1244.898438	27491.812500
1243.816406	26954.193359
1242.732422	26396.687500
1241.649414	25495.394531
1240.566406	25731.287109
1239.482422	24578.181641
1238.398438	24512.777344
1237.314453	24125.988281
1236.229492	23949.125000
1235.144531	24129.310547
1234.059570	23584.464844
1232.974609	23635.298828
1231.889648	23324.896484
1230.803711	23250.923828
1229.717773	22909.527344
1228.631836	22915.886719
1227.545898	23300.976563
1226.458984	22944.187500
1225.373047	22854.775391
1224.286133	23070.421875
1223.198242	22771.775391
1222.111328	23187.642578
1221.023438	23051.523438
1219.935547	22704.123047
1218.847656	22823.931641
1217.759766	22881.425781
1216.670898	22572.068359
1215.582031	22674.044922
1214.493164	22367.080078
1213.404297	22193.548828
1212.314453	22317.750000
1211.224609	22346.398438
1210.134766	22474.953125
1209.044922	22419.195313
1207.954102	22205.878906
1206.864258	22283.339844
1205.773438	22666.927734
1204.681641	22101.013672
1203.590820	22151.832031
1202.499023	22089.552734
1201.407227	22253.402344
1200.315430	22304.154297
1199.223633	22264.037109
1198.130859	22232.794922
1197.038086	22068.675781
1195.945313	21709.757813
1194.852539	21749.494141
1193.758789	22291.664063
1192.666016	22216.183594
1191.572266	22875.292969
1190.477539	22605.056641
1189.383789	22359.259766
1188.289063	22250.656250
1187.194336	22100.093750
1186.099609	22071.154297
1185.004883	21925.109375
1183.909180	22044.236328
1182.813477	21675.164063
1181.717773	21765.583984
1180.621094	21478.414063
1179.525391	21348.091797
1178.428711	21356.861328
1177.332031	21089.812500
1176.235352	21178.046875
1175.137695	20800.865234
1174.040039	20661.994141
1172.942383	20646.640625
1171.844727	20748.113281
1170.747070	20825.302734
1169.648438	20510.275391
1168.549805	20622.724609
1167.451172	20479.652344
1166.351563	20534.808594
1165.252930	20790.271484
1164.153320	20757.298828
1163.053711	20889.375000
1161.953125	20515.386719
1160.853516	20629.861328
1159.752930	20911.417969
1158.652344	20731.138672
1157.550781	21166.427734
1156.450195	21614.718750
1155.348633	21651.929688
1154.247070	21919.791016
1153.145508	22589.470703
1152.042969	22740.636719
1150.940430	23631.597656
1149.837891	24289.515625
1148.735352	25587.953125
1147.632813	27039.425781
1146.529297	27906.794922
1145.425781	29322.080078
1144.322266	30416.638672
1143.217773	30964.876953
1142.114258	31455.896484
1141.009766	31653.078125
1139.905273	31035.187500
1138.799805	30463.552734
1137.695313	29414.757813
1136.589844	28243.792969
1135.484375	27640.265625
1134.378906	26840.021484
1133.272461	25757.853516
1132.166016	25076.470703
1131.059570	24524.412109
1129.953125	24206.560547
1128.846680	23549.976563
1127.739258	23647.753906
1126.631836	23575.037109
1125.524414	23668.396484
1124.416016	23936.464844
1123.307617	23560.162109
1122.200195	23801.937500
1121.090820	23526.236328
1119.982422	23418.705078
1118.873047	23520.699219
1117.763672	23515.750000
1116.654297	23105.103516
1115.544922	23128.587891
1114.434570	22903.515625
1113.325195	22972.804688
1112.213867	23135.777344
1111.103516	23148.335938
1109.993164	23781.736328
1108.881836	23624.271484
1107.770508	23913.257813
1106.658203	24630.998047
1105.546875	24839.113281
1104.434570	25108.072266
1103.322266	25483.521484
1102.209961	25541.234375
1101.096680	25940.353516
1099.984375	25793.558594
1098.871094	25781.601563
1097.757813	25773.994141
1096.643555	25475.216797
1095.529297	25595.849609
1094.415039	25038.765625
1093.300781	24816.332031
1092.186523	24368.199219
1091.071289	23666.291016
1089.956055	23483.345703
1088.840820	23400.283203
1087.725586	22861.712891
1086.609375	22895.927734
1085.493164	22856.404297
1084.376953	22541.576172
1083.260742	22469.628906
1082.143555	22412.880859
1081.027344	22559.804688
1079.910156	22728.328125
1078.791992	22944.419922
1077.674805	22649.449219
1076.556641	22599.208984
1075.438477	22689.664063
1074.320313	22236.974609
1073.201172	22102.480469
1072.082031	22099.974609
1070.962891	21989.349609
1069.843750	21729.597656
1068.724609	21590.996094
1067.604492	21506.476563
1066.484375	21586.195313
1065.364258	21713.400391
1064.243164	21967.970703
1063.123047	21902.871094
1062.001953	22073.099609
1060.880859	22135.339844
1059.758789	21970.982422
1058.637695	22210.121094
1057.515625	22291.701172
1056.392578	22681.619141
1055.270508	22226.218750
1054.147461	22150.386719
1053.025391	21958.208984
1051.901367	21690.699219
1050.778320	21716.269531
1049.654297	21231.396484
1048.531250	21317.341797
1047.407227	21429.082031
1046.282227	21069.410156
1045.158203	20849.761719
1044.033203	20802.320313
1042.908203	20638.744141
1041.782227	20337.601563
1040.657227	20462.300781
1039.531250	20174.218750
1038.405273	19982.970703
1037.279297	19828.328125
1036.152344	19912.208984
1035.025391	19792.009766
1033.898438	19261.718750
1032.771484	19324.191406
1031.644531	19326.537109
1030.516602	19897.568359
1029.388672	19856.876953
1028.260742	19874.121094
1027.131836	20103.673828
1026.002930	19816.382813
1024.874023	19788.603516
1023.745117	19792.980469
1022.616211	19904.498047
1021.486328	19776.021484
1020.356445	19752.550781
1019.226563	19911.113281
1018.095703	19906.890625
1016.965820	20352.181641
1015.834961	20084.634766
1014.704102	20527.556641
1013.572266	20756.373047
1012.441406	20805.437500
1011.309570	20967.808594
1010.176758	21455.054688
1009.044922	21696.298828
1007.912109	21971.628906
1006.779297	22398.529297
1005.646484	22889.326172
1004.513672	23401.267578
1003.379883	24073.123047
1002.246094	24127.783203
1001.112305	24540.960938
999.978516	24294.638672
998.843750	23615.363281
997.708984	22944.908203
996.574219	22291.794922
995.439453	21758.343750
994.303711	21617.308594
993.167969	21069.308594
992.032227	20887.996094
990.896484	20826.044922
989.759766	20638.468750
988.623047	20697.958984
987.486328	20344.445313
986.349609	20438.023438
985.211914	20544.326172
984.075195	20359.130859
982.936523	20112.330078
981.798828	20112.308594
980.661133	20339.769531
979.522461	20244.042969
978.383789	20037.849609
977.244141	20413.906250
976.105469	20441.427734
974.965820	20409.468750
973.826172	20683.283203
972.685547	20572.738281
971.545898	20706.318359
970.405273	21162.378906
969.264648	21662.794922
968.124023	21878.775391
966.982422	22037.406250
965.840820	22357.099609
964.699219	22608.824219
963.557617	22782.029297
962.415039	22736.919922
961.273438	22511.769531
960.129883	22591.691406
958.987305	22688.517578
957.844727	21968.138672
956.701172	21770.851563
955.557617	21840.277344
954.413086	21698.107422
953.269531	21204.873047
952.125000	21086.158203
950.980469	20844.863281
949.835938	20914.404297
948.690430	20669.019531
947.544922	20740.679688
946.399414	20508.107422
945.253906	20613.562500
944.107422	20723.193359
942.961914	20687.107422
941.815430	20798.783203
940.667969	20901.970703
939.521484	21040.978516
938.374023	20960.552734
937.226563	21354.662109
936.078125	21889.869141
934.930664	22100.212891
933.782227	22337.865234
932.633789	22320.455078
931.485352	23112.003906
930.335938	23214.486328
929.186523	24155.011719
928.037109	24703.546875
926.887695	25087.669922
925.737305	25919.863281
924.587891	25483.019531
923.436523	25772.068359
922.286133	25789.697266
921.135742	25613.878906
919.984375	25223.712891
918.833008	24791.679688
917.680664	24300.992188
916.529297	23827.322266
915.376953	23397.958984
914.224609	22704.189453
913.071289	22581.767578
911.918945	22052.187500
910.765625	21718.000000
909.612305	21214.007813
908.458984	21186.398438
907.304688	20980.535156
906.150391	20627.986328
904.996094	20703.234375
903.841797	20782.642578
902.686523	20522.554688
901.531250	20583.109375
900.375977	20855.183594
899.220703	20658.068359
898.064453	20611.775391
896.908203	20718.302734
895.751953	20519.246094
894.595703	20793.128906
893.438477	20491.636719
892.281250	20591.820313
891.124023	20566.501953
889.966797	20668.714844
888.808594	20459.464844
887.650391	20398.666016
886.492188	20542.626953
885.333008	20039.027344
884.174805	20274.884766
883.015625	20199.556641
881.856445	19804.892578
880.696289	20117.861328
879.536133	19742.160156
878.376953	19575.218750
877.215820	19764.982422
876.055664	19698.193359
874.894531	19485.503906
873.733398	19414.632813
872.572266	19677.195313
871.410156	19422.976563
870.249023	19429.226563
869.086914	19518.769531
867.924805	19639.503906
866.761719	19785.164063
865.598633	19664.378906
864.435547	19743.388672
863.272461	19537.371094
862.109375	19395.916016
860.945313	19456.212891
859.781250	19491.537109
858.616211	19489.433594
857.452148	19262.906250
856.287109	19512.232422
855.122070	19495.582031
853.957031	19576.539063
852.791016	19723.898438
851.625000	19333.574219
850.458984	19327.347656
849.292969	19599.154297
848.125977	19194.582031
846.958984	19198.755859
845.791992	19064.000000
844.625000	19406.109375
843.457031	19302.453125
842.290039	19095.232422
841.121094	19099.416016
839.953125	19145.023438
838.784180	19273.443359
837.615234	19122.302734
836.446289	19294.138672
835.277344	19215.490234
834.107422	19490.683594
832.937500	19159.650391
831.767578	19316.847656
830.597656	19250.662109
829.426758	19577.291016
828.255859	19223.781250
827.084961	19227.912109
825.913086	19523.341797
824.742188	19446.847656
823.570313	19500.486328
822.397461	19593.328125
821.225586	19595.304688
820.052734	19395.031250
818.879883	19302.136719
817.707031	19184.525391
816.533203	19250.517578
815.359375	19033.990234
814.185547	19512.289063
813.011719	19273.125000
811.836914	19458.552734
810.662109	20136.285156
809.487305	20307.025391
808.312500	20599.191406
807.136719	21113.585938
805.961914	21310.763672
804.785156	21073.621094
803.609375	21134.921875
802.432617	20788.890625
801.255859	20510.878906
800.079102	20773.763672
798.902344	20857.683594
797.724609	20499.673828
796.546875	21345.970703
795.369141	21758.416016
794.190430	21675.673828
793.012695	21763.408203
791.833984	21736.130859
790.654297	21505.652344
789.475586	21815.001953
788.295898	21268.628906
787.116211	20941.982422
785.936523	20802.105469
784.755859	20996.509766
783.575195	20497.929688
782.394531	20311.095703
781.213867	19954.265625
780.032227	19634.462891
778.851563	20025.533203
777.668945	19920.869141
776.487305	19955.466797
775.304688	19809.921875
774.123047	19709.460938
772.939453	19960.957031
771.756836	20069.152344
770.573242	19907.341797
769.389648	19696.527344
768.206055	20041.839844
767.022461	20186.708984
765.837891	20580.802734
764.653320	20888.923828
763.468750	20641.353516
762.283203	20939.115234
761.097656	21293.912109
759.912109	21181.126953
758.726563	21537.755859
757.540039	21994.201172
756.353516	22197.509766
755.166992	22465.988281
753.980469	23007.570313
752.792969	23292.064453
751.605469	24063.531250
750.417969	25221.814453
749.230469	26202.359375
748.041992	27575.570313
746.853516	29445.044922
745.665039	31568.193359
744.476563	33690.421875
743.287109	35801.550781
742.097656	37506.894531
740.908203	38814.839844
739.717773	39977.832031
738.527344	41028.488281
737.336914	40830.554688
736.146484	40356.304688
734.955078	39097.941406
733.763672	38016.859375
732.572266	37208.402344
731.380859	36361.710938
730.188477	35160.105469
728.996094	33892.042969
727.803711	32959.351563
726.611328	32077.785156
725.417969	30697.615234
724.224609	29867.615234
723.031250	29056.220703
721.836914	28885.730469
720.643555	28611.953125
719.449219	28500.386719
718.253906	27783.169922
717.059570	27442.968750
715.864258	27536.236328
714.668945	27319.722656
713.473633	27164.021484
712.277344	27271.447266
711.081055	26763.798828
709.884766	26507.179688
708.687500	25676.355469
707.491211	25790.070313
706.293945	25940.117188
705.096680	25768.771484
703.898438	25930.878906
702.700195	25963.630859
701.501953	25854.994141
700.303711	25483.912109
699.105469	25375.421875
697.906250	25438.535156
696.707031	25761.919922
695.506836	26674.248047
694.307617	27051.679688
693.107422	27856.451172
691.907227	28489.501953
690.706055	29269.419922
689.505859	30929.650391
688.304688	32085.460938
687.102539	33687.953125
685.901367	34856.753906
684.699219	35962.625000
683.497070	37522.960938
682.294922	39259.726563
681.091797	41219.082031
679.889648	41942.386719
678.685547	42200.765625
677.482422	42185.554688
676.278320	41965.289063
675.075195	40689.875000
673.870117	40236.917969
672.666016	39621.417969
671.460938	39281.367188
670.255859	38808.917969
669.050781	37732.332031
667.845703	37262.429688
666.639648	36130.449219
665.433594	35139.410156
664.226563	34433.660156
663.020508	34293.792969
661.813477	33985.550781
660.606445	32985.808594
659.398438	32852.355469
658.191406	32179.921875
656.983398	30646.306641
655.775391	30389.257813
654.566406	29169.093750
653.358398	28439.978516
652.149414	28121.519531
650.939453	27701.136719
649.730469	27246.919922
648.520508	27050.947266
647.310547	26213.080078
646.099609	25641.509766
644.889648	25058.191406
643.678711	24535.083984
642.467773	24385.865234
641.255859	23797.205078
640.044922	23326.640625
638.833008	22790.382813
637.620117	22737.498047
636.408203	23025.951172
635.195313	22871.259766
633.982422	22762.523438
632.769531	22651.835938
631.555664	22754.583984
630.341797	23094.550781
629.127930	22878.210938
627.914063	23018.703125
626.699219	23171.087891
625.484375	23466.835938
624.269531	23587.185547
623.053711	23315.210938
621.838867	23654.527344
620.622070	23816.550781
619.406250	23904.875000
618.190430	23674.841797
616.973633	23777.078125
615.756836	23913.074219
614.539063	23691.138672
613.321289	23763.484375
612.104492	24123.957031
610.885742	23488.843750
609.667969	23177.798828
608.449219	23095.277344
607.230469	23072.359375
606.011719	23394.863281
604.791992	23016.623047
603.572266	22831.021484
602.352539	22756.593750
601.132813	22426.339844
599.912109	22034.755859
598.691406	21583.865234
597.470703	20986.494141
596.249023	21031.445313
595.028320	20636.539063
593.805664	20582.503906
592.583984	20195.789063
591.362305	19941.896484
590.139648	19602.996094
588.916992	19485.898438
587.693359	19133.392578
586.469727	19315.154297
585.246094	19437.501953
584.022461	20028.423828
582.798828	20075.437500
581.574219	20280.546875
580.349609	20578.437500
579.125000	21125.123047
577.899414	21061.240234
576.673828	20981.585938
575.448242	21290.902344
574.221680	21607.978516
572.996094	21721.648438
571.769531	21811.591797
570.541992	22290.091797
569.315430	22334.509766
568.087891	22787.048828
566.860352	22957.496094
565.632813	22802.677734
564.404297	22746.447266
563.175781	22424.291016
561.947266	22543.455078
560.717773	22841.753906
559.489258	22864.304688
558.259766	23067.923828
557.029297	23637.464844
555.799805	23683.431641
554.569336	23898.533203
553.338867	23686.802734
552.107422	23571.501953
550.876953	23682.302734
549.645508	23971.888672
548.413086	23555.982422
547.181641	22739.525391
545.949219	22269.078125
544.716797	21602.486328
543.484375	21093.232422
542.250977	21043.458984
541.017578	20652.279297
539.784180	20810.570313
538.550781	20904.066406
537.316406	20748.482422
536.082031	20242.037109
534.847656	19855.378906
533.612305	19999.945313
532.376953	20175.794922
531.141602	20143.937500
529.906250	20000.466797
528.669922	19745.458984
527.433594	20183.505859
526.197266	20566.560547
524.959961	20423.119141
523.722656	20760.958984
522.485352	21388.099609
521.248047	22300.439453
520.009766	22643.503906
518.771484	22636.568359
517.533203	22131.355469
516.294922	21407.558594
515.055664	21043.464844
513.816406	20820.125000
512.577148	20020.951172
511.336914	20059.486328
510.096680	20410.234375
508.856445	20961.781250
507.616211	21628.167969
506.375000	21900.328125
505.133789	21930.601563
503.892578	22060.271484
502.650391	21603.273438
