1802.318359	3178.969727
1801.348633	3351.278320
1800.379883	3183.328125
1799.410156	3187.684570
1798.440430	3029.816895
1797.470703	3203.877686
1796.500977	3228.185059
1795.530273	3277.424561
1794.559570	3147.095459
1793.588867	3161.426025
1792.618164	3130.881104
1791.647461	3257.359619
1790.675781	3244.250000
1789.705078	3238.618896
1788.733398	3113.434082
1787.761719	3317.011963
1786.789063	3343.736084
1785.817383	3168.819580
1784.844727	3295.112549
1783.872070	3386.519043
1782.899414	3316.184326
1781.926758	3255.826660
1780.953125	3312.371094
1779.980469	3299.277100
1779.006836	3365.732666
1778.033203	3270.618896
1777.058594	3329.599121
1776.084961	3388.555420
1775.110352	3407.747559
1774.135742	3404.582275
1773.161133	3480.867188
1772.186523	3475.205811
1771.210938	3496.846191
1770.236328	3508.552490
1769.260742	3572.350830
1768.285156	3556.753662
1767.308594	3662.673096
1766.333008	3681.774170
1765.356445	3874.384033
1764.379883	3843.868164
1763.403320	3850.531738
1762.426758	3770.485840
1761.449219	3938.154785
1760.472656	4056.229736
1759.495117	4169.305176
1758.517578	4183.321777
1757.539063	4197.332520
1756.561523	4169.273438
1755.583008	4279.761230
1754.604492	4157.708984
1753.625977	4233.533691
1752.647461	4111.539551
1751.667969	4113.187012
1750.688477	4347.142578
1749.709961	4207.901855
1748.729492	4081.068359
1747.750000	4067.900391
1746.770508	4005.349854
1745.790039	4095.895508
1744.809570	4062.984619
1743.829102	4096.720215
1742.847656	3824.483398
1741.867188	4048.205078
1740.885742	3887.075439
1739.904297	3876.431885
1738.922852	4050.699219
1737.941406	4005.517334
1736.958984	3945.566895
1735.977539	4033.476807
1734.995117	3931.665527
1734.011719	4076.190674
1733.029297	3949.786621
1732.046875	4057.320068
1731.063477	3938.354736
1730.080078	3898.187988
1729.096680	3843.274414
1728.112305	3938.442139
1727.128906	4026.192627
1726.144531	4003.252930
1725.160156	4093.413330
1724.175781	3859.079590
1723.191406	4091.768555
1722.206055	3941.067627
1721.220703	4033.623779
1720.235352	4192.455566
1719.250000	4130.224121
1718.264648	4266.876953
1717.278320	4391.201660
1716.291992	4333.875000
1715.305664	4394.343262
1714.319336	4452.333496
1713.333008	4453.890625
1712.345703	4671.230957
1711.358398	4640.872070
1710.371094	4855.635742
1709.383789	4884.066406
1708.396484	4973.738281
1707.408203	5185.854980
1706.419922	5135.828613
1705.431641	5257.227539
1704.443359	5503.432129
1703.455078	5722.613281
1702.465820	5907.445801
1701.476563	6136.243652
1700.487305	6135.008301
1699.498047	6380.787598
1698.507813	6369.722168
1697.518555	6507.787598
1696.528320	6914.659668
1695.538086	6886.386230
1694.547852	6841.021484
1693.556641	6983.764648
1692.565430	7158.199219
1691.575195	6944.325195
1690.583008	7082.077637
1689.591797	7095.295898
1688.600586	7110.947754
1687.608398	7197.347168
1686.616211	6954.407227
1685.624023	7038.363770
1684.631836	6946.728027
1683.638672	6838.063965
1682.645508	6736.755371
1681.652344	6706.155762
1680.659180	6582.986816
1679.666016	6571.916016
1678.671875	6587.638672
1677.678711	6445.087891
1676.684570	6465.697266
1675.690430	6571.484375
1674.695313	6450.922852
1673.701172	6349.872559
1672.706055	6209.944336
1671.710938	6369.198242
1670.715820	6151.515625
1669.719727	6240.219238
1668.724609	6163.616211
1667.728516	6210.971680
1666.732422	6372.492188
1665.736328	6405.211914
1664.739258	6459.773926
1663.743164	6259.374512
1662.746094	6355.210938
1661.749023	6370.916992
1660.751953	6447.279297
1659.753906	6237.338379
1658.755859	6553.825684
1657.758789	6358.497559
1656.759766	6405.704590
1655.761719	6445.619629
1654.763672	6512.178223
1653.764648	6392.130859
1652.765625	6325.428711
1651.766602	6353.216309
1650.767578	6354.354004
1649.767578	6217.486328
1648.767578	6254.959961
1647.768555	6319.040039
1646.767578	6269.369629
1645.767578	6108.436035
1644.766602	6090.270508
1643.766602	6120.475586
1642.765625	6107.149414
1641.764648	6163.928223
1640.762695	6114.346680
1639.761719	6014.043945
1638.759766	5981.422852
1637.757813	5876.355957
1636.755859	5976.588379
1635.752930	5931.921875
1634.750977	5901.756348
1633.748047	5931.935059
1632.745117	5952.450195
1631.741211	5956.070313
1630.738281	5699.208496
1629.734375	5794.509766
1628.730469	5798.158691
1627.726563	5835.551270
1626.722656	5966.914063
1625.718750	5816.322754
1624.713867	5846.460938
1623.708984	5751.348145
1622.704102	5776.670898
1621.698242	5785.130859
1620.693359	5957.261230
1619.687500	5857.388672
1618.681641	5930.788086
1617.675781	5931.992188
1616.669922	5873.069336
1615.663086	5965.656738
1614.656250	5909.154297
1613.649414	5847.868164
1612.642578	5959.627441
1611.635742	6172.250000
1610.627930	5986.037109
1609.620117	6116.912109
1608.612305	6130.079102
1607.604492	6136.038086
1606.595703	6036.387695
1605.587891	6006.367676
1604.579102	6209.080078
1603.570313	6277.382813
1602.560547	6235.340332
1601.551758	6423.495117
1600.541992	6448.562012
1599.532227	6528.743164
1598.522461	6721.515625
1597.512695	6574.009766
1596.501953	6785.856445
1595.491211	7047.907715
1594.480469	7041.688965
1593.469727	7200.646484
1592.458984	7349.965332
1591.447266	7760.045410
1590.435547	7770.432129
1589.423828	7780.813965
1588.412109	7958.589355
1587.400391	7885.245605
1586.387695	7878.863281
1585.375000	7903.552734
1584.362305	7722.737793
1583.349609	7606.498535
1582.335938	7449.701172
1581.323242	7292.967773
1580.309570	7310.585938
1579.294922	7244.650879
1578.281250	7090.439453
1577.267578	7155.808105
1576.252930	7020.761230
1575.238281	6878.613770
1574.223633	6939.215332
1573.208008	6956.877930
1572.193359	6769.539551
1571.177734	6870.639160
1570.162109	6866.859375
1569.145508	6958.368164
1568.129883	6735.455078
1567.113281	6841.239746
1566.096680	6861.274902
1565.080078	6881.301758
1564.063477	6879.901855
1563.045898	6899.915527
1562.029297	6946.087891
1561.011719	6821.001953
1559.994141	6814.858398
1558.975586	6604.265137
1557.958008	6664.719727
1556.939453	6706.137695
1555.920898	6700.020996
1554.902344	6717.660645
1553.882813	6702.043457
1552.864258	6453.736816
1551.844727	6440.552734
1550.825195	6460.602539
1549.804688	6644.380371
1548.785156	6417.638672
1547.764648	6492.236328
1546.744141	6621.348633
1545.723633	6548.868164
1544.703125	6637.615723
1543.681641	6859.052246
1542.660156	6599.367188
1541.638672	6548.270508
1540.617188	6520.880859
1539.595703	6652.168945
1538.573242	6769.197266
1537.550781	6609.215332
1536.528320	6735.670410
1535.505859	6769.790527
1534.482422	6796.799316
1533.459961	6783.587402
1532.436523	6668.694336
1531.413086	6887.214355
1530.388672	6535.964355
1529.365234	6645.708008
1528.340820	6776.672363
1527.316406	6659.533691
1526.291992	6554.251953
1525.267578	6649.732422
1524.242188	6542.133789
1523.216797	6651.739746
1522.191406	6605.542969
1521.166016	6637.227539
1520.139648	6468.383301
1519.114258	6393.948730
1518.087891	6437.446289
1517.061523	6575.228027
1516.034180	6434.817871
1515.007813	6650.311035
1513.980469	6554.708008
1512.953125	6574.570313
1511.925781	6726.312500
1510.897461	6849.735840
1509.870117	6805.961426
1508.841797	6978.745117
1507.813477	7106.747070
1506.785156	7124.116699
1505.755859	7287.319824
1504.726563	7478.677246
1503.697266	7394.853027
1502.667969	7635.476563
1501.638672	7854.848145
1500.608398	7778.046875
1499.579102	8159.405762
1498.548828	7906.405273
1497.517578	8095.010742
1496.487305	8199.012695
1495.456055	8054.141113
1494.424805	8200.353516
1493.393555	7924.135742
1492.362305	7894.362793
1491.331055	7796.580566
1490.298828	7694.147949
1489.266602	7507.351563
1488.234375	7430.804199
1487.201172	7567.557129
1486.168945	7308.263184
1485.135742	7109.983398
1484.102539	6984.392578
1483.069336	6975.937500
1482.035156	7189.902344
1481.001953	6966.059570
1479.967773	7222.062500
1478.933594	7339.913086
1477.898438	7179.336914
1476.864258	7439.815430
1475.829102	7590.284668
1474.793945	7626.135742
1473.758789	7659.634766
1472.722656	8050.666992
1471.687500	8217.241211
1470.651367	8612.669922
1469.615234	8900.503906
1468.579102	9167.205078
1467.541992	9697.596680
1466.504883	10199.762695
1465.468750	10421.694336
1464.430664	10951.500977
1463.393555	11462.429688
1462.355469	11651.313477
1461.318359	12318.108398
1460.280273	12308.588867
1459.241211	12671.984375
1458.203125	12655.404297
1457.164063	12697.073242
1456.125000	12741.053711
1455.085938	13115.703125
1454.046875	12961.672852
1453.006836	12991.603516
1451.967773	12842.314453
1450.927734	13070.039063
1449.886719	13309.302734
1448.846680	13125.149414
1447.805664	13443.366211
1446.764648	13368.533203
1445.723633	13516.879883
1444.682617	13885.946289
1443.641602	13671.654297
1442.599609	13397.049805
1441.557617	13275.846680
1440.515625	13098.962891
1439.472656	12757.316406
1438.430664	12418.129883
1437.387695	12178.870117
1436.344727	11635.763672
1435.301758	11338.769531
1434.257813	10993.192383
1433.213867	10633.843750
1432.169922	10501.834961
1431.125977	10142.734375
1430.082031	10047.956055
1429.037109	9890.661133
1427.993164	9802.921875
1426.948242	9701.323242
1425.902344	9553.457031
1424.857422	9516.768555
1423.811523	9447.691406
1422.765625	9149.556641
1421.719727	9372.086914
1420.673828	9564.455078
1419.626953	9231.790039
1418.580078	9139.718750
1417.533203	9463.777344
1416.486328	9445.652344
1415.439453	9402.117188
1414.391602	9372.459961
1413.343750	9474.468750
1412.295898	9435.570313
1411.248047	9165.811523
1410.199219	9242.406250
1409.150391	9187.423828
1408.101563	9284.748047
1407.052734	8918.351563
1406.003906	9114.865234
1404.954102	8958.491211
1403.904297	8972.785156
1402.854492	8878.738281
1401.804688	8805.469727
1400.753906	8780.616211
1399.703125	8562.274414
1398.652344	8553.600586
1397.601563	8307.763672
1396.550781	8623.744141
1395.499023	8447.041992
1394.447266	8355.555664
1393.395508	8514.881836
1392.343750	8237.100586
1391.291016	8336.590820
1390.239258	8033.667480
1389.186523	8158.445313
1388.132813	8172.851563
1387.080078	8086.145508
1386.026367	8024.746094
1384.972656	8002.418945
1383.918945	8145.443848
1382.865234	8242.489258
1381.810547	8197.174805
1380.756836	8255.154297
1379.702148	8356.705078
1378.646484	8389.391602
1377.591797	8511.514648
1376.536133	8516.637695
1375.480469	8618.048828
1374.424805	8703.372070
1373.369141	8520.532227
1372.312500	8573.762695
1371.256836	8684.239258
1370.200195	8460.289063
1369.142578	8712.710938
1368.085938	8742.961914
1367.028320	8429.871094
1365.970703	8583.740234
1364.913086	8552.224609
1363.855469	8708.291992
1362.796875	8507.526367
1361.739258	8647.531250
1360.680664	8686.893555
1359.621094	8589.104492
1358.562500	8754.140625
1357.502930	8779.747070
1356.443359	8889.854492
1355.383789	9098.114258
1354.324219	9276.605469
1353.263672	9464.153320
1352.203125	9318.415039
1351.142578	9588.019531
1350.082031	9864.355469
1349.021484	10122.331055
1347.959961	10387.039063
1346.898438	10633.398438
1345.836914	11055.170898
1344.774414	10995.910156
1343.712891	11431.102539
1342.650391	11583.641602
1341.587891	12020.807617
1340.525391	12234.640625
1339.461914	12751.170898
1338.398438	13221.963867
1337.335938	13403.554688
1336.271484	13883.117188
1335.208008	14069.043945
1334.143555	14375.426758
1333.079102	14422.472656
1332.014648	14349.013672
1330.950195	14336.951172
1329.885742	14093.113281
1328.820313	13715.333984
1327.754883	13760.192383
1326.689453	12953.429688
1325.623047	12498.923828
1324.556641	12203.503906
1323.491211	11776.574219
1322.423828	11324.860352
1321.357422	11100.192383
1320.291016	10807.572266
1319.223633	10551.356445
1318.156250	9900.756836
1317.087891	9944.038086
1316.020508	9864.924805
1314.952148	9828.892578
1313.883789	9611.651367
1312.815430	9768.196289
1311.747070	9671.067383
1310.677734	9664.533203
1309.608398	9687.426758
1308.539063	9601.687500
1307.469727	9527.296875
1306.399414	9622.585938
1305.330078	9421.574219
1304.259766	9543.978516
1303.189453	9085.356445
1302.118164	9431.530273
1301.046875	8977.640625
1299.976563	9176.845703
1298.904297	8924.221680
1297.833008	8893.011719
1296.761719	8877.618164
1295.689453	8704.218750
1294.617188	8774.630859
1293.543945	8732.193359
1292.471680	8556.674805
1291.398438	8584.217773
1290.325195	8604.984375
1289.251953	8560.361328
1288.178711	8862.877930
1287.104492	8861.036133
1286.030273	8967.343750
1284.956055	8999.269531
1283.881836	9040.190430
1282.806641	9349.045898
1281.732422	9313.333984
1280.657227	9525.220703
1279.581055	9638.004883
1278.505859	9521.259766
1277.429688	9957.905273
1276.353516	9967.078125
1275.277344	9965.005859
1274.201172	9866.271484
1273.124023	10174.372070
1272.046875	10109.338867
1270.969727	10219.563477
1269.892578	10203.960938
1268.814453	10143.452148
1267.737305	10316.462891
1266.659180	10033.730469
1265.581055	9854.349609
1264.501953	10009.360352
1263.422852	9518.242188
1262.344727	9597.001953
1261.264648	9287.801758
1260.185547	9144.629883
1259.105469	8911.860352
1258.026367	8741.933594
1256.946289	8630.329102
1255.865234	8606.131836
1254.785156	8237.053711
1253.704102	8304.749023
1252.623047	8003.044922
1251.541992	7929.756348
1250.459961	7901.251953
1249.378906	7785.507813
1248.296875	7631.786621
1247.214844	7650.322266
1246.131836	7680.029297
1245.049805	7653.839355
1243.966797	7486.862793
1242.883789	7641.710938
1241.800781	7383.213379
1240.716797	7258.832031
1239.632813	7402.464844
1238.548828	7389.758301
1237.464844	7292.236816
1236.380859	7371.054199
1235.295898	6974.601563
1234.210938	7178.370605
1233.125977	7080.973145
1232.041016	7168.686035
1230.955078	7109.228516
1229.869141	7196.898438
1228.783203	7228.821777
1227.697266	7109.233887
1226.610352	7268.125488
1225.524414	7255.473633
1224.437500	7207.202148
1223.349609	7223.505859
1222.262695	7063.981445
1221.174805	7109.233398
1220.086914	7305.742676
1218.999023	7217.473633
1217.911133	7349.389160
1216.822266	7285.603027
1215.733398	7297.417480
1214.644531	7240.334961
1213.555664	7287.703125
1212.465820	7288.401367
1211.376953	7402.366699
1210.287109	7269.812012
1209.196289	7348.212891
1208.106445	7439.897461
1207.015625	7578.144043
1205.924805	7547.717773
1204.833984	7470.722656
1203.743164	7367.146973
1202.651367	7288.003906
1201.559570	7403.967773
1200.467773	7353.660645
1199.375977	7440.755859
1198.283203	7487.937012
1197.190430	7205.078125
1196.097656	7349.723633
1195.004883	7264.054688
1193.911133	7224.904785
1192.818359	7201.262695
1191.724609	7166.566406
1190.629883	6932.793457
1189.536133	7072.888672
1188.441406	7086.886230
1187.346680	6970.444824
1186.251953	6986.667480
1185.157227	6682.460449
1184.061523	6935.136230
1182.965820	6748.137207
1181.870117	6901.313477
1180.774414	6807.133789
1179.677734	6779.217773
1178.581055	6775.590332
1177.484375	6906.564941
1176.387695	6686.713379
1175.291016	6733.836426
1174.193359	6600.114258
1173.095703	6770.699219
1171.998047	6696.539551
1170.899414	6573.926758
1169.800781	6530.685547
1168.702148	6573.373535
1167.603516	6516.935059
1166.504883	6539.790039
1165.405273	6487.784180
1164.305664	6477.619629
1163.206055	6553.280762
1162.106445	6512.304199
1161.005859	6603.323242
1159.906250	6595.340332
1158.804688	6732.475586
1157.704102	6443.091309
1156.603516	6712.068359
1155.501953	6732.632813
1154.400391	6669.707520
1153.298828	6747.378418
1152.196289	6846.975586
1151.093750	6722.590820
1149.992188	6960.437500
1148.888672	6976.532715
1147.786133	7172.537598
1146.682617	7285.101074
1145.579102	7358.139160
1144.475586	7365.364746
1143.372070	7460.277344
1142.267578	7408.298340
1141.163086	7382.637207
1140.058594	7269.351074
1138.954102	7147.350098
1137.848633	7259.726563
1136.744141	7048.008301
1135.638672	7037.770996
1134.532227	6953.125488
1133.426758	7135.466309
1132.320313	7031.145996
1131.213867	6935.618164
1130.107422	6835.756348
1129.000000	6930.515137
1127.893555	6902.828125
1126.786133	6892.634766
1125.677734	6889.000000
1124.570313	6835.124023
1123.461914	6875.182129
1122.354492	6913.039063
1121.245117	6750.037598
1120.136719	6973.425781
1119.027344	6974.140137
1117.918945	6981.399414
1116.808594	7102.078613
1115.699219	7139.837402
1114.589844	7371.627930
1113.479492	7452.910156
1112.369141	7547.234375
1111.257813	7987.968262
1110.147461	8262.952148
1109.036133	8566.134766
1107.924805	8668.853516
1106.813477	9407.240234
1105.701172	9411.789063
1104.589844	10006.079102
1103.477539	10323.802734
1102.364258	10595.709961
1101.251953	10663.071289
1100.138672	10856.515625
1099.025391	10817.271484
1097.912109	10856.286133
1096.798828	10545.435547
1095.684570	10275.993164
1094.570313	10202.149414
1093.456055	9826.483398
1092.341797	9431.434570
1091.226563	9116.867188
1090.111328	8702.601563
1088.996094	8379.640625
1087.880859	8041.630371
1086.764648	7946.673340
1085.648438	7563.359375
1084.532227	7388.328613
1083.416016	7226.376465
1082.299805	7066.658691
1081.182617	7125.831055
1080.065430	6998.692871
1078.947266	7181.295898
1077.830078	6911.295898
1076.711914	7013.744141
1075.593750	6867.256836
1074.475586	6915.574707
1073.357422	6814.599609
1072.238281	6724.481445
1071.119141	6701.436523
1070.000000	6669.752930
1068.879883	6586.206055
1067.760742	6859.271973
1066.640625	6799.485840
1065.519531	6806.689941
1064.399414	6883.000977
1063.278320	6795.176270
1062.157227	6752.723145
1061.036133	6835.471191
1059.915039	6821.079102
1058.792969	6864.942871
1057.670898	7031.735840
1056.548828	6982.805664
1055.426758	7166.750488
1054.303711	7163.079102
1053.181641	7127.082031
1052.057617	7310.877930
1050.934570	7121.913086
1049.811523	7434.858887
1048.687500	7325.619629
1047.563477	7263.789063
1046.438477	7260.099609
1045.314453	7054.126953
1044.189453	7336.632813
1043.064453	7203.866211
1041.939453	7191.588379
1040.813477	7273.921387
1039.687500	7231.537598
1038.561523	7171.977539
1037.435547	7299.385254
1036.309570	7345.102539
1035.182617	7560.481445
1034.055664	7513.784668
1032.928711	7537.956543
1031.800781	7508.455078
1030.673828	7569.100098
1029.545898	7488.109375
1028.416992	7447.910645
1027.289063	7446.332520
1026.160156	7376.139160
1025.031250	7344.562988
1023.902344	7394.445801
1022.773438	7519.307617
1021.643555	7391.311523
1020.513672	7342.621582
1019.383789	7572.346680
1018.252930	7480.816895
1017.123047	7380.763184
1015.992188	7576.090820
1014.861328	7574.483887
1013.729492	7532.231934
1012.598633	7552.021973
1011.466797	7635.952637
1010.334961	7480.405762
1009.202148	7320.649902
1008.070313	7716.571289
1006.937500	7828.168945
1005.804688	8089.242188
1004.670898	8356.611328
1003.538086	8514.973633
1002.404297	8269.810547
1001.270508	8210.429688
1000.135742	7606.958008
999.001953	7507.209473
997.867188	7465.090332
996.732422	7435.783203
995.596680	7150.650879
994.461914	7159.789551
993.326172	7266.953125
992.190430	7195.099121
991.054688	7125.404785
989.917969	7321.954102
988.781250	7150.057129
987.644531	7225.174805
986.507813	7325.800293
985.370117	7254.021973
984.232422	7229.078125
983.094727	7297.732422
981.957031	7298.307129
980.819336	7390.303223
979.680664	7616.175293
978.541992	7633.682617
977.402344	7795.663574
976.263672	7959.699707
975.124023	8025.969238
973.984375	8232.353516
972.844727	8222.110352
971.704102	8534.487305
970.563477	8498.718750
969.422852	8776.958008
968.282227	8859.934570
967.141602	8718.084961
966.000000	8720.468750
964.858398	8686.816406
963.715820	8735.830078
962.574219	8878.052734
961.431641	8681.268555
960.289063	8742.958984
959.146484	8499.700195
958.002930	8341.226563
956.860352	8282.301758
955.716797	8096.431152
954.572266	8043.929199
953.428711	8035.869141
952.284180	7947.449707
951.139648	7922.498047
949.995117	8096.264160
948.849609	8007.886719
947.704102	7877.286133
946.558594	7941.096191
945.413086	8089.362305
944.267578	8208.001953
943.121094	8128.137207
941.974609	8263.602539
940.827148	8439.106445
939.680664	8739.014648
938.533203	8743.479492
937.385742	8994.688477
936.238281	9511.461914
935.089844	9928.934570
933.942383	10314.615234
932.792969	10906.631836
931.644531	11264.550781
930.496094	11828.728516
929.346680	12346.337891
928.197266	12575.291016
927.047852	12654.698242
925.897461	12622.534180
924.747070	12518.845703
923.596680	12118.600586
922.446289	11899.391602
921.294922	11226.101563
920.144531	10637.186523
918.992188	10258.699219
917.840820	9840.447266
916.689453	9216.489258
915.537109	8788.135742
914.384766	8691.759766
913.231445	8288.894531
912.079102	8209.457031
910.925781	8123.757324
909.772461	7905.909180
908.619141	7893.730469
907.464844	7707.482422
906.310547	7611.477539
905.156250	7597.271484
904.001953	7618.702148
902.846680	7501.820801
901.691406	7477.170898
900.536133	7448.341797
899.380859	7432.089355
898.224609	7346.751953
897.069336	7382.858398
895.913086	7398.020508
894.755859	7306.466797
893.599609	7250.513672
892.442383	7278.241699
891.285156	7324.776855
890.126953	7306.484375
888.969727	7238.036621
887.811523	7240.666016
886.653320	7143.012207
885.494141	7291.873047
884.335938	7213.043945
883.176758	7109.193359
882.016602	7088.883789
880.857422	7241.801270
879.697266	7267.374512
878.538086	7134.394043
877.376953	7203.776855
876.216797	7177.210938
875.055664	7138.147461
873.894531	7245.000488
872.733398	7197.603027
871.572266	7246.061523
870.410156	7042.461426
869.248047	7101.344238
868.085938	7224.745117
866.922852	7158.665527
865.760742	7013.529785
864.597656	7080.689453
863.433594	7191.505371
862.270508	7056.853516
861.106445	7080.291992
859.942383	7369.823730
858.778320	7168.707520
857.613281	7129.764160
856.449219	7217.570801
855.284180	7097.624023
854.118164	7303.770996
852.953125	7198.390137
851.787109	7142.873535
850.621094	7168.319336
849.455078	7206.203613
848.288086	7233.698730
847.121094	7020.594238
845.954102	7257.548828
844.787109	7098.431152
843.619141	7136.287109
842.452148	7176.199219
841.283203	7075.210449
840.115234	7206.257324
838.947266	7225.417969
837.778320	7312.895020
836.609375	7187.122070
835.439453	7231.107910
834.269531	7233.691406
833.100586	7321.089844
831.929688	7267.809570
830.759766	7320.009766
829.588867	7345.311035
828.417969	7341.664551
827.247070	7307.021973
826.076172	7266.195801
824.904297	7326.600098
823.732422	7329.153809
822.560547	7437.005371
821.387695	7241.366211
820.215820	7198.532227
819.042969	7246.503418
817.869141	7211.937012
816.696289	7253.696289
815.522461	7219.142578
814.348633	7289.743652
813.174805	7343.824707
812.000000	7224.783691
810.825195	7231.469238
809.650391	7411.174316
808.475586	7323.084961
807.300781	7263.857910
806.125000	7334.339844
804.949219	7429.486816
803.772461	7493.729004
802.596680	7376.914063
801.419922	7387.664551
800.243164	7396.354004
799.065430	7503.717773
797.887695	7409.608398
796.710938	7481.988770
795.532227	7595.426758
794.354492	7602.005371
793.175781	7450.453125
791.997070	7473.484375
790.818359	7498.558105
789.639648	7402.536133
788.459961	7521.997070
787.280273	7364.469238
786.100586	7520.803223
784.919922	7416.655273
783.739258	7341.252930
782.558594	7333.520020
781.377930	7532.756348
780.196289	7506.545410
779.014648	7289.854980
777.833008	7409.104004
776.651367	7421.836426
775.468750	7352.684082
774.287109	7408.398926
773.103516	7435.444336
771.920898	7532.028809
770.737305	7454.729980
769.553711	7579.894531
768.370117	7702.959961
767.186523	7758.523926
766.001953	7797.716309
764.817383	8100.436035
763.632813	7992.473145
762.447266	8182.703613
761.262695	8340.184570
760.077148	8407.783203
758.890625	8442.699219
757.705078	8667.351563
756.518555	8881.706055
755.332031	9069.455078
754.145508	9422.282227
752.958008	9770.878906
751.770508	10308.871094
750.583008	10722.330078
749.395508	11463.606445
748.207031	12383.800781
747.018555	13672.178711
745.830078	14536.526367
744.640625	15848.304688
743.452148	17126.955078
742.262695	17135.455078
741.073242	17845.738281
739.882813	17913.054688
738.692383	18004.742188
737.501953	17785.361328
736.311523	17720.539063
735.120117	18192.179688
733.929688	18255.281250
732.738281	18381.316406
731.545898	19205.837891
730.354492	19692.986328
729.162109	20145.417969
727.969727	20613.884766
726.776367	20936.068359
725.583984	20761.142578
724.390625	20237.472656
723.196289	18996.271484
722.002930	17773.849609
720.808594	16104.059570
719.614258	14526.172852
718.419922	13303.486328
717.224609	12547.164063
716.030273	11791.168945
714.834961	10999.060547
713.638672	10492.685547
712.443359	10275.906250
711.247070	9873.088867
710.050781	9816.333008
708.853516	9634.218750
707.657227	9682.674805
706.459961	9288.417969
705.262695	9399.577148
704.064453	9047.983398
702.867188	9163.185547
701.668945	8763.322266
700.469727	9104.687500
699.271484	9056.278320
698.072266	9046.239258
696.873047	9167.367188
695.673828	9320.720703
694.473633	9510.314453
693.273438	9659.493164
692.073242	9840.865234
690.873047	9860.900391
689.671875	10334.364258
688.470703	10710.909180
687.269531	11000.669922
686.068359	11391.002930
684.866211	11767.070313
683.664063	12036.280273
682.461914	12106.119141
681.258789	12262.452148
680.055664	12118.960938
678.852539	12118.336914
677.649414	11625.041016
676.445313	11861.757813
675.242188	11272.249023
674.037109	11161.279297
672.833008	11303.509766
671.627930	11082.100586
670.422852	11133.912109
669.217773	11093.340820
668.012695	11038.733398
666.806641	11128.651367
665.600586	11399.118164
664.394531	11424.721680
663.187500	11522.517578
661.980469	11708.500000
660.773438	11960.558594
659.566406	12112.288086
658.358398	12179.788086
657.150391	12623.910156
655.942383	12585.105469
654.734375	12574.353516
653.525391	12565.607422
652.316406	12356.691406
651.107422	12009.776367
649.897461	11582.976563
648.688477	11078.345703
647.478516	10935.931641
646.267578	10477.650391
645.057617	10345.423828
643.846680	10187.271484
642.635742	9903.297852
641.423828	9733.322266
640.212891	9577.401367
639.000977	9391.594727
637.788086	9357.602539
636.576172	9441.391602
635.363281	9573.039063
634.150391	9842.297852
632.937500	9933.903320
631.723633	10280.743164
630.510742	10503.808594
629.295898	10802.527344
628.082031	10766.288086
626.867188	10638.405273
625.652344	10791.470703
624.437500	10504.299805
623.222656	10199.331055
622.006836	9912.413086
620.791016	9540.032227
619.575195	9370.791016
618.358398	9155.863281
617.141602	9032.527344
615.924805	8774.015625
614.708008	8529.534180
613.490234	8561.462891
612.272461	8356.880859
611.054688	8398.766602
609.836914	8198.281250
608.618164	8132.935059
607.399414	8242.352539
606.180664	8038.060547
604.960938	8141.495605
603.741211	7893.658691
602.521484	7939.545898
601.301758	8038.965820
600.081055	7896.412598
598.860352	7858.998535
597.639648	7811.689941
596.418945	7988.335938
595.197266	7931.111816
593.975586	7844.199707
592.753906	7909.817383
591.531250	7872.446289
590.308594	7722.256348
589.085938	7898.687500
587.863281	7695.131836
586.639648	7798.294434
585.416016	7931.079102
584.192383	8085.556641
582.967773	7959.237305
581.744141	8117.592773
580.519531	8165.217285
579.293945	8345.189453
578.069336	8177.441895
576.843750	8351.407227
575.618164	8543.064453
574.391602	8580.670898
573.166016	8503.797852
571.939453	8776.189453
570.711914	8882.760742
569.485352	8492.290039
568.257813	8628.452148
567.030273	8514.194336
565.802734	8484.735352
564.574219	8404.055664
563.345703	8473.133789
562.117188	8457.488281
560.888672	8359.143555
559.659180	8396.684570
558.429688	8272.807617
557.200195	8481.554688
555.969727	8367.549805
554.739258	8353.911133
553.508789	8304.879883
552.278320	8244.072266
551.046875	8179.359863
549.815430	8297.446289
548.583984	8405.657227
547.352539	8291.838867
546.120117	8354.830078
544.887695	8252.853516
543.655273	8392.386719
542.421875	8288.482422
541.188477	8535.870117
539.955078	8459.445313
538.721680	8485.045898
537.487305	8457.689453
536.252930	8330.355469
535.018555	8397.128906
533.783203	8369.807617
532.547852	8493.360352
531.312500	8258.393555
530.077148	8270.286133
528.840820	8297.836914
527.604492	8530.916016
526.368164	8726.707031
525.131836	9272.655273
523.894531	10174.398438
522.657227	11267.413086
521.419922	11691.207031
520.181641	10937.934570
518.943359	9698.318359
517.705078	9135.361328
516.465820	8711.360352
515.227539	8508.260742
513.988281	8287.674805
512.748047	8340.516602
511.508789	8332.825195
510.268555	8243.172852
509.028320	8395.493164
507.788086	8300.012695
506.546875	8294.284180
505.305664	8438.692383
504.064453	8214.606445
502.822266	8331.681641
501.580078	8286.978516
