1802.297852	7082.113770
1801.329102	7037.163574
1800.359375	7155.600586
1799.390625	7091.765625
1798.420898	7117.801758
1797.451172	7128.855957
1796.480469	7104.979004
1795.510742	7205.822754
1794.540039	7164.483398
1793.569336	7050.855957
1792.598633	7203.996094
1791.627930	7297.261230
1790.656250	7320.719727
1789.684570	7349.151367
1788.712891	7093.626465
1787.741211	7064.815918
1786.769531	7222.746582
1785.797852	7206.366699
1784.825195	7441.356934
1783.852539	7626.487305
1782.879883	7455.794922
1781.907227	7573.691895
1780.933594	7616.938477
1779.959961	7732.268555
1778.986328	7728.235840
1778.012695	7905.628418
1777.039063	7998.467773
1776.064453	7840.358398
1775.090820	7846.240234
1774.116211	7812.387207
1773.141602	7718.960938
1772.166016	7856.423340
1771.191406	7978.939941
1770.215820	8071.631348
1769.240234	8184.131836
1768.264648	8579.339844
1767.289063	8738.808594
1766.312500	8714.745117
1765.336914	8789.842773
1764.360352	9040.869141
1763.383789	9105.959961
1762.406250	9339.480469
1761.429688	9501.079102
1760.452148	9595.751953
1759.474609	9801.798828
1758.497070	9760.229492
1757.519531	9877.065430
1756.541016	10305.621094
1755.563477	10390.139648
1754.584961	10499.357422
1753.606445	10497.252930
1752.626953	10571.791016
1751.648438	10359.563477
1750.668945	10332.772461
1749.689453	10283.753906
1748.709961	10402.740234
1747.730469	10501.918945
1746.750000	10010.875000
1745.769531	10307.602539
1744.789063	9851.350586
1743.808594	9760.529297
1742.828125	9790.647461
1741.846680	9682.606445
1740.866211	9276.171875
1739.884766	9538.163086
1738.903320	9541.179688
1737.920898	9487.500977
1736.939453	9352.517578
1735.957031	9446.733398
1734.974609	9612.351563
1733.992188	9460.181641
1733.009766	9369.633789
1732.026367	9362.828125
1731.042969	9560.327148
1730.059570	9563.329102
1729.076172	9465.449219
1728.092773	9421.728516
1727.108398	9574.783203
1726.125000	9398.271484
1725.140625	9524.225586
1724.155273	9841.852539
1723.170898	9783.351563
1722.185547	9985.318359
1721.201172	9789.246094
1720.215820	9836.399414
1719.230469	9687.089844
1718.244141	9820.169922
1717.258789	10002.287109
1716.272461	9965.919922
1715.286133	10035.069336
1714.299805	10256.280273
1713.312500	10548.527344
1712.326172	10727.859375
1711.338867	11095.891602
1710.351563	11179.448242
1709.364258	11468.821289
1708.375977	11517.966797
1707.388672	11738.564453
1706.400391	12186.841797
1705.412109	12221.119141
1704.422852	12661.772461
1703.434570	12884.408203
1702.445313	13535.205078
1701.457031	13630.346680
1700.466797	14334.545898
1699.477539	14789.000977
1698.488281	15228.602539
1697.498047	15924.717773
1696.507813	15977.727539
1695.517578	16304.410156
1694.527344	16486.810547
1693.536133	16725.320313
1692.545898	17315.414063
1691.554688	17436.455078
1690.563477	17943.162109
1689.572266	17883.410156
1688.580078	18133.593750
1687.587891	18020.150391
1686.595703	18262.886719
1685.603516	18178.726563
1684.611328	18194.568359
1683.618164	18083.638672
1682.625977	17963.001953
1681.632813	17793.677734
1680.639648	17785.216797
1679.645508	17686.632813
1678.652344	17636.794922
1677.658203	17455.494141
1676.664063	17249.921875
1675.669922	17467.925781
1674.675781	17350.033203
1673.680664	16996.197266
1672.685547	16722.771484
1671.690430	16626.986328
1670.695313	16489.902344
1669.700195	16391.769531
1668.704102	16427.347656
1667.708008	16127.579102
1666.711914	16330.829102
1665.715820	16259.521484
1664.719727	16168.814453
1663.722656	16078.142578
1662.725586	16101.599609
1661.728516	16047.380859
1660.731445	15883.990234
1659.733398	16120.959961
1658.736328	15981.874023
1657.738281	16189.625977
1656.740234	15941.475586
1655.741211	15877.653320
1654.743164	16053.791016
1653.744141	16115.971680
1652.745117	16100.602539
1651.746094	16303.228516
1650.747070	16297.512695
1649.747070	16102.950195
1648.748047	16080.330078
1647.748047	16299.734375
1646.748047	16642.451172
1645.747070	16663.279297
1644.747070	16517.207031
1643.746094	16707.324219
1642.745117	16517.783203
1641.744141	16681.230469
1640.742188	16890.529297
1639.741211	16652.738281
1638.739258	16646.955078
1637.737305	16474.519531
1636.735352	16536.384766
1635.732422	16598.224609
1634.730469	16232.796875
1633.727539	16412.923828
1632.724609	16030.790039
1631.721680	15926.228516
1630.717773	15862.708984
1629.713867	15736.518555
1628.710938	15952.722656
1627.707031	16050.729492
1626.702148	15779.982422
1625.698242	15955.083008
1624.693359	15932.581055
1623.688477	15796.891602
1622.683594	16085.053711
1621.678711	15638.824219
1620.672852	15601.958984
1619.666992	15541.043945
1618.661133	15530.677734
1617.655273	15491.448242
1616.649414	15601.345703
1615.642578	15535.666992
1614.635742	15734.458008
1613.628906	15426.018555
1612.622070	15451.728516
1611.615234	15347.688477
1610.607422	15541.549805
1609.599609	15824.190430
1608.591797	15811.377930
1607.583984	15832.178711
1606.576172	15612.955078
1605.567383	15883.350586
1604.558594	15774.565430
1603.549805	15994.444336
1602.541016	16144.685547
1601.531250	16587.384766
1600.521484	16572.035156
1599.511719	16772.394531
1598.501953	16742.632813
1597.492188	16856.628906
1596.481445	17183.757813
1595.471680	17644.861328
1594.460938	17978.878906
1593.449219	18334.302734
1592.438477	18634.535156
1591.426758	19135.644531
1590.415039	19404.490234
1589.403320	19565.589844
1588.391602	19949.023438
1587.379883	20021.480469
1586.367188	20132.156250
1585.354492	20010.960938
1584.341797	20028.400391
1583.329102	19892.939453
1582.315430	19750.367188
1581.302734	19574.417969
1580.289063	19973.931641
1579.274414	19497.240234
1578.260742	19333.380859
1577.247070	19083.687500
1576.232422	19180.003906
1575.217773	18851.732422
1574.203125	18843.132813
1573.187500	18655.724609
1572.172852	18475.542969
1571.157227	18617.158203
1570.141602	18661.027344
1569.125000	18781.105469
1568.109375	18908.279297
1567.092773	18940.152344
1566.076172	18881.542969
1565.059570	18896.744141
1564.042969	18795.330078
1563.025391	19081.777344
1562.008789	19016.046875
1560.991211	19071.634766
1559.973633	18813.328125
1558.955078	18899.837891
1557.937500	19098.023438
1556.918945	18778.080078
1555.900391	19092.625000
1554.881836	18756.183594
1553.862305	19148.976563
1552.842773	19047.724609
1551.824219	18804.078125
1550.804688	18966.390625
1549.784180	18912.695313
1548.764648	19148.466797
1547.744141	19163.542969
1546.723633	19214.185547
1545.703125	19518.507813
1544.682617	20024.203125
1543.661133	19979.832031
1542.639648	19982.869141
1541.618164	20282.044922
1540.596680	20142.900391
1539.575195	20572.167969
1538.552734	20691.093750
1537.530273	20533.007813
1536.507813	20945.363281
1535.485352	21177.714844
1534.461914	21121.351563
1533.439453	20965.667969
1532.416016	20632.687500
1531.392578	20306.935547
1530.368164	20158.601563
1529.344727	20225.390625
1528.320313	20036.962891
1527.295898	19936.017578
1526.271484	19695.761719
1525.246094	19439.072266
1524.221680	19496.490234
1523.196289	19414.617188
1522.170898	19337.496094
1521.145508	19267.484375
1520.119141	18864.880859
1519.092773	18844.521484
1518.067383	18734.562500
1517.040039	18553.921875
1516.013672	18908.408203
1514.987305	18923.398438
1513.959961	18931.316406
1512.932617	19028.740234
1511.905273	19064.892578
1510.876953	19555.476563
1509.849609	19836.337891
1508.821289	20159.451172
1507.792969	20315.351563
1506.763672	20497.066406
1505.735352	20775.148438
1504.706055	21335.330078
1503.676758	21775.365234
1502.647461	21900.208984
1501.618164	22210.677734
1500.587891	22401.175781
1499.557617	22462.378906
1498.527344	22500.066406
1497.497070	22756.140625
1496.466797	22457.994141
1495.435547	22312.554688
1494.404297	21808.085938
1493.373047	22045.314453
1492.341797	21348.730469
1491.309570	21236.468750
1490.278320	20826.429688
1489.246094	20601.779297
1488.213867	20419.412109
1487.180664	20126.968750
1486.148438	19890.880859
1485.115234	19612.718750
1484.082031	19908.501953
1483.047852	19522.730469
1482.014648	19846.503906
1480.980469	19678.589844
1479.946289	19854.761719
1478.912109	19913.869141
1477.877930	20073.542969
1476.842773	20181.695313
1475.808594	20886.080078
1474.773438	21760.837891
1473.738281	21901.298828
1472.702148	22488.048828
1471.666992	22939.044922
1470.630859	23850.037109
1469.594727	24769.996094
1468.557617	25301.968750
1467.521484	26501.392578
1466.484375	27695.654297
1465.447266	28254.699219
1464.410156	29133.142578
1463.373047	30284.140625
1462.334961	31245.761719
1461.296875	32039.109375
1460.258789	32869.425781
1459.220703	33568.886719
1458.182617	34049.015625
1457.143555	34852.777344
1456.104492	35828.574219
1455.065430	36380.128906
1454.026367	36891.875000
1452.986328	37559.375000
1451.946289	38291.761719
1450.906250	39307.726563
1449.866211	40388.410156
1448.826172	42138.507813
1447.785156	42953.062500
1446.744141	44478.714844
1445.703125	45773.617188
1444.662109	46196.484375
1443.620117	46719.085938
1442.578125	46653.742188
1441.537109	46588.417969
1440.494141	45803.273438
1439.452148	44623.769531
1438.409180	43412.253906
1437.367188	42147.859375
1436.323242	40153.125000
1435.280273	38509.480469
1434.237305	37179.605469
1433.193359	35734.335938
1432.149414	34250.250000
1431.105469	32898.886719
1430.061523	31557.345703
1429.016602	30830.318359
1427.971680	29739.917969
1426.926758	28821.339844
1425.881836	28294.445313
1424.835938	27300.146484
1423.791016	26857.097656
1422.745117	26638.687500
1421.699219	26052.515625
1420.652344	25616.931641
1419.606445	25528.410156
1418.559570	25291.951172
1417.512695	25150.361328
1416.465820	25302.345703
1415.417969	24941.296875
1414.371094	24943.095703
1413.323242	24815.546875
1412.275391	25133.732422
1411.226563	24913.845703
1410.178711	24774.835938
1409.129883	24965.900391
1408.081055	25209.953125
1407.032227	25096.339844
1405.982422	25430.210938
1404.933594	25198.996094
1403.883789	25110.810547
1402.833984	24965.035156
1401.783203	24524.345703
1400.733398	24487.037109
1399.682617	24534.974609
1398.631836	24106.156250
1397.581055	24006.783203
1396.529297	23787.740234
1395.478516	23785.140625
1394.426758	23501.796875
1393.375000	23195.562500
1392.322266	22930.857422
1391.270508	22985.923828
1390.217773	22360.382813
1389.165039	22346.578125
1388.112305	22378.742188
1387.058594	22330.468750
1386.005859	22036.394531
1384.952148	21774.597656
1383.898438	22199.539063
1382.843750	22677.109375
1381.790039	22279.904297
1380.735352	22766.439453
1379.680664	22672.253906
1378.625977	23096.564453
1377.570313	22984.000000
1376.515625	23389.724609
1375.459961	23648.550781
1374.404297	23898.099609
1373.347656	23806.082031
1372.291992	23966.134766
1371.235352	24091.759766
1370.178711	24334.134766
1369.122070	24214.621094
1368.064453	24092.865234
1367.007813	24032.957031
1365.950195	24220.216797
1364.892578	24414.261719
1363.833984	24194.199219
1362.776367	24372.158203
1361.717773	24303.101563
1360.659180	24346.085938
1359.600586	24944.439453
1358.541016	25487.701172
1357.482422	25203.712891
1356.422852	25840.343750
1355.363281	26636.566406
1354.302734	26790.882813
1353.243164	27874.197266
1352.182617	28304.341797
1351.122070	29181.533203
1350.060547	30026.423828
1349.000000	30693.056641
1347.938477	32084.564453
1346.876953	32625.099609
1345.815430	33796.808594
1344.753906	34366.386719
1343.691406	35348.132813
1342.628906	35807.804688
1341.566406	37547.257813
1340.503906	38017.667969
1339.441406	38754.242188
1338.377930	39800.062500
1337.314453	40718.007813
1336.250977	41676.527344
1335.186523	42309.363281
1334.123047	42894.175781
1333.058594	43271.832031
1331.994141	42853.679688
1330.928711	43333.460938
1329.864258	42920.007813
1328.798828	41609.335938
1327.733398	40794.371094
1326.667969	39273.480469
1325.601563	38177.792969
1324.536133	37225.566406
1323.469727	36010.468750
1322.403320	34748.222656
1321.335938	33674.789063
1320.269531	32815.000000
1319.202148	32134.710938
1318.134766	31581.662109
1317.067383	31006.173828
1315.999023	30628.083984
1314.930664	30605.873047
1313.863281	30123.814453
1312.793945	30522.970703
1311.725586	30763.455078
1310.656250	30424.283203
1309.587891	30449.660156
1308.517578	30975.134766
1307.448242	30715.312500
1306.378906	30647.865234
1305.308594	30842.783203
1304.238281	30628.365234
1303.167969	30045.556641
1302.096680	29802.007813
1301.026367	29450.095703
1299.955078	28836.261719
1298.883789	28276.888672
1297.811523	28085.841797
1296.740234	27278.498047
1295.667969	27376.669922
1294.595703	26554.007813
1293.523438	26065.630859
1292.450195	25480.449219
1291.376953	25506.732422
1290.303711	25045.929688
1289.230469	25157.960938
1288.157227	25003.968750
1287.083008	24523.271484
1286.008789	24727.712891
1284.934570	24805.921875
1283.860352	24877.339844
1282.785156	25649.001953
1281.710938	25726.964844
1280.635742	25993.958984
1279.559570	26411.607422
1278.484375	26637.847656
1277.408203	26989.955078
1276.332031	26885.392578
1275.255859	27246.292969
1274.179688	27245.121094
1273.102539	27655.238281
1272.025391	27743.859375
1270.948242	28115.507813
1269.871094	27757.023438
1268.793945	28303.667969
1267.715820	28194.501953
1266.637695	28206.591797
1265.559570	28620.388672
1264.480469	28298.064453
1263.401367	28029.710938
1262.323242	27862.394531
1261.243164	27421.580078
1260.164063	26868.853516
1259.083984	26276.009766
1258.004883	25739.435547
1256.924805	24705.697266
1255.843750	24095.750000
1254.763672	23237.466797
1253.682617	22666.140625
1252.601563	21918.201172
1251.520508	21423.482422
1250.438477	20662.683594
1249.357422	20125.923828
1248.275391	20083.705078
1247.193359	19983.359375
1246.110352	19690.773438
1245.028320	19270.896484
1243.945313	19233.355469
1242.862305	19312.019531
1241.779297	19151.617188
1240.695313	19118.587891
1239.611328	19179.357422
1238.527344	18947.638672
1237.443359	18852.171875
1236.359375	18892.871094
1235.274414	19058.498047
1234.189453	19123.673828
1233.104492	18965.798828
1232.019531	19086.707031
1230.933594	18944.507813
1229.847656	18815.740234
1228.761719	19007.910156
1227.675781	19246.783203
1226.588867	18790.597656
1225.502930	18978.193359
1224.416016	18927.474609
1223.328125	19070.441406
1222.241211	18924.023438
1221.153320	19104.753906
1220.065430	18938.367188
1218.977539	19063.412109
1217.889648	19030.523438
1216.800781	18917.609375
1215.711914	18998.123047
1214.623047	18963.041016
1213.534180	18954.634766
1212.444336	19175.035156
1211.355469	19075.527344
1210.265625	19178.123047
1209.174805	19382.794922
1208.084961	19247.789063
1206.994141	19472.330078
1205.903320	19290.771484
1204.812500	19586.187500
1203.720703	19721.804688
1202.629883	19999.267578
1201.538086	19997.300781
1200.446289	20061.824219
1199.353516	20135.181641
1198.261719	20049.000000
1197.168945	20319.453125
1196.076172	20115.904297
1194.983398	19950.074219
1193.889648	19928.191406
1192.795898	19762.468750
1191.702148	20105.708984
1190.608398	19802.865234
1189.514648	19949.111328
1188.419922	19708.337891
1187.325195	19587.042969
1186.230469	19291.187500
1185.135742	19470.562500
1184.040039	19141.710938
1182.944336	19188.507813
1181.848633	18848.808594
1180.752930	18738.878906
1179.656250	18787.933594
1178.559570	18510.326172
1177.462891	18506.449219
1176.366211	17973.105469
1175.268555	18198.726563
1174.171875	18254.453125
1173.074219	18089.681641
1171.975586	18032.988281
1170.877930	18038.023438
1169.779297	17796.283203
1168.680664	17889.478516
1167.582031	17892.333984
1166.483398	17868.765625
1165.383789	18041.136719
1164.284180	17504.707031
1163.184570	17699.083984
1162.084961	17675.572266
1160.984375	17755.449219
1159.883789	17665.957031
1158.783203	17860.134766
1157.682617	17671.734375
1156.581055	18173.517578
1155.480469	17844.498047
1154.378906	18139.527344
1153.276367	18065.435547
1152.174805	18090.189453
1151.072266	17910.753906
1149.969727	18315.267578
1148.867188	18469.429688
1147.764648	18426.058594
1146.661133	18970.597656
1145.557617	18922.750000
1144.454102	18964.824219
1143.349609	19344.484375
1142.246094	19498.230469
1141.141602	19533.578125
1140.037109	19316.958984
1138.932617	19345.755859
1137.827148	19203.724609
1136.721680	19169.035156
1135.616211	18961.425781
1134.510742	18670.736328
1133.404297	18216.060547
1132.298828	18402.556641
1131.192383	18499.298828
1130.084961	17765.039063
1128.978516	17868.431641
1127.871094	17829.699219
1126.763672	17847.804688
1125.656250	17706.400391
1124.548828	17674.279297
1123.440430	17447.794922
1122.332031	17623.171875
1121.223633	17466.650391
1120.115234	17892.947266
1119.005859	18155.402344
1117.896484	17878.871094
1116.787109	18291.722656
1115.677734	18817.796875
1114.567383	19217.191406
1113.457031	19790.804688
1112.346680	20340.201172
1111.236328	21529.970703
1110.125000	22675.667969
1109.014648	23766.429688
1107.903320	25629.761719
1106.791016	26845.712891
1105.679688	28193.921875
1104.567383	29508.919922
1103.455078	30718.927734
1102.342773	31323.703125
1101.230469	31965.193359
1100.117188	32060.650391
1099.003906	32125.630859
1097.890625	31597.238281
1096.776367	30984.320313
1095.663086	30532.423828
1094.548828	29694.091797
1093.434570	28339.273438
1092.319336	27043.642578
1091.205078	25620.488281
1090.089844	24000.443359
1088.974609	23173.041016
1087.858398	22100.857422
1086.743164	21076.837891
1085.626953	20129.142578
1084.510742	19285.906250
1083.394531	19067.257813
1082.277344	18179.091797
1081.160156	17657.447266
1080.042969	17575.740234
1078.925781	17199.541016
1077.807617	16704.412109
1076.690430	16477.917969
1075.572266	16561.009766
1074.453125	16659.212891
1073.334961	16326.864258
1072.215820	16314.765625
1071.096680	16337.268555
1069.977539	16383.543945
1068.858398	16475.189453
1067.738281	16599.212891
1066.618164	16552.494141
1065.498047	16736.929688
1064.376953	16990.398438
1063.256836	16883.164063
1062.135742	16968.107422
1061.014648	16854.445313
1059.892578	17360.142578
1058.771484	17140.730469
1057.649414	17216.914063
1056.527344	17170.142578
1055.404297	17345.464844
1054.282227	17242.640625
1053.159180	17327.353516
1052.036133	17183.634766
1050.912109	17128.298828
1049.789063	17266.824219
1048.665039	17168.425781
1047.541016	17218.615234
1046.416992	16969.595703
1045.291992	17243.607422
1044.166992	17222.746094
1043.041992	17109.398438
1041.916992	17041.259766
1040.791992	17134.408203
1039.666016	17001.798828
1038.540039	17146.496094
1037.413086	17117.080078
1036.287109	17298.210938
1035.160156	17288.103516
1034.033203	17110.501953
1032.906250	17160.552734
1031.779297	17281.414063
1030.651367	17202.640625
1029.523438	17286.966797
1028.395508	17186.771484
1027.266602	17318.244141
1026.137695	17224.517578
1025.009766	17098.671875
1023.879883	16829.277344
1022.750977	16896.425781
1021.621094	17233.484375
1020.491211	16994.216797
1019.361328	17007.746094
1018.231445	16984.871094
1017.100586	16681.585938
1015.969727	16836.417969
1014.838867	17008.300781
1013.708008	16857.087891
1012.576172	16973.281250
1011.444336	16860.626953
1010.312500	16872.015625
1009.180664	16744.464844
1008.047852	16856.306641
1006.915039	16837.775391
1005.782227	17163.152344
1004.649414	17377.339844
1003.515625	17388.597656
1002.381836	17551.412109
1001.248047	17545.550781
1000.114258	17260.166016
998.979492	17062.369141
997.844727	16728.148438
996.709961	16534.810547
995.575195	16486.527344
994.439453	16519.261719
993.303711	16462.474609
992.167969	16350.316406
991.032227	16353.232422
989.895508	16417.908203
988.758789	16544.304688
987.622070	16342.809570
986.485352	16652.203125
985.347656	16469.919922
984.210938	16296.223633
983.073242	16322.536133
981.934570	16640.173828
980.796875	16655.769531
979.658203	17062.476563
978.519531	17277.740234
977.380859	17512.035156
976.241211	17941.664063
975.101563	18126.867188
973.961914	18562.550781
972.822266	19242.181641
971.681641	19694.419922
970.541992	19766.621094
969.400391	20568.611328
968.259766	20880.279297
967.119141	21134.556641
965.977539	21195.783203
964.835938	21621.583984
963.694336	21294.843750
962.551758	21466.175781
961.409180	21258.238281
960.266602	21213.468750
959.124023	21026.845703
957.980469	20603.189453
956.837891	20296.126953
955.694336	19919.359375
954.549805	19944.734375
953.406250	18994.966797
952.261719	19001.494141
951.117188	18889.613281
949.972656	18756.638672
948.827148	18471.552734
947.681641	18368.302734
946.536133	18353.824219
945.390625	18047.880859
944.245117	18204.519531
943.098633	18344.199219
941.952148	18412.052734
940.804688	18536.853516
939.658203	18940.099609
938.510742	19187.078125
937.363281	19680.697266
936.215820	20056.027344
935.067383	20692.593750
933.919922	21725.117188
932.770508	22464.304688
931.622070	23571.845703
930.473633	24683.126953
929.324219	25821.306641
928.174805	27272.697266
927.025391	27694.169922
925.875000	28521.619141
924.724609	28538.671875
923.574219	28206.527344
922.423828	27864.005859
921.272461	26865.603516
920.122070	26250.224609
918.969727	25256.792969
917.818359	23963.296875
916.666992	22680.855469
915.514648	21510.281250
914.362305	20982.794922
913.208984	20060.824219
912.056641	19338.658203
910.903320	19082.691406
909.750000	18709.333984
908.596680	18061.335938
907.442383	17889.693359
906.288086	17879.576172
905.133789	17490.021484
903.979492	17582.693359
902.824219	17331.666016
901.668945	17541.652344
900.513672	17047.769531
899.358398	17276.570313
898.202148	17094.910156
897.045898	17066.134766
895.889648	16800.884766
894.733398	16945.843750
893.576172	16919.207031
892.419922	16831.927734
891.261719	16759.322266
890.104492	16670.021484
888.946289	16750.056641
887.789063	16784.083984
886.629883	16657.226563
885.471680	16532.511719
884.312500	16946.632813
883.153320	16673.667969
881.994141	16557.376953
880.834961	16545.480469
879.674805	16633.744141
878.514648	16513.359375
877.354492	16524.419922
876.194336	16902.466797
875.033203	16690.371094
873.872070	16724.310547
872.710938	16781.156250
871.548828	16825.476563
870.387695	16811.455078
869.225586	16930.718750
868.063477	16829.230469
866.900391	17056.679688
865.737305	16867.798828
864.574219	16961.974609
863.411133	16906.330078
862.248047	16777.914063
861.083984	16840.853516
859.919922	16789.423828
858.755859	16819.078125
857.590820	16902.746094
856.425781	16645.652344
855.260742	16779.171875
854.095703	16858.636719
852.930664	16763.662109
851.764648	17044.449219
850.598633	16737.787109
849.431641	16796.439453
848.265625	16631.025391
847.098633	16486.419922
845.931641	16735.855469
844.764648	16885.671875
843.596680	16699.648438
842.428711	16559.291016
841.260742	16365.128906
840.092773	16502.464844
838.923828	16830.263672
837.754883	16603.035156
836.585938	16500.105469
835.416992	16622.802734
834.247070	16743.376953
833.077148	16632.207031
831.907227	16485.921875
830.737305	16589.902344
829.566406	16778.597656
828.395508	16768.789063
827.224609	16812.710938
826.052734	16926.857422
824.881836	16724.919922
823.709961	16808.058594
822.538086	17087.302734
821.365234	17036.148438
820.192383	16960.250000
819.019531	16997.867188
817.846680	16973.578125
816.673828	16998.798828
815.500000	16993.078125
814.326172	17092.498047
813.151367	17022.861328
811.977539	17130.474609
810.802734	17427.580078
809.627930	17677.181641
808.453125	17939.031250
807.277344	18244.003906
806.101563	18363.582031
804.925781	18139.416016
803.750000	18287.769531
802.573242	18318.798828
801.396484	18662.433594
800.219727	18728.324219
799.042969	19156.005859
797.865234	19330.693359
796.687500	19786.828125
795.509766	19881.177734
794.331055	19967.269531
793.153320	19911.623047
791.974609	19708.173828
790.795898	19576.656250
789.616211	19194.816406
788.436523	18825.453125
787.256836	18737.285156
786.077148	18452.263672
784.897461	18446.232422
783.716797	18413.550781
782.536133	18411.626953
781.354492	18268.310547
780.173828	18045.154297
778.992188	18233.796875
777.810547	18328.158203
776.628906	18283.251953
775.446289	18054.140625
774.263672	18142.333984
773.081055	18158.876953
771.898438	18584.537109
770.714844	18490.535156
769.531250	18729.867188
768.347656	18684.933594
767.163086	19326.757813
765.979492	19420.666016
764.794922	19353.136719
763.609375	19739.080078
762.424805	19988.033203
761.239258	20581.917969
760.053711	21104.101563
758.868164	21789.320313
757.681641	22025.369141
756.495117	22985.474609
755.308594	23808.519531
754.122070	24767.822266
752.934570	26005.990234
751.748047	27853.021484
750.559570	29546.425781
749.372070	32492.000000
748.183594	35916.984375
746.995117	39713.136719
745.806641	44385.128906
744.618164	50278.417969
743.428711	55208.613281
742.239258	59870.140625
741.049805	63545.113281
739.859375	64979.363281
738.669922	64768.066406
737.479492	64054.746094
736.288086	61884.503906
735.097656	59268.164063
733.906250	57542.757813
732.714844	56971.746094
731.523438	55184.628906
730.331055	55085.375000
729.138672	54710.113281
727.946289	54211.222656
726.753906	54556.558594
725.560547	54416.941406
724.367188	53628.425781
723.173828	51911.625000
721.979492	49400.929688
720.786133	46315.746094
719.591797	42658.468750
718.396484	39535.562500
717.202148	37033.765625
716.006836	34705.171875
714.811523	32573.960938
713.616211	30917.296875
712.419922	29516.326172
711.223633	28170.585938
710.027344	26878.019531
708.831055	26067.314453
707.633789	25849.365234
706.436523	25289.888672
705.239258	24977.210938
704.041016	24753.572266
702.843750	24588.611328
701.645508	23625.955078
700.447266	23566.306641
699.248047	23252.316406
698.048828	23156.441406
696.849609	23306.791016
695.650391	23511.544922
694.450195	24002.626953
693.250000	24487.445313
692.049805	25163.583984
690.849609	25559.244141
689.648438	26462.580078
688.447266	27085.458984
687.246094	28010.224609
686.044922	28553.947266
684.842773	29550.476563
683.640625	30538.517578
682.438477	31516.062500
681.235352	32255.740234
680.033203	32339.257813
678.829102	31829.390625
677.625977	31856.654297
676.422852	31011.363281
675.218750	31141.298828
674.014648	30885.335938
672.809570	31045.376953
671.604492	31203.335938
670.400391	31090.107422
669.194336	31320.267578
667.989258	32102.359375
666.783203	32581.056641
665.577148	33555.156250
664.371094	34554.910156
663.164063	35640.468750
661.957031	36476.906250
660.750000	37525.480469
659.542969	37775.871094
658.334961	37773.656250
657.127930	37605.148438
655.918945	36603.453125
654.710938	35748.378906
653.501953	35007.800781
652.292969	33733.082031
651.083984	32881.187500
649.875000	31955.628906
648.665039	30688.400391
647.455078	29433.724609
646.244141	28129.603516
645.034180	27493.751953
643.823242	26410.472656
642.612305	25407.593750
641.400391	24592.943359
640.189453	24287.974609
638.977539	23623.691406
637.765625	23085.472656
636.552734	23471.666016
635.339844	23326.851563
634.126953	23415.535156
632.914063	23823.339844
631.700195	24234.955078
630.487305	24943.476563
629.272461	25268.943359
628.058594	26072.591797
626.843750	27029.314453
625.628906	26722.601563
624.414063	26591.289063
623.199219	26083.681641
621.983398	25749.498047
620.767578	24953.683594
619.551758	24190.056641
618.334961	23382.990234
617.118164	22657.828125
615.901367	22259.123047
614.684570	21856.613281
613.466797	21251.523438
612.249023	20593.037109
611.031250	20491.177734
609.813477	20184.751953
608.594727	19713.617188
607.375977	19723.207031
606.157227	19504.494141
604.937500	19506.183594
603.717773	19573.353516
602.498047	19265.539063
601.278320	19259.341797
600.057617	19278.925781
598.836914	19165.666016
597.616211	18876.042969
596.395508	18764.900391
595.173828	18826.177734
593.952148	18944.871094
592.729492	18768.427734
591.507813	19150.417969
590.285156	18914.619141
589.062500	18987.664063
587.839844	19402.988281
586.616211	19074.306641
585.392578	19196.710938
584.168945	19164.824219
582.944336	19803.136719
581.720703	20024.123047
580.495117	19881.410156
579.270508	19936.326172
578.045898	20443.541016
576.820313	20828.093750
575.594727	21153.248047
574.368164	21730.919922
573.142578	22093.226563
571.916016	22163.361328
570.688477	22499.767578
569.461914	22964.216797
568.234375	22825.103516
567.006836	22906.835938
565.779297	22728.375000
564.550781	22451.466797
563.322266	21879.173828
562.093750	21732.564453
560.865234	21540.726563
559.635742	21130.441406
558.406250	20993.927734
557.176758	20906.671875
555.946289	20630.578125
554.715820	20293.625000
553.485352	20086.615234
552.254883	20198.208984
551.023438	20010.962891
549.791992	19931.888672
548.560547	19955.021484
547.328125	19976.177734
546.096680	19745.931641
544.864258	19533.458984
543.630859	19466.349609
542.398438	19528.804688
541.165039	19577.496094
539.931641	19659.515625
538.697266	19910.177734
537.463867	19443.015625
536.229492	19605.388672
534.994141	19332.544922
533.759766	19291.062500
532.524414	19533.687500
531.289063	19292.375000
530.053711	19274.425781
528.817383	19489.478516
527.581055	19342.294922
526.344727	19330.212891
525.107422	19633.158203
523.871094	20380.033203
522.632813	20670.875000
521.395508	21597.085938
520.158203	21746.775391
518.919922	21431.222656
517.681641	21008.333984
516.442383	20454.734375
515.203125	20276.394531
513.963867	20141.095703
512.724609	19994.138672
511.485352	19841.390625
510.245117	19825.314453
509.004883	19715.589844
507.763672	20015.548828
506.523438	19794.667969
505.282227	19630.425781
504.040039	19939.947266
502.798828	19995.972656
501.556641	19512.236328
