1802.318359	3858.215332
1801.348633	3928.137695
1800.379883	3792.529785
1799.410156	3719.381592
1798.440430	3825.954834
1797.470703	3920.009277
1796.500977	3829.415771
1795.530273	3950.868164
1794.559570	3892.722656
1793.588867	3941.809326
1792.618164	3806.413574
1791.647461	4017.493408
1790.675781	4108.884766
1789.705078	3946.132568
1788.733398	4012.593750
1787.761719	4084.008789
1786.789063	4013.479004
1785.817383	3995.251709
1784.844727	4143.778320
1783.872070	4075.766357
1782.899414	4017.732666
1781.926758	4141.291992
1780.953125	4137.977051
1779.980469	4189.360840
1779.006836	4243.209473
1778.033203	4180.228516
1777.058594	4378.174316
1776.084961	4215.820313
1775.110352	4428.581543
1774.135742	4360.646484
1773.161133	4431.774414
1772.186523	4478.050781
1771.210938	4415.109375
1770.236328	4563.103516
1769.260742	4547.304688
1768.285156	4712.574707
1767.308594	4902.576172
1766.333008	4765.231934
1765.356445	4979.934570
1764.379883	5008.676758
1763.403320	5059.707520
1762.426758	5152.832520
1761.449219	5238.488770
1760.472656	5336.492676
1759.495117	5397.319336
1758.517578	5554.659180
1757.539063	5627.791504
1756.561523	5569.753418
1755.583008	5830.865234
1754.604492	5753.022461
1753.625977	5732.086426
1752.647461	5777.912109
1751.667969	5603.722656
1750.688477	5666.854980
1749.709961	5529.820313
1748.729492	5615.174805
1747.750000	5636.277344
1746.770508	5657.371582
1745.790039	5448.849609
1744.809570	5432.946289
1743.829102	5478.746094
1742.847656	5401.157227
1741.867188	5170.650879
1740.885742	5226.340820
1739.904297	5106.927734
1738.922852	5285.878906
1737.941406	5215.799805
1736.958984	5195.037598
1735.977539	5095.437012
1734.995117	5205.269043
1734.011719	5118.020508
1733.029297	5259.815918
1732.046875	5071.649902
1731.063477	5144.475586
1730.080078	5079.457031
1729.096680	5270.354492
1728.112305	5124.156738
1727.128906	5162.479492
1726.144531	5114.721191
1725.160156	5039.938477
1724.175781	5225.734863
1723.191406	5271.377441
1722.206055	5159.751953
1721.220703	5227.498047
1720.235352	5263.288086
1719.250000	5453.762207
1718.264648	5494.401855
1717.278320	5581.661133
1716.291992	5519.187500
1715.305664	5589.231445
1714.319336	5678.871582
1713.333008	5873.936035
1712.345703	5956.125977
1711.358398	5962.282715
1710.371094	6162.073730
1709.383789	6349.531250
1708.396484	6404.606445
1707.408203	6540.497070
1706.419922	6720.416992
1705.431641	6905.161133
1704.443359	7138.793457
1703.455078	7176.519531
1702.465820	7417.343750
1701.476563	7775.511230
1700.487305	7886.470215
1699.498047	8082.982910
1698.507813	8259.854492
1697.518555	8673.790039
1696.528320	8652.490234
1695.538086	8782.708008
1694.547852	8944.635742
1693.556641	9150.465820
1692.565430	9085.125000
1691.575195	8966.090820
1690.583008	9003.344727
1689.591797	8950.275391
1688.600586	8946.031250
1687.608398	8875.915039
1686.616211	8854.612305
1685.624023	9133.289063
1684.631836	8999.780273
1683.638672	8707.866211
1682.645508	8603.743164
1681.652344	8787.208008
1680.659180	8561.293945
1679.666016	8508.415039
1678.671875	8421.461914
1677.678711	8105.666016
1676.684570	8362.075195
1675.690430	8190.016602
1674.695313	8244.333008
1673.701172	8179.414551
1672.706055	8160.737305
1671.710938	8044.791016
1670.715820	8120.973633
1669.719727	7698.782715
1668.724609	8190.609863
1667.728516	8111.198242
1666.732422	8031.818359
1665.736328	7784.870605
1664.739258	7897.437988
1663.743164	7934.691895
1662.746094	7928.234863
1661.749023	7902.364258
1660.751953	7859.517578
1659.753906	8022.900879
1658.755859	7868.471191
1657.758789	7813.531250
1656.759766	7809.528320
1655.761719	7999.453125
1654.763672	7840.303711
1653.764648	7744.219238
1652.765625	7730.541504
1651.766602	7830.708496
1650.767578	8112.456543
1649.767578	7846.913086
1648.767578	7823.541504
1647.768555	7744.515137
1646.767578	7624.385742
1645.767578	7690.581543
1644.766602	7790.611816
1643.766602	7646.362793
1642.765625	7637.563477
1641.764648	7759.297852
1640.762695	7474.970215
1639.761719	7594.270996
1638.759766	7590.319336
1637.757813	7506.664551
1636.755859	7497.901855
1635.752930	7708.842773
1634.750977	7593.834473
1633.748047	7478.872070
1632.745117	7593.174316
1631.741211	7234.611328
1630.738281	7442.978516
1629.734375	7402.890137
1628.730469	7413.445801
1627.726563	7428.817871
1626.722656	7371.886230
1625.718750	7495.683105
1624.713867	7376.128418
1623.708984	7572.126465
1622.704102	7606.712402
1621.698242	7679.803223
1620.693359	7658.991699
1619.687500	7683.912109
1618.681641	7708.821289
1617.675781	7714.476074
1616.669922	7905.314941
1615.663086	7711.350586
1614.656250	7923.748535
1613.649414	8121.638184
1612.642578	8028.675293
1611.635742	7880.490234
1610.627930	8030.225098
1609.620117	7982.966797
1608.612305	8197.450195
1607.604492	7974.929199
1606.595703	8170.124512
1605.587891	8127.673828
1604.579102	8389.935547
1603.570313	8476.985352
1602.560547	8391.329102
1601.551758	8603.024414
1600.541992	8795.455078
1599.532227	8460.522461
1598.522461	8777.508789
1597.512695	8926.662109
1596.501953	9147.612305
1595.491211	9287.049805
1594.480469	9558.117188
1593.469727	9625.597656
1592.458984	9563.810547
1591.447266	9894.476563
1590.435547	10019.263672
1589.423828	10105.729492
1588.412109	10206.507813
1587.400391	10352.671875
1586.387695	10498.776367
1585.375000	10305.449219
1584.362305	10265.124023
1583.349609	10399.210938
1582.335938	9960.004883
1581.323242	9843.357422
1580.309570	9800.769531
1579.294922	9834.583008
1578.281250	9586.770508
1577.267578	9711.283203
1576.252930	9494.607422
1575.238281	9344.801758
1574.223633	9214.133789
1573.208008	9243.253906
1572.193359	9556.015625
1571.177734	9358.654297
1570.162109	9216.173828
1569.145508	9331.026367
1568.129883	9276.731445
1567.113281	9565.353516
1566.096680	9192.013672
1565.080078	9242.508789
1564.063477	9219.210938
1563.045898	9421.954102
1562.029297	9310.612305
1561.011719	9358.662109
1559.994141	9259.266602
1558.975586	9138.515625
1557.958008	8979.782227
1556.939453	8985.083984
1555.920898	8942.865234
1554.902344	8874.533203
1553.882813	8972.473633
1552.864258	8794.937500
1551.844727	8705.310547
1550.825195	8554.008789
1549.804688	8708.883789
1548.785156	8721.345703
1547.764648	8600.967773
1546.744141	8708.306641
1545.723633	8720.758789
1544.703125	8538.818359
1543.681641	8781.198242
1542.660156	8679.885742
1541.638672	8739.713867
1540.617188	8742.670898
1539.595703	8759.833984
1538.573242	9032.699219
1537.550781	8929.068359
1536.528320	8749.745117
1535.505859	9020.078125
1534.482422	8907.048828
1533.459961	8943.076172
1532.436523	8922.334961
1531.413086	8816.485352
1530.388672	8869.055664
1529.365234	8881.426758
1528.340820	8785.100586
1527.316406	8681.726563
1526.291992	8859.458984
1525.267578	8819.868164
1524.242188	8709.465820
1523.216797	8766.700195
1522.191406	8764.911133
1521.166016	8723.010742
1520.139648	8664.614258
1519.114258	8738.318359
1518.087891	8571.471680
1517.061523	8602.727539
1516.034180	8556.186523
1515.007813	8733.541016
1513.980469	8630.444336
1512.953125	8751.174805
1511.925781	8756.453125
1510.897461	8716.989258
1509.870117	8920.023438
1508.841797	8859.358398
1507.813477	9210.532227
1506.785156	8902.792969
1505.755859	9251.461914
1504.726563	9284.847656
1503.697266	9659.159180
1502.667969	9744.165039
1501.638672	10066.521484
1500.608398	9714.333984
1499.579102	10302.042969
1498.548828	10119.071289
1497.517578	10225.029297
1496.487305	10455.384766
1495.456055	10324.136719
1494.424805	10256.309570
1493.393555	10094.649414
1492.362305	9897.865234
1491.331055	10090.520508
1490.298828	9828.154297
1489.266602	9776.907227
1488.234375	9683.486328
1487.201172	9559.636719
1486.168945	9609.229492
1485.135742	9286.317383
1484.102539	9427.290039
1483.069336	9385.551758
1482.035156	9477.279297
1481.001953	9381.708984
1479.967773	9597.433594
1478.933594	9815.408203
1477.898438	10007.560547
1476.864258	9975.106445
1475.829102	10157.792969
1474.793945	10499.379883
1473.758789	10417.757813
1472.722656	10953.113281
1471.687500	11130.775391
1470.651367	11334.058594
1469.615234	11859.553711
1468.579102	12132.653320
1467.541992	12608.744141
1466.504883	13318.041992
1465.468750	13819.362305
1464.430664	14238.817383
1463.393555	14744.407227
1462.355469	15028.236328
1461.318359	15559.102539
1460.280273	15663.145508
1459.241211	15951.270508
1458.203125	16325.494141
1457.164063	16585.406250
1456.125000	16558.710938
1455.085938	16392.300781
1454.046875	16293.476563
1453.006836	16467.048828
1451.967773	16631.240234
1450.927734	16744.169922
1449.886719	16819.832031
1448.846680	16821.031250
1447.805664	17131.513672
1446.764648	17121.021484
1445.723633	17408.068359
1444.682617	17337.097656
1443.641602	17305.656250
1442.599609	17144.134766
1441.557617	17117.388672
1440.515625	16705.183594
1439.472656	16281.539063
1438.430664	15790.753906
1437.387695	15497.426758
1436.344727	14837.628906
1435.301758	14604.928711
1434.257813	14274.915039
1433.213867	13873.155273
1432.169922	13724.251953
1431.125977	13505.875977
1430.082031	13025.729492
1429.037109	13071.706055
1427.993164	12848.962891
1426.948242	12623.994141
1425.902344	12329.655273
1424.857422	12285.451172
1423.811523	12252.835938
1422.765625	12109.163086
1421.719727	12282.500000
1420.673828	12483.522461
1419.626953	12448.578125
1418.580078	12341.973633
1417.533203	12394.913086
1416.486328	12415.474609
1415.439453	12329.735352
1414.391602	12574.389648
1413.343750	12285.396484
1412.295898	12490.700195
1411.248047	12356.529297
1410.199219	12326.286133
1409.150391	12226.820313
1408.101563	12245.069336
1407.052734	12041.850586
1406.003906	12373.798828
1404.954102	12122.210938
1403.904297	11953.722656
1402.854492	11861.367188
1401.804688	11771.353516
1400.753906	11301.212891
1399.703125	11625.988281
1398.652344	11308.072266
1397.601563	11280.414063
1396.550781	11370.173828
1395.499023	11156.080078
1394.447266	11307.958984
1393.395508	11144.579102
1392.343750	10930.662109
1391.291016	10919.209961
1390.239258	10838.783203
1389.186523	10808.962891
1388.132813	10746.977539
1387.080078	10643.656250
1386.026367	10669.030273
1384.972656	10551.984375
1383.918945	10758.783203
1382.865234	10660.133789
1381.810547	10784.186523
1380.756836	11009.167969
1379.702148	10956.416016
1378.646484	11041.330078
1377.591797	11286.759766
1376.536133	11206.463867
1375.480469	11100.982422
1374.424805	11417.302734
1373.369141	11408.071289
1372.312500	11332.396484
1371.256836	11352.964844
1370.200195	11671.259766
1369.142578	11398.652344
1368.085938	11506.186523
1367.028320	11339.012695
1365.970703	11249.711914
1364.913086	11524.225586
1363.855469	11352.574219
1362.796875	11315.924805
1361.739258	11555.955078
1360.680664	11658.724609
1359.621094	11654.030273
1358.562500	11832.143555
1357.502930	12026.173828
1356.443359	11984.858398
1355.383789	12213.031250
1354.324219	12324.666016
1353.263672	12326.683594
1352.203125	12691.576172
1351.142578	13056.318359
1350.082031	13211.028320
1349.021484	13625.688477
1347.959961	14033.334961
1346.898438	14383.814453
1345.836914	14647.531250
1344.774414	14897.463867
1343.712891	15231.595703
1342.650391	15654.430664
1341.587891	16309.398438
1340.525391	16492.742188
1339.461914	16908.220703
1338.398438	17571.623047
1337.335938	17681.769531
1336.271484	18144.519531
1335.208008	18568.408203
1334.143555	18553.191406
1333.079102	19015.472656
1332.014648	18775.111328
1330.950195	18468.939453
1329.885742	18117.443359
1328.820313	17893.320313
1327.754883	17403.531250
1326.689453	16657.330078
1325.623047	16594.845703
1324.556641	15901.329102
1323.491211	15151.360352
1322.423828	14934.928711
1321.357422	14430.476563
1320.291016	14030.565430
1319.223633	13748.736328
1318.156250	13330.993164
1317.087891	13115.159180
1316.020508	13046.719727
1314.952148	12865.019531
1313.883789	12796.658203
1312.815430	12712.470703
1311.747070	12546.799805
1310.677734	12566.836914
1309.608398	12498.590820
1308.539063	12586.516602
1307.469727	12531.868164
1306.399414	12522.482422
1305.330078	12377.406250
1304.259766	12354.488281
1303.189453	12297.669922
1302.118164	12103.006836
1301.046875	12003.329102
1299.976563	11939.838867
1298.904297	11524.013672
1297.833008	11372.576172
1296.761719	11485.362305
1295.689453	11245.958984
1294.617188	11295.531250
1293.543945	11360.876953
1292.471680	11302.119141
1291.398438	11101.292969
1290.325195	11083.202148
1289.251953	11477.692383
1288.178711	11209.331055
1287.104492	11423.344727
1286.030273	11256.495117
1284.956055	11709.187500
1283.881836	11742.789063
1282.806641	11911.476563
1281.732422	12174.646484
1280.657227	12142.855469
1279.581055	12444.120117
1278.505859	12412.285156
1277.429688	12652.634766
1276.353516	12465.594727
1275.277344	12667.608398
1274.201172	12793.107422
1273.124023	12723.021484
1272.046875	12763.068359
1270.969727	12785.125977
1269.892578	13027.289063
1268.814453	12835.946289
1267.737305	12777.146484
1266.659180	12644.295898
1265.581055	12679.816406
1264.501953	12441.583984
1263.422852	12407.587891
1262.344727	11969.899414
1261.264648	11974.133789
1260.185547	11675.712891
1259.105469	11460.347656
1258.026367	11209.215820
1256.946289	11045.566406
1255.865234	11094.786133
1254.785156	10673.680664
1253.704102	10541.589844
1252.623047	10481.190430
1251.541992	10371.575195
1250.459961	10436.544922
1249.378906	10049.569336
1248.296875	10043.001953
1247.214844	10125.886719
1246.131836	9786.167969
1245.049805	9728.245117
1243.966797	9746.331055
1242.883789	9697.375977
1241.800781	9599.293945
1240.716797	9646.429688
1239.632813	9608.689453
1238.548828	9524.081055
1237.464844	9553.343750
1236.380859	9542.424805
1235.295898	9605.137695
1234.210938	9391.217773
1233.125977	9489.619141
1232.041016	9532.234375
1230.955078	9314.002930
1229.869141	9661.986328
1228.783203	9477.244141
1227.697266	9653.498047
1226.610352	9626.980469
1225.524414	9400.046875
1224.437500	9580.658203
1223.349609	9496.293945
1222.262695	9465.378906
1221.174805	9347.696289
1220.086914	9497.020508
1218.999023	9466.122070
1217.911133	9417.447266
1216.822266	9426.596680
1215.733398	9426.849609
1214.644531	9542.663086
1213.555664	9549.556641
1212.465820	9434.270508
1211.376953	9663.275391
1210.287109	9516.925781
1209.196289	9486.076172
1208.106445	9344.262695
1207.015625	9495.425781
1205.924805	9668.710938
1204.833984	9657.816406
1203.743164	9598.137695
1202.651367	9394.363281
1201.559570	9419.000000
1200.467773	9372.704102
1199.375977	9525.851563
1198.283203	9315.614258
1197.190430	9307.020508
1196.097656	9203.208984
1195.004883	9314.196289
1193.911133	9126.312500
1192.818359	9175.302734
1191.724609	9137.980469
1190.629883	9025.461914
1189.536133	9242.527344
1188.441406	9123.399414
1187.346680	9046.324219
1186.251953	8858.766602
1185.157227	8808.295898
1184.061523	8930.174805
1182.965820	8992.362305
1181.870117	8926.434570
1180.774414	8822.999023
1179.677734	8911.658203
1178.581055	8737.642578
1177.484375	8621.070313
1176.387695	8782.515625
1175.291016	8732.151367
1174.193359	8750.167969
1173.095703	8668.963867
1171.998047	8711.232422
1170.899414	8740.259766
1169.800781	8698.767578
1168.702148	8432.598633
1167.603516	8706.131836
1166.504883	8301.349609
1165.405273	8548.376953
1164.305664	8575.197266
1163.206055	8520.584961
1162.106445	8648.604492
1161.005859	8591.798828
1159.906250	8691.158203
1158.804688	8792.674805
1157.704102	8889.751953
1156.603516	8674.700195
1155.501953	8690.458008
1154.400391	8807.265625
1153.298828	8768.078125
1152.196289	8915.561523
1151.093750	8753.418945
1149.992188	9104.981445
1148.888672	9059.177734
1147.786133	9313.986328
1146.682617	9397.583008
1145.579102	9395.609375
1144.475586	9562.475586
1143.372070	9461.814453
1142.267578	9464.210938
1141.163086	9633.147461
1140.058594	9398.889648
1138.954102	9537.101563
1137.848633	9388.370117
1136.744141	9419.239258
1135.638672	9397.558594
1134.532227	9248.948242
1133.426758	9148.538086
1132.320313	9148.802734
1131.213867	9085.637695
1130.107422	9195.250977
1129.000000	9140.846680
1127.893555	8944.386719
1126.786133	9023.363281
1125.677734	9141.635742
1124.570313	9146.265625
1123.461914	8945.598633
1122.354492	9002.671875
1121.245117	9037.889648
1120.136719	8900.666992
1119.027344	9018.811523
1117.918945	9134.724609
1116.808594	9370.555664
1115.699219	9451.453125
1114.589844	9471.266602
1113.479492	9754.833008
1112.369141	9794.187500
1111.257813	10260.595703
1110.147461	10615.705078
1109.036133	10927.103516
1107.924805	11334.182617
1106.813477	11825.996094
1105.701172	12350.251953
1104.589844	12388.997070
1103.477539	13254.500000
1102.364258	13308.264648
1101.251953	13740.420898
1100.138672	13765.791992
1099.025391	13780.282227
1097.912109	13655.665039
1096.798828	13368.126953
1095.684570	13419.622070
1094.570313	12912.875977
1093.456055	12616.987305
1092.341797	12110.622070
1091.226563	11899.682617
1090.111328	11343.765625
1088.996094	10670.915039
1087.880859	10640.462891
1086.764648	10338.916992
1085.648438	10076.528320
1084.532227	9684.173828
1083.416016	9430.703125
1082.299805	9480.721680
1081.182617	9415.889648
1080.065430	9149.637695
1078.947266	9149.872070
1077.830078	9033.185547
1076.711914	9297.541016
1075.593750	9150.571289
1074.475586	9068.577148
1073.357422	9073.152344
1072.238281	9049.607422
1071.119141	8911.461914
1070.000000	9000.382813
1068.879883	8845.012695
1067.760742	9091.668945
1066.640625	9053.017578
1065.519531	9074.866211
1064.399414	9213.330078
1063.278320	9420.831055
1062.157227	8967.650391
1061.036133	9306.773438
1059.915039	9089.017578
1058.792969	9380.506836
1057.670898	9482.058594
1056.548828	9525.339844
1055.426758	9585.851563
1054.303711	9510.534180
1053.181641	9642.142578
1052.057617	9721.981445
1050.934570	9894.417969
1049.811523	9948.323242
1048.687500	10077.571289
1047.563477	9814.942383
1046.438477	9810.712891
1045.314453	10013.073242
1044.189453	9655.956055
1043.064453	9856.110352
1041.939453	9806.711914
1040.813477	9839.038086
1039.687500	9858.452148
1038.561523	9794.037109
1037.435547	10030.476563
1036.309570	9905.898438
1035.182617	9946.757813
1034.055664	9957.536133
1032.928711	9751.466797
1031.800781	9863.165039
1030.673828	10032.759766
1029.545898	9882.587891
1028.416992	9931.977539
1027.289063	10002.791992
1026.160156	9775.528320
1025.031250	9951.389648
1023.902344	9833.541016
1022.773438	9687.884766
1021.643555	9857.224609
1020.513672	9767.314453
1019.383789	9947.270508
1018.252930	9840.250000
1017.123047	9692.603516
1015.992188	9658.445313
1014.861328	9534.435547
1013.729492	9656.488281
1012.598633	9705.770508
1011.466797	9750.754883
1010.334961	9832.062500
1009.202148	9800.052734
1008.070313	9802.247070
1006.937500	10105.687500
1005.804688	10498.712891
1004.670898	10985.537109
1003.538086	11256.503906
1002.404297	10972.334961
1001.270508	10820.608398
1000.135742	10069.350586
999.001953	9834.678711
997.867188	9661.959961
996.732422	9389.088867
995.596680	9235.724609
994.461914	9483.151367
993.326172	9376.713867
992.190430	9270.321289
991.054688	9283.262695
989.917969	9385.646484
988.781250	9283.576172
987.644531	9121.943359
986.507813	8971.019531
985.370117	9205.309570
984.232422	9150.166016
983.094727	9252.444336
981.957031	9416.347656
980.819336	9331.427734
979.680664	9433.599609
978.541992	9527.226563
977.402344	9546.448242
976.263672	9765.342773
975.124023	9948.039063
973.984375	9984.143555
972.844727	10366.269531
971.704102	10459.575195
970.563477	10533.743164
969.422852	10741.537109
968.282227	10745.614258
967.141602	10857.842773
966.000000	10940.340820
964.858398	11029.162109
963.715820	11020.455078
962.574219	10797.747070
961.431641	10812.394531
960.289063	10932.933594
959.146484	10663.798828
958.002930	10589.546875
956.860352	10691.005859
955.716797	10422.091797
954.572266	10248.499023
953.428711	10265.352539
952.284180	10341.413086
951.139648	10354.009766
949.995117	10375.055664
948.849609	10159.384766
947.704102	10324.147461
946.558594	10400.110352
945.413086	10511.947266
944.267578	10499.147461
943.121094	10475.796875
941.974609	10598.096680
940.827148	10910.272461
939.680664	11038.755859
938.533203	11297.967773
937.385742	11753.200195
936.238281	12265.167969
935.089844	12966.640625
933.942383	13927.048828
932.792969	14497.222656
931.644531	15263.076172
930.496094	16011.751953
929.346680	16715.884766
928.197266	17179.705078
927.047852	17765.412109
925.897461	17675.335938
924.747070	17858.818359
923.596680	17192.382813
922.446289	16482.066406
921.294922	16001.242188
920.144531	15451.250000
918.992188	14254.148438
917.840820	13311.816406
916.689453	12546.358398
915.537109	12012.272461
914.384766	11535.113281
913.231445	11095.949219
912.079102	10808.103516
910.925781	10438.535156
909.772461	10350.278320
908.619141	10186.541016
907.464844	10071.110352
906.310547	9815.241211
905.156250	9785.889648
904.001953	9825.714844
902.846680	9804.753906
901.691406	9620.389648
900.536133	9737.722656
899.380859	9511.566406
898.224609	9469.751953
897.069336	9281.426758
895.913086	9545.225586
894.755859	9547.367188
893.599609	9478.383789
892.442383	9336.227539
891.285156	9173.221680
890.126953	9225.612305
888.969727	9234.087891
887.811523	9334.503906
886.653320	9165.368164
885.494141	9265.754883
884.335938	9244.975586
883.176758	9146.953125
882.016602	9111.594727
880.857422	9024.077148
879.697266	9032.576172
878.538086	9132.859375
877.376953	9082.932617
876.216797	9080.986328
875.055664	8956.040039
873.894531	9137.538086
872.733398	9202.262695
871.572266	9137.788086
870.410156	8960.860352
869.248047	9092.219727
868.085938	9150.649414
866.922852	9165.339844
865.760742	8853.280273
864.597656	8920.045898
863.433594	9117.838867
862.270508	9203.235352
861.106445	9049.465820
859.942383	9057.918945
858.778320	9236.803711
857.613281	9135.075195
856.449219	9176.744141
855.284180	9143.617188
854.118164	9309.868164
852.953125	9305.792969
851.787109	9168.867188
850.621094	9090.110352
849.455078	9364.123047
848.288086	9140.142578
847.121094	9148.549805
845.954102	9260.631836
844.787109	9094.865234
843.619141	9148.874023
842.452148	9095.101563
841.283203	9281.681641
840.115234	9281.758789
838.947266	9294.260742
837.778320	9180.458008
836.609375	9410.327148
835.439453	9416.583008
834.269531	9385.590820
833.100586	9383.572266
831.929688	9538.741211
830.759766	9741.402344
829.588867	9549.111328
828.417969	9435.444336
827.247070	9509.874023
826.076172	9588.403320
824.904297	9445.881836
823.732422	9514.063477
822.560547	9421.170898
821.387695	9476.942383
820.215820	9557.455078
819.042969	9571.904297
817.869141	9567.781250
816.696289	9427.537109
815.522461	9227.552734
814.348633	9524.495117
813.174805	9460.610352
812.000000	9145.348633
810.825195	9400.910156
809.650391	9528.652344
808.475586	9534.837891
807.300781	9613.082031
806.125000	9606.893555
804.949219	9633.636719
803.772461	9635.675781
802.596680	9327.085938
801.419922	9569.823242
800.243164	9584.210938
799.065430	9625.316406
797.887695	9795.893555
796.710938	9635.551758
795.532227	9660.182617
794.354492	9522.533203
793.175781	9619.052734
791.997070	9491.736328
790.818359	9530.743164
789.639648	9485.589844
788.459961	9594.342773
787.280273	9534.833984
786.100586	9415.873047
784.919922	9368.730469
783.739258	9471.261719
782.558594	9454.871094
781.377930	9329.879883
780.196289	9311.476563
779.014648	9565.501953
777.833008	9426.231445
776.651367	9559.325195
775.468750	9309.579102
774.287109	9727.105469
773.103516	9581.779297
771.920898	9669.717773
770.737305	9739.210938
769.553711	9604.198242
768.370117	10023.251953
767.186523	9929.112305
766.001953	9908.576172
764.817383	10315.032227
763.632813	10515.014648
762.447266	10478.026367
761.262695	10741.177734
760.077148	10898.070313
758.890625	10789.594727
757.705078	11283.063477
756.518555	11505.012695
755.332031	11790.087891
754.145508	11993.478516
752.958008	12647.304688
751.770508	13005.319336
750.583008	13597.511719
749.395508	14389.097656
748.207031	15428.831055
747.018555	16745.058594
745.830078	18142.154297
744.640625	19337.130859
743.452148	20621.130859
742.262695	21463.062500
741.073242	22259.878906
739.882813	22431.994141
738.692383	22144.509766
737.501953	22432.445313
736.311523	22008.912109
735.120117	22298.781250
733.929688	22631.185547
732.738281	22764.396484
731.545898	23175.748047
730.354492	23678.279297
729.162109	24326.732422
727.969727	25285.390625
726.776367	25269.767578
725.583984	25816.029297
724.390625	25260.843750
723.196289	24598.437500
722.002930	22884.236328
720.808594	21174.832031
719.614258	19557.347656
718.419922	17991.208984
717.224609	16802.466797
716.030273	15622.337891
714.834961	15001.479492
713.638672	14433.514648
712.443359	13904.245117
711.247070	13648.332031
710.050781	13236.778320
708.853516	13300.641602
707.657227	12770.050781
706.459961	12648.015625
705.262695	12465.403320
704.064453	12046.466797
702.867188	12175.158203
701.668945	11740.306641
700.469727	12046.699219
699.271484	11943.144531
698.072266	12013.210938
696.873047	12331.450195
695.673828	12492.187500
694.473633	12541.916992
693.273438	13000.992188
692.073242	13264.300781
690.873047	13781.474609
689.671875	14326.636719
688.470703	14700.299805
687.269531	15543.155273
686.068359	16029.170898
684.866211	16494.839844
683.664063	17213.953125
682.461914	17222.287109
681.258789	17476.107422
680.055664	17389.824219
678.852539	16879.183594
677.649414	16672.412109
676.445313	16308.912109
675.242188	15762.656250
674.037109	15554.249023
672.833008	15458.444336
671.627930	15077.441406
670.422852	15007.887695
669.217773	14797.813477
668.012695	15133.844727
666.806641	14883.693359
665.600586	14727.957031
664.394531	14953.446289
663.187500	15118.666016
661.980469	15506.392578
660.773438	15631.323242
659.566406	15629.922852
658.358398	15574.416992
657.150391	15739.317383
655.942383	15852.065430
654.734375	15686.401367
653.525391	15624.920898
652.316406	15325.259766
651.107422	15179.828125
649.897461	14838.375000
648.688477	14483.066406
647.478516	14173.912109
646.267578	13590.952148
645.057617	13464.043945
643.846680	13171.299805
642.635742	12874.686523
641.423828	12903.843750
640.212891	12413.670898
639.000977	12438.920898
637.788086	12336.382813
636.576172	12251.852539
635.363281	12500.629883
634.150391	12402.132813
632.937500	12892.132813
631.723633	13132.626953
630.510742	13514.581055
629.295898	13812.643555
628.082031	13865.432617
626.867188	13870.376953
625.652344	13781.686523
624.437500	13609.381836
623.222656	13520.785156
622.006836	13061.928711
620.791016	12659.003906
619.575195	12323.913086
618.358398	12004.884766
617.141602	11753.624023
615.924805	11587.985352
614.708008	11152.017578
613.490234	11064.105469
612.272461	10904.685547
611.054688	10880.446289
609.836914	10647.634766
608.618164	10833.983398
607.399414	10527.813477
606.180664	10708.149414
604.960938	10263.206055
603.741211	10348.272461
602.521484	10314.267578
601.301758	10512.340820
600.081055	10272.079102
598.860352	10351.118164
597.639648	10172.441406
596.418945	10231.649414
595.197266	10124.402344
593.975586	9892.407227
592.753906	10147.698242
591.531250	10125.676758
590.308594	10097.726563
589.085938	10036.142578
587.863281	9887.522461
586.639648	10302.769531
585.416016	10166.021484
584.192383	10161.818359
582.967773	10153.662109
581.744141	10244.334961
580.519531	10309.278320
579.293945	10340.606445
578.069336	10529.937500
576.843750	10523.681641
575.618164	10754.349609
574.391602	10943.464844
573.166016	10864.099609
571.939453	11173.462891
570.711914	10952.051758
569.485352	11137.009766
568.257813	11047.810547
567.030273	11090.728516
565.802734	10899.090820
564.574219	10963.696289
563.345703	10791.868164
562.117188	10756.018555
560.888672	10682.768555
559.659180	10729.643555
558.429688	10652.494141
557.200195	10455.336914
555.969727	10468.782227
554.739258	10250.113281
553.508789	10495.653320
552.278320	10310.497070
551.046875	10420.280273
549.815430	10402.270508
548.583984	10539.491211
547.352539	10525.390625
546.120117	10385.599609
544.887695	10302.812500
543.655273	10394.780273
542.421875	10512.221680
541.188477	10633.536133
539.955078	10464.443359
538.721680	10413.109375
537.487305	10412.782227
536.252930	10561.456055
535.018555	10470.929688
533.783203	10601.886719
532.547852	10337.016602
531.312500	10446.397461
530.077148	10381.431641
528.840820	10320.411133
527.604492	10447.338867
526.368164	10679.892578
525.131836	11252.804688
523.894531	11815.682617
522.657227	12417.428711
521.419922	13009.131836
520.181641	12396.326172
518.943359	11732.971680
517.705078	11247.730469
516.465820	10666.972656
515.227539	10697.829102
513.988281	10470.903320
512.748047	10654.073242
511.508789	10684.911133
510.268555	10508.874023
509.028320	10674.352539
507.788086	10515.950195
506.546875	10714.506836
505.305664	10380.683594
504.064453	10649.357422
502.822266	10469.659180
501.580078	10457.610352
