1802.218750	10233.426758
1801.250000	10313.336914
1800.280273	10508.513672
1799.310547	10568.819336
1798.340820	10279.705078
1797.371094	9888.403320
1796.401367	9397.469727
1795.430664	9018.969727
1794.460938	9306.434570
1793.490234	9753.348633
1792.519531	10175.156250
1791.547852	10143.216797
1790.577148	9764.943359
1789.605469	9501.416016
1788.633789	9569.255859
1787.662109	9507.578125
1786.690430	9884.111328
1785.717773	10136.033203
1784.745117	10671.566406
1783.772461	11045.151367
1782.799805	11032.992188
1781.827148	11018.348633
1780.853516	11230.001953
1779.880859	11496.266602
1778.907227	11814.625000
1777.933594	11755.100586
1776.958984	11258.288086
1775.985352	10731.863281
1775.010742	10451.537109
1774.036133	10263.203125
1773.061523	10497.008789
1772.086914	10805.187500
1771.111328	11344.043945
1770.135742	12098.552734
1769.161133	12545.145508
1768.184570	12641.843750
1767.208984	12889.767578
1766.233398	13058.254883
1765.256836	13296.079102
1764.280273	13481.764648
1763.303711	12916.610352
1762.326172	12921.454102
1761.349609	12686.048828
1760.372070	12500.261719
1759.394531	13156.315430
1758.416992	13822.006836
1757.439453	14549.300781
1756.460938	15474.245117
1755.483398	15312.820313
1754.504883	15062.420898
1753.525391	14263.157227
1752.546875	13901.812500
1751.568359	13602.407227
1750.588867	13891.295898
1749.609375	14256.663086
1748.629883	14609.531250
1747.649414	14263.293945
1746.669922	13744.341797
1745.689453	13181.157227
1744.708984	13037.816406
1743.728516	13111.705078
1742.748047	13212.703125
1741.766602	13570.213867
1740.785156	13027.356445
1739.804688	13098.717773
1738.822266	12864.343750
1737.840820	12524.072266
1736.858398	12420.518555
1735.876953	12489.478516
1734.894531	12590.433594
1733.912109	13260.279297
1732.928711	13444.759766
1731.946289	13668.555664
1730.962891	13286.751953
1729.979492	12388.306641
1728.996094	11915.875977
1728.011719	11947.920898
1727.028320	12154.574219
1726.043945	12899.653320
1725.059570	13555.927734
1724.075195	13951.393555
1723.089844	13528.363281
1722.105469	13240.635742
1721.120117	12886.698242
1720.134766	12353.614258
1719.149414	12189.069336
1718.163086	12495.948242
1717.177734	12483.618164
1716.191406	12559.636719
1715.205078	12704.323242
1714.218750	13155.578125
1713.231445	13596.840820
1712.245117	14432.704102
1711.257813	14765.663086
1710.270508	14615.629883
1709.283203	14348.029297
1708.294922	14266.741211
1707.307617	14070.354492
1706.319336	13981.805664
1705.331055	14446.672852
1704.342773	15068.029297
1703.353516	15733.193359
1702.364258	16449.476563
1701.375977	16864.537109
1700.385742	17609.656250
1699.396484	17882.468750
1698.407227	17903.320313
1697.416992	18227.298828
1696.426758	18067.201172
1695.436523	17662.802734
1694.446289	17852.255859
1693.455078	18615.662109
1692.464844	19332.357422
1691.473633	19680.068359
1690.482422	19856.751953
1689.490234	19772.208984
1688.499023	19826.791016
1687.506836	20057.009766
1686.514648	20899.382813
1685.522461	20939.068359
1684.530273	20610.560547
1683.537109	19945.773438
1682.543945	19327.560547
1681.550781	19662.375000
1680.557617	19785.099609
1679.564453	19985.716797
1678.570313	20127.804688
1677.577148	20418.359375
1676.583008	20684.451172
1675.587891	20626.736328
1674.593750	20693.142578
1673.598633	20307.009766
1672.604492	19923.464844
1671.609375	19810.011719
1670.613281	19730.642578
1669.618164	19201.589844
1668.622070	18898.775391
1667.626953	18746.738281
1666.630859	18815.835938
1665.633789	18795.037109
1664.637695	18946.662109
1663.640625	18877.283203
1662.643555	17853.939453
1661.646484	17736.267578
1660.649414	17756.951172
1659.652344	17826.146484
1658.654297	17858.927734
1657.656250	18078.421875
1656.658203	18324.496094
1655.660156	18815.294922
1654.661133	19010.224609
1653.662109	18492.699219
1652.664063	17951.154297
1651.664063	17552.730469
1650.665039	17609.722656
1649.666016	17620.691406
1648.666016	18573.265625
1647.666016	18944.628906
1646.666016	18652.865234
1645.665039	18576.521484
1644.665039	18125.316406
1643.664063	18653.646484
1642.663086	18686.138672
1641.662109	18331.869141
1640.660156	18453.830078
1639.659180	17904.037109
1638.657227	18216.873047
1637.655273	18222.849609
1636.653320	18371.291016
1635.650391	18104.421875
1634.648438	18156.275391
1633.645508	17981.259766
1632.642578	18267.156250
1631.638672	17814.773438
1630.635742	17398.748047
1629.631836	18410.390625
1628.627930	18732.126953
1627.624023	19323.687500
1626.620117	19536.662109
1625.615234	19870.017578
1624.611328	19603.427734
1623.606445	19486.263672
1622.601563	18923.683594
1621.595703	18190.406250
1620.590820	17760.695313
1619.584961	17461.107422
1618.579102	17520.125000
1617.573242	17814.851563
1616.566406	17965.162109
1615.560547	17930.263672
1614.553711	17919.417969
1613.546875	18605.593750
1612.540039	19351.568359
1611.532227	20017.955078
1610.525391	20563.966797
1609.517578	20691.884766
1608.509766	20490.800781
1607.500977	19980.121094
1606.493164	19604.054688
1605.484375	19612.076172
1604.475586	20577.349609
1603.466797	21542.228516
1602.458008	21700.933594
1601.448242	21351.267578
1600.439453	21114.408203
1599.429688	20604.421875
1598.418945	21160.955078
1597.409180	21039.271484
1596.398438	21118.835938
1595.388672	21210.339844
1594.377930	21768.687500
1593.366211	22544.642578
1592.355469	23664.916016
1591.343750	23987.927734
1590.333008	23645.740234
1589.320313	23356.310547
1588.308594	23043.082031
1587.296875	22875.824219
1586.284180	23191.490234
1585.271484	23363.632813
1584.258789	23332.603516
1583.246094	23798.482422
1582.232422	24756.189453
1581.218750	25271.734375
1580.205078	25436.111328
1579.191406	24616.980469
1578.177734	25165.646484
1577.163086	25241.656250
1576.149414	24964.576172
1575.134766	24716.228516
1574.119141	24291.521484
1573.104492	24613.201172
1572.088867	24844.173828
1571.073242	24736.648438
1570.057617	24998.472656
1569.041992	25367.384766
1568.026367	25405.095703
1567.009766	25559.466797
1565.993164	25618.546875
1564.976563	25230.123047
1563.959961	25346.355469
1562.942383	25326.923828
1561.924805	25642.902344
1560.907227	25823.189453
1559.889648	25594.423828
1558.872070	25294.429688
1557.853516	25053.978516
1556.834961	24789.857422
1555.816406	25027.148438
1554.797852	25413.988281
1553.778320	26069.029297
1552.759766	25346.656250
1551.740234	25006.773438
1550.720703	24811.806641
1549.701172	24211.144531
1548.680664	24521.751953
1547.660156	24338.857422
1546.639648	24317.300781
1545.619141	24264.925781
1544.598633	24333.468750
1543.577148	23655.417969
1542.555664	23479.990234
1541.534180	24046.152344
1540.512695	24216.529297
1539.491211	24737.314453
1538.468750	24945.359375
1537.446289	25271.675781
1536.423828	25228.656250
1535.401367	25020.021484
1534.377930	25341.386719
1533.355469	25019.281250
1532.332031	24744.597656
1531.308594	24881.408203
1530.284180	24992.158203
1529.260742	24793.269531
1528.236328	24670.072266
1527.211914	24461.878906
1526.187500	24579.705078
1525.162109	24945.423828
1524.137695	25070.181641
1523.112305	25076.867188
1522.086914	25196.826172
1521.060547	25205.839844
1520.035156	25158.232422
1519.008789	25306.398438
1517.982422	25400.267578
1516.956055	25553.035156
1515.929688	25583.173828
1514.902344	25702.845703
1513.875000	25386.597656
1512.847656	25904.351563
1511.820313	26040.367188
1510.792969	26447.107422
1509.764648	26839.554688
1508.736328	26970.583984
1507.708008	26736.814453
1506.679688	27063.082031
1505.650391	27226.912109
1504.622070	27538.832031
1503.592773	27309.833984
1502.563477	27739.146484
1501.533203	27789.882813
1500.503906	27969.837891
1499.473633	27849.001953
1498.443359	27892.634766
1497.413086	27302.185547
1496.381836	27604.177734
1495.350586	27293.369141
1494.320313	27400.439453
1493.288086	27150.804688
1492.256836	27354.041016
1491.225586	26675.289063
1490.193359	26503.335938
1489.161133	26854.283203
1488.128906	26476.083984
1487.095703	26578.470703
1486.063477	26624.578125
1485.030273	26675.351563
1483.997070	26454.416016
1482.963867	26612.916016
1481.929688	27258.316406
1480.895508	27557.025391
1479.861328	27907.097656
1478.827148	28053.464844
1477.792969	28824.355469
1476.757813	29108.460938
1475.723633	29642.646484
1474.688477	30553.001953
1473.652344	30838.910156
1472.617188	31363.062500
1471.581055	31856.623047
1470.545898	32170.115234
1469.508789	32927.207031
1468.472656	33648.964844
1467.436523	33707.433594
1466.399414	34657.460938
1465.362305	35299.074219
1464.325195	35714.121094
1463.287109	36094.003906
1462.250000	36662.625000
1461.211914	37874.535156
1460.173828	37738.558594
1459.135742	38271.527344
1458.096680	38918.457031
1457.057617	38980.367188
1456.019531	39403.273438
1454.979492	39609.433594
1453.940430	39936.578125
1452.901367	40119.261719
1451.861328	40723.109375
1450.821289	41789.746094
1449.781250	43044.375000
1448.740234	43993.800781
1447.699219	44387.062500
1446.659180	45073.101563
1445.617188	45644.957031
1444.576172	45521.710938
1443.535156	45356.691406
1442.493164	44422.824219
1441.451172	44051.386719
1440.409180	43099.585938
1439.366211	41711.718750
1438.324219	40816.492188
1437.281250	39599.066406
1436.238281	38602.550781
1435.194336	37736.343750
1434.151367	36415.925781
1433.107422	36088.460938
1432.063477	35654.492188
1431.019531	35155.796875
1429.975586	34458.019531
1428.930664	33732.726563
1427.885742	33338.964844
1426.840820	32822.625000
1425.795898	32676.953125
1424.750000	32878.578125
1423.705078	32726.005859
1422.659180	32467.056641
1421.613281	32485.826172
1420.566406	32934.804688
1419.520508	33066.785156
1418.473633	32634.564453
1417.426758	32690.263672
1416.379883	33441.578125
1415.332031	33307.613281
1414.284180	33550.253906
1413.236328	33457.890625
1412.188477	33393.277344
1411.140625	33494.914063
1410.091797	33945.050781
1409.043945	33474.199219
1407.995117	33255.039063
1406.945313	32846.804688
1405.896484	33446.609375
1404.846680	32678.785156
1403.796875	32448.431641
1402.747070	32006.119141
1401.697266	31483.332031
1400.646484	31308.656250
1399.595703	31276.867188
1398.544922	30731.517578
1397.494141	30253.162109
1396.443359	30313.689453
1395.391602	29610.058594
1394.339844	29808.755859
1393.288086	28962.875000
1392.236328	28936.203125
1391.183594	28684.169922
1390.130859	28871.392578
1389.078125	28568.900391
1388.025391	27924.087891
1386.972656	27950.500000
1385.918945	28234.199219
1384.865234	28106.642578
1383.811523	28583.085938
1382.757813	28910.097656
1381.703125	29349.449219
1380.648438	29586.660156
1379.593750	29413.056641
1378.539063	29932.318359
1377.484375	30116.505859
1376.428711	30213.478516
1375.373047	30711.613281
1374.317383	30767.162109
1373.260742	31143.515625
1372.205078	31192.076172
1371.148438	30883.263672
1370.091797	31458.605469
1369.035156	31129.253906
1367.977539	31544.052734
1366.920898	31965.546875
1365.863281	31666.037109
1364.805664	31705.253906
1363.747070	32448.968750
1362.689453	32659.523438
1361.630859	32442.421875
1360.572266	33274.671875
1359.513672	33448.351563
1358.454102	33898.445313
1357.394531	33980.539063
1356.334961	34663.308594
1355.275391	35277.285156
1354.215820	36144.437500
1353.155273	36376.644531
1352.094727	37519.351563
1351.034180	38196.113281
1349.973633	39538.718750
1348.913086	39900.027344
1347.851563	41141.386719
1346.790039	42338.914063
1345.728516	42815.660156
1344.666016	43823.191406
1343.604492	44916.882813
1342.541992	45593.253906
1341.479492	46622.351563
1340.416016	47988.019531
1339.353516	48656.496094
1338.290039	49741.214844
1337.226563	50129.148438
1336.163086	51197.179688
1335.099609	51375.378906
1334.035156	51598.984375
1332.970703	51615.582031
1331.906250	51045.675781
1330.841797	50376.003906
1329.776367	49949.738281
1328.710938	48905.710938
1327.645508	48048.359375
1326.580078	47211.804688
1325.514648	45485.585938
1324.448242	44257.199219
1323.381836	43120.097656
1322.315430	41999.347656
1321.248047	41319.156250
1320.181641	40686.875000
1319.114258	39794.078125
1318.046875	38881.242188
1316.979492	38487.851563
1315.911133	37772.820313
1314.842773	37715.144531
1313.774414	37195.378906
1312.706055	36861.535156
1311.637695	37284.109375
1310.568359	36237.273438
1309.499023	36684.695313
1308.429688	36129.464844
1307.360352	36051.832031
1306.290039	36064.710938
1305.220703	36211.007813
1304.150391	36117.574219
1303.079102	35416.089844
1302.008789	34678.730469
1300.937500	34416.199219
1299.866211	33991.113281
1298.794922	33552.648438
1297.723633	32931.449219
1296.651367	32640.136719
1295.579102	31802.683594
1294.506836	31493.667969
1293.434570	31130.626953
1292.362305	30548.916016
1291.289063	30308.007813
1290.215820	30035.630859
1289.142578	30033.900391
1288.068359	29883.404297
1286.995117	30145.365234
1285.920898	29893.517578
1284.846680	29763.414063
1283.771484	29876.589844
1282.697266	29962.697266
1281.622070	30199.597656
1280.546875	30269.843750
1279.471680	30047.527344
1278.395508	30088.523438
1277.320313	30268.960938
1276.244141	30179.458984
1275.166992	30092.240234
1274.090820	30371.466797
1273.013672	30248.283203
1271.937500	30365.574219
1270.860352	30112.140625
1269.782227	29914.962891
1268.705078	30676.722656
1267.626953	30735.447266
1266.548828	30738.029297
1265.470703	30585.761719
1264.391602	30671.386719
1263.313477	30469.841797
1262.234375	30136.054688
1261.154297	29977.304688
1260.075195	29881.388672
1258.995117	29113.103516
1257.916016	28918.804688
1256.835938	28202.564453
1255.754883	27768.857422
1254.674805	27471.939453
1253.593750	27004.974609
1252.512695	26797.878906
1251.431641	26640.105469
1250.349609	26310.097656
1249.268555	26380.677734
1248.186523	26068.751953
1247.104492	25949.271484
1246.021484	25505.652344
1244.939453	25831.160156
1243.856445	25624.640625
1242.773438	25532.158203
1241.689453	25580.447266
1240.606445	25436.640625
1239.522461	25426.871094
1238.438477	25164.830078
1237.354492	25143.957031
1236.269531	25049.449219
1235.185547	25075.458984
1234.100586	25217.451172
1233.015625	24984.710938
1231.929688	24622.742188
1230.844727	24370.158203
1229.758789	24554.519531
1228.672852	24930.437500
1227.585938	24660.119141
1226.500000	25133.859375
1225.413086	24821.298828
1224.326172	25163.443359
1223.239258	25075.828125
1222.151367	24943.736328
1221.063477	24938.527344
1219.976563	24708.634766
1218.887695	24905.871094
1217.799805	25071.890625
1216.710938	24922.144531
1215.622070	24663.546875
1214.533203	24469.500000
1213.444336	24408.841797
1212.354492	24325.994141
1211.265625	24485.255859
1210.175781	24378.000000
1209.084961	24268.566406
1207.995117	24392.222656
1206.904297	24222.916016
1205.813477	24291.064453
1204.722656	24248.277344
1203.630859	24194.419922
1202.540039	24213.750000
1201.448242	24288.486328
1200.356445	23649.560547
1199.263672	23837.386719
1198.171875	23139.005859
1197.079102	23043.355469
1195.986328	23100.537109
1194.892578	23480.927734
1193.799805	23974.042969
1192.706055	24281.060547
1191.612305	24384.392578
1190.518555	24461.134766
1189.423828	24181.775391
1188.330078	24433.207031
1187.235352	24578.417969
1186.140625	24098.074219
1185.044922	24439.958984
1183.949219	24264.726563
1182.854492	24352.416016
1181.757813	24099.976563
1180.662109	24236.234375
1179.565430	23997.167969
1178.469727	23645.644531
1177.373047	23720.125000
1176.275391	23600.439453
1175.178711	23624.167969
1174.081055	23672.138672
1172.983398	23662.769531
1171.885742	23514.535156
1170.787109	23291.435547
1169.688477	23271.128906
1168.590820	23162.716797
1167.491211	23151.253906
1166.392578	23141.996094
1165.292969	23090.912109
1164.193359	23299.564453
1163.093750	23415.705078
1161.994141	23285.390625
1160.893555	23240.914063
1159.792969	23623.085938
1158.692383	23459.824219
1157.591797	23828.597656
1156.490234	23770.851563
1155.389648	23414.296875
1154.288086	23497.255859
1153.185547	23371.523438
1152.083984	23797.013672
1150.981445	23728.351563
1149.878906	23819.947266
1148.776367	23731.554688
1147.672852	24038.128906
1146.570313	23919.013672
1145.466797	24240.767578
1144.363281	24349.695313
1143.258789	24298.542969
1142.155273	24321.931641
1141.050781	24698.107422
1139.946289	24513.269531
1138.840820	24608.876953
1137.736328	24671.591797
1136.630859	24729.902344
1135.525391	24354.763672
1134.419922	24266.480469
1133.313477	24149.787109
1132.207031	24087.832031
1131.100586	23990.906250
1129.994141	24060.208984
1128.886719	23878.064453
1127.780273	23643.537109
1126.672852	23789.351563
1125.565430	23769.052734
1124.457031	24043.656250
1123.348633	23883.539063
1122.241211	24179.833984
1121.131836	24098.339844
1120.023438	24252.595703
1118.914063	24419.878906
1117.804688	24907.791016
1116.695313	24858.923828
1115.585938	25422.859375
1114.475586	25910.248047
1113.366211	26530.396484
1112.254883	27503.335938
1111.144531	27874.492188
1110.034180	28692.068359
1108.922852	29446.136719
1107.811523	30864.025391
1106.699219	31667.388672
1105.587891	32204.865234
1104.475586	32718.177734
1103.363281	33198.636719
1102.250977	33611.457031
1101.138672	33595.675781
1100.025391	33569.027344
1098.912109	33372.828125
1097.798828	32722.470703
1096.684570	32246.220703
1095.571289	30981.564453
1094.457031	30217.000000
1093.341797	29656.884766
1092.227539	28539.029297
1091.112305	27725.535156
1089.998047	26938.423828
1088.881836	26103.908203
1087.766602	25540.902344
1086.650391	25307.789063
1085.535156	24619.419922
1084.418945	24388.765625
1083.301758	24114.857422
1082.185547	24235.453125
1081.068359	23638.878906
1079.951172	23610.062500
1078.833984	23698.201172
1077.715820	23665.050781
1076.597656	23426.267578
1075.479492	23730.808594
1074.361328	23797.201172
1073.242188	24051.775391
1072.124023	24213.236328
1071.004883	24701.150391
1069.884766	24427.851563
1068.765625	25073.298828
1067.645508	25024.781250
1066.525391	25486.179688
1065.405273	25729.208984
1064.285156	25877.107422
1063.164063	26176.087891
1062.042969	26144.650391
1060.921875	26557.833984
1059.800781	26884.527344
1058.678711	26889.630859
1057.556641	26761.001953
1056.434570	26988.242188
1055.311523	26764.777344
1054.189453	26879.830078
1053.066406	26796.560547
1051.943359	26495.707031
1050.820313	26352.234375
1049.696289	26279.892578
1048.572266	26298.019531
1047.448242	26432.388672
1046.324219	26004.931641
1045.199219	25775.628906
1044.074219	25882.050781
1042.949219	25685.132813
1041.824219	25602.277344
1040.698242	25695.761719
1039.573242	24787.474609
1038.447266	25053.023438
1037.320313	24622.269531
1036.194336	24219.625000
1035.067383	23797.820313
1033.940430	24374.714844
1032.813477	24539.158203
1031.685547	25051.255859
1030.558594	25385.015625
1029.430664	25555.572266
1028.301758	25522.271484
1027.173828	25694.869141
1026.044922	25794.488281
1024.916016	26003.394531
1023.787109	26203.636719
1022.657227	26388.792969
1021.528320	26340.351563
1020.398438	26139.853516
1019.268555	25933.013672
1018.137695	26235.818359
1017.006836	26142.494141
1015.876953	25982.863281
1014.745117	25998.748047
1013.614258	25706.582031
1012.482422	25658.355469
1011.350586	25729.888672
1010.218750	25581.195313
1009.086914	25419.740234
1007.954102	25843.865234
1006.821289	25998.615234
1005.688477	26089.218750
1004.555664	26224.626953
1003.421875	26039.710938
1002.288086	25991.490234
1001.154297	26190.855469
1000.020508	25656.125000
998.885742	25315.751953
997.750977	24937.128906
996.616211	24511.751953
995.481445	24402.082031
994.345703	24642.017578
993.209961	24080.585938
992.074219	24277.873047
990.938477	24696.609375
989.801758	24582.748047
988.665039	24560.490234
987.528320	25006.568359
986.391602	24782.037109
985.253906	24459.718750
984.116211	24433.244141
982.978516	24398.273438
981.840820	24584.470703
980.702148	24515.460938
979.564453	24527.251953
978.425781	24851.433594
977.286133	24986.376953
976.147461	24745.271484
975.007813	24270.650391
973.868164	24278.226563
972.727539	25071.265625
971.587891	25365.195313
970.447266	26172.515625
969.306641	26599.738281
968.166016	26227.128906
967.024414	26473.902344
965.882813	26226.566406
964.741211	26871.738281
963.599609	26601.107422
962.457031	26508.572266
961.315430	26659.685547
960.172852	26437.980469
959.029297	26451.406250
957.886719	26052.007813
956.743164	26120.537109
955.599609	26199.617188
954.456055	26067.095703
953.311523	25765.412109
952.166992	25512.494141
951.022461	25498.599609
949.877930	25387.472656
948.732422	25242.576172
947.586914	25623.867188
946.441406	25288.853516
945.295898	25625.615234
944.150391	26065.701172
943.003906	26478.152344
941.857422	26774.335938
940.709961	27146.361328
939.563477	28161.718750
938.416016	28461.568359
937.268555	29895.880859
936.121094	31146.144531
934.972656	32872.281250
933.824219	33847.390625
932.675781	36303.375000
931.527344	38505.511719
930.377930	40767.789063
929.229492	42738.500000
928.080078	44186.250000
926.929688	45477.621094
925.780273	46227.605469
924.629883	45742.238281
923.479492	45017.277344
922.328125	43640.671875
921.177734	41335.292969
920.026367	39331.511719
918.875000	37187.765625
917.723633	35152.097656
916.571289	33169.816406
915.418945	31417.322266
914.266602	29986.863281
913.114258	28575.908203
911.960938	27877.123047
910.807617	26838.666016
909.654297	26495.128906
908.500977	26246.134766
907.346680	25640.716797
906.193359	25758.943359
905.038086	25428.503906
903.883789	25397.914063
902.728516	24554.308594
901.574219	24634.951172
900.417969	24839.134766
899.262695	24467.355469
898.107422	24570.990234
896.951172	24672.484375
895.794922	24679.761719
894.637695	24318.789063
893.480469	24386.798828
892.324219	24115.970703
891.166016	24027.169922
890.008789	23783.708984
888.850586	23893.570313
887.693359	23873.826172
886.534180	23630.548828
885.375977	23947.150391
884.216797	24228.115234
883.057617	24264.681641
881.898438	23885.843750
880.739258	23868.205078
879.579102	23869.351563
878.418945	23943.505859
877.258789	23779.871094
876.097656	24283.548828
874.937500	24172.025391
873.776367	23991.767578
872.615234	24609.679688
871.453125	24262.734375
870.291016	24703.275391
869.128906	24766.699219
867.966797	24386.625000
866.804688	24529.187500
865.641602	24328.300781
864.478516	24160.791016
863.315430	23874.777344
862.151367	23998.601563
860.987305	23945.626953
859.823242	23849.019531
858.659180	24091.236328
857.495117	24059.052734
856.330078	24621.060547
855.165039	24516.074219
853.999023	24564.804688
852.833984	24675.798828
851.667969	24255.347656
850.501953	24017.703125
849.335938	23535.324219
848.168945	24086.218750
847.001953	24039.564453
845.834961	24486.433594
844.667969	24064.482422
843.500000	24119.417969
842.332031	24226.136719
841.164063	24705.722656
839.996094	24491.210938
838.827148	24622.625000
837.658203	24561.431641
836.489258	24707.261719
835.320313	24664.697266
834.150391	24644.912109
832.980469	24498.945313
831.810547	24435.769531
830.640625	24790.302734
829.469727	24582.376953
828.298828	24858.183594
827.127930	24828.039063
825.956055	25268.949219
824.784180	25133.384766
823.612305	25076.349609
822.440430	25265.031250
821.268555	24685.748047
820.095703	24420.402344
818.922852	24396.576172
817.750000	24158.222656
816.576172	24076.712891
815.402344	24545.783203
814.228516	24449.791016
813.054688	24889.722656
811.879883	25032.730469
810.706055	25132.410156
809.530273	25419.482422
808.355469	25677.599609
807.180664	25530.005859
806.004883	25578.025391
804.829102	24953.062500
803.652344	24542.349609
802.475586	24609.060547
801.299805	24988.351563
800.122070	25497.017578
798.945313	25526.470703
797.767578	25895.037109
796.589844	25887.400391
795.412109	26173.548828
794.234375	25935.804688
793.055664	25963.068359
791.876953	25930.779297
790.698242	25818.449219
789.518555	25412.695313
788.338867	25850.398438
787.159180	25668.408203
785.979492	25599.291016
784.799805	25130.365234
783.619141	24979.392578
782.438477	24816.185547
781.256836	24954.267578
780.076172	25250.039063
778.894531	25336.759766
777.712891	25458.251953
776.530273	25098.564453
775.348633	25101.332031
774.166016	25267.816406
772.983398	25350.337891
771.799805	25134.167969
770.617188	25126.693359
769.433594	25620.173828
768.249023	26336.265625
767.065430	26506.343750
765.880859	26206.371094
764.696289	26402.958984
763.511719	26658.693359
762.326172	27183.865234
761.141602	27804.765625
759.956055	27921.226563
758.769531	28566.183594
757.583984	29176.177734
756.397461	28947.525391
755.210938	29310.398438
754.023438	30176.738281
752.836914	31586.988281
751.649414	32670.533203
750.461914	34057.214844
749.273438	35814.066406
748.085938	38993.855469
746.897461	41923.835938
745.708984	45249.539063
744.519531	48897.437500
743.330078	51746.031250
742.140625	54516.078125
740.951172	56192.597656
739.761719	57130.160156
738.571289	57097.460938
737.380859	54903.902344
736.189453	52961.273438
734.999023	51208.445313
733.807617	50110.515625
732.616211	48655.589844
731.424805	48098.820313
730.232422	47698.609375
729.040039	47970.406250
727.847656	47162.503906
726.654297	47044.757813
725.461914	45517.316406
724.268555	44675.988281
723.075195	43922.203125
721.880859	42722.785156
720.686523	41035.464844
719.492188	38787.613281
718.297852	37367.246094
717.102539	36755.593750
715.908203	35814.152344
714.712891	35350.882813
713.516602	34262.394531
712.321289	33376.734375
711.125000	32179.894531
709.928711	31972.666016
708.731445	31947.529297
707.535156	31902.181641
706.337891	31573.859375
705.139648	30908.181641
703.942383	30570.111328
702.744141	29919.078125
701.545898	29167.341797
700.347656	28831.882813
699.148438	29376.740234
697.950195	30230.158203
696.750000	30465.736328
695.550781	30168.611328
694.351563	30216.515625
693.151367	31133.533203
691.951172	32523.935547
690.750000	33560.988281
689.548828	34829.339844
688.348633	35410.093750
687.146484	36016.777344
685.945313	36339.234375
684.743164	38109.242188
683.541016	39383.269531
682.338867	40393.089844
681.135742	40336.015625
679.932617	39596.984375
678.729492	38417.796875
677.526367	37212.980469
676.322266	36680.167969
675.119141	36412.898438
673.914063	37050.042969
672.709961	37050.019531
671.504883	37037.941406
670.299805	36859.179688
669.094727	37230.632813
667.889648	37084.023438
666.683594	37979.070313
665.477539	38865.695313
664.270508	40100.988281
663.064453	41293.621094
661.857422	42176.933594
660.650391	42484.500000
659.443359	42042.320313
658.235352	41442.019531
657.027344	40946.160156
655.819336	40564.683594
654.610352	39961.085938
653.402344	39259.644531
652.193359	39002.882813
650.983398	38908.328125
649.774414	38055.507813
648.564453	37019.015625
647.354492	36400.964844
646.144531	35543.242188
644.933594	35037.722656
643.722656	33816.914063
642.511719	32742.500000
641.300781	31706.511719
640.088867	31006.525391
638.876953	31135.550781
637.665039	31448.193359
636.452148	30792.625000
635.239258	30444.662109
634.026367	30611.597656
632.813477	30710.638672
631.599609	30857.498047
630.386719	30727.144531
629.171875	31370.289063
627.958008	32284.197266
626.743164	32514.261719
625.528320	32489.234375
624.313477	31984.222656
623.098633	31989.187500
621.882813	32284.802734
620.666992	31354.222656
619.451172	31072.763672
618.234375	30562.634766
617.017578	30225.773438
615.800781	29879.115234
614.583984	29590.263672
613.366211	28824.474609
612.148438	27878.171875
610.930664	27397.212891
609.711914	27222.376953
608.493164	27796.343750
607.274414	27601.636719
606.055664	27472.523438
604.836914	27410.943359
603.617188	27260.097656
602.397461	27115.265625
601.176758	26801.906250
599.957031	26835.703125
598.736328	26419.445313
597.514648	25932.011719
596.293945	25674.666016
595.072266	25617.535156
593.850586	25358.384766
592.628906	24659.703125
591.406250	24636.486328
590.183594	24690.478516
588.960938	24202.179688
587.738281	24608.439453
586.514648	24571.400391
585.291016	25266.154297
584.067383	25909.191406
582.842773	26079.462891
581.619141	26832.720703
580.394531	27095.585938
579.168945	27198.308594
577.944336	27162.722656
576.718750	27608.990234
575.493164	28185.363281
574.266602	28228.535156
573.040039	28601.251953
571.813477	29188.861328
570.586914	29543.447266
569.360352	29343.699219
568.132813	29353.041016
566.905273	29086.394531
565.676758	28658.251953
564.449219	28188.917969
563.220703	28088.175781
561.992188	28182.462891
560.762695	28079.792969
559.533203	28201.599609
558.303711	28900.050781
557.074219	28464.722656
555.844727	28297.148438
554.614258	28109.978516
553.383789	27942.552734
552.152344	28215.607422
550.920898	28189.755859
549.690430	27668.673828
548.458008	26245.968750
547.226563	26271.636719
545.994141	25837.726563
544.761719	25871.322266
543.529297	25810.673828
542.295898	26346.697266
541.062500	27135.611328
539.829102	27341.523438
538.594727	26758.875000
537.361328	26511.800781
536.126953	26580.474609
534.891602	27246.937500
533.657227	27505.500000
532.421875	27144.837891
531.186523	26762.785156
529.951172	26653.109375
528.714844	27160.222656
527.478516	27455.703125
526.242188	27551.431641
525.004883	28189.103516
523.767578	28767.804688
522.530273	28839.707031
521.292969	28565.482422
520.054688	28052.878906
518.816406	27861.031250
517.578125	27852.945313
516.339844	27006.761719
515.100586	26280.093750
513.861328	25873.994141
512.622070	25940.535156
511.381836	27180.132813
510.141602	27624.937500
508.901367	27917.363281
507.661133	28512.001953
506.419922	28248.298828
505.178711	27828.732422
503.937500	27721.238281
502.695313	26695.863281
