1802.318359	13015.545898
1801.348633	13230.307617
1800.379883	13110.318359
1799.410156	13020.331055
1798.440430	13274.791016
1797.470703	12955.244141
1796.500977	13204.624023
1795.530273	13214.456055
1794.559570	13296.602539
1793.588867	13189.229492
1792.618164	13221.492188
1791.647461	13246.263672
1790.675781	13261.058594
1789.705078	13534.935547
1788.733398	13494.868164
1787.761719	13529.524414
1786.789063	13596.532227
1785.817383	13653.554688
1784.844727	13436.791992
1783.872070	13551.052734
1782.899414	13831.946289
1781.926758	13829.179688
1780.953125	13510.594727
1779.980469	13952.933594
1779.006836	13952.627930
1778.033203	13964.747070
1777.058594	13857.592773
1776.084961	13929.347656
1775.110352	13777.533203
1774.135742	14042.970703
1773.161133	14094.781250
1772.186523	14255.790039
1771.210938	14153.665039
1770.236328	14299.708984
1769.260742	14487.867188
1768.285156	14487.446289
1767.308594	14434.949219
1766.333008	14888.250977
1765.356445	14778.680664
1764.379883	15249.079102
1763.403320	15283.191406
1762.426758	15418.859375
1761.449219	15626.300781
1760.472656	15818.799805
1759.495117	15837.913086
1758.517578	16025.340820
1757.539063	16056.776367
1756.561523	16078.301758
1755.583008	16253.196289
1754.604492	15997.656250
1753.625977	16429.671875
1752.647461	16344.791016
1751.667969	16111.629883
1750.688477	16061.443359
1749.709961	15956.916992
1748.729492	15887.016602
1747.750000	15777.625000
1746.770508	15628.766602
1745.790039	15682.416016
1744.809570	15415.151367
1743.829102	15626.766602
1742.847656	15569.348633
1741.867188	15817.849609
1740.885742	15321.391602
1739.904297	15451.476563
1738.922852	15359.620117
1737.941406	15317.098633
1736.958984	15427.388672
1735.977539	15419.363281
1734.995117	15293.095703
1734.011719	15331.895508
1733.029297	15294.342773
1732.046875	15505.461914
1731.063477	15379.275391
1730.080078	15430.328125
1729.096680	15419.846680
1728.112305	15384.770508
1727.128906	15526.790039
1726.144531	15592.522461
1725.160156	15665.603516
1724.175781	15714.074219
1723.191406	15546.262695
1722.206055	15312.178711
1721.220703	15481.058594
1720.235352	15667.061523
1719.250000	15575.512695
1718.264648	15930.819336
1717.278320	15826.979492
1716.291992	15904.782227
1715.305664	15796.081055
1714.319336	15957.260742
1713.333008	15826.517578
1712.345703	16183.791992
1711.358398	16070.214844
1710.371094	16233.657227
1709.383789	16512.212891
1708.396484	16540.742188
1707.408203	16579.058594
1706.419922	16952.888672
1705.431641	17067.011719
1704.443359	17293.703125
1703.455078	17116.439453
1702.465820	17453.150391
1701.476563	17718.769531
1700.487305	17950.037109
1699.498047	17785.007813
1698.507813	18439.183594
1697.518555	18523.480469
1696.528320	18659.070313
1695.538086	18948.558594
1694.547852	19052.244141
1693.556641	19275.582031
1692.565430	19171.566406
1691.575195	19568.152344
1690.583008	19527.589844
1689.591797	19860.482422
1688.600586	19824.757813
1687.608398	19889.076172
1686.616211	20526.601563
1685.624023	20317.605469
1684.631836	20272.058594
1683.638672	20311.853516
1682.645508	20553.929688
1681.652344	20332.908203
1680.659180	20453.062500
1679.666016	20424.580078
1678.671875	20676.173828
1677.678711	20486.955078
1676.684570	20120.101563
1675.690430	20364.300781
1674.695313	20530.529297
1673.701172	20412.042969
1672.706055	20101.441406
1671.710938	20199.525391
1670.715820	20256.236328
1669.719727	19899.664063
1668.724609	20048.765625
1667.728516	20010.701172
1666.732422	20293.339844
1665.736328	20170.222656
1664.739258	19828.591797
1663.743164	19829.445313
1662.746094	20009.933594
1661.749023	19852.990234
1660.751953	19802.878906
1659.753906	19971.128906
1658.755859	19804.583984
1657.758789	19703.582031
1656.759766	19908.115234
1655.761719	20032.570313
1654.763672	19883.107422
1653.764648	19503.509766
1652.765625	19836.312500
1651.766602	19892.857422
1650.767578	20000.232422
1649.767578	19821.869141
1648.767578	19699.251953
1647.768555	20014.730469
1646.767578	20177.642578
1645.767578	20006.640625
1644.766602	20667.736328
1643.766602	20274.226563
1642.765625	20112.976563
1641.764648	20440.068359
1640.762695	20421.435547
1639.761719	20383.476563
1638.759766	20553.289063
1637.757813	20307.605469
1636.755859	20660.884766
1635.752930	20676.019531
1634.750977	20667.007813
1633.748047	20496.308594
1632.745117	20359.455078
1631.741211	20652.052734
1630.738281	20573.105469
1629.734375	20805.255859
1628.730469	20774.525391
1627.726563	20505.175781
1626.722656	20508.255859
1625.718750	20439.048828
1624.713867	20610.761719
1623.708984	20580.095703
1622.704102	20860.066406
1621.698242	20439.351563
1620.693359	20570.001953
1619.687500	20695.785156
1618.681641	20710.841797
1617.675781	20747.539063
1616.669922	20476.376953
1615.663086	21042.103516
1614.656250	20924.849609
1613.649414	20918.205078
1612.642578	21166.289063
1611.635742	20902.519531
1610.627930	20881.468750
1609.620117	21520.867188
1608.612305	21367.634766
1607.604492	21473.732422
1606.595703	21464.578125
1605.587891	21793.779297
1604.579102	21839.742188
1603.570313	22094.373047
1602.560547	22087.494141
1601.551758	22728.000000
1600.541992	22677.841797
1599.532227	23277.222656
1598.522461	23212.593750
1597.512695	23150.384766
1596.501953	23859.482422
1595.491211	24161.175781
1594.480469	24462.746094
1593.469727	24706.738281
1592.458984	24984.138672
1591.447266	25696.925781
1590.435547	25725.201172
1589.423828	25861.099609
1588.412109	26147.599609
1587.400391	25927.107422
1586.387695	26089.173828
1585.375000	26234.441406
1584.362305	26296.017578
1583.349609	26333.677734
1582.335938	26407.148438
1581.323242	26912.816406
1580.309570	26563.546875
1579.294922	26519.957031
1578.281250	26781.861328
1577.267578	26513.951172
1576.252930	26871.171875
1575.238281	26860.939453
1574.223633	26609.865234
1573.208008	27019.292969
1572.193359	26558.525391
1571.177734	27067.886719
1570.162109	26897.978516
1569.145508	26761.488281
1568.129883	26691.740234
1567.113281	26707.744141
1566.096680	26745.164063
1565.080078	26806.371094
1564.063477	26491.548828
1563.045898	26483.779297
1562.029297	26521.208984
1561.011719	26159.066406
1559.994141	25882.671875
1558.975586	26067.591797
1557.958008	25589.291016
1556.939453	25752.804688
1555.920898	25481.462891
1554.902344	25127.089844
1553.882813	25202.722656
1552.864258	24962.521484
1551.844727	25149.728516
1550.825195	25094.765625
1549.804688	25058.804688
1548.785156	25224.523438
1547.764648	25228.873047
1546.744141	25000.808594
1545.723633	25190.142578
1544.703125	25085.447266
1543.681641	25416.888672
1542.660156	25153.421875
1541.638672	25503.666016
1540.617188	25619.269531
1539.595703	25701.669922
1538.573242	25542.533203
1537.550781	25338.480469
1536.528320	25288.347656
1535.505859	25552.943359
1534.482422	25481.492188
1533.459961	25211.386719
1532.436523	24946.119141
1531.413086	24993.046875
1530.388672	24791.751953
1529.365234	24420.376953
1528.340820	24694.212891
1527.316406	24743.509766
1526.291992	24405.435547
1525.267578	24504.357422
1524.242188	24435.613281
1523.216797	24683.193359
1522.191406	24512.958984
1521.166016	24408.857422
1520.139648	24630.339844
1519.114258	24705.501953
1518.087891	25042.373047
1517.061523	25270.660156
1516.034180	25597.847656
1515.007813	25960.250000
1513.980469	26122.232422
1512.953125	26003.826172
1511.925781	26323.527344
1510.897461	26612.484375
1509.870117	26969.591797
1508.841797	27164.148438
1507.813477	27257.433594
1506.785156	27470.669922
1505.755859	27801.431641
1504.726563	28160.275391
1503.697266	28102.792969
1502.667969	27958.349609
1501.638672	28027.845703
1500.608398	27768.332031
1499.579102	27501.873047
1498.548828	27472.761719
1497.517578	27375.554688
1496.487305	26968.458984
1495.456055	27033.369141
1494.424805	26403.542969
1493.393555	26421.607422
1492.362305	26697.724609
1491.331055	25838.486328
1490.298828	25790.990234
1489.266602	25551.253906
1488.234375	25606.972656
1487.201172	25829.064453
1486.168945	25809.720703
1485.135742	25769.296875
1484.102539	26045.085938
1483.069336	25665.082031
1482.035156	26448.820313
1481.001953	26412.976563
1479.967773	26784.351563
1478.933594	26949.671875
1477.898438	27720.802734
1476.864258	27827.388672
1475.829102	28534.886719
1474.793945	29104.158203
1473.758789	29941.996094
1472.722656	30669.652344
1471.687500	31238.132813
1470.651367	31813.384766
1469.615234	32825.132813
1468.579102	33652.003906
1467.541992	34735.328125
1466.504883	35853.214844
1465.468750	37523.699219
1464.430664	38236.929688
1463.393555	39626.324219
1462.355469	40530.062500
1461.318359	41941.726563
1460.280273	43527.648438
1459.241211	44397.394531
1458.203125	45933.222656
1457.164063	46149.785156
1456.125000	47733.531250
1455.085938	47497.847656
1454.046875	48105.105469
1453.006836	48500.277344
1451.967773	49481.777344
1450.927734	49548.410156
1449.886719	49889.527344
1448.846680	50567.761719
1447.805664	51006.191406
1446.764648	50358.679688
1445.723633	49439.468750
1444.682617	47876.882813
1443.641602	46175.523438
1442.599609	44586.367188
1441.557617	42897.988281
1440.515625	41702.585938
1439.472656	39711.355469
1438.430664	38229.269531
1437.387695	37457.917969
1436.344727	35816.808594
1435.301758	35078.738281
1434.257813	34081.214844
1433.213867	33441.191406
1432.169922	32870.976563
1431.125977	32233.775391
1430.082031	31925.898438
1429.037109	31418.894531
1427.993164	31331.363281
1426.948242	31183.652344
1425.902344	30929.490234
1424.857422	31228.703125
1423.811523	31437.529297
1422.765625	31512.054688
1421.719727	31729.984375
1420.673828	31859.927734
1419.626953	32170.197266
1418.580078	32145.083984
1417.533203	32258.673828
1416.486328	32968.492188
1415.439453	33033.339844
1414.391602	32876.378906
1413.343750	32975.863281
1412.295898	32772.789063
1411.248047	32620.591797
1410.199219	32643.884766
1409.150391	32697.167969
1408.101563	32376.636719
1407.052734	32104.681641
1406.003906	31853.593750
1404.954102	31378.933594
1403.904297	31589.181641
1402.854492	30895.794922
1401.804688	30366.312500
1400.753906	30284.023438
1399.703125	29996.753906
1398.652344	29695.781250
1397.601563	29408.746094
1396.550781	28912.333984
1395.499023	28692.322266
1394.447266	28444.787109
1393.395508	28397.511719
1392.343750	27818.902344
1391.291016	27921.255859
1390.239258	27779.843750
1389.186523	27546.533203
1388.132813	27550.046875
1387.080078	27404.197266
1386.026367	27276.785156
1384.972656	27606.507813
1383.918945	27975.132813
1382.865234	28040.537109
1381.810547	28512.212891
1380.756836	28481.085938
1379.702148	28661.066406
1378.646484	29047.437500
1377.591797	29240.986328
1376.536133	29808.230469
1375.480469	29703.496094
1374.424805	30041.191406
1373.369141	30213.742188
1372.312500	30331.230469
1371.256836	30556.333984
1370.200195	30327.869141
1369.142578	30871.160156
1368.085938	30610.667969
1367.028320	30913.343750
1365.970703	30966.457031
1364.913086	31154.533203
1363.855469	31045.162109
1362.796875	31688.248047
1361.739258	31578.808594
1360.680664	31874.039063
1359.621094	32182.859375
1358.562500	32402.431641
1357.502930	33485.492188
1356.443359	33896.570313
1355.383789	34366.847656
1354.324219	35046.984375
1353.263672	35888.910156
1352.203125	36803.519531
1351.142578	37106.230469
1350.082031	38125.144531
1349.021484	38678.343750
1347.959961	39618.972656
1346.898438	40294.746094
1345.836914	40692.144531
1344.774414	41497.312500
1343.712891	42279.355469
1342.650391	43102.078125
1341.587891	44423.238281
1340.525391	46067.191406
1339.461914	47264.250000
1338.398438	48922.859375
1337.335938	50262.191406
1336.271484	51612.343750
1335.208008	52695.789063
1334.143555	52966.886719
1333.079102	53578.929688
1332.014648	54274.828125
1330.950195	53997.667969
1329.885742	53916.042969
1328.820313	53368.710938
1327.754883	52755.734375
1326.689453	51993.125000
1325.623047	51233.097656
1324.556641	49989.875000
1323.491211	48495.246094
1322.423828	47495.886719
1321.357422	46975.613281
1320.291016	46113.066406
1319.223633	45198.718750
1318.156250	44420.773438
1317.087891	44284.632813
1316.020508	43566.117188
1314.952148	43287.457031
1313.883789	42712.160156
1312.815430	42460.964844
1311.747070	42144.207031
1310.677734	41807.203125
1309.608398	41522.394531
1308.539063	41160.757813
1307.469727	40744.972656
1306.399414	40404.003906
1305.330078	39902.605469
1304.259766	39910.152344
1303.189453	39404.539063
1302.118164	38175.890625
1301.046875	37860.652344
1299.976563	37245.070313
1298.904297	36679.433594
1297.833008	36520.515625
1296.761719	34991.183594
1295.689453	34665.636719
1294.617188	34216.093750
1293.543945	33301.921875
1292.471680	32742.308594
1291.398438	32365.615234
1290.325195	32068.000000
1289.251953	31729.923828
1288.178711	31741.365234
1287.104492	31856.462891
1286.030273	31946.726563
1284.956055	32196.886719
1283.881836	32102.361328
1282.806641	32442.449219
1281.732422	33365.464844
1280.657227	33385.535156
1279.581055	34105.441406
1278.505859	34345.832031
1277.429688	34676.093750
1276.353516	34857.789063
1275.277344	34893.257813
1274.201172	34845.539063
1273.124023	34885.488281
1272.046875	34467.027344
1270.969727	34039.750000
1269.892578	33781.109375
1268.814453	33376.605469
1267.737305	32397.509766
1266.659180	32139.363281
1265.581055	31735.447266
1264.501953	30624.917969
1263.422852	30241.671875
1262.344727	29780.085938
1261.264648	29114.636719
1260.185547	28155.775391
1259.105469	28066.980469
1258.026367	27572.609375
1256.946289	27448.121094
1255.865234	26833.121094
1254.785156	26825.292969
1253.704102	26365.171875
1252.623047	26032.841797
1251.541992	25971.462891
1250.459961	25500.615234
1249.378906	25396.863281
1248.296875	25532.486328
1247.214844	25361.679688
1246.131836	25047.851563
1245.049805	25263.929688
1243.966797	25426.279297
1242.883789	25056.767578
1241.800781	24870.593750
1240.716797	25028.453125
1239.632813	24851.291016
1238.548828	24513.457031
1237.464844	24517.273438
1236.380859	24683.994141
1235.295898	24504.814453
1234.210938	24573.316406
1233.125977	24730.996094
1232.041016	24650.023438
1230.955078	24602.523438
1229.869141	24717.746094
1228.783203	24750.468750
1227.697266	24785.406250
1226.610352	24755.730469
1225.524414	24783.966797
1224.437500	25021.482422
1223.349609	25143.142578
1222.262695	25177.953125
1221.174805	25499.787109
1220.086914	25556.751953
1218.999023	25395.720703
1217.911133	25434.890625
1216.822266	25614.107422
1215.733398	25622.093750
1214.644531	25661.187500
1213.555664	25618.052734
1212.465820	25259.498047
1211.376953	25780.580078
1210.287109	25626.419922
1209.196289	25494.525391
1208.106445	25500.292969
1207.015625	25663.611328
1205.924805	25296.613281
1204.833984	25346.777344
1203.743164	25210.634766
1202.651367	25613.330078
1201.559570	25636.792969
1200.467773	25412.017578
1199.375977	25424.427734
1198.283203	24918.437500
1197.190430	25035.044922
1196.097656	24772.931641
1195.004883	24785.458984
1193.911133	24992.769531
1192.818359	25140.240234
1191.724609	24610.595703
1190.629883	24667.384766
1189.536133	24507.404297
1188.441406	24411.615234
1187.346680	24397.662109
1186.251953	24198.048828
1185.157227	24170.884766
1184.061523	24238.730469
1182.965820	23893.486328
1181.870117	24043.072266
1180.774414	23960.757813
1179.677734	23803.419922
1178.581055	23688.082031
1177.484375	24011.898438
1176.387695	23795.080078
1175.291016	23240.888672
1174.193359	23602.078125
1173.095703	23733.824219
1171.998047	23709.011719
1170.899414	23512.312500
1169.800781	24161.773438
1168.702148	24090.621094
1167.603516	23922.591797
1166.504883	24045.289063
1165.405273	23857.523438
1164.305664	24138.652344
1163.206055	23779.298828
1162.106445	23862.314453
1161.005859	23958.492188
1159.906250	23663.175781
1158.804688	23510.896484
1157.704102	23327.904297
1156.603516	23533.998047
1155.501953	23137.933594
1154.400391	23152.847656
1153.298828	23090.882813
1152.196289	23250.730469
1151.093750	23164.617188
1149.992188	23135.607422
1148.888672	23141.722656
1147.786133	23580.074219
1146.682617	23555.378906
1145.579102	23399.101563
1144.475586	23692.398438
1143.372070	23707.152344
1142.267578	23546.552734
1141.163086	23403.552734
1140.058594	23573.904297
1138.954102	23457.240234
1137.848633	23375.662109
1136.744141	23675.089844
1135.638672	23394.294922
1134.532227	23299.646484
1133.426758	23577.015625
1132.320313	23469.238281
1131.213867	23418.373047
1130.107422	23422.197266
1129.000000	23570.310547
1127.893555	23388.302734
1126.786133	23448.943359
1125.677734	23470.230469
1124.570313	23589.806641
1123.461914	23790.138672
1122.354492	23632.287109
1121.245117	23930.761719
1120.136719	23545.951172
1119.027344	23813.765625
1117.918945	24070.556641
1116.808594	23908.441406
1115.699219	24367.912109
1114.589844	24820.648438
1113.479492	25547.851563
1112.369141	26002.324219
1111.257813	26530.687500
1110.147461	27126.359375
1109.036133	28294.597656
1107.924805	29126.998047
1106.813477	30202.880859
1105.701172	31158.591797
1104.589844	32333.695313
1103.477539	33277.671875
1102.364258	33755.746094
1101.251953	34342.355469
1100.138672	34813.472656
1099.025391	34830.046875
1097.912109	34418.449219
1096.798828	34035.269531
1095.684570	32961.390625
1094.570313	32063.898438
1093.456055	30860.585938
1092.341797	29455.865234
1091.226563	28553.160156
1090.111328	27943.816406
1088.996094	26803.134766
1087.880859	26170.550781
1086.764648	25536.062500
1085.648438	25090.490234
1084.532227	24478.173828
1083.416016	24397.148438
1082.299805	23952.093750
1081.182617	24007.703125
1080.065430	23627.898438
1078.947266	23423.671875
1077.830078	23191.382813
1076.711914	23281.734375
1075.593750	23512.726563
1074.475586	23395.242188
1073.357422	23526.593750
1072.238281	23398.339844
1071.119141	22971.720703
1070.000000	23474.937500
1068.879883	23532.662109
1067.760742	23506.080078
1066.640625	23613.466797
1065.519531	23735.927734
1064.399414	23838.896484
1063.278320	24073.537109
1062.157227	23995.050781
1061.036133	24374.164063
1059.915039	24472.589844
1058.792969	24424.267578
1057.670898	24764.220703
1056.548828	24819.367188
1055.426758	24652.414063
1054.303711	25043.832031
1053.181641	25271.291016
1052.057617	25037.548828
1050.934570	25342.462891
1049.811523	25190.644531
1048.687500	25351.123047
1047.563477	25606.255859
1046.438477	25312.414063
1045.314453	25335.033203
1044.189453	25133.884766
1043.064453	25145.773438
1041.939453	25473.792969
1040.813477	25210.384766
1039.687500	25116.910156
1038.561523	25238.396484
1037.435547	25484.458984
1036.309570	25238.451172
1035.182617	25441.449219
1034.055664	25354.458984
1032.928711	25458.583984
1031.800781	25571.248047
1030.673828	25688.156250
1029.545898	25322.253906
1028.416992	25419.855469
1027.289063	25500.255859
1026.160156	25516.294922
1025.031250	25392.980469
1023.902344	25316.869141
1022.773438	25330.787109
1021.643555	25274.000000
1020.513672	25249.363281
1019.383789	24950.625000
1018.252930	24714.101563
1017.123047	24914.357422
1015.992188	24570.931641
1014.861328	24195.554688
1013.729492	24308.080078
1012.598633	24249.455078
1011.466797	24250.724609
1010.334961	24354.611328
1009.202148	24293.871094
1008.070313	24158.361328
1006.937500	24537.804688
1005.804688	25083.699219
1004.670898	24901.121094
1003.538086	25047.429688
1002.404297	24960.994141
1001.270508	24955.695313
1000.135742	24764.755859
999.001953	24343.498047
997.867188	24351.125000
996.732422	24081.531250
995.596680	23920.783203
994.461914	24049.986328
993.326172	24047.009766
992.190430	24188.912109
991.054688	23896.201172
989.917969	24010.386719
988.781250	23822.167969
987.644531	23925.673828
986.507813	23731.166016
985.370117	23981.470703
984.232422	23933.822266
983.094727	23881.939453
981.957031	24053.365234
980.819336	24203.457031
979.680664	24374.738281
978.541992	24388.679688
977.402344	24753.197266
976.263672	24403.798828
975.124023	24462.322266
973.984375	24622.740234
972.844727	24834.041016
971.704102	24697.164063
970.563477	24944.429688
969.422852	24743.935547
968.282227	25063.201172
967.141602	24644.335938
966.000000	24969.843750
964.858398	24847.939453
963.715820	25154.189453
962.574219	25244.183594
961.431641	24899.861328
960.289063	25104.236328
959.146484	24832.082031
958.002930	24850.082031
956.860352	24713.558594
955.716797	24384.519531
954.572266	24637.441406
953.428711	24325.480469
952.284180	24303.376953
951.139648	24298.197266
949.995117	24106.996094
948.849609	24323.769531
947.704102	24508.755859
946.558594	24368.328125
945.413086	24453.953125
944.267578	24419.175781
943.121094	24990.328125
941.974609	25333.271484
940.827148	25650.746094
939.680664	25984.960938
938.533203	26652.318359
937.385742	27523.957031
936.238281	28374.138672
935.089844	29274.546875
933.942383	30564.476563
932.792969	31874.925781
931.644531	33009.957031
930.496094	34283.515625
929.346680	35049.027344
928.197266	36115.277344
927.047852	36402.253906
925.897461	36264.003906
924.747070	35639.789063
923.596680	34851.757813
922.446289	33839.027344
921.294922	32551.279297
920.144531	31110.619141
918.992188	29592.806641
917.840820	28596.765625
916.689453	27533.921875
915.537109	26605.955078
914.384766	26041.679688
913.231445	25238.296875
912.079102	25079.669922
910.925781	24534.964844
909.772461	24496.148438
908.619141	23905.648438
907.464844	23873.271484
906.310547	23920.587891
905.156250	23915.472656
904.001953	23979.523438
902.846680	24010.017578
901.691406	23935.746094
900.536133	23517.992188
899.380859	23663.740234
898.224609	23650.302734
897.069336	23511.273438
895.913086	23843.181641
894.755859	23846.449219
893.599609	23625.880859
892.442383	23911.535156
891.285156	23586.492188
890.126953	23458.099609
888.969727	23557.583984
887.811523	23763.595703
886.653320	23725.078125
885.494141	23644.802734
884.335938	23773.390625
883.176758	23595.005859
882.016602	23506.455078
880.857422	23561.941406
879.697266	23450.480469
878.538086	23674.923828
877.376953	23715.734375
876.216797	23495.878906
875.055664	23670.130859
873.894531	23539.998047
872.733398	23351.574219
871.572266	23344.484375
870.410156	23481.121094
869.248047	23326.146484
868.085938	23404.425781
866.922852	22999.738281
865.760742	23152.972656
864.597656	23154.250000
863.433594	22693.703125
862.270508	22919.695313
861.106445	22735.951172
859.942383	22918.177734
858.778320	22869.611328
857.613281	23163.941406
856.449219	22861.873047
855.284180	23203.849609
854.118164	23009.888672
852.953125	22988.339844
851.787109	23072.664063
850.621094	22928.660156
849.455078	22795.091797
848.288086	22738.335938
847.121094	22600.712891
845.954102	23130.843750
844.787109	22837.708984
843.619141	23106.398438
842.452148	23072.423828
841.283203	22675.894531
840.115234	23128.792969
838.947266	22767.625000
837.778320	23036.033203
836.609375	23339.515625
835.439453	23189.628906
834.269531	23201.197266
833.100586	23084.500000
831.929688	23402.181641
830.759766	23483.998047
829.588867	23431.398438
828.417969	23440.826172
827.247070	23532.908203
826.076172	23434.876953
824.904297	23950.359375
823.732422	23577.613281
822.560547	24119.683594
821.387695	23557.146484
820.215820	23725.437500
819.042969	24003.009766
817.869141	23911.201172
816.696289	24320.611328
815.522461	24288.568359
814.348633	24308.078125
813.174805	24302.845703
812.000000	24225.488281
810.825195	24251.173828
809.650391	24363.361328
808.475586	24710.263672
807.300781	24525.814453
806.125000	24736.671875
804.949219	24453.507813
803.772461	24509.966797
802.596680	24681.599609
801.419922	24696.847656
800.243164	24923.882813
799.065430	25052.138672
797.887695	24917.250000
796.710938	25287.929688
795.532227	25259.878906
794.354492	25314.000000
793.175781	25513.900391
791.997070	25114.193359
790.818359	25293.521484
789.639648	24953.544922
788.459961	24626.025391
787.280273	24955.089844
786.100586	24560.027344
784.919922	24474.757813
783.739258	24574.029297
782.558594	24257.185547
781.377930	24202.769531
780.196289	24265.154297
779.014648	24245.578125
777.833008	24340.689453
776.651367	24020.132813
775.468750	24029.275391
774.287109	24181.669922
773.103516	24280.796875
771.920898	24443.294922
770.737305	24658.896484
769.553711	24700.599609
768.370117	24682.998047
767.186523	24698.103516
766.001953	25078.974609
764.817383	25236.994141
763.632813	25770.773438
762.447266	25765.203125
761.262695	26155.716797
760.077148	26388.884766
758.890625	26832.152344
757.705078	27099.755859
756.518555	27434.558594
755.332031	28364.736328
754.145508	29251.691406
752.958008	30221.839844
751.770508	31423.916016
750.583008	32605.091797
749.395508	34415.265625
748.207031	37628.015625
747.018555	40625.554688
745.830078	44387.300781
744.640625	48906.656250
743.452148	53383.351563
742.262695	59066.660156
741.073242	63492.421875
739.882813	67045.835938
738.692383	68456.648438
737.501953	68693.898438
736.311523	67703.468750
735.120117	64441.730469
733.929688	61161.082031
732.738281	57240.027344
731.545898	54581.699219
730.354492	52738.628906
729.162109	51438.304688
727.969727	51798.523438
726.776367	52241.769531
725.583984	52283.187500
724.390625	51809.472656
723.196289	49790.953125
722.002930	47649.648438
720.808594	44820.195313
719.614258	42129.753906
718.419922	39395.906250
717.224609	37801.496094
716.030273	36359.648438
714.834961	35786.929688
713.638672	34736.781250
712.443359	33970.390625
711.247070	33530.062500
710.050781	32568.056641
708.853516	32257.646484
707.657227	31718.898438
706.459961	31728.185547
705.262695	31187.759766
704.064453	30863.765625
702.867188	30554.050781
701.668945	30216.193359
700.469727	30118.767578
699.271484	30001.195313
698.072266	29964.404297
696.873047	30119.330078
695.673828	30360.937500
694.473633	30876.753906
693.273438	31083.806641
692.073242	32032.712891
690.873047	32674.814453
689.671875	33129.214844
688.470703	34189.882813
687.269531	35153.394531
686.068359	36178.921875
684.866211	36807.332031
683.664063	37189.871094
682.461914	37886.214844
681.258789	37473.523438
680.055664	37783.234375
678.852539	37286.261719
677.649414	37326.414063
676.445313	36391.472656
675.242188	36459.937500
674.037109	35764.726563
672.833008	35756.945313
671.627930	34875.371094
670.422852	34347.636719
669.217773	34002.843750
668.012695	33985.410156
666.806641	33648.867188
665.600586	33922.457031
664.394531	34406.566406
663.187500	34535.460938
661.980469	35255.839844
660.773438	35743.343750
659.566406	35929.984375
658.358398	36092.488281
657.150391	36036.546875
655.942383	36289.089844
654.734375	36082.929688
653.525391	35708.667969
652.316406	35654.851563
651.107422	35064.703125
649.897461	34342.753906
648.688477	33541.101563
647.478516	33239.792969
646.267578	32698.667969
645.057617	31833.917969
643.846680	31511.187500
642.635742	30623.089844
641.423828	29779.330078
640.212891	29842.744141
639.000977	29434.851563
637.788086	29632.074219
636.576172	29176.496094
635.363281	29627.130859
634.150391	29548.839844
632.937500	30450.007813
631.723633	30714.591797
630.510742	30905.283203
629.295898	31052.033203
628.082031	31178.789063
626.867188	31444.966797
625.652344	31366.384766
624.437500	30662.435547
623.222656	30763.269531
622.006836	29936.324219
620.791016	29473.982422
619.575195	28802.894531
618.358398	28400.683594
617.141602	27887.257813
615.924805	27646.501953
614.708008	27602.685547
613.490234	27775.556641
612.272461	27234.884766
611.054688	26918.970703
609.836914	27145.507813
608.618164	27030.341797
607.399414	26684.888672
606.180664	26605.603516
604.960938	26371.539063
603.741211	25913.345703
602.521484	26191.375000
601.301758	25868.292969
600.081055	26235.445313
598.860352	26057.220703
597.639648	26069.359375
596.418945	25950.697266
595.197266	25996.533203
593.975586	26194.873047
592.753906	26195.082031
591.531250	26185.388672
590.308594	25938.150391
589.085938	26118.511719
587.863281	26031.666016
586.639648	26304.902344
585.416016	26160.695313
584.192383	26340.841797
582.967773	26416.126953
581.744141	26248.267578
580.519531	26446.054688
579.293945	26481.751953
578.069336	26604.339844
576.843750	26977.671875
575.618164	27177.093750
574.391602	27208.642578
573.166016	27652.636719
571.939453	27972.132813
570.711914	28017.289063
569.485352	28470.669922
568.257813	28509.779297
567.030273	28349.763672
565.802734	28660.863281
564.574219	28232.896484
563.345703	27858.308594
562.117188	28291.419922
560.888672	28027.251953
559.659180	28214.041016
558.429688	28014.957031
557.200195	27652.625000
555.969727	27556.054688
554.739258	27282.492188
553.508789	27374.833984
552.278320	27396.351563
551.046875	27099.412109
549.815430	27095.427734
548.583984	27172.003906
547.352539	26898.875000
546.120117	26924.392578
544.887695	27169.816406
543.655273	26830.115234
542.421875	26871.328125
541.188477	27055.765625
539.955078	26965.462891
538.721680	27177.253906
537.487305	27045.779297
536.252930	27251.576172
535.018555	27075.056641
533.783203	27927.447266
532.547852	27433.455078
531.312500	27766.300781
530.077148	28116.623047
528.840820	27848.074219
527.604492	28202.136719
526.368164	28074.595703
525.131836	29054.582031
523.894531	30167.160156
522.657227	31101.267578
521.419922	31507.011719
520.181641	30643.812500
518.943359	29372.496094
517.705078	28248.294922
516.465820	27794.691406
515.227539	27659.662109
513.988281	27430.955078
512.748047	27368.296875
511.508789	27346.656250
510.268555	27293.800781
509.028320	27377.539063
507.788086	27182.298828
506.546875	27461.044922
505.305664	27456.945313
504.064453	27179.937500
502.822266	27513.064453
501.580078	27382.298828
