1802.219727	14158.992188
1801.250000	14393.726563
1800.281250	14333.427734
1799.311523	14400.458008
1798.341797	14432.520508
1797.372070	14611.785156
1796.402344	14486.626953
1795.431641	14132.051758
1794.460938	14066.885742
1793.491211	14428.080078
1792.519531	14347.922852
1791.548828	14327.609375
1790.578125	14476.739258
1789.606445	14553.563477
1788.634766	14358.870117
1787.663086	14380.901367
1786.690430	14355.618164
1785.718750	14589.221680
1784.746094	14887.437500
1783.773438	15078.541016
1782.800781	14849.142578
1781.828125	15189.408203
1780.854492	15062.034180
1779.880859	14932.223633
1778.908203	15356.780273
1777.933594	15641.993164
1776.959961	15089.738281
1775.986328	15051.939453
1775.011719	14753.363281
1774.037109	15048.398438
1773.062500	14965.938477
1772.086914	15295.563477
1771.112305	15724.324219
1770.136719	15334.101563
1769.161133	16015.717773
1768.185547	16017.471680
1767.209961	16106.015625
1766.233398	16263.941406
1765.257813	16458.984375
1764.281250	16225.209961
1763.304688	16499.468750
1762.327148	16404.505859
1761.350586	16242.705078
1760.373047	16368.216797
1759.395508	16478.824219
1758.417969	16859.191406
1757.440430	17038.947266
1756.461914	17075.121094
1755.483398	17324.025391
1754.504883	17248.828125
1753.526367	17270.097656
1752.547852	17011.986328
1751.568359	16892.400391
1750.589844	16923.611328
1749.610352	17201.892578
1748.630859	17240.437500
1747.650391	17133.248047
1746.670898	17105.117188
1745.690430	17086.873047
1744.709961	16700.851563
1743.729492	16759.197266
1742.749023	16605.326172
1741.767578	16737.671875
1740.786133	16495.074219
1739.804688	16886.304688
1738.823242	16705.408203
1737.841797	16808.044922
1736.859375	16814.529297
1735.876953	16498.238281
1734.895508	16411.171875
1733.912109	16673.871094
1732.929688	17030.035156
1731.946289	16982.300781
1730.963867	16821.359375
1729.980469	16714.621094
1728.997070	16497.207031
1728.012695	16223.299805
1727.029297	16817.685547
1726.044922	16661.851563
1725.060547	17010.064453
1724.076172	17195.910156
1723.090820	17452.945313
1722.106445	17063.693359
1721.121094	17104.480469
1720.135742	17069.115234
1719.150391	16935.542969
1718.164063	17027.882813
1717.178711	16906.644531
1716.192383	16986.681641
1715.206055	17039.697266
1714.219727	17377.242188
1713.232422	17682.765625
1712.246094	17632.621094
1711.258789	18102.222656
1710.271484	18069.169922
1709.284180	18166.007813
1708.295898	18032.500000
1707.307617	18477.144531
1706.320313	18218.722656
1705.332031	18428.083984
1704.342773	18781.796875
1703.354492	19120.681641
1702.365234	19251.423828
1701.375977	19744.212891
1700.386719	20195.218750
1699.397461	20303.652344
1698.408203	20272.667969
1697.417969	20588.835938
1696.427734	20636.017578
1695.437500	20578.101563
1694.447266	20872.023438
1693.456055	21131.628906
1692.464844	21466.837891
1691.474609	21728.658203
1690.482422	21860.988281
1689.491211	22066.486328
1688.500000	22152.328125
1687.507813	22584.576172
1686.515625	22521.482422
1685.523438	22997.376953
1684.530273	22666.015625
1683.538086	22968.605469
1682.544922	22549.640625
1681.551758	22883.806641
1680.558594	22669.671875
1679.565430	22989.062500
1678.571289	22904.062500
1677.577148	23310.927734
1676.583008	23471.759766
1675.588867	23221.208984
1674.594727	23308.992188
1673.599609	23552.441406
1672.604492	23333.642578
1671.609375	23562.394531
1670.614258	23107.835938
1669.619141	22772.572266
1668.623047	22758.255859
1667.626953	22649.175781
1666.630859	22736.923828
1665.634766	22948.509766
1664.638672	22975.445313
1663.641602	23092.205078
1662.644531	22517.091797
1661.647461	22862.029297
1660.650391	22425.500000
1659.652344	22522.863281
1658.655273	22540.142578
1657.657227	22753.841797
1656.659180	22737.123047
1655.660156	23134.919922
1654.662109	22965.445313
1653.663086	23367.876953
1652.664063	22927.095703
1651.665039	22820.736328
1650.666016	22944.468750
1649.666016	22983.412109
1648.666992	23114.320313
1647.666992	23303.257813
1646.666016	23513.894531
1645.666016	23129.335938
1644.666016	23298.802734
1643.665039	23480.291016
1642.664063	23149.158203
1641.663086	23388.611328
1640.661133	23347.630859
1639.660156	23173.775391
1638.658203	23050.718750
1637.656250	23326.222656
1636.653320	23166.960938
1635.651367	22884.634766
1634.648438	23230.000000
1633.646484	23394.228516
1632.642578	23254.378906
1631.639648	23336.515625
1630.636719	22813.253906
1629.632813	23609.193359
1628.628906	23669.507813
1627.625000	23536.968750
1626.621094	23806.925781
1625.616211	23780.421875
1624.611328	23881.597656
1623.607422	23956.238281
1622.601563	24021.216797
1621.596680	23431.349609
1620.590820	23469.929688
1619.585938	23181.214844
1618.580078	23381.025391
1617.574219	23421.992188
1616.567383	23600.025391
1615.561523	23669.783203
1614.554688	23951.062500
1613.547852	23838.050781
1612.540039	23850.041016
1611.533203	24493.892578
1610.525391	24887.667969
1609.518555	25331.716797
1608.509766	24964.017578
1607.501953	24870.134766
1606.494141	24932.294922
1605.485352	24828.855469
1604.476563	25298.847656
1603.467773	25898.175781
1602.458984	26065.589844
1601.449219	26446.328125
1600.439453	26114.945313
1599.429688	26423.615234
1598.419922	26212.179688
1597.410156	26592.574219
1596.399414	26857.839844
1595.388672	27067.917969
1594.377930	27330.582031
1593.367188	27937.843750
1592.356445	28485.025391
1591.344727	28613.240234
1590.333008	29612.207031
1589.321289	29185.232422
1588.309570	29473.441406
1587.297852	29283.361328
1586.285156	29669.437500
1585.272461	29849.822266
1584.259766	29886.769531
1583.247070	29918.921875
1582.233398	30345.152344
1581.219727	30549.126953
1580.206055	30827.029297
1579.192383	31045.142578
1578.178711	30940.988281
1577.164063	31096.949219
1576.149414	31102.556641
1575.134766	31234.568359
1574.120117	31037.453125
1573.105469	31069.289063
1572.089844	30919.957031
1571.074219	30768.300781
1570.058594	31209.978516
1569.042969	31384.673828
1568.026367	31302.080078
1567.010742	31295.712891
1565.994141	31484.564453
1564.977539	31466.257813
1563.959961	31400.365234
1562.943359	31217.914063
1561.925781	31373.316406
1560.908203	31428.767578
1559.890625	31453.283203
1558.872070	31282.849609
1557.854492	31015.033203
1556.835938	31236.847656
1555.817383	30862.234375
1554.798828	31354.777344
1553.779297	31191.652344
1552.760742	31417.992188
1551.741211	31027.021484
1550.721680	31006.462891
1549.701172	30793.701172
1548.681641	31257.177734
1547.661133	30759.810547
1546.640625	31180.414063
1545.620117	31181.175781
1544.599609	31390.541016
1543.578125	31576.119141
1542.556641	30991.511719
1541.535156	31255.271484
1540.513672	31388.648438
1539.492188	31602.486328
1538.469727	31761.779297
1537.447266	31246.367188
1536.424805	31895.564453
1535.402344	31900.892578
1534.378906	31690.939453
1533.356445	31303.675781
1532.333008	31503.025391
1531.308594	31517.878906
1530.285156	31237.251953
1529.261719	31323.048828
1528.237305	31241.050781
1527.212891	31459.097656
1526.188477	31313.330078
1525.163086	31368.337891
1524.137695	31623.994141
1523.113281	31499.521484
1522.087891	31719.644531
1521.061523	31569.246094
1520.036133	31850.593750
1519.009766	31761.544922
1517.983398	31764.494141
1516.957031	31871.167969
1515.930664	31987.226563
1514.903320	32522.701172
1513.875977	32377.050781
1512.848633	32299.771484
1511.821289	33023.257813
1510.793945	33308.484375
1509.765625	33624.199219
1508.737305	33363.132813
1507.708984	33777.535156
1506.680664	33777.691406
1505.651367	33991.898438
1504.622070	34478.816406
1503.593750	34537.605469
1502.563477	34163.824219
1501.534180	34065.179688
1500.503906	34109.914063
1499.474609	33957.281250
1498.444336	33929.199219
1497.413086	33891.734375
1496.382813	33682.882813
1495.351563	33629.046875
1494.320313	33582.269531
1493.289063	33211.703125
1492.257813	33528.652344
1491.225586	33221.570313
1490.194336	33024.828125
1489.162109	33055.585938
1488.129883	32844.886719
1487.096680	32547.562500
1486.064453	32660.400391
1485.031250	33234.683594
1483.998047	33122.484375
1482.963867	32954.132813
1481.930664	33574.820313
1480.896484	33738.816406
1479.862305	33858.281250
1478.828125	34125.097656
1477.793945	34901.761719
1476.758789	35306.242188
1475.724609	35694.183594
1474.689453	36612.648438
1473.653320	36920.691406
1472.618164	37590.820313
1471.582031	37548.070313
1470.545898	38119.683594
1469.509766	38847.531250
1468.473633	39306.562500
1467.437500	40038.535156
1466.400391	40252.058594
1465.363281	41286.886719
1464.326172	42223.304688
1463.288086	43182.660156
1462.250977	44276.882813
1461.212891	45100.187500
1460.174805	45958.117188
1459.136719	46624.578125
1458.097656	47067.070313
1457.058594	47805.246094
1456.019531	48552.433594
1454.980469	48528.503906
1453.941406	49508.054688
1452.901367	49591.007813
1451.862305	49734.437500
1450.822266	50084.886719
1449.781250	51430.871094
1448.741211	51838.972656
1447.700195	52472.464844
1446.659180	52101.332031
1445.618164	52418.382813
1444.577148	51919.589844
1443.535156	51420.996094
1442.494141	50451.039063
1441.452148	49023.933594
1440.410156	47732.093750
1439.367188	46392.031250
1438.324219	45386.750000
1437.282227	44015.222656
1436.239258	43013.156250
1435.195313	42169.242188
1434.152344	41508.882813
1433.108398	40769.960938
1432.064453	40042.925781
1431.020508	39921.128906
1429.976563	39437.878906
1428.931641	39096.152344
1427.886719	38377.000000
1426.841797	38290.375000
1425.796875	38301.023438
1424.750977	38237.589844
1423.706055	38120.949219
1422.660156	38409.296875
1421.613281	38019.675781
1420.567383	38627.113281
1419.521484	38441.101563
1418.474609	38537.238281
1417.427734	38469.207031
1416.379883	39082.980469
1415.333008	39206.644531
1414.285156	39073.828125
1413.237305	39402.996094
1412.189453	39588.859375
1411.141602	39458.351563
1410.092773	39519.476563
1409.043945	39197.484375
1407.995117	38527.218750
1406.946289	38689.992188
1405.897461	38605.917969
1404.847656	37885.453125
1403.797852	37651.722656
1402.748047	37374.289063
1401.698242	36398.726563
1400.647461	36382.011719
1399.596680	36266.253906
1398.545898	35383.632813
1397.495117	34784.585938
1396.444336	34485.054688
1395.392578	34494.062500
1394.340820	34022.125000
1393.289063	34008.210938
1392.237305	33522.765625
1391.184570	33745.824219
1390.131836	33679.085938
1389.079102	33292.847656
1388.026367	32837.820313
1386.973633	33626.089844
1385.919922	33313.609375
1384.866211	32939.242188
1383.812500	33488.171875
1382.758789	33602.949219
1381.704102	33820.968750
1380.649414	34465.761719
1379.594727	34295.742188
1378.540039	34742.882813
1377.484375	34967.359375
1376.429688	35233.019531
1375.374023	35576.515625
1374.318359	36320.988281
1373.261719	36253.906250
1372.206055	36342.652344
1371.149414	36161.054688
1370.092773	36774.242188
1369.036133	37039.128906
1367.978516	37212.335938
1366.921875	37007.812500
1365.864258	37485.296875
1364.806641	38038.082031
1363.748047	37931.867188
1362.690430	38273.929688
1361.631836	39192.031250
1360.573242	39133.644531
1359.513672	39422.671875
1358.455078	40152.589844
1357.395508	40452.707031
1356.335938	41115.871094
1355.276367	41703.394531
1354.216797	42142.269531
1353.156250	43204.128906
1352.095703	43914.089844
1351.035156	44776.628906
1349.974609	45540.718750
1348.914063	46115.179688
1347.852539	47197.910156
1346.791016	48214.078125
1345.729492	48773.945313
1344.666992	49620.722656
1343.605469	49656.023438
1342.542969	51121.867188
1341.480469	51571.339844
1340.416992	52259.710938
1339.354492	52667.777344
1338.291016	53530.886719
1337.227539	54377.707031
1336.164063	54971.636719
1335.099609	55476.601563
1334.036133	55958.613281
1332.971680	55733.300781
1331.907227	55492.160156
1330.842773	55189.753906
1329.777344	54814.753906
1328.711914	54203.636719
1327.646484	53049.914063
1326.581055	52466.660156
1325.514648	51908.621094
1324.449219	50288.472656
1323.382813	49740.183594
1322.316406	48597.640625
1321.249023	47648.394531
1320.182617	47373.156250
1319.115234	46807.773438
1318.047852	45929.761719
1316.980469	45417.039063
1315.912109	45811.007813
1314.843750	44308.398438
1313.775391	44573.304688
1312.707031	44049.957031
1311.638672	44253.667969
1310.569336	43941.132813
1309.500000	43735.105469
1308.430664	43262.140625
1307.361328	42995.246094
1306.291016	42719.414063
1305.221680	42464.046875
1304.151367	42324.097656
1303.080078	42270.101563
1302.009766	41779.929688
1300.938477	40921.644531
1299.867188	40775.339844
1298.795898	40082.496094
1297.724609	39877.710938
1296.652344	39417.882813
1295.580078	38687.371094
1294.507813	38243.773438
1293.435547	37872.562500
1292.363281	36910.464844
1291.290039	36808.074219
1290.216797	36051.789063
1289.143555	36393.742188
1288.069336	35617.570313
1286.996094	35673.265625
1285.921875	35674.867188
1284.847656	35442.195313
1283.772461	35689.316406
1282.698242	35589.582031
1281.623047	35751.023438
1280.547852	36364.789063
1279.472656	36354.976563
1278.396484	36887.363281
1277.321289	36870.699219
1276.245117	37310.550781
1275.167969	37538.871094
1274.091797	37499.589844
1273.014648	37323.234375
1271.938477	37284.011719
1270.860352	37482.933594
1269.783203	36767.632813
1268.706055	37045.171875
1267.627930	36505.371094
1266.549805	36419.214844
1265.471680	35890.988281
1264.392578	35214.894531
1263.313477	35319.726563
1262.235352	35002.871094
1261.155273	34630.089844
1260.076172	33818.058594
1258.996094	33331.367188
1257.916992	33145.152344
1256.835938	32786.500000
1255.755859	31968.804688
1254.675781	31579.191406
1253.594727	31324.080078
1252.513672	31230.250000
1251.432617	30767.171875
1250.350586	30129.748047
1249.269531	30165.976563
1248.187500	29853.261719
1247.104492	30117.625000
1246.022461	29568.054688
1244.939453	29517.185547
1243.857422	29625.007813
1242.774414	29111.630859
1241.690430	29250.763672
1240.607422	29514.912109
1239.523438	29187.208984
1238.439453	28975.730469
1237.355469	29036.648438
1236.270508	29021.666016
1235.186523	28792.500000
1234.101563	28840.029297
1233.015625	28704.662109
1231.930664	28665.226563
1230.844727	28578.992188
1229.759766	28528.453125
1228.673828	28685.166016
1227.586914	28656.900391
1226.500977	28858.064453
1225.414063	29010.152344
1224.327148	28768.091797
1223.240234	28828.865234
1222.152344	29272.402344
1221.064453	29025.982422
1219.977539	28881.996094
1218.888672	28847.048828
1217.800781	29365.810547
1216.711914	29155.140625
1215.623047	28737.841797
1214.534180	29069.625000
1213.445313	29154.644531
1212.355469	29130.783203
1211.266602	28875.955078
1210.176758	28627.894531
1209.085938	29183.560547
1207.996094	28893.365234
1206.905273	28594.412109
1205.814453	28690.488281
1204.723633	28424.972656
1203.631836	28115.212891
1202.541016	28255.666016
1201.449219	28489.162109
1200.357422	28272.660156
1199.264648	28242.373047
1198.172852	28205.449219
1197.080078	27716.710938
1195.987305	27932.351563
1194.893555	28012.849609
1193.800781	28279.244141
1192.707031	28286.603516
1191.613281	28375.822266
1190.519531	28352.187500
1189.424805	28302.019531
1188.331055	28344.740234
1187.236328	28581.982422
1186.141602	28222.361328
1185.045898	28528.029297
1183.950195	28153.101563
1182.855469	28401.220703
1181.758789	28331.230469
1180.663086	28073.593750
1179.566406	28321.570313
1178.470703	28132.457031
1177.374023	27939.007813
1176.276367	27791.964844
1175.179688	27761.880859
1174.082031	27956.730469
1172.984375	27818.589844
1171.886719	28077.263672
1170.788086	27784.890625
1169.689453	28043.460938
1168.590820	27914.222656
1167.492188	27842.298828
1166.393555	27783.615234
1165.293945	27779.990234
1164.194336	27809.380859
1163.094727	27607.701172
1161.995117	27857.117188
1160.894531	27910.662109
1159.793945	27654.105469
1158.693359	27848.382813
1157.592773	28172.271484
1156.491211	27550.988281
1155.390625	27929.732422
1154.289063	27649.267578
1153.186523	27656.642578
1152.084961	27613.505859
1150.982422	27713.089844
1149.879883	27731.416016
1148.777344	27604.894531
1147.673828	27930.402344
1146.571289	28071.507813
1145.467773	28113.861328
1144.364258	28178.121094
1143.259766	28319.082031
1142.156250	28429.294922
1141.051758	28031.080078
1139.947266	28312.189453
1138.841797	28166.056641
1137.737305	28142.619141
1136.631836	27941.843750
1135.526367	28148.302734
1134.420898	27857.876953
1133.314453	28269.943359
1132.208008	27920.542969
1131.101563	27630.343750
1129.995117	27628.906250
1128.887695	27679.939453
1127.781250	27501.441406
1126.673828	27744.783203
1125.566406	27450.546875
1124.458008	27765.878906
1123.349609	27358.193359
1122.242188	27579.519531
1121.132813	27754.906250
1120.024414	27644.302734
1118.915039	27618.847656
1117.805664	27866.105469
1116.696289	28392.447266
1115.586914	28268.712891
1114.476563	29008.412109
1113.367188	29579.953125
1112.255859	29680.513672
1111.145508	30354.076172
1110.035156	31447.791016
1108.923828	31881.117188
1107.812500	32821.621094
1106.700195	34179.718750
1105.588867	34903.851563
1104.476563	35588.511719
1103.364258	36235.890625
1102.251953	36545.835938
1101.139648	37088.351563
1100.026367	36771.785156
1098.913086	36566.214844
1097.799805	35747.835938
1096.685547	35853.292969
1095.572266	34887.675781
1094.458008	34858.597656
1093.342773	33192.183594
1092.228516	32553.394531
1091.113281	31873.632813
1089.999023	31578.275391
1088.882813	30397.796875
1087.767578	30050.810547
1086.651367	29623.722656
1085.536133	29049.365234
1084.419922	28503.431641
1083.302734	28343.529297
1082.186523	28357.050781
1081.069336	27865.765625
1079.952148	28037.501953
1078.834961	28105.214844
1077.716797	27960.710938
1076.598633	27723.187500
1075.480469	27730.318359
1074.362305	27694.171875
1073.243164	27720.773438
1072.125000	27866.318359
1071.005859	28708.095703
1069.886719	28193.974609
1068.766602	28399.845703
1067.646484	28791.476563
1066.526367	28919.349609
1065.406250	29369.025391
1064.286133	29455.683594
1063.165039	29781.978516
1062.043945	30142.671875
1060.922852	30388.820313
1059.801758	30602.498047
1058.679688	30818.238281
1057.557617	30736.230469
1056.435547	30962.630859
1055.313477	31232.054688
1054.190430	30893.492188
1053.067383	31158.501953
1051.944336	30904.126953
1050.821289	30985.912109
1049.697266	31166.732422
1048.573242	31005.103516
1047.449219	30787.566406
1046.325195	31052.250000
1045.200195	30430.232422
1044.075195	30141.951172
1042.950195	30352.822266
1041.825195	30079.730469
1040.699219	30228.167969
1039.574219	29639.216797
1038.448242	29800.578125
1037.321289	29989.802734
1036.195313	29742.845703
1035.068359	29667.816406
1033.941406	29756.017578
1032.814453	30129.716797
1031.686523	30069.673828
1030.559570	30591.218750
1029.431641	30846.494141
1028.302734	30492.455078
1027.174805	30316.566406
1026.045898	30449.513672
1024.916992	30372.318359
1023.788086	30470.900391
1022.658203	30968.003906
1021.529297	30635.800781
1020.399414	30492.222656
1019.269531	30472.908203
1018.138672	30348.691406
1017.008789	30584.138672
1015.877930	30425.705078
1014.746094	30310.130859
1013.615234	30397.826172
1012.483398	29826.751953
1011.351563	30230.972656
1010.219727	30057.808594
1009.087891	29829.144531
1007.955078	29904.017578
1006.822266	30049.359375
1005.689453	30119.878906
1004.556641	30235.212891
1003.422852	30179.687500
1002.289063	30190.357422
1001.155273	30201.021484
1000.021484	30141.263672
998.886719	29962.068359
997.751953	29612.318359
996.617188	29725.441406
995.482422	29401.470703
994.346680	29297.177734
993.210938	29576.509766
992.075195	28967.275391
990.939453	29086.796875
989.802734	29078.486328
988.666016	28646.462891
987.529297	29078.900391
986.392578	29040.794922
985.254883	28981.425781
984.118164	28773.162109
982.979492	28896.789063
981.841797	28971.451172
980.704102	28933.400391
979.565430	28974.009766
978.426758	29063.480469
977.287109	29146.535156
976.148438	29078.732422
975.008789	29008.832031
973.869141	29276.572266
972.729492	29174.812500
971.588867	29690.722656
970.448242	30002.703125
969.307617	29924.185547
968.166992	30305.974609
967.025391	30522.189453
965.883789	30210.386719
964.742188	30210.314453
963.600586	30417.927734
962.458008	30657.234375
961.316406	30169.835938
960.173828	30351.906250
959.030273	30654.591797
957.887695	30159.031250
956.744141	30300.765625
955.600586	30387.419922
954.457031	30002.242188
953.312500	30021.232422
952.167969	29562.275391
951.023438	29395.287109
949.878906	29177.636719
948.733398	28854.406250
947.588867	28835.576172
946.442383	29368.119141
945.296875	29528.710938
944.151367	29524.527344
943.004883	29769.458984
941.858398	30077.605469
940.710938	30702.158203
939.564453	31168.207031
938.416992	31783.820313
937.269531	32656.455078
936.122070	33866.066406
934.973633	35020.355469
933.825195	36330.105469
932.676758	38391.535156
931.528320	39763.203125
930.378906	41570.269531
929.230469	43983.019531
928.081055	45156.816406
926.930664	46810.015625
925.781250	47511.312500
924.630859	47608.468750
923.480469	46904.144531
922.330078	45737.441406
921.178711	44056.093750
920.027344	42367.050781
918.875977	40107.062500
917.724609	38549.859375
916.572266	36365.175781
915.419922	35189.597656
914.267578	33493.742188
913.115234	32273.089844
911.961914	31588.207031
910.809570	30865.839844
909.655273	30355.691406
908.501953	29673.750000
907.347656	29407.349609
906.194336	29409.447266
905.040039	28755.392578
903.884766	28885.474609
902.730469	29103.507813
901.575195	28757.896484
900.419922	29011.466797
899.263672	28837.732422
898.108398	28523.796875
896.952148	28781.435547
895.795898	28729.236328
894.638672	28294.167969
893.482422	28338.316406
892.325195	28476.556641
891.167969	28144.271484
890.009766	28696.412109
888.851563	27904.406250
887.694336	27936.042969
886.535156	28107.640625
885.376953	28097.443359
884.217773	27980.748047
883.058594	27903.767578
881.899414	28016.771484
880.740234	27837.554688
879.580078	28031.892578
878.419922	27865.261719
877.259766	28086.619141
876.099609	28038.896484
874.938477	28251.781250
873.777344	28468.740234
872.616211	28393.871094
871.454102	28400.285156
870.292969	28135.916016
869.130859	28388.107422
867.967773	27857.353516
866.805664	28194.837891
865.642578	28565.472656
864.479492	28505.248047
863.316406	28185.019531
862.152344	27860.765625
860.989258	28041.929688
859.825195	28364.376953
858.660156	28206.564453
857.496094	28659.748047
856.331055	28539.332031
855.166016	28917.470703
854.000977	29064.935547
852.834961	28676.673828
851.668945	28631.076172
850.502930	28454.753906
849.336914	28903.041016
848.169922	28369.927734
847.002930	28697.748047
845.835938	28952.849609
844.668945	28681.273438
843.500977	28598.423828
842.333008	28702.107422
841.165039	28905.187500
839.997070	28840.980469
838.828125	29060.505859
837.659180	29161.923828
836.490234	29019.037109
835.321289	28979.685547
834.151367	29180.365234
832.981445	29107.894531
831.811523	28725.224609
830.641602	29037.480469
829.470703	28898.929688
828.299805	29157.273438
827.128906	29097.273438
825.957031	29198.445313
824.786133	29163.248047
823.614258	29425.433594
822.441406	29099.083984
821.269531	29109.335938
820.096680	28822.400391
818.923828	28595.423828
817.750977	28834.750000
816.577148	28809.980469
815.403320	28560.464844
814.229492	28746.039063
813.055664	28927.408203
811.881836	28945.908203
810.707031	29118.912109
809.532227	29248.583984
808.356445	29404.970703
807.181641	29369.812500
806.005859	29526.101563
804.830078	29468.291016
803.653320	29200.632813
802.477539	29529.648438
801.300781	29366.978516
800.124023	29416.167969
798.946289	29800.423828
797.768555	30038.583984
796.590820	30085.535156
795.413086	30237.240234
794.235352	30390.933594
793.056641	30076.345703
791.877930	30090.392578
790.699219	30085.955078
789.519531	29515.103516
788.340820	29806.246094
787.161133	30095.208984
785.980469	29723.656250
784.800781	29940.742188
783.620117	29544.779297
782.439453	29163.332031
781.257813	29488.996094
780.077148	29501.070313
778.895508	29652.416016
777.713867	29691.066406
776.532227	29557.720703
775.349609	29594.324219
774.166992	29362.822266
772.984375	29655.201172
771.800781	29569.017578
770.618164	29687.386719
769.434570	29787.298828
768.250977	29909.652344
767.066406	30264.947266
765.881836	30491.353516
764.697266	30272.298828
763.512695	30525.154297
762.328125	31088.291016
761.142578	31316.357422
759.957031	31691.287109
758.770508	31733.414063
757.584961	32216.224609
756.398438	32762.058594
755.211914	33120.027344
754.025391	34421.882813
752.837891	35223.734375
751.650391	35964.093750
750.462891	37354.140625
749.274414	39309.925781
748.086914	41820.902344
746.898438	44709.542969
745.709961	48004.105469
744.520508	52176.554688
743.331055	56037.871094
742.141602	59730.679688
740.952148	62958.109375
739.762695	65470.312500
738.572266	65694.023438
737.381836	65167.535156
736.191406	63415.757813
735.000000	60461.832031
733.808594	58122.695313
732.617188	55305.238281
731.425781	52850.445313
730.233398	50883.949219
729.041016	50101.632813
727.848633	49666.656250
726.656250	49225.781250
725.462891	48671.500000
724.269531	48233.050781
723.076172	47464.304688
721.881836	46882.378906
720.687500	45595.429688
719.493164	43972.683594
718.298828	42595.757813
717.104492	41434.113281
715.909180	41048.496094
714.713867	40333.062500
713.517578	39522.804688
712.322266	38937.515625
711.125977	37579.640625
709.929688	37158.859375
708.732422	36926.324219
707.536133	36661.542969
706.338867	36148.242188
705.141602	36273.777344
703.943359	35906.257813
702.745117	35593.433594
701.546875	35256.507813
700.348633	34820.789063
699.150391	35184.675781
697.951172	35532.257813
696.751953	35284.414063
695.551758	35313.062500
694.352539	35751.148438
693.152344	36057.964844
691.952148	36719.480469
690.750977	37445.207031
689.550781	37999.324219
688.349609	38766.765625
687.147461	39306.246094
685.946289	40121.398438
684.744141	40783.167969
683.541992	41929.792969
682.339844	43005.472656
681.136719	42877.406250
679.934570	43552.070313
678.731445	43532.542969
677.527344	42915.796875
676.324219	42858.210938
675.120117	42521.261719
673.916016	42787.320313
672.710938	42548.972656
671.505859	42399.109375
670.300781	42299.511719
669.095703	42507.148438
667.890625	42602.281250
666.684570	42705.394531
665.478516	44221.031250
664.272461	44538.394531
663.065430	45441.253906
661.858398	46425.925781
660.651367	46696.480469
659.444336	47560.191406
658.236328	47185.128906
657.028320	46718.066406
655.820313	45718.410156
654.612305	45251.867188
653.403320	44236.941406
652.194336	44049.152344
650.985352	43417.164063
649.775391	42695.414063
648.565430	42152.007813
647.355469	41182.843750
646.145508	40448.046875
644.934570	40029.417969
643.723633	38815.515625
642.512695	38411.406250
641.301758	37344.214844
640.089844	36868.695313
638.877930	36868.644531
637.666016	36625.019531
636.453125	36317.628906
635.241211	36054.269531
634.028320	36046.402344
632.814453	36068.457031
631.601563	36168.277344
630.387695	36708.695313
629.173828	36854.175781
627.958984	37432.066406
626.744141	37736.722656
625.530273	37361.937500
624.314453	37152.621094
623.099609	37433.238281
621.883789	36929.351563
620.667969	36708.320313
619.452148	36280.425781
618.235352	35968.109375
617.018555	35640.011719
615.801758	35827.113281
614.584961	35246.683594
613.367188	35278.738281
612.149414	35060.371094
610.931641	33997.671875
609.712891	33962.429688
608.495117	34082.113281
607.276367	33784.765625
606.056641	34029.492188
604.837891	33382.972656
603.618164	33451.078125
602.398438	33340.601563
601.177734	33002.078125
599.958008	33127.718750
598.737305	32989.625000
597.516602	32679.144531
596.294922	32230.080078
595.073242	32514.271484
593.851563	32200.130859
592.629883	32139.613281
591.407227	31944.484375
590.184570	31891.962891
588.961914	31708.843750
587.739258	31992.763672
586.515625	31965.976563
585.291992	31953.044922
584.068359	32153.669922
582.844727	32542.011719
581.620117	32657.425781
580.395508	33098.835938
579.169922	32901.925781
577.945313	33374.687500
576.719727	33578.675781
575.494141	33593.035156
574.267578	33986.371094
573.041992	33896.039063
571.815430	34233.886719
570.587891	34593.285156
569.361328	34548.230469
568.133789	34615.582031
566.906250	34619.820313
565.678711	34626.023438
564.450195	34636.164063
563.221680	34238.511719
561.993164	34250.695313
560.763672	34556.273438
559.535156	34212.046875
558.305664	34255.714844
557.075195	34336.753906
555.845703	33984.921875
554.615234	33641.113281
553.384766	33688.792969
552.153320	33600.789063
550.922852	33831.257813
549.691406	33591.933594
548.459961	33619.925781
547.227539	33182.343750
545.995117	32796.015625
544.762695	32596.386719
543.530273	32891.542969
542.296875	33129.652344
541.063477	33522.667969
539.830078	33499.609375
538.596680	33698.191406
537.362305	33486.851563
536.127930	33334.414063
534.893555	33399.609375
533.658203	33703.851563
532.422852	33700.363281
531.187500	33849.656250
529.952148	33953.839844
528.715820	34359.496094
527.479492	34344.109375
526.243164	34324.816406
525.005859	34585.324219
523.769531	35297.597656
522.532227	35027.761719
521.293945	35600.789063
520.056641	35424.835938
518.818359	35372.089844
517.580078	34582.687500
516.340820	34221.472656
515.101563	33776.425781
513.862305	33237.843750
512.623047	33751.796875
511.382813	33769.742188
510.143555	33961.355469
508.902344	34217.269531
507.662109	34576.449219
506.420898	34492.777344
505.179688	34469.582031
503.938477	34265.109375
502.697266	33709.921875
