1802.182617	2981.609375
1801.212891	3014.072266
1800.244141	2861.174072
1799.274414	2940.479736
1798.304688	2979.822754
1797.334961	2979.227539
1796.364258	2896.308350
1795.394531	2963.072021
1794.423828	2857.745850
1793.453125	2897.065430
1792.482422	2896.486328
1791.511719	3020.516113
1790.540039	2922.737061
1789.568359	2942.082275
1788.596680	3118.332275
1787.625000	3102.767822
1786.653320	3012.518799
1785.680664	2992.002930
1784.708984	3160.635254
1783.736328	3072.916504
1782.763672	3007.621826
1781.790039	3054.276855
1780.817383	3103.399902
1779.843750	3020.734375
1778.870117	3109.615479
1777.896484	3138.815674
1776.922852	3105.886475
1775.948242	3204.633301
1774.973633	3079.806152
1773.999023	3096.572266
1773.024414	3061.194336
1772.049805	3157.388428
1771.074219	3171.646484
1770.099609	3215.673828
1769.124023	3257.202393
1768.148438	3229.267578
1767.171875	3293.093994
1766.196289	3433.751465
1765.219727	3373.573730
1764.243164	3472.028076
1763.266602	3473.810303
1762.290039	3520.182129
1761.312500	3514.523438
1760.334961	3548.487061
1759.357422	3738.410156
1758.379883	3646.075928
1757.402344	3870.549805
1756.423828	3835.134277
1755.446289	3725.519043
1754.467773	3868.222900
1753.489258	3887.229736
1752.509766	4054.566650
1751.531250	3949.937988
1750.551758	3884.892090
1749.572266	3864.346680
1748.592773	3853.690430
1747.613281	3852.917480
1746.632813	3694.107910
1745.652344	3866.184814
1744.671875	3633.385986
1743.691406	3738.774170
1742.710938	3686.209717
1741.729492	3727.406494
1740.749023	3706.927734
1739.767578	3511.381104
1738.785156	3633.944580
1737.803711	3726.880127
1736.822266	3516.660400
1735.839844	3565.231934
1734.857422	3569.442871
1733.875000	3581.040771
1732.891602	3636.956787
1731.909180	3545.136230
1730.925781	3480.427734
1729.942383	3632.305176
1728.958984	3533.158936
1727.974609	3660.365234
1726.991211	3536.658447
1726.006836	3555.619629
1725.022461	3525.403809
1724.038086	3642.677002
1723.052734	3612.455566
1722.068359	3710.008057
1721.083008	3623.286133
1720.097656	3487.479492
1719.112305	3486.778564
1718.125977	3586.731934
1717.140625	3470.649658
1716.154297	3651.547852
1715.167969	3793.116699
1714.181641	3726.122803
1713.194336	3899.502197
1712.208008	3727.076416
1711.220703	3794.969482
1710.233398	3931.464355
1709.246094	3915.970215
1708.257813	3937.232910
1707.270508	3995.230225
1706.282227	4006.671631
1705.293945	4010.762695
1704.304688	4117.670898
1703.316406	4175.584473
1702.327148	4399.876953
1701.337891	4359.845703
1700.348633	4576.671875
1699.359375	4614.880371
1698.370117	4743.542969
1697.379883	4608.132813
1696.389648	4959.161133
1695.399414	4938.613281
1694.409180	5050.003906
1693.417969	5278.597656
1692.426758	5348.357422
1691.436523	5371.696777
1690.444336	5485.350586
1689.453125	5730.755859
1688.461914	5678.356934
1687.469727	5682.091797
1686.477539	5658.994141
1685.485352	5745.647949
1684.492188	5634.769043
1683.500000	5619.006836
1682.506836	5461.889648
1681.513672	5599.684570
1680.520508	5491.359375
1679.527344	5697.293945
1678.533203	5623.086426
1677.539063	5553.777832
1676.544922	5491.800293
1675.550781	5466.354492
1674.556641	5431.185547
1673.561523	5522.537598
1672.566406	5514.126465
1671.571289	5413.308105
1670.576172	5368.451172
1669.581055	5343.059082
1668.584961	5315.247070
1667.588867	5229.127930
1666.592773	5439.430664
1665.596680	5278.024414
1664.600586	5298.814941
1663.603516	5271.038086
1662.606445	5228.707520
1661.609375	5249.494141
1660.612305	5352.771973
1659.614258	5254.652344
1658.617188	5209.932617
1657.619141	5204.030273
1656.621094	5217.526367
1655.622070	5342.520996
1654.624023	5300.242188
1653.625000	5328.247559
1652.625977	5363.509277
1651.626953	5180.771484
1650.627930	5116.764160
1649.627930	5224.678223
1648.627930	5213.939941
1647.627930	5229.826660
1646.627930	5332.812988
1645.627930	5271.256836
1644.626953	5304.051758
1643.625977	5278.798340
1642.625000	5086.736328
1641.624023	5126.799805
1640.623047	5181.346191
1639.621094	5086.067383
1638.619141	5307.282715
1637.617188	5209.600586
1636.615234	4998.466309
1635.613281	5260.606445
1634.610352	5090.580078
1633.607422	5046.111328
1632.604492	5018.549805
1631.601563	5089.902832
1630.597656	5021.342285
1629.594727	4972.100098
1628.590820	5149.493652
1627.586914	5112.296387
1626.582031	4826.900879
1625.578125	5057.221191
1624.573242	5024.881836
1623.568359	5026.272949
1622.563477	5044.518066
1621.558594	5026.644531
1620.552734	5071.357910
1619.546875	5053.485352
1618.541016	5194.412109
1617.535156	5077.898438
1616.529297	5199.522461
1615.522461	5162.401855
1614.515625	5161.355469
1613.508789	5217.993652
1612.501953	5260.190430
1611.494141	5163.023438
1610.487305	5149.966309
1609.479492	4944.791016
1608.471680	5229.514648
1607.463867	5182.843750
1606.455078	5181.792969
1605.446289	5048.763672
1604.437500	5196.485352
1603.428711	5377.727051
1602.419922	5235.145996
1601.410156	5291.627930
1600.401367	5230.625000
1599.391602	5347.001465
1598.381836	5511.254395
1597.371094	5352.019043
1596.361328	5604.827148
1595.350586	5606.084473
1594.339844	5736.630371
1593.329102	5804.885254
1592.317383	5813.280273
1591.305664	6087.271484
1590.294922	6176.943359
1589.283203	6113.501953
1588.270508	6229.436035
1587.258789	6338.150391
1586.246094	6262.762207
1585.233398	6414.442383
1584.220703	6520.662598
1583.208008	6311.502930
1582.194336	6374.708008
1581.180664	6246.852051
1580.167969	6083.235840
1579.153320	6194.187500
1578.139648	6075.991211
1577.125000	6067.598633
1576.111328	5861.210938
1575.096680	5776.543457
1574.081055	5870.751465
1573.066406	5678.833008
1572.050781	5820.692871
1571.035156	5669.375000
1570.019531	5653.926270
1569.003906	5833.817871
1567.988281	5804.051758
1566.971680	5743.342773
1565.955078	5815.975098
1564.938477	5729.105469
1563.920898	5756.496582
1562.904297	5676.811035
1561.886719	5801.729004
1560.869141	5724.444824
1559.851563	5846.923340
1558.833984	5593.741699
1557.815430	5863.558105
1556.796875	5757.807129
1555.778320	5685.360352
1554.759766	5831.474121
1553.740234	5706.793945
1552.721680	5703.257813
1551.702148	5616.636230
1550.682617	5829.099609
1549.662109	5657.061523
1548.642578	5603.715820
1547.622070	5766.239746
1546.601563	5679.691895
1545.581055	5806.568848
1544.560547	5833.832031
1543.539063	5813.683105
1542.517578	6068.409668
1541.496094	5903.707520
1540.474609	6020.933594
1539.453125	6109.693848
1538.430664	6139.227539
1537.408203	6263.434570
1536.385742	6188.791504
1535.363281	6147.304688
1534.339844	6250.141602
1533.316406	6144.798340
1532.292969	6084.427246
1531.269531	6130.471191
1530.246094	6032.306641
1529.221680	6111.427734
1528.198242	5961.325195
1527.173828	5950.659668
1526.148438	5949.445801
1525.124023	5941.147461
1524.098633	5923.409180
1523.073242	5775.856934
1522.047852	5902.112793
1521.022461	5815.968750
1519.997070	5802.987305
1518.970703	5931.517578
1517.944336	5779.396484
1516.917969	5790.003906
1515.890625	5812.391602
1514.864258	5837.126953
1513.836914	5859.495117
1512.809570	5844.165039
1511.782227	5795.869629
1510.753906	5983.054688
1509.726563	5953.583008
1508.698242	6060.634277
1507.669922	6144.109863
1506.640625	6321.658203
1505.612305	6355.649414
1504.583008	6573.061035
1503.553711	6863.271484
1502.524414	6765.487305
1501.495117	7008.533691
1500.464844	7051.747070
1499.434570	7367.463379
1498.404297	7509.236328
1497.374023	7326.877441
1496.343750	7351.205566
1495.312500	7431.861328
1494.281250	7470.238770
1493.250000	7278.649414
1492.218750	7241.971191
1491.186523	7050.506348
1490.154297	6992.783691
1489.122070	6754.556641
1488.089844	6645.348633
1487.057617	6718.982910
1486.024414	6555.935547
1484.991211	6402.324707
1483.958008	6333.092773
1482.924805	6369.262695
1481.891602	6119.795898
1480.857422	6354.951660
1479.823242	6437.897949
1478.789063	6160.492188
1477.753906	6224.729492
1476.719727	6431.604980
1475.684570	6357.800781
1474.649414	6279.350586
1473.614258	6628.663574
1472.578125	6928.759277
1471.542969	6908.648926
1470.506836	7003.004883
1469.470703	7391.583984
1468.433594	7523.160645
1467.397461	7650.014160
1466.360352	8045.222168
1465.323242	8185.916992
1464.286133	8716.167969
1463.249023	8847.335938
1462.210938	9332.923828
1461.172852	9699.400391
1460.134766	9890.893555
1459.096680	10145.234375
1458.057617	10224.708984
1457.019531	10667.580078
1455.980469	10611.820313
1454.941406	10879.774414
1453.901367	11133.649414
1452.862305	11231.458984
1451.822266	11250.099609
1450.782227	11824.839844
1449.742188	11943.382813
1448.701172	12310.742188
1447.661133	12540.752930
1446.620117	13040.356445
1445.579102	13844.253906
1444.537109	14085.425781
1443.496094	14691.282227
1442.454102	14904.303711
1441.412109	15012.723633
1440.370117	14967.843750
1439.327148	14493.493164
1438.285156	14335.003906
1437.242188	14028.060547
1436.199219	13517.070313
1435.155273	12758.086914
1434.112305	12623.272461
1433.068359	12068.828125
1432.024414	11584.157227
1430.980469	11229.479492
1429.936523	10626.999023
1428.891602	10298.146484
1427.846680	10041.234375
1426.801758	9858.535156
1425.756836	9444.373047
1424.710938	9085.938477
1423.666016	9051.667969
1422.620117	8894.773438
1421.574219	8772.643555
1420.527344	8666.754883
1419.481445	8683.472656
1418.434570	8912.889648
1417.387695	8957.287109
1416.340820	8997.043945
1415.292969	8579.283203
1414.245117	8729.986328
1413.197266	8795.169922
1412.149414	9035.824219
1411.101563	8791.549805
1410.052734	8900.535156
1409.004883	8972.550781
1407.955078	8744.590820
1406.906250	8692.040039
1405.857422	8992.379883
1404.807617	8875.235352
1403.757813	8831.911133
1402.708008	8837.006836
1401.658203	8676.180664
1400.607422	8642.137695
1399.556641	8587.377930
1398.505859	8447.427734
1397.455078	8498.645508
1396.404297	8280.500977
1395.352539	8198.239258
1394.300781	7994.052246
1393.249023	7994.705078
1392.197266	7965.455078
1391.144531	7818.933105
1390.091797	7817.321289
1389.039063	7783.526855
1387.986328	7584.271484
1386.932617	7486.200195
1385.879883	7454.791504
1384.826172	7611.736328
1383.772461	7332.305664
1382.717773	7546.607422
1381.664063	7379.780273
1380.609375	7470.055664
1379.554688	7564.882324
1378.500000	7593.143066
1377.444336	7681.023926
1376.389648	7725.299805
1375.333984	7783.312500
1374.278320	7900.895508
1373.221680	7935.931152
1372.166016	8003.027344
1371.109375	7870.806152
1370.052734	8031.786133
1368.995117	7856.107422
1367.938477	7927.741699
1366.880859	8095.475586
1365.823242	7940.485352
1364.765625	7817.589355
1363.708008	8030.987793
1362.649414	7972.156250
1361.590820	7824.177246
1360.532227	7911.713379
1359.473633	7841.513672
1358.415039	8029.549805
1357.355469	7877.110352
1356.295898	7845.789063
1355.236328	8109.064941
1354.175781	8253.508789
1353.116211	8393.327148
1352.055664	8450.928711
1350.995117	8816.537109
1349.934570	8962.994141
1348.873047	9278.167969
1347.811523	9460.953125
1346.750000	10010.713867
1345.688477	10213.785156
1344.626953	10605.918945
1343.564453	10952.321289
1342.501953	11289.467773
1341.439453	11694.798828
1340.376953	12202.425781
1339.313477	12552.761719
1338.250977	12950.750000
1337.187500	13282.580078
1336.123047	14046.542969
1335.059570	14198.310547
1333.995117	14527.399414
1332.930664	14804.056641
1331.866211	14851.001953
1330.801758	15095.657227
1329.736328	14849.396484
1328.671875	14948.552734
1327.606445	14443.488281
1326.540039	13959.070313
1325.474609	13581.561523
1324.408203	13117.951172
1323.341797	12720.346680
1322.275391	11971.211914
1321.208984	11437.896484
1320.141602	10895.728516
1319.074219	10485.305664
1318.006836	10099.989258
1316.939453	9551.634766
1315.872070	9316.238281
1314.803711	9302.978516
1313.735352	9199.114258
1312.666992	8925.434570
1311.597656	8998.304688
1310.529297	9127.740234
1309.459961	9331.812500
1308.390625	9334.402344
1307.320313	9432.012695
1306.250977	9450.413086
1305.180664	9439.406250
1304.110352	9258.828125
1303.040039	9184.569336
1301.968750	9252.724609
1300.898438	9137.824219
1299.827148	9041.043945
1298.754883	9104.667969
1297.683594	8779.856445
1296.612305	8403.250977
1295.540039	8500.825195
1294.467773	8334.314453
1293.394531	8330.327148
1292.322266	8218.060547
1291.249023	7986.304688
1290.175781	7811.017578
1289.102539	8030.330078
1288.028320	8197.709961
1286.955078	8015.726074
1285.880859	7928.444824
1284.806641	7953.828125
1283.732422	8118.830566
1282.657227	8252.241211
1281.582031	8196.498047
1280.506836	8440.120117
1279.431641	8388.860352
1278.355469	8346.620117
1277.280273	8376.375000
1276.204102	8354.393555
1275.127930	8608.968750
1274.050781	8454.322266
1272.974609	8627.862305
1271.897461	8733.921875
1270.820313	8718.625977
1269.742188	8860.557617
1268.665039	9076.532227
1267.586914	8917.487305
1266.508789	9362.311523
1265.430664	9315.479492
1264.351563	9416.750000
1263.272461	9343.006836
1262.194336	9563.094727
1261.114258	9379.478516
1260.035156	9357.349609
1258.955078	9220.919922
1257.875977	9037.488281
1256.794922	8851.891602
1255.714844	8673.091797
1254.634766	8512.282227
1253.553711	8264.216797
1252.472656	8175.191406
1251.391602	7640.823730
1250.309570	7607.905273
1249.227539	7239.426758
1248.146484	7045.562988
1247.063477	7061.984375
1245.981445	7038.154785
1244.898438	6945.041016
1243.816406	6822.912598
1242.732422	6754.459473
1241.649414	6840.173340
1240.566406	6637.738770
1239.482422	6710.041992
1238.398438	6637.203125
1237.314453	6577.785645
1236.229492	6712.539063
1235.144531	6597.353027
1234.059570	6555.825195
1232.974609	6532.155762
1231.889648	6604.373047
1230.803711	6511.596191
1229.717773	6447.831543
1228.631836	6580.184570
1227.545898	6527.570801
1226.458984	6499.479492
1225.373047	6486.988281
1224.286133	6703.825684
1223.198242	6548.833008
1222.111328	6540.789063
1221.023438	6425.945801
1219.935547	6415.705566
1218.847656	6592.294922
1217.759766	6626.496582
1216.670898	6654.014160
1215.582031	6465.914551
1214.493164	6391.229004
1213.404297	6492.096680
1212.314453	6635.126465
1211.224609	6407.211426
1210.134766	6359.243652
1209.044922	6517.750000
1207.954102	6673.970703
1206.864258	6537.215820
1205.773438	6473.729492
1204.681641	6700.838867
1203.590820	6553.074707
1202.499023	6664.779297
1201.407227	6740.969727
1200.315430	6861.452637
1199.223633	6866.665039
1198.130859	6736.740723
1197.038086	6719.827637
1195.945313	6873.428223
1194.852539	6836.567383
1193.758789	6868.338379
1192.666016	6714.205078
1191.572266	6878.739258
1190.477539	6737.939453
1189.383789	6778.549316
1188.289063	6544.960938
1187.194336	6680.652344
1186.099609	6559.902344
1185.004883	6604.933594
1183.909180	6380.412598
1182.813477	6279.679199
1181.717773	6410.865723
1180.621094	6122.496094
1179.525391	6273.526855
1178.428711	6212.624023
1177.332031	6074.519043
1176.235352	6165.899902
1175.137695	6036.684082
1174.040039	5883.265625
1172.942383	6001.084473
1171.844727	5995.417969
1170.747070	6031.624512
1169.648438	6006.124023
1168.549805	5954.200195
1167.451172	5816.406250
1166.351563	6081.615234
1165.252930	5827.175781
1164.153320	5997.628906
1163.053711	5914.952148
1161.953125	5926.911621
1160.853516	5919.069824
1159.752930	5937.620117
1158.652344	6213.404785
1157.550781	6176.930176
1156.450195	6125.085938
1155.348633	6180.929688
1154.247070	6329.015625
1153.145508	6103.659180
1152.042969	6095.790527
1150.940430	6248.190918
1149.837891	6148.105469
1148.735352	6159.981445
1147.632813	6345.182129
1146.529297	6363.591797
1145.425781	6353.482422
1144.322266	6279.790039
1143.217773	6403.426758
1142.114258	6603.721680
1141.009766	6593.569336
1139.905273	6660.099609
1138.799805	6562.324219
1137.695313	6694.529297
1136.589844	6627.438965
1135.484375	6573.510254
1134.378906	6513.038574
1133.272461	6463.532227
1132.166016	6317.791504
1131.059570	6454.253418
1129.953125	6170.814453
1128.846680	6278.827637
1127.739258	6410.838867
1126.631836	6442.270020
1125.524414	6233.354980
1124.416016	6297.575195
1123.307617	6409.814453
1122.200195	6380.080566
1121.090820	6385.287109
1119.982422	6359.935547
1118.873047	6352.050781
1117.763672	6280.901855
1116.654297	6567.494141
1115.544922	6526.858887
1114.434570	6438.274902
1113.325195	6824.922363
1112.213867	7222.302734
1111.103516	7462.636719
1109.993164	7759.507813
1108.881836	8204.354492
1107.770508	8786.195313
1106.658203	9256.761719
1105.546875	9738.011719
1104.434570	10175.537109
1103.322266	10704.253906
1102.209961	10956.497070
1101.096680	10975.936523
1099.984375	11051.897461
1098.871094	11147.390625
1097.757813	11073.319336
1096.643555	10875.422852
1095.529297	10571.159180
1094.415039	10290.915039
1093.300781	10128.051758
1092.186523	9431.170898
1091.071289	9086.223633
1089.956055	8698.017578
1088.840820	8288.278320
1087.725586	7815.803223
1086.609375	7495.342285
1085.493164	7517.612305
1084.376953	7106.297852
1083.260742	6831.703613
1082.143555	6550.723633
1081.027344	6464.847656
1079.910156	6227.384277
1078.791992	6360.336426
1077.674805	6341.672363
1076.556641	6245.087891
1075.438477	6196.156738
1074.320313	6307.363770
1073.201172	6139.457520
1072.082031	6032.181641
1070.962891	6136.864746
1069.843750	6353.923828
1068.724609	6324.482422
1067.604492	6521.959961
1066.484375	6475.210449
1065.364258	6540.805664
1064.243164	6677.641113
1063.123047	6697.821777
1062.001953	6828.089355
1060.880859	6837.437500
1059.758789	6831.676270
1058.637695	7011.451172
1057.515625	6915.064941
1056.392578	6984.765625
1055.270508	6784.936523
1054.147461	6796.435059
1053.025391	7038.522949
1051.901367	6985.323242
1050.778320	6744.731934
1049.654297	6833.761230
1048.531250	6662.207520
1047.407227	6768.438477
1046.282227	6676.607422
1045.158203	6733.295898
1044.033203	6619.995605
1042.908203	6644.406250
1041.782227	6658.053711
1040.657227	6639.443848
1039.531250	6683.180176
1038.405273	6722.599609
1037.279297	6727.622070
1036.152344	6848.648438
1035.025391	6660.338867
1033.898438	6815.685059
1032.771484	6893.676270
1031.644531	6945.876953
1030.516602	6828.522461
1029.388672	6940.788574
1028.260742	7016.541016
1027.131836	7075.103516
1026.002930	6887.061523
1024.874023	6941.338379
1023.745117	7107.041504
1022.616211	7116.249023
1021.486328	7149.018066
1020.356445	7138.934570
1019.226563	7175.966797
1018.095703	7174.445313
1016.965820	7228.577637
1015.834961	7171.402832
1014.704102	7144.206055
1013.572266	7328.798340
1012.441406	7059.904297
1011.309570	7231.605957
1010.176758	7274.965332
1009.044922	7299.070313
1007.912109	7252.645996
1006.779297	7152.830566
1005.646484	7228.208008
1004.513672	7181.827637
1003.379883	7427.973145
1002.246094	7370.895996
1001.112305	7476.040039
999.978516	7365.632324
998.843750	7342.735352
997.708984	7055.377930
996.574219	7036.820313
995.439453	6877.563965
994.303711	6688.534180
993.167969	6942.834473
992.032227	6815.656738
990.896484	6588.416992
989.759766	6550.812988
988.623047	6560.066895
987.486328	6662.981445
986.349609	6727.542480
985.211914	6792.075684
984.075195	6669.370117
982.936523	6525.447266
981.798828	6689.925781
980.661133	6694.881348
979.522461	6735.969238
978.383789	6900.296875
977.244141	6881.832031
976.105469	7135.275391
974.965820	7138.004883
973.826172	7144.979492
972.685547	7357.869141
971.545898	7568.545410
970.405273	7626.350098
969.264648	7860.215332
968.124023	8060.043457
966.982422	8232.217773
965.840820	8130.817871
964.699219	8256.269531
963.557617	8335.043945
962.415039	8216.734375
961.273438	8119.658691
960.129883	8039.566895
958.987305	7859.988281
957.844727	7949.345215
956.701172	7761.395508
955.557617	7651.820801
954.413086	7531.714355
953.269531	7430.694824
952.125000	7232.439941
950.980469	7404.270996
949.835938	7360.416016
948.690430	7267.971191
947.544922	7093.160156
946.399414	6992.360840
945.253906	7191.514160
944.107422	7304.006836
942.961914	7283.449219
941.815430	7381.098633
940.667969	7451.272949
939.521484	7603.698242
938.374023	7827.776367
937.226563	7990.600098
936.078125	8393.716797
934.930664	8773.472656
933.782227	9032.936523
932.633789	9639.958984
931.485352	10257.254883
930.335938	10821.632813
929.186523	11417.354492
928.037109	12061.243164
926.887695	12519.628906
925.737305	12952.566406
924.587891	13326.407227
923.436523	13371.942383
922.286133	13211.357422
921.135742	12735.450195
919.984375	12255.541992
918.833008	11819.972656
917.680664	10871.883789
916.529297	10390.578125
915.376953	9854.867188
914.224609	9132.493164
913.071289	8658.163086
911.918945	8240.708984
910.765625	7978.726074
909.612305	8063.043457
908.458984	7522.220215
907.304688	7436.723145
906.150391	7168.843750
904.996094	7024.761230
903.841797	7008.587402
902.686523	7208.249023
901.531250	7051.679199
900.375977	6851.190918
899.220703	6830.878418
898.064453	6925.723633
896.908203	6802.837402
895.751953	6826.494629
894.595703	6753.895996
893.438477	6677.144043
892.281250	6884.854004
891.124023	6866.652832
889.966797	6687.490723
888.808594	6650.527832
887.650391	6755.673340
886.492188	6607.986328
885.333008	6644.167969
884.174805	6582.185059
883.015625	6601.653320
881.856445	6556.404785
880.696289	6394.307617
879.536133	6476.396484
878.376953	6454.148438
877.215820	6690.520996
876.055664	6516.021484
874.894531	6395.798340
873.733398	6440.280273
872.572266	6332.626953
871.410156	6495.853027
870.249023	6498.625977
869.086914	6430.594238
867.924805	6479.183594
866.761719	6434.081543
865.598633	6476.404785
864.435547	6418.837891
863.272461	6538.113281
862.109375	6607.422852
860.945313	6389.755859
859.781250	6452.829590
858.616211	6434.817871
857.452148	6408.500977
856.287109	6483.994629
855.122070	6486.756836
853.957031	6572.583496
852.791016	6346.942871
851.625000	6499.186035
850.458984	6350.443848
849.292969	6510.919434
848.125977	6513.669922
846.958984	6562.046387
845.791992	6309.740234
844.625000	6414.111816
843.457031	6398.225586
842.290039	6311.891113
841.121094	6347.826660
839.953125	6383.745605
838.784180	6256.051758
837.615234	6279.552246
836.446289	6387.910645
835.277344	6303.756836
834.107422	6331.368652
832.937500	6559.625488
831.767578	6479.624023
830.597656	6391.385254
829.426758	6309.386230
828.255859	6365.901367
827.084961	6360.399414
825.913086	6400.350098
824.742188	6508.445801
823.570313	6409.987305
822.397461	6288.859375
821.225586	6380.394531
820.052734	6471.889648
818.879883	6532.395996
817.707031	6419.595703
816.533203	6422.338867
815.359375	6235.379395
814.185547	6390.712402
813.011719	6442.924316
811.836914	6495.113770
810.662109	6572.001953
809.487305	6661.215332
808.312500	6626.832031
807.136719	6631.581055
805.961914	6599.276367
804.785156	6813.941406
803.609375	6763.092773
802.432617	6794.548340
801.255859	6675.855957
800.079102	6594.225098
798.902344	6545.521484
797.724609	6620.157227
796.546875	6690.650391
795.369141	6754.949707
794.190430	6794.572754
793.012695	6825.964355
791.833984	6752.633789
790.654297	6866.125977
789.475586	6790.765625
788.295898	6606.693359
787.116211	6685.270020
785.936523	6776.117188
784.755859	6661.880859
783.575195	6810.093262
782.394531	6669.253906
781.213867	6493.640137
780.032227	6563.941895
778.851563	6712.045898
777.668945	6720.835938
776.487305	6825.846680
775.304688	6746.590332
774.123047	6876.106934
772.939453	6774.367188
771.756836	6871.091797
770.573242	6924.826660
769.389648	6763.844727
768.206055	7015.870605
767.022461	7136.983398
765.837891	7192.655762
764.653320	7305.505371
763.468750	7363.158691
762.283203	7408.534180
761.097656	7529.429199
759.912109	7866.634277
758.726563	8115.942383
757.540039	8065.220703
756.353516	8128.751953
755.166992	8449.218750
753.980469	8787.897461
752.792969	9136.621094
751.605469	9603.401367
750.417969	9941.608398
749.230469	10894.901367
748.041992	11621.701172
746.853516	12865.408203
745.665039	14536.108398
744.476563	16285.467773
743.287109	17973.017578
742.097656	19686.287109
740.908203	21221.843750
739.717773	22402.878906
738.527344	22408.195313
737.336914	22744.851563
736.146484	22233.871094
734.955078	21897.855469
733.763672	21478.693359
732.572266	20866.763672
731.380859	20703.859375
730.188477	20439.515625
728.996094	19700.332031
727.803711	19345.000000
726.611328	19006.052734
725.417969	18482.666016
724.224609	18123.769531
723.031250	17420.351563
721.836914	16928.050781
720.643555	15686.111328
719.449219	14499.415039
718.253906	13602.915039
717.059570	12650.094727
715.864258	11669.337891
714.668945	10980.524414
713.473633	10530.839844
712.277344	10119.797852
711.081055	9581.476563
709.884766	9219.361328
708.687500	9045.470703
707.491211	8910.068359
706.293945	8752.490234
705.096680	8922.369141
703.898438	8813.346680
702.700195	8445.805664
701.501953	8619.677734
700.303711	8450.215820
699.105469	8313.125977
697.906250	8440.491211
696.707031	8585.960938
695.506836	8446.912109
694.307617	8430.958984
693.107422	8441.226563
691.907227	8574.471680
690.706055	8776.190430
689.505859	9060.445313
688.304688	9284.131836
687.102539	9566.137695
685.901367	9781.560547
684.699219	10039.171875
683.497070	10427.518555
682.294922	10634.561523
681.091797	11080.960938
679.889648	11134.879883
678.685547	10989.657227
677.482422	11095.852539
676.278320	10783.836914
675.075195	10837.769531
673.870117	10640.487305
672.666016	10431.235352
671.460938	10447.043945
670.255859	10326.285156
669.050781	10077.080078
667.845703	10267.592773
666.639648	10333.592773
665.433594	10435.680664
664.226563	10589.879883
663.020508	10796.157227
661.813477	11014.375000
660.606445	10997.943359
659.398438	11358.325195
658.191406	11588.298828
656.983398	11826.184570
655.775391	11827.614258
654.566406	12051.326172
653.358398	12088.742188
652.149414	11982.021484
650.939453	12057.458984
649.730469	11806.731445
648.520508	11518.106445
647.310547	11003.613281
646.099609	10801.265625
644.889648	10145.218750
643.678711	9935.150391
642.467773	9525.354492
641.255859	9353.467773
640.044922	9025.866211
638.833008	9021.900391
637.620117	8790.341797
636.408203	8802.396484
635.195313	8880.298828
633.982422	8846.439453
632.769531	8794.641602
631.555664	9167.644531
630.341797	9361.039063
629.127930	9464.646484
627.914063	9799.390625
626.699219	10195.756836
625.484375	10066.037109
624.269531	10107.656250
623.053711	9950.133789
621.838867	9655.315430
620.622070	9410.383789
619.406250	9284.953125
618.190430	8982.513672
616.973633	8775.678711
615.756836	8477.458984
614.539063	8231.060547
613.321289	8042.413574
612.104492	8014.821289
610.885742	7854.119629
609.667969	7800.755371
608.449219	7769.260254
607.230469	7837.056641
606.011719	7503.825195
604.791992	7512.107910
603.572266	7504.512695
602.352539	7354.083984
601.132813	7455.612305
599.912109	7231.889160
598.691406	7390.892578
597.470703	7432.881836
596.249023	7407.475586
595.028320	7354.342773
593.805664	7431.965332
592.583984	7279.831055
591.362305	7507.910156
590.139648	7217.259766
588.916992	7516.498047
587.693359	7487.151855
586.469727	7394.515137
585.246094	7345.429688
584.022461	7527.713379
582.798828	7749.455078
581.574219	7637.075195
580.349609	7593.905762
579.125000	7631.754395
577.899414	7774.270020
576.673828	7906.848633
575.448242	7867.604492
574.221680	7948.782715
572.996094	7972.695313
571.769531	7939.379883
570.541992	8050.076660
569.315430	8070.005371
568.087891	8184.566895
566.860352	8316.819336
565.632813	8196.745117
564.404297	8307.260742
563.175781	8248.309570
561.947266	7927.433594
560.717773	8016.273926
559.489258	7904.269043
558.259766	7886.789063
557.029297	7833.895508
555.799805	7926.610840
554.569336	7844.226074
553.338867	7754.010742
552.107422	7834.884766
550.876953	7890.169434
549.645508	7762.662598
548.413086	7743.274902
547.181641	7725.859863
545.949219	7873.422363
544.716797	7759.773438
543.484375	7844.444824
542.250977	7909.451660
541.017578	7874.356445
539.784180	7731.378418
538.550781	7831.669922
537.316406	7867.206543
536.082031	7757.650879
534.847656	7851.988770
533.612305	7652.340820
532.376953	7805.435059
531.141602	7623.512695
529.906250	7876.420410
528.669922	7880.562012
527.433594	7853.382324
526.197266	8004.304688
524.959961	8198.205078
523.722656	8278.561523
522.485352	8965.165039
521.248047	10425.773438
520.009766	11610.098633
518.771484	12246.653320
517.533203	11202.459961
516.294922	9955.550781
515.055664	8717.001953
513.816406	8353.826172
512.577148	8096.234863
511.336914	8094.452637
510.096680	7840.933105
508.856445	7866.520996
507.616211	7808.221680
506.375000	7937.162598
505.133789	7962.710938
503.892578	7939.514648
502.650391	7865.657227
