1802.318359	3643.453857
1801.348633	3753.331787
1800.379883	3620.255615
1799.410156	3711.892822
1798.440430	3703.664063
1797.470703	3675.476563
1796.500977	3637.321289
1795.530273	3721.398438
1794.559570	3623.399170
1793.588867	3642.620850
1792.618164	3731.631592
1791.647461	3695.994141
1790.675781	3782.466553
1789.705078	3809.114014
1788.733398	3780.954346
1787.761719	3864.866699
1786.789063	3923.848145
1785.817383	3801.090088
1784.844727	3984.497803
1783.872070	3849.334961
1782.899414	3895.832520
1781.926758	3875.155029
1780.953125	3874.379883
1779.980469	4017.808350
1779.006836	3862.886719
1778.033203	4058.450439
1777.058594	4171.937988
1776.084961	4136.323242
1775.110352	3949.211670
1774.135742	4067.618896
1773.161133	4121.426270
1772.186523	4165.282227
1771.210938	4055.249512
1770.236328	4267.829102
1769.260742	4222.320313
1768.285156	4454.623047
1767.308594	4317.341797
1766.333008	4460.277344
1765.356445	4585.803223
1764.379883	4636.929199
1763.403320	4692.990234
1762.426758	4791.143066
1761.449219	4834.766113
1760.472656	4922.945313
1759.495117	5167.066406
1758.517578	5151.179199
1757.539063	5328.335449
1756.561523	5235.716797
1755.583008	5370.729004
1754.604492	5280.611816
1753.625977	5393.304688
1752.647461	5449.087891
1751.667969	5321.929688
1750.688477	5291.206543
1749.709961	5290.145508
1748.729492	5128.509766
1747.750000	5132.420898
1746.770508	5205.473145
1745.790039	5016.792969
1744.809570	5000.976074
1743.829102	5049.331055
1742.847656	4912.610352
1741.867188	5030.036621
1740.885742	4777.452637
1739.904297	4857.869141
1738.922852	4790.327637
1737.941406	4875.639160
1736.958984	4921.484863
1735.977539	4767.732422
1734.995117	4892.411133
1734.011719	4874.187988
1733.029297	4769.786133
1732.046875	4763.904297
1731.063477	4922.943359
1730.080078	4828.437500
1729.096680	4714.285645
1728.112305	4981.477539
1727.128906	4852.583008
1726.144531	4886.034180
1725.160156	4774.419434
1724.175781	4807.872559
1723.191406	4765.128418
1722.206055	4953.361816
1721.220703	4991.670898
1720.235352	4990.667480
1719.250000	5105.075195
1718.264648	5194.885742
1717.278320	5066.204590
1716.291992	5212.429688
1715.305664	5334.060059
1714.319336	5345.252930
1713.333008	5295.126465
1712.345703	5475.516113
1711.358398	5604.349609
1710.371094	5789.506348
1709.383789	5817.749023
1708.396484	5936.634277
1707.408203	6106.913574
1706.419922	6191.404297
1705.431641	6412.984863
1704.443359	6644.268066
1703.455078	6816.714355
1702.465820	7023.351074
1701.476563	7342.451172
1700.487305	7517.097656
1699.498047	7620.748535
1698.507813	7910.192383
1697.518555	7928.157227
1696.528320	8197.868164
1695.538086	8281.747070
1694.547852	8365.591797
1693.556641	8544.668945
1692.565430	8440.374023
1691.575195	8499.717773
1690.583008	8642.039063
1689.591797	8476.766602
1688.600586	8394.530273
1687.608398	8480.670898
1686.616211	8700.936523
1685.624023	8535.784180
1684.631836	8302.424805
1683.638672	8134.980469
1682.645508	8082.156738
1681.652344	8114.643066
1680.659180	8049.662598
1679.666016	8055.347168
1678.671875	7941.696289
1677.678711	7893.832520
1676.684570	7841.118652
1675.690430	7966.099121
1674.695313	7614.083984
1673.701172	7758.522461
1672.706055	7562.364258
1671.710938	7680.002930
1670.715820	7729.513184
1669.719727	7552.926270
1668.724609	7468.767090
1667.728516	7438.100098
1666.732422	7630.956543
1665.736328	7459.387695
1664.739258	7321.886719
1663.743164	7485.512695
1662.746094	7442.733887
1661.749023	7523.749512
1660.751953	7381.492188
1659.753906	7680.830078
1658.755859	7497.362793
1657.758789	7641.352051
1656.759766	7489.485352
1655.761719	7536.454102
1654.763672	7515.542969
1653.764648	7671.526367
1652.765625	7471.322266
1651.766602	7605.451660
1650.767578	7267.308105
1649.767578	7403.844727
1648.767578	7373.300293
1647.768555	7359.709473
1646.767578	7285.631348
1645.767578	7424.471191
1644.766602	7461.669434
1643.766602	7414.214844
1642.765625	7161.273438
1641.764648	7498.237305
1640.762695	7160.794434
1639.761719	7219.752441
1638.759766	7063.683594
1637.757813	6948.736816
1636.755859	7220.201660
1635.752930	7112.512207
1634.750977	7024.176270
1633.748047	7090.327637
1632.745117	7175.754883
1631.741211	7155.003906
1630.738281	7047.434570
1629.734375	7019.482910
1628.730469	7034.938477
1627.726563	6992.537598
1626.722656	7048.959473
1625.718750	7129.452637
1624.713867	7043.696777
1623.708984	7015.777344
1622.704102	7134.754395
1621.698242	6933.489746
1620.693359	7216.108398
1619.687500	7123.200684
1618.681641	7136.193359
1617.675781	7120.314941
1616.669922	7270.388672
1615.663086	7249.679199
1614.656250	7123.199707
1613.649414	7155.406250
1612.642578	7153.956055
1611.635742	7479.257813
1610.627930	7391.266113
1609.620117	7505.045410
1608.612305	7597.167969
1607.604492	7367.566895
1606.595703	7464.479492
1605.587891	7561.352051
1604.579102	7562.217773
1603.570313	7733.390137
1602.560547	7837.342773
1601.551758	7934.059570
1600.541992	7611.220703
1599.532227	7870.922363
1598.522461	8149.687988
1597.512695	8030.641602
1596.501953	8395.491211
1595.491211	8444.078125
1594.480469	8789.541016
1593.469727	8902.661133
1592.458984	8771.613281
1591.447266	9097.654297
1590.435547	9409.208008
1589.423828	9299.663086
1588.412109	9553.655273
1587.400391	9491.942383
1586.387695	9602.365234
1585.375000	9590.854492
1584.362305	9390.582031
1583.349609	9355.228516
1582.335938	9324.666016
1581.323242	9196.208008
1580.309570	8843.374023
1579.294922	8767.579102
1578.281250	8763.411133
1577.267578	8618.465820
1576.252930	8752.692383
1575.238281	8719.907227
1574.223633	8548.827148
1573.208008	8649.607422
1572.193359	8581.106445
1571.177734	8560.296875
1570.162109	8413.212891
1569.145508	8540.140625
1568.129883	8621.763672
1567.113281	8589.053711
1566.096680	8399.229492
1565.080078	8592.701172
1564.063477	8619.510742
1563.045898	8413.138672
1562.029297	8330.547852
1561.011719	8419.228516
1559.994141	8543.540039
1558.975586	8339.727539
1557.958008	8359.421875
1556.939453	8457.528320
1555.920898	8284.742188
1554.902344	8009.883789
1553.882813	8041.501953
1552.864258	8054.111328
1551.844727	8178.291016
1550.825195	8067.445801
1549.804688	8120.381836
1548.785156	7926.554688
1547.764648	7996.101074
1546.744141	8063.247070
1545.723633	8101.912598
1544.703125	8050.479980
1543.681641	8136.533203
1542.660156	8172.789063
1541.638672	8000.546387
1540.617188	8294.996094
1539.595703	8210.419922
1538.573242	8275.041992
1537.550781	8176.299805
1536.528320	8141.499023
1535.505859	8243.953125
1534.482422	8247.003906
1533.459961	8240.591797
1532.436523	8212.899414
1531.413086	8279.789063
1530.388672	8188.274902
1529.365234	8238.598633
1528.340820	8208.563477
1527.316406	8112.394043
1526.291992	8061.139160
1525.267578	7931.978027
1524.242188	8105.068359
1523.216797	8105.774902
1522.191406	7905.883789
1521.166016	8071.793457
1520.139648	7942.759766
1519.114258	8085.008301
1518.087891	8213.049805
1517.061523	8105.282715
1516.034180	8087.128418
1515.007813	7995.926270
1513.980469	8116.811523
1512.953125	8096.308594
1511.925781	8026.355957
1510.897461	8184.833984
1509.870117	8350.309570
1508.841797	8525.131836
1507.813477	8558.688477
1506.785156	8535.764648
1505.755859	8698.679688
1504.726563	8816.842773
1503.697266	8991.388672
1502.667969	9168.213867
1501.638672	9305.009766
1500.608398	9368.904297
1499.579102	9601.926758
1498.548828	9578.823242
1497.517578	9731.861328
1496.487305	9563.166992
1495.456055	9798.304688
1494.424805	9617.930664
1493.393555	9496.291992
1492.362305	9306.667969
1491.331055	9271.925781
1490.298828	9232.507813
1489.266602	8960.992188
1488.234375	8996.664063
1487.201172	9015.916016
1486.168945	8761.011719
1485.135742	8801.386719
1484.102539	8581.761719
1483.069336	8580.004883
1482.035156	8681.262695
1481.001953	8599.900391
1479.967773	8881.311523
1478.933594	8844.396484
1477.898438	8947.854492
1476.864258	9025.541992
1475.829102	9297.280273
1474.793945	9568.907227
1473.758789	9492.150391
1472.722656	9948.240234
1471.687500	10345.733398
1470.651367	10738.389648
1469.615234	11130.884766
1468.579102	11420.478516
1467.541992	11768.316406
1466.504883	12398.429688
1465.468750	12811.262695
1464.430664	13429.237305
1463.393555	13540.782227
1462.355469	14295.947266
1461.318359	14600.793945
1460.280273	15040.722656
1459.241211	15142.519531
1458.203125	15535.550781
1457.164063	15338.996094
1456.125000	15654.958984
1455.085938	15749.556641
1454.046875	15590.329102
1453.006836	15885.091797
1451.967773	15700.299805
1450.927734	16034.474609
1449.886719	15742.710938
1448.846680	16237.226563
1447.805664	16164.129883
1446.764648	16456.082031
1445.723633	16613.093750
1444.682617	16918.775391
1443.641602	16771.244141
1442.599609	16712.046875
1441.557617	16165.131836
1440.515625	16041.063477
1439.472656	15701.133789
1438.430664	15342.773438
1437.387695	14833.715820
1436.344727	14341.108398
1435.301758	14055.156250
1434.257813	13398.243164
1433.213867	13307.376953
1432.169922	12905.897461
1431.125977	12488.357422
1430.082031	12240.153320
1429.037109	12195.933594
1427.993164	11894.614258
1426.948242	11595.732422
1425.902344	11681.334961
1424.857422	11611.799805
1423.811523	11530.719727
1422.765625	11683.386719
1421.719727	11495.902344
1420.673828	11514.354492
1419.626953	11479.610352
1418.580078	11435.630859
1417.533203	11634.389648
1416.486328	11514.127930
1415.439453	11440.127930
1414.391602	11553.283203
1413.343750	11532.427734
1412.295898	11393.809570
1411.248047	11419.168945
1410.199219	11488.375977
1409.150391	11215.996094
1408.101563	11174.461914
1407.052734	11310.574219
1406.003906	11271.342773
1404.954102	11116.831055
1403.904297	11119.152344
1402.854492	11013.138672
1401.804688	10828.815430
1400.753906	10543.190430
1399.703125	10582.482422
1398.652344	10575.696289
1397.601563	10352.467773
1396.550781	10424.002930
1395.499023	10292.961914
1394.447266	10449.622070
1393.395508	10192.090820
1392.343750	10127.883789
1391.291016	9859.025391
1390.239258	9965.058594
1389.186523	9894.040039
1388.132813	9937.966797
1387.080078	9869.279297
1386.026367	9800.620117
1384.972656	9743.473633
1383.918945	10079.039063
1382.865234	9959.866211
1381.810547	10178.178711
1380.756836	10185.258789
1379.702148	10045.485352
1378.646484	10332.463867
1377.591797	10568.865234
1376.536133	10509.356445
1375.480469	10612.649414
1374.424805	10486.681641
1373.369141	10615.143555
1372.312500	10557.962891
1371.256836	10599.307617
1370.200195	10356.639648
1369.142578	10448.382813
1368.085938	10466.829102
1367.028320	10668.375977
1365.970703	10583.791016
1364.913086	10604.484375
1363.855469	10595.431641
1362.796875	10629.833984
1361.739258	10476.728516
1360.680664	10682.592773
1359.621094	10806.090820
1358.562500	10945.532227
1357.502930	10915.854492
1356.443359	10918.166992
1355.383789	11119.156250
1354.324219	11507.283203
1353.263672	11787.961914
1352.203125	11796.935547
1351.142578	12097.972656
1350.082031	12312.194336
1349.021484	12528.608398
1347.959961	12756.333008
1346.898438	13282.628906
1345.836914	13459.955078
1344.774414	13833.196289
1343.712891	14340.712891
1342.650391	14668.055664
1341.587891	15143.302734
1340.525391	15454.403320
1339.461914	16049.947266
1338.398438	16089.872070
1337.335938	16653.177734
1336.271484	17209.421875
1335.208008	17597.109375
1334.143555	17447.914063
1333.079102	17601.191406
1332.014648	17613.460938
1330.950195	17948.462891
1329.885742	17422.105469
1328.820313	16730.117188
1327.754883	16304.169922
1326.689453	16175.890625
1325.623047	15348.360352
1324.556641	14766.331055
1323.491211	14901.711914
1322.423828	13934.275391
1321.357422	13398.269531
1320.291016	13200.434570
1319.223633	12791.790039
1318.156250	12610.031250
1317.087891	12197.143555
1316.020508	11931.731445
1314.952148	12076.532227
1313.883789	11976.621094
1312.815430	11561.938477
1311.747070	11924.102539
1310.677734	11713.351563
1309.608398	11846.726563
1308.539063	11776.380859
1307.469727	11832.762695
1306.399414	11739.827148
1305.330078	11642.406250
1304.259766	11418.405273
1303.189453	11244.230469
1302.118164	11415.926758
1301.046875	11273.458008
1299.976563	11049.716797
1298.904297	10914.158203
1297.833008	10821.562500
1296.761719	10717.714844
1295.689453	10422.038086
1294.617188	10345.397461
1293.543945	10535.041992
1292.471680	10402.010742
1291.398438	10413.382813
1290.325195	10397.689453
1289.251953	10487.963867
1288.178711	10569.184570
1287.104492	10722.485352
1286.030273	10751.799805
1284.956055	10576.113281
1283.881836	10808.140625
1282.806641	11049.077148
1281.732422	11339.440430
1280.657227	11447.370117
1279.581055	11512.499023
1278.505859	11595.598633
1277.429688	11867.609375
1276.353516	11892.127930
1275.277344	12157.216797
1274.201172	12352.508789
1273.124023	12278.019531
1272.046875	12111.433594
1270.969727	12149.351563
1269.892578	12436.568359
1268.814453	12308.226563
1267.737305	12164.220703
1266.659180	12065.167969
1265.581055	12024.505859
1264.501953	11885.133789
1263.422852	11460.922852
1262.344727	11409.195313
1261.264648	11265.552734
1260.185547	11041.260742
1259.105469	10579.471680
1258.026367	10722.930664
1256.946289	10407.030273
1255.865234	10095.740234
1254.785156	10142.908203
1253.704102	9764.629883
1252.623047	9664.095703
1251.541992	9704.607422
1250.459961	9718.249023
1249.378906	9309.050781
1248.296875	9559.863281
1247.214844	9302.935547
1246.131836	9086.357422
1245.049805	9095.640625
1243.966797	8999.878906
1242.883789	9149.943359
1241.800781	8967.085938
1240.716797	8902.677734
1239.632813	9021.405273
1238.548828	8876.639648
1237.464844	8796.665039
1236.380859	8915.337891
1235.295898	8786.302734
1234.210938	8762.163086
1233.125977	8920.911133
1232.041016	8760.736328
1230.955078	8850.309570
1229.869141	8893.039063
1228.783203	8654.976563
1227.697266	8548.458984
1226.610352	8564.494141
1225.524414	8763.132813
1224.437500	8676.696289
1223.349609	8612.555664
1222.262695	8679.750000
1221.174805	8838.145508
1220.086914	8656.103516
1218.999023	8863.369141
1217.911133	8823.714844
1216.822266	8781.852539
1215.733398	8766.681641
1214.644531	8751.515625
1213.555664	8814.121094
1212.465820	8818.943359
1211.376953	8917.042969
1210.287109	8941.824219
1209.196289	8831.175781
1208.106445	8829.329102
1207.015625	8725.406250
1205.924805	8723.582031
1204.833984	8908.083008
1203.743164	8886.260742
1202.651367	8793.496094
1201.559570	9013.333008
1200.467773	8800.900391
1199.375977	8827.865234
1198.283203	8772.849609
1197.190430	8722.286133
1196.097656	8687.245117
1195.004883	8692.069336
1193.911133	8524.237305
1192.818359	8604.335938
1191.724609	8471.992188
1190.629883	8682.583008
1189.536133	8388.826172
1188.441406	8502.052734
1187.346680	8365.417969
1186.251953	8363.666016
1185.157227	8262.473633
1184.061523	8377.838867
1182.965820	8157.404785
1181.870117	8380.955078
1180.774414	8273.217773
1179.677734	8119.167480
1178.581055	8119.673340
1177.484375	7981.165039
1176.387695	8103.034668
1175.291016	8055.018066
1174.193359	8212.103516
1173.095703	7976.681641
1171.998047	7963.988281
1170.899414	8032.840820
1169.800781	7987.089844
1168.702148	8038.284180
1167.603516	7966.121582
1166.504883	7812.517090
1165.405273	7828.490234
1164.305664	7925.895020
1163.206055	7981.447266
1162.106445	8041.375977
1161.005859	8013.293457
1159.906250	8165.554688
1158.804688	8089.084961
1157.704102	8109.370117
1156.603516	7876.899902
1155.501953	8149.913574
1154.400391	7972.453613
1153.298828	8087.189941
1152.196289	8215.053711
1151.093750	8237.479492
1149.992188	8378.426758
1148.888672	8350.333008
1147.786133	8576.766602
1146.682617	8866.720703
1145.579102	8763.971680
1144.475586	8784.057617
1143.372070	9012.400391
1142.267578	8885.574219
1141.163086	8901.238281
1140.058594	8809.541992
1138.954102	8568.934570
1137.848633	8694.152344
1136.744141	8718.598633
1135.638672	8631.393555
1134.532227	8283.783203
1133.426758	8483.349609
1132.320313	8470.627930
1131.213867	8416.353516
1130.107422	8368.663086
1129.000000	8548.364258
1127.893555	8362.957031
1126.786133	8374.310547
1125.677734	8424.987305
1124.570313	8390.448242
1123.461914	8307.875977
1122.354492	8406.570313
1121.245117	8315.295898
1120.136719	8250.250000
1119.027344	8516.917969
1117.918945	8515.125977
1116.808594	8532.963867
1115.699219	8618.399414
1114.589844	8738.681641
1113.479492	8996.244141
1112.369141	9266.774414
1111.257813	9587.305664
1110.147461	10053.658203
1109.036133	10362.997070
1107.924805	10942.222656
1106.813477	10948.625977
1105.701172	11725.556641
1104.589844	11844.952148
1103.477539	12421.199219
1102.364258	12527.344727
1101.251953	12907.470703
1100.138672	12998.247070
1099.025391	12993.333984
1097.912109	13031.890625
1096.798828	12696.678711
1095.684570	12402.885742
1094.570313	12063.601563
1093.456055	11672.341797
1092.341797	11155.320313
1091.226563	11161.650391
1090.111328	10582.016602
1088.996094	10141.492188
1087.880859	9662.104492
1086.764648	9211.114258
1085.648438	9371.800781
1084.532227	8957.915039
1083.416016	8841.148438
1082.299805	8631.249023
1081.182617	8599.094727
1080.065430	8495.473633
1078.947266	8411.385742
1077.830078	8418.270508
1076.711914	8455.458008
1075.593750	8399.566406
1074.475586	8190.065918
1073.357422	8125.598633
1072.238281	8245.005859
1071.119141	8139.466797
1070.000000	8148.557617
1068.879883	8308.951172
1067.760742	8287.746094
1066.640625	8158.518555
1065.519531	8303.686523
1064.399414	8282.494141
1063.278320	8358.477539
1062.157227	8289.788086
1061.036133	8572.936523
1059.915039	8387.704102
1058.792969	8616.776367
1057.670898	8636.524414
1056.548828	8766.246094
1055.426758	8639.340820
1054.303711	8781.939453
1053.181641	8786.547852
1052.057617	8875.186523
1050.934570	8925.010742
1049.811523	8944.660156
1048.687500	8832.948242
1047.563477	8861.219727
1046.438477	9076.739258
1045.314453	8846.709961
1044.189453	8874.958984
1043.064453	8769.830078
1041.939453	8903.461914
1040.813477	8712.364258
1039.687500	8989.979492
1038.561523	8829.033203
1037.435547	8846.502930
1036.309570	9128.207031
1035.182617	9057.542969
1034.055664	9092.129883
1032.928711	9163.201172
1031.800781	9309.368164
1030.673828	9116.398438
1029.545898	9095.156250
1028.416992	9073.922852
1027.289063	9112.749023
1026.160156	8947.857422
1025.031250	8924.523438
1023.902344	8971.927734
1022.773438	8948.597656
1021.643555	8963.839844
1020.513672	9062.611328
1019.383789	9007.152344
1018.252930	8844.664063
1017.123047	9003.333008
1015.992188	9044.225586
1014.861328	8830.478516
1013.729492	8894.921875
1012.598633	9023.500977
1011.466797	9077.182617
1010.334961	9094.497070
1009.202148	9096.842773
1008.070313	9088.500977
1006.937500	9409.185547
1005.804688	9813.039063
1004.670898	10295.738281
1003.538086	10287.146484
1002.404297	10229.460938
1001.270508	9753.487305
1000.135742	9486.826172
999.001953	8953.611328
997.867188	8979.437500
996.732422	8905.027344
995.596680	8807.197266
994.461914	8679.566406
993.326172	8673.459961
992.190430	8616.221680
991.054688	8682.556641
989.917969	8529.501953
988.781250	8355.218750
987.644531	8517.361328
986.507813	8536.834961
985.370117	8762.706055
984.232422	8465.126953
983.094727	8599.455078
981.957031	8614.639648
980.819336	8625.564453
979.680664	8821.415039
978.541992	8993.803711
977.402344	8943.022461
976.263672	9416.959961
975.124023	9572.120117
973.984375	9510.628906
972.844727	9748.497070
971.704102	9822.832031
970.563477	10094.483398
969.422852	10126.280273
968.282227	10081.702148
967.141602	10247.089844
966.000000	10128.295898
964.858398	10253.326172
963.715820	10363.466797
962.574219	10179.037109
961.431641	10178.988281
960.289063	10191.646484
959.146484	10028.544922
958.002930	9956.545898
956.860352	9795.678711
955.716797	9912.096680
954.572266	9728.034180
953.428711	9520.781250
952.284180	9734.462891
951.139648	9444.835938
949.995117	9373.063477
948.849609	9544.369141
947.704102	9569.803711
946.558594	9519.174805
945.413086	9474.903320
944.267578	9559.460938
943.121094	9795.988281
941.974609	9675.697266
940.827148	10042.937500
939.680664	10340.394531
938.533203	10654.599609
937.385742	11078.334961
936.238281	11506.106445
935.089844	11872.560547
933.942383	12664.593750
932.792969	13397.288086
931.644531	14268.711914
930.496094	14859.629883
929.346680	15545.056641
928.197266	16183.872070
927.047852	16371.962891
925.897461	16330.586914
924.747070	16280.811523
923.596680	15711.477539
922.446289	15226.510742
921.294922	14674.463867
920.144531	13773.685547
918.992188	13024.618164
917.840820	12372.529297
916.689453	11621.978516
915.537109	11247.721680
914.384766	10735.026367
913.231445	10277.136719
912.079102	10006.259766
910.925781	9722.906250
909.772461	9469.046875
908.619141	9324.376953
907.464844	9328.675781
906.310547	9175.708984
905.156250	9027.000977
904.001953	8987.343750
902.846680	8905.792969
901.691406	8931.124023
900.536133	8818.200195
899.380859	8906.361328
898.224609	8858.394531
897.069336	8933.949219
895.913086	8967.615234
894.755859	8771.107422
893.599609	8746.219727
892.442383	8857.286133
891.285156	8767.567383
890.126953	8594.265625
888.969727	8636.317383
887.811523	8776.565430
886.653320	8544.872070
885.494141	8553.486328
884.335938	8683.218750
883.176758	8520.592773
882.016602	8696.198242
880.857422	8625.464844
879.697266	8581.886719
878.538086	8496.604492
877.376953	8526.068359
876.216797	8511.730469
875.055664	8382.736328
873.894531	8439.299805
872.733398	8433.323242
871.572266	8439.848633
870.410156	8600.509766
869.248047	8656.975586
868.085938	8317.826172
866.922852	8440.939453
865.760742	8362.125977
864.597656	8520.547852
863.433594	8329.415039
862.270508	8315.149414
861.106445	8392.381836
859.942383	8434.238281
858.778320	8415.800781
857.613281	8588.549805
856.449219	8644.879883
855.284180	8572.401367
854.118164	8732.543945
852.953125	8749.355469
851.787109	8554.426758
850.621094	8637.679688
849.455078	8623.375000
848.288086	8658.864258
847.121094	8538.785156
845.954102	8609.526367
844.787109	8547.555664
843.619141	8508.411133
842.452148	8622.628906
841.283203	8629.063477
840.115234	8550.569336
838.947266	8639.851563
837.778320	8582.092773
836.609375	8863.840820
835.439453	8857.796875
834.269531	8713.122070
833.100586	8719.523438
831.929688	8653.533203
830.759766	8635.129883
829.588867	8819.334961
828.417969	8881.512695
827.247070	8877.536133
826.076172	8838.437500
824.904297	8817.946289
823.732422	8756.160156
822.560547	8712.982422
821.387695	8589.317383
820.215820	8783.530273
819.042969	8725.928711
817.869141	8664.226563
816.696289	8633.487305
815.522461	8827.520508
814.348633	8648.324219
813.174805	8963.876953
812.000000	8823.880859
810.825195	8840.522461
809.650391	8725.329102
808.475586	8836.714844
807.300781	8880.107422
806.125000	8991.410156
804.949219	8808.367188
803.772461	8794.123047
802.596680	8792.228516
801.419922	8996.003906
800.243164	8901.533203
799.065430	9072.302734
797.887695	9004.576172
796.710938	8926.602539
795.532227	8809.626953
794.354492	9173.346680
793.175781	8811.989258
791.997070	8902.480469
790.818359	8873.875000
789.639648	8927.373047
788.459961	8806.441406
787.280273	8843.517578
786.100586	8677.534180
784.919922	8759.732422
783.739258	8837.793945
782.558594	8944.516602
781.377930	8817.586914
780.196289	8926.315430
779.014648	8772.815430
777.833008	8660.337891
776.651367	8787.454102
775.468750	8898.139648
774.287109	8820.497070
773.103516	9068.213867
771.920898	9053.981445
770.737305	9189.053711
769.553711	9238.187500
768.370117	9174.863281
767.186523	9434.496094
766.001953	9479.456055
764.817383	9618.374023
763.632813	9575.444336
762.447266	9865.395508
761.262695	10032.720703
760.077148	10093.830078
758.890625	10316.133789
757.705078	10717.890625
756.518555	10878.764648
755.332031	11139.501953
754.145508	11361.384766
752.958008	11884.878906
751.770508	12371.459961
750.583008	12920.998047
749.395508	13834.965820
748.207031	15054.057617
747.018555	16362.221680
745.830078	17625.029297
744.640625	18850.648438
743.452148	20144.929688
742.262695	20883.201172
741.073242	21492.998047
739.882813	21907.292969
738.692383	21821.218750
737.501953	21542.058594
736.311523	21206.113281
735.120117	21347.822266
733.929688	21609.328125
732.738281	21978.367188
731.545898	22629.503906
730.354492	22801.230469
729.162109	23464.082031
727.969727	24053.591797
726.776367	24573.859375
725.583984	24617.216797
724.390625	23857.464844
723.196289	22958.136719
722.002930	21544.306641
720.808594	19762.230469
719.614258	18234.207031
718.419922	16767.619141
717.224609	15419.138672
716.030273	14433.703125
714.834961	13594.458008
713.638672	13132.049805
712.443359	12809.469727
711.247070	12456.682617
710.050781	12269.911133
708.853516	12046.818359
707.657227	12090.707031
706.459961	11756.570313
705.262695	11644.885742
704.064453	11444.344727
702.867188	11421.660156
701.668945	11126.329102
700.469727	11125.932617
699.271484	11171.967773
698.072266	11331.009766
696.873047	11391.103516
695.673828	11469.329102
694.473633	11795.614258
693.273438	12226.620117
692.073242	12359.045898
690.873047	12880.448242
689.671875	13272.644531
688.470703	13698.921875
687.269531	14233.791016
686.068359	15024.201172
684.866211	15447.803711
683.664063	15919.535156
682.461914	16167.656250
681.258789	16220.483398
680.055664	16072.108398
678.852539	15799.093750
677.649414	15415.596680
676.445313	15112.683594
675.242188	14701.360352
674.037109	14302.272461
672.833008	14289.115234
671.627930	13994.742188
670.422852	14176.458984
669.217773	13713.577148
668.012695	13841.074219
666.806641	13848.096680
665.600586	14065.800781
664.394531	14132.952148
663.187500	14448.775391
661.980469	14543.885742
660.773438	14661.005859
659.566406	14756.026367
658.358398	14981.258789
657.150391	14986.009766
655.942383	15229.119141
654.734375	15197.765625
653.525391	15036.283203
652.316406	14950.935547
651.107422	14543.416016
649.897461	14180.092773
648.688477	13502.859375
647.478516	13327.916992
646.267578	12865.115234
645.057617	12520.461914
643.846680	12407.804688
642.635742	11943.504883
641.423828	11858.990234
640.212891	11550.805664
639.000977	11716.029297
637.788086	11463.911133
636.576172	11541.252930
635.363281	11684.416992
634.150391	11821.531250
632.937500	12170.029297
631.723633	12285.039063
630.510742	12655.214844
629.295898	12815.916016
628.082031	13070.218750
626.867188	12806.336914
625.652344	12869.282227
624.437500	12868.463867
623.222656	12363.851563
622.006836	12317.353516
620.791016	11753.368164
619.575195	11438.375000
618.358398	11380.168945
617.141602	10961.959961
615.924805	10663.252930
614.708008	10446.194336
613.490234	10245.130859
612.272461	10225.005859
611.054688	10157.203125
609.836914	9960.305664
608.618164	9938.267578
607.399414	9755.403320
606.180664	9703.640625
604.960938	9876.177734
603.741211	9741.068359
602.521484	9734.970703
601.301758	9629.701172
600.081055	9627.594727
598.860352	9530.324219
597.639648	9555.990234
596.418945	9466.703125
595.197266	9484.445313
593.975586	9494.254883
592.753906	9369.390625
591.531250	9547.519531
590.308594	9533.552734
589.085938	9648.233398
587.863281	9559.059570
586.639648	9475.857422
585.416016	9572.673828
584.192383	9495.437500
582.967773	9742.454102
581.744141	9730.438477
580.519531	9643.334961
579.293945	9769.640625
578.069336	9886.013672
576.843750	10039.856445
575.618164	10010.015625
574.391602	10217.058594
573.166016	10341.123047
571.939453	10486.836914
570.711914	10646.293945
569.485352	10403.351563
568.257813	10347.833008
567.030273	10315.994141
565.802734	10402.422852
564.574219	10350.879883
563.345703	10220.557617
562.117188	10106.047852
560.888672	10158.968750
559.659180	10215.801758
558.429688	10138.764648
557.200195	10087.343750
555.969727	9986.757813
554.739258	9766.227539
553.508789	9886.012695
552.278320	9887.774414
551.046875	9858.083984
549.815430	9739.967773
548.583984	9932.350586
547.352539	9912.490234
546.120117	9849.429688
544.887695	10073.076172
543.655273	10339.812500
542.421875	10231.555664
541.188477	10133.157227
539.955078	9948.480469
538.721680	9967.870117
537.487305	9948.031250
536.252930	9734.106445
535.018555	9976.981445
533.783203	9902.280273
532.547852	10009.821289
531.312500	9882.256836
530.077148	9915.334961
528.840820	10128.530273
527.604492	10020.596680
526.368164	10233.673828
525.131836	10513.183594
523.894531	11193.598633
522.657227	12059.515625
521.419922	12414.697266
520.181641	12257.525391
518.943359	11437.839844
517.705078	10438.738281
516.465820	10244.982422
515.227539	10203.663086
513.988281	10109.635742
512.748047	9949.268555
511.508789	9898.279297
510.268555	10085.396484
509.028320	10030.497070
507.788086	10069.251953
506.546875	9924.667969
505.305664	10049.218750
504.064453	10187.359375
502.822266	9914.213867
501.580078	9978.278320
