1802.318359	4539.958008
1801.348633	4727.250000
1800.379883	4618.946777
1799.410156	4558.114746
1798.440430	4637.067383
1797.470703	4473.950684
1796.500977	4650.183105
1795.530273	4676.690430
1794.559570	4698.199707
1793.588867	4737.152344
1792.618164	4663.916016
1791.647461	4550.833008
1790.675781	4689.460938
1789.705078	4720.909668
1788.733398	4889.336914
1787.761719	4788.749512
1786.789063	4708.119629
1785.817383	4764.431152
1784.844727	4858.050781
1783.872070	4807.314453
1782.899414	4898.399902
1781.926758	4855.136719
1780.953125	4864.112305
1779.980469	4838.276855
1779.006836	4909.395996
1778.033203	4871.134766
1777.058594	4895.007813
1776.084961	5033.147461
1775.110352	5191.102051
1774.135742	5011.267090
1773.161133	5156.748047
1772.186523	5113.517090
1771.210938	5047.966797
1770.236328	5089.138184
1769.260742	5137.735352
1768.285156	5186.312500
1767.308594	5175.354492
1766.333008	5320.597168
1765.356445	5517.836914
1764.379883	5628.255859
1763.403320	5617.217285
1762.426758	5702.797852
1761.449219	5704.132324
1760.472656	5851.569336
1759.495117	5847.920898
1758.517578	5814.569824
1757.539063	5855.476563
1756.561523	5859.251953
1755.583008	5981.770020
1754.604492	6049.824707
1753.625977	6137.635254
1752.647461	6104.263672
1751.667969	6132.702148
1750.688477	5973.304688
1749.709961	5954.811035
1748.729492	5953.616699
1747.750000	5720.253418
1746.770508	5780.840820
1745.790039	5663.643555
1744.809570	5783.458496
1743.829102	5762.555176
1742.847656	5840.355957
1741.867188	5760.243164
1740.885742	5699.893066
1739.904297	5755.465332
1738.922852	5769.103027
1737.941406	5657.022949
1736.958984	5660.816406
1735.977539	5425.605469
1734.995117	5648.689941
1734.011719	5650.019043
1733.029297	5587.322754
1732.046875	5746.229004
1731.063477	5727.844727
1730.080078	5529.815918
1729.096680	5627.124512
1728.112305	5746.533691
1727.128906	5740.460449
1726.144531	5793.405273
1725.160156	5657.023438
1724.175781	5854.985840
1723.191406	5824.319336
1722.206055	5820.691895
1721.220703	5645.108398
1720.235352	5820.808105
1719.250000	5827.004883
1718.264648	5811.103516
1717.278320	5942.480957
1716.291992	5875.026855
1715.305664	6023.513184
1714.319336	5941.350586
1713.333008	6136.362305
1712.345703	6201.334961
1711.358398	6131.442871
1710.371094	6267.471191
1709.383789	6261.309570
1708.396484	6483.010254
1707.408203	6403.318359
1706.419922	6480.401855
1705.431641	6704.373047
1704.443359	6592.856934
1703.455078	6770.208984
1702.465820	7082.083008
1701.476563	6906.943848
1700.487305	7367.880859
1699.498047	7310.146973
1698.507813	7413.818359
1697.518555	7517.447754
1696.528320	7662.586426
1695.538086	7771.010742
1694.547852	7832.969238
1693.556641	8017.039551
1692.565430	8144.863281
1691.575195	8240.892578
1690.583008	8439.415039
1689.591797	8408.425781
1688.600586	8543.386719
1687.608398	8651.455078
1686.616211	8747.283203
1685.624023	8652.846680
1684.631836	8760.826172
1683.638672	8888.264648
1682.645508	8698.798828
1681.652344	8918.796875
1680.659180	8977.907227
1679.666016	8832.382813
1678.671875	9005.947266
1677.678711	8899.431641
1676.684570	9002.315430
1675.690430	9017.537109
1674.695313	8743.177734
1673.701172	9035.795898
1672.706055	8946.406250
1671.710938	8866.779297
1670.715820	8723.967773
1669.719727	8877.788086
1668.724609	8917.313477
1667.728516	9020.002930
1666.732422	9190.673828
1665.736328	9215.538086
1664.739258	9070.397461
1663.743164	9260.377930
1662.746094	9163.835938
1661.749023	9327.022461
1660.751953	9344.551758
1659.753906	9165.563477
1658.755859	9224.351563
1657.758789	9215.213867
1656.759766	9266.692383
1655.761719	9436.930664
1654.763672	9241.136719
1653.764648	9314.385742
1652.765625	9324.617188
1651.766602	9317.888672
1650.767578	9294.211914
1649.767578	9246.332031
1648.767578	9278.352539
1647.768555	9211.132813
1646.767578	9182.654297
1645.767578	9134.833984
1644.766602	9159.592773
1643.766602	9239.959961
1642.765625	9160.724609
1641.764648	9108.110352
1640.762695	8922.596680
1639.761719	9128.588867
1638.759766	8986.628906
1637.757813	9011.378906
1636.755859	9212.397461
1635.752930	9140.519531
1634.750977	9136.256836
1633.748047	9040.288086
1632.745117	9190.467773
1631.741211	8990.795898
1630.738281	8916.620117
1629.734375	8922.049805
1628.730469	8720.141602
1627.726563	8964.235352
1626.722656	8991.339844
1625.718750	9134.083984
1624.713867	9062.375977
1623.708984	8863.048828
1622.704102	8798.647461
1621.698242	8984.647461
1620.693359	8982.828125
1619.687500	8997.853516
1618.681641	9024.903320
1617.675781	9078.401367
1616.669922	8989.981445
1615.663086	9142.049805
1614.656250	9229.147461
1613.649414	9251.312500
1612.642578	9347.963867
1611.635742	9165.875000
1610.627930	9269.709961
1609.620117	9390.312500
1608.612305	9239.539063
1607.604492	9451.323242
1606.595703	9526.211914
1605.587891	9526.679688
1604.579102	9572.731445
1603.570313	9885.018555
1602.560547	9710.342773
1601.551758	9854.634766
1600.541992	10034.825195
1599.532227	10066.343750
1598.522461	10205.680664
1597.512695	10400.064453
1596.501953	10474.602539
1595.491211	10458.108398
1594.480469	10688.235352
1593.469727	10812.938477
1592.458984	10920.837891
1591.447266	10930.584961
1590.435547	10949.897461
1589.423828	11268.187500
1588.412109	11179.808594
1587.400391	11380.766602
1586.387695	11435.826172
1585.375000	11357.025391
1584.362305	11772.874023
1583.349609	11591.309570
1582.335938	11684.495117
1581.323242	11782.416992
1580.309570	11557.984375
1579.294922	11696.470703
1578.281250	11791.942383
1577.267578	11851.583984
1576.252930	11904.042969
1575.238281	11992.257813
1574.223633	12008.896484
1573.208008	12161.423828
1572.193359	11965.875977
1571.177734	11965.827148
1570.162109	12192.129883
1569.145508	12180.122070
1568.129883	12413.433594
1567.113281	12198.980469
1566.096680	12370.292969
1565.080078	12227.342773
1564.063477	12284.348633
1563.045898	12510.260742
1562.029297	12136.623047
1561.011719	12176.963867
1559.994141	12160.218750
1558.975586	12200.536133
1557.958008	11896.191406
1556.939453	11786.833008
1555.920898	11387.660156
1554.902344	11568.248047
1553.882813	11361.649414
1552.864258	11409.199219
1551.844727	11167.106445
1550.825195	10934.605469
1549.804688	10780.506836
1548.785156	10569.530273
1547.764648	10562.633789
1546.744141	10434.790039
1545.723633	10465.859375
1544.703125	10527.732422
1543.681641	10335.980469
1542.660156	10201.175781
1541.638672	10608.957031
1540.617188	10204.125000
1539.595703	10292.035156
1538.573242	10133.670898
1537.550781	10214.457031
1536.528320	9819.500000
1535.505859	10075.416992
1534.482422	9959.806641
1533.459961	9860.800781
1532.436523	10114.186523
1531.413086	9861.507813
1530.388672	9906.772461
1529.365234	9935.475586
1528.340820	10091.759766
1527.316406	10004.656250
1526.291992	9983.719727
1525.267578	10014.742188
1524.242188	9866.321289
1523.216797	9928.040039
1522.191406	10034.572266
1521.166016	10131.623047
1520.139648	10160.221680
1519.114258	9868.049805
1518.087891	10200.876953
1517.061523	10229.442383
1516.034180	10587.986328
1515.007813	10536.335938
1513.980469	10616.648438
1512.953125	10857.110352
1511.925781	11017.398438
1510.897461	10930.379883
1509.870117	11281.275391
1508.841797	11227.188477
1507.813477	11415.506836
1506.785156	11526.106445
1505.755859	11330.865234
1504.726563	11749.518555
1503.697266	11862.332031
1502.667969	11979.798828
1501.638672	11822.227539
1500.608398	11810.412109
1499.579102	12010.043945
1498.548828	12016.984375
1497.517578	11751.503906
1496.487305	11986.243164
1495.456055	11828.859375
1494.424805	11716.131836
1493.393555	11748.933594
1492.362305	11723.069336
1491.331055	11601.048828
1490.298828	11357.133789
1489.266602	11195.378906
1488.234375	11352.487305
1487.201172	11228.295898
1486.168945	11244.743164
1485.135742	11062.056641
1484.102539	11031.686523
1483.069336	11137.146484
1482.035156	11104.430664
1481.001953	11132.586914
1479.967773	11399.438477
1478.933594	11677.878906
1477.898438	11654.433594
1476.864258	11616.964844
1475.829102	11981.706055
1474.793945	12266.810547
1473.758789	12297.020508
1472.722656	12598.300781
1471.687500	12936.838867
1470.651367	12973.899414
1469.615234	13536.426758
1468.579102	13596.698242
1467.541992	13937.085938
1466.504883	14641.444336
1465.468750	14538.099609
1464.430664	14749.763672
1463.393555	15168.941406
1462.355469	15212.473633
1461.318359	15629.051758
1460.280273	15712.100586
1459.241211	15776.468750
1458.203125	15910.715820
1457.164063	15807.273438
1456.125000	16071.896484
1455.085938	16180.380859
1454.046875	16281.834961
1453.006836	16103.908203
1451.967773	16198.352539
1450.927734	16213.643555
1449.886719	16045.141602
1448.846680	16362.825195
1447.805664	16375.745117
1446.764648	16463.056641
1445.723633	16471.300781
1444.682617	16551.583984
1443.641602	16064.890625
1442.599609	16205.621094
1441.557617	15902.680664
1440.515625	15806.531250
1439.472656	15355.211914
1438.430664	15212.789063
1437.387695	15170.212891
1436.344727	14693.777344
1435.301758	14609.568359
1434.257813	14745.720703
1433.213867	14853.991211
1432.169922	14646.929688
1431.125977	14377.372070
1430.082031	14432.350586
1429.037109	14524.375000
1427.993164	14486.643555
1426.948242	14613.356445
1425.902344	14663.606445
1424.857422	14690.685547
1423.811523	14736.269531
1422.765625	14710.098633
1421.719727	14801.927734
1420.673828	14817.387695
1419.626953	14555.332031
1418.580078	14584.707031
1417.533203	14752.766602
1416.486328	14715.064453
1415.439453	14749.007813
1414.391602	14743.662109
1413.343750	14699.052734
1412.295898	14571.329102
1411.248047	14868.469727
1410.199219	14507.624023
1409.150391	14763.113281
1408.101563	14485.500000
1407.052734	14558.643555
1406.003906	14391.892578
1404.954102	14356.645508
1403.904297	13867.240234
1402.854492	14164.030273
1401.804688	14216.420898
1400.753906	14114.419922
1399.703125	13823.569336
1398.652344	13675.627930
1397.601563	13748.795898
1396.550781	13577.908203
1395.499023	13676.381836
1394.447266	13528.589844
1393.395508	13627.032227
1392.343750	13157.278320
1391.291016	13506.427734
1390.239258	13365.686523
1389.186523	13388.217773
1388.132813	13194.696289
1387.080078	13311.463867
1386.026367	13566.025391
1384.972656	13519.585938
1383.918945	13794.666016
1382.865234	13677.022461
1381.810547	13683.382813
1380.756836	14070.711914
1379.702148	13998.972656
1378.646484	14101.611328
1377.591797	14543.658203
1376.536133	14416.828125
1375.480469	14544.533203
1374.424805	14688.230469
1373.369141	14627.906250
1372.312500	14817.349609
1371.256836	14708.916016
1370.200195	14591.364258
1369.142578	14750.927734
1368.085938	14919.582031
1367.028320	14712.791992
1365.970703	14675.427734
1364.913086	14624.349609
1363.855469	14875.235352
1362.796875	14906.466797
1361.739258	14670.164063
1360.680664	14607.696289
1359.621094	14958.938477
1358.562500	15104.377930
1357.502930	15037.287109
1356.443359	15009.053711
1355.383789	15387.322266
1354.324219	15464.053711
1353.263672	15778.154297
1352.203125	16080.713867
1351.142578	16458.445313
1350.082031	16824.613281
1349.021484	17078.867188
1347.959961	17000.083984
1346.898438	17960.958984
1345.836914	17932.169922
1344.774414	18327.277344
1343.712891	18847.533203
1342.650391	19242.285156
1341.587891	19559.435547
1340.525391	19878.730469
1339.461914	20081.785156
1338.398438	20667.142578
1337.335938	20826.710938
1336.271484	21454.898438
1335.208008	21359.468750
1334.143555	21718.923828
1333.079102	21564.359375
1332.014648	21821.322266
1330.950195	21848.623047
1329.885742	21339.636719
1328.820313	21076.222656
1327.754883	20744.773438
1326.689453	20833.583984
1325.623047	20213.972656
1324.556641	19608.234375
1323.491211	19325.019531
1322.423828	18953.427734
1321.357422	18724.910156
1320.291016	18287.818359
1319.223633	17862.246094
1318.156250	17516.199219
1317.087891	17474.035156
1316.020508	17329.906250
1314.952148	16988.712891
1313.883789	16980.660156
1312.815430	17011.111328
1311.747070	16572.826172
1310.677734	16263.764648
1309.608398	16728.917969
1308.539063	16358.850586
1307.469727	16346.406250
1306.399414	16365.635742
1305.330078	16059.193359
1304.259766	16067.166016
1303.189453	15665.965820
1302.118164	15298.833008
1301.046875	15684.320313
1299.976563	15409.960938
1298.904297	15117.645508
1297.833008	14622.207031
1296.761719	14756.895508
1295.689453	14663.539063
1294.617188	14306.168945
1293.543945	14088.840820
1292.471680	13975.375000
1291.398438	13832.634766
1290.325195	13802.702148
1289.251953	13495.475586
1288.178711	13769.918945
1287.104492	13645.365234
1286.030273	13658.300781
1284.956055	13687.000000
1283.881836	13519.747070
1282.806641	13582.236328
1281.732422	13613.181641
1280.657227	13896.198242
1279.581055	13900.059570
1278.505859	14216.645508
1277.429688	14130.462891
1276.353516	14361.409180
1275.277344	14430.371094
1274.201172	14969.126953
1273.124023	15008.715820
1272.046875	14886.501953
1270.969727	15222.633789
1269.892578	15080.209961
1268.814453	14910.896484
1267.737305	14921.264648
1266.659180	14709.404297
1265.581055	14450.501953
1264.501953	14068.300781
1263.422852	13930.775391
1262.344727	13788.821289
1261.264648	13774.739258
1260.185547	13332.461914
1259.105469	13049.509766
1258.026367	12968.359375
1256.946289	12927.570313
1255.865234	12839.756836
1254.785156	12796.770508
1253.704102	12731.411133
1252.623047	12780.247070
1251.541992	12770.869141
1250.459961	12586.956055
1249.378906	12523.928711
1248.296875	12617.499023
1247.214844	12677.485352
1246.131836	12377.479492
1245.049805	12310.074219
1243.966797	12392.433594
1242.883789	12188.752930
1241.800781	12020.898438
1240.716797	12067.529297
1239.632813	11843.943359
1238.548828	11957.566406
1237.464844	11626.955078
1236.380859	11530.801758
1235.295898	11767.130859
1234.210938	11628.603516
1233.125977	11374.161133
1232.041016	11712.942383
1230.955078	11400.625000
1229.869141	11322.465820
1228.783203	11204.227539
1227.697266	11306.600586
1226.610352	11094.861328
1225.524414	10956.700195
1224.437500	11088.002930
1223.349609	11288.257813
1222.262695	11016.606445
1221.174805	11014.305664
1220.086914	11100.991211
1218.999023	11160.950195
1217.911133	11103.025391
1216.822266	11102.929688
1215.733398	11027.257813
1214.644531	11176.072266
1213.555664	11015.985352
1212.465820	11007.018555
1211.376953	11162.405273
1210.287109	11100.119141
1209.196289	11102.239258
1208.106445	11037.771484
1207.015625	11028.806641
1205.924805	11037.594727
1204.833984	10895.542969
1203.743164	11157.168945
1202.651367	11086.102539
1201.559570	11039.449219
1200.467773	10775.617188
1199.375977	10884.155273
1198.283203	10640.403320
1197.190430	10489.778320
1196.097656	10591.663086
1195.004883	10642.582031
1193.911133	10534.106445
1192.818359	10604.932617
1191.724609	10498.721680
1190.629883	10578.372070
1189.536133	10609.333008
1188.441406	10516.453125
1187.346680	10638.052734
1186.251953	10534.152344
1185.157227	10691.052734
1184.061523	10591.603516
1182.965820	10726.335938
1181.870117	10671.086914
1180.774414	10757.169922
1179.677734	10648.957031
1178.581055	10582.721680
1177.484375	10732.757813
1176.387695	10693.005859
1175.291016	10717.232422
1174.193359	10558.418945
1173.095703	10448.173828
1171.998047	10287.277344
1170.899414	10375.476563
1169.800781	10320.421875
1168.702148	10428.401367
1167.603516	10225.795898
1166.504883	10234.661133
1165.405273	10076.208984
1164.305664	9847.390625
1163.206055	10100.590820
1162.106445	9937.864258
1161.005859	9977.573242
1159.906250	9911.703125
1158.804688	9962.393555
1157.704102	9955.906250
1156.603516	10294.475586
1155.501953	10004.463867
1154.400391	10358.257813
1153.298828	10320.941406
1152.196289	10435.160156
1151.093750	10694.232422
1149.992188	10896.125000
1148.888672	11106.710938
1147.786133	11374.253906
1146.682617	11720.654297
1145.579102	11876.102539
1144.475586	12305.575195
1143.372070	12373.142578
1142.267578	12499.859375
1141.163086	12383.284180
1140.058594	12275.519531
1138.954102	12218.179688
1137.848633	11976.906250
1136.744141	11770.765625
1135.638672	11752.967773
1134.532227	11468.170898
1133.426758	11323.532227
1132.320313	11334.277344
1131.213867	11161.292969
1130.107422	10898.723633
1129.000000	10878.941406
1127.893555	10894.139648
1126.786133	10765.097656
1125.677734	10782.498047
1124.570313	10668.823242
1123.461914	10642.554688
1122.354492	10496.203125
1121.245117	10570.401367
1120.136719	10753.699219
1119.027344	10397.928711
1117.918945	10435.010742
1116.808594	10448.083008
1115.699219	10452.425781
1114.589844	10528.716797
1113.479492	10755.383789
1112.369141	10920.932617
1111.257813	10796.613281
1110.147461	10979.509766
1109.036133	10887.898438
1107.924805	11051.099609
1106.813477	11270.835938
1105.701172	11573.191406
1104.589844	11679.562500
1103.477539	11729.319336
1102.364258	11729.022461
1101.251953	11900.536133
1100.138672	12021.965820
1099.025391	11943.345703
1097.912109	11886.492188
1096.798828	11812.279297
1095.684570	11803.271484
1094.570313	11377.231445
1093.456055	11309.684570
1092.341797	11172.689453
1091.226563	11057.458008
1090.111328	11120.232422
1088.996094	10590.633789
1087.880859	10417.024414
1086.764648	10597.010742
1085.648438	10336.735352
1084.532227	10468.966797
1083.416016	10104.789063
1082.299805	10228.343750
1081.182617	10232.684570
1080.065430	10293.342773
1078.947266	9979.316406
1077.830078	10042.165039
1076.711914	10141.788086
1075.593750	10102.853516
1074.475586	10237.041016
1073.357422	10213.246094
1072.238281	10100.781250
1071.119141	10146.221680
1070.000000	10131.106445
1068.879883	10087.897461
1067.760742	10148.437500
1066.640625	10399.085938
1065.519531	10150.629883
1064.399414	10280.227539
1063.278320	10370.903320
1062.157227	10578.114258
1061.036133	10474.436523
1059.915039	10618.958984
1058.792969	10605.926758
1057.670898	10748.202148
1056.548828	10659.668945
1055.426758	10860.084961
1054.303711	10939.701172
1053.181641	11012.817383
1052.057617	11068.665039
1050.934570	10965.075195
1049.811523	11113.519531
1048.687500	11242.521484
1047.563477	11268.130859
1046.438477	11048.352539
1045.314453	11153.612305
1044.189453	11299.706055
1043.064453	11196.214844
1041.939453	11226.103516
1040.813477	11135.572266
1039.687500	11318.086914
1038.561523	11315.691406
1037.435547	11491.643555
1036.309570	11274.377930
1035.182617	11314.947266
1034.055664	11392.005859
1032.928711	11733.105469
1031.800781	11453.721680
1030.673828	11659.460938
1029.545898	11487.489258
1028.416992	11530.103516
1027.289063	11336.783203
1026.160156	11179.997070
1025.031250	11428.449219
1023.902344	11691.797852
1022.773438	11374.318359
1021.643555	11305.493164
1020.513672	11382.348633
1019.383789	11572.669922
1018.252930	11334.701172
1017.123047	11527.090820
1015.992188	11302.072266
1014.861328	11460.151367
1013.729492	11312.252930
1012.598633	11348.351563
1011.466797	11189.845703
1010.334961	11142.577148
1009.202148	11200.059570
1008.070313	11437.023438
1006.937500	11374.773438
1005.804688	11763.257813
1004.670898	12066.152344
1003.538086	12264.294922
1002.404297	12229.670898
1001.270508	11776.749023
1000.135742	11368.828125
999.001953	11249.081055
997.867188	11125.117188
996.732422	10608.838867
995.596680	10766.484375
994.461914	10779.118164
993.326172	10817.318359
992.190430	10689.313477
991.054688	10652.959961
989.917969	10665.603516
988.781250	10646.303711
987.644531	10541.858398
986.507813	10694.987305
985.370117	10677.818359
984.232422	10809.578125
983.094727	10739.215820
981.957031	10658.250000
980.819336	10696.379883
979.680664	10589.949219
978.541992	10912.850586
977.402344	10821.291016
976.263672	10723.395508
975.124023	10922.878906
973.984375	11005.490234
972.844727	11056.221680
971.704102	11295.832031
970.563477	11405.895508
969.422852	11560.464844
968.282227	11553.762695
967.141602	11553.423828
966.000000	11425.871094
964.858398	11752.002930
963.715820	11830.035156
962.574219	11759.712891
961.431641	11837.708008
960.289063	11951.674805
959.146484	11718.320313
958.002930	11474.479492
956.860352	11592.681641
955.716797	11490.752930
954.572266	11338.088867
953.428711	11428.745117
952.284180	11261.354492
951.139648	11225.125000
949.995117	11377.047852
948.849609	11184.411133
947.704102	11213.722656
946.558594	11388.787109
945.413086	11686.277344
944.267578	11662.668945
943.121094	11518.731445
941.974609	11866.660156
940.827148	12098.373047
939.680664	12424.929688
938.533203	12951.740234
937.385742	13486.760742
936.238281	13882.390625
935.089844	14733.190430
933.942383	15802.816406
932.792969	16692.878906
931.644531	17833.255859
930.496094	19139.541016
929.346680	19647.166016
928.197266	20472.482422
927.047852	21192.199219
925.897461	21608.566406
924.747070	21401.966797
923.596680	21043.998047
922.446289	20177.230469
921.294922	19264.570313
920.144531	18266.109375
918.992188	16990.642578
917.840820	16033.016602
916.689453	15105.210938
915.537109	14135.791992
914.384766	13469.182617
913.231445	12828.050781
912.079102	12502.051758
910.925781	12054.472656
909.772461	11896.630859
908.619141	11678.022461
907.464844	11379.809570
906.310547	11450.765625
905.156250	11307.859375
904.001953	11229.987305
902.846680	11059.947266
901.691406	11055.486328
900.536133	10965.149414
899.380859	11188.969727
898.224609	11002.331055
897.069336	10901.594727
895.913086	10849.035156
894.755859	10949.238281
893.599609	10758.624023
892.442383	10720.766602
891.285156	10992.392578
890.126953	10946.137695
888.969727	10839.289063
887.811523	10953.989258
886.653320	10744.811523
885.494141	10740.421875
884.335938	10807.036133
883.176758	10694.064453
882.016602	10902.602539
880.857422	10685.308594
879.697266	10858.288086
878.538086	10855.960938
877.376953	10826.521484
876.216797	10949.312500
875.055664	11030.355469
873.894531	10900.849609
872.733398	10746.391602
871.572266	11144.100586
870.410156	11133.379883
869.248047	10891.504883
868.085938	11209.805664
866.922852	11015.893555
865.760742	11192.511719
864.597656	11088.155273
863.433594	11006.726563
862.270508	10933.651367
861.106445	11024.877930
859.942383	10933.118164
858.778320	10937.007813
857.613281	10814.133789
856.449219	10988.408203
855.284180	11067.058594
854.118164	11006.535156
852.953125	11066.460938
851.787109	11105.600586
850.621094	11053.407227
849.455078	10862.215820
848.288086	11135.789063
847.121094	10813.996094
845.954102	10960.971680
844.787109	11049.835938
843.619141	11072.333984
842.452148	11179.784180
841.283203	10972.274414
840.115234	11187.409180
838.947266	11083.530273
837.778320	10975.553711
836.609375	10971.125000
835.439453	11287.481445
834.269531	11320.230469
833.100586	11226.774414
831.929688	11383.615234
830.759766	11447.336914
829.588867	11451.077148
828.417969	11568.495117
827.247070	11652.798828
826.076172	11532.529297
824.904297	11538.310547
823.732422	11519.306641
822.560547	11578.769531
821.387695	11312.054688
820.215820	11361.214844
819.042969	11230.841797
817.869141	11308.877930
816.696289	11327.068359
815.522461	11093.683594
814.348633	11283.022461
813.174805	11276.470703
812.000000	11220.464844
810.825195	11283.976563
809.650391	11217.692383
808.475586	11225.572266
807.300781	11079.030273
806.125000	11082.819336
804.949219	11068.083008
803.772461	11364.048828
802.596680	11312.228516
801.419922	11309.791016
800.243164	11218.934570
799.065430	11485.828125
797.887695	11452.521484
796.710938	11470.601563
795.532227	11513.327148
794.354492	11541.655273
793.175781	11387.200195
791.997070	11538.731445
790.818359	11441.818359
789.639648	11351.102539
788.459961	11272.737305
787.280273	11188.250000
786.100586	11259.669922
784.919922	11347.461914
783.739258	11338.863281
782.558594	11344.615234
781.377930	10985.611328
780.196289	11204.502930
779.014648	11195.939453
777.833008	11222.192383
776.651367	11252.527344
775.468750	11291.037109
774.287109	11141.250000
773.103516	11089.738281
771.920898	11298.043945
770.737305	11367.184570
769.553711	11421.982422
768.370117	11585.104492
767.186523	11470.188477
766.001953	11602.576172
764.817383	11720.605469
763.632813	11914.157227
762.447266	12103.539063
761.262695	11919.215820
760.077148	12218.739258
758.890625	12203.853516
757.705078	12415.450195
756.518555	12639.194336
755.332031	12787.380859
754.145508	12976.283203
752.958008	13313.917969
751.770508	13361.992188
750.583008	13487.476563
749.395508	13863.487305
748.207031	14498.008789
747.018555	15089.492188
745.830078	15874.130859
744.640625	16650.287109
743.452148	17464.771484
742.262695	17829.255859
741.073242	18755.009766
739.882813	19474.957031
738.692383	20050.226563
737.501953	20633.376953
736.311523	21265.052734
735.120117	21943.187500
733.929688	22397.560547
732.738281	22768.458984
731.545898	22398.011719
730.354492	22228.712891
729.162109	21819.972656
727.969727	20820.876953
726.776367	20684.486328
725.583984	20093.783203
724.390625	19622.986328
723.196289	18811.761719
722.002930	18051.566406
720.808594	17530.847656
719.614258	16558.500000
718.419922	15997.812500
717.224609	15352.300781
716.030273	14850.838867
714.834961	14633.022461
713.638672	14451.731445
712.443359	14482.998047
711.247070	13984.178711
710.050781	14140.940430
708.853516	14133.828125
707.657227	13873.985352
706.459961	13830.545898
705.262695	13979.117188
704.064453	13970.021484
702.867188	13960.928711
701.668945	13972.035156
700.469727	13793.329102
699.271484	14103.246094
698.072266	14237.431641
696.873047	14276.715820
695.673828	14721.494141
694.473633	14659.801758
693.273438	15348.309570
692.073242	15750.223633
690.873047	16133.819336
689.671875	16930.380859
688.470703	17392.130859
687.269531	18107.494141
686.068359	18683.580078
684.866211	19150.685547
683.664063	19740.384766
682.461914	19999.751953
681.258789	20069.855469
680.055664	20075.550781
678.852539	19505.998047
677.649414	19604.310547
676.445313	19248.214844
675.242188	18761.621094
674.037109	18809.789063
672.833008	18474.187500
671.627930	18255.234375
670.422852	18508.322266
669.217773	18761.298828
668.012695	19044.275391
666.806641	19461.593750
665.600586	19928.892578
664.394531	20714.957031
663.187500	21340.224609
661.980469	21556.152344
660.773438	22253.132813
659.566406	22089.943359
658.358398	22564.068359
657.150391	22479.015625
655.942383	22333.906250
654.734375	21788.335938
653.525391	21178.935547
652.316406	20591.816406
651.107422	20131.035156
649.897461	19160.232422
648.688477	18363.888672
647.478516	17741.888672
646.267578	17096.166016
645.057617	16344.769531
643.846680	15739.603516
642.635742	15598.292969
641.423828	15035.505859
640.212891	14798.534180
639.000977	14292.078125
637.788086	14185.142578
636.576172	14303.808594
635.363281	14170.972656
634.150391	14405.308594
632.937500	14603.635742
631.723633	14809.853516
630.510742	14896.346680
629.295898	14909.042969
628.082031	14889.844727
626.867188	15042.015625
625.652344	14815.611328
624.437500	14925.904297
623.222656	14452.703125
622.006836	14403.757813
620.791016	14102.050781
619.575195	14035.291992
618.358398	13871.073242
617.141602	13764.609375
615.924805	13513.018555
614.708008	13331.125000
613.490234	13161.236328
612.272461	13033.156250
611.054688	12770.019531
609.836914	12793.053711
608.618164	12732.661133
607.399414	12704.064453
606.180664	12544.456055
604.960938	12642.936523
603.741211	12386.177734
602.521484	12169.208984
601.301758	12354.976563
600.081055	12259.071289
598.860352	12272.250977
597.639648	12192.261719
596.418945	12072.672852
595.197266	12171.077148
593.975586	12210.011719
592.753906	12064.749023
591.531250	12370.987305
590.308594	12164.384766
589.085938	12367.551758
587.863281	12267.887695
586.639648	12213.767578
585.416016	12228.893555
584.192383	12147.120117
582.967773	12166.206055
581.744141	12234.696289
580.519531	12259.682617
579.293945	12276.752930
578.069336	12536.768555
576.843750	12715.703125
575.618164	12552.994141
574.391602	12755.532227
573.166016	12993.502930
571.939453	12917.651367
570.711914	12964.135742
569.485352	12971.155273
568.257813	12960.424805
567.030273	12876.757813
565.802734	12629.542969
564.574219	12806.085938
563.345703	12740.236328
562.117188	12692.140625
560.888672	12474.716797
559.659180	12633.416992
558.429688	12671.980469
557.200195	12521.608398
555.969727	12532.633789
554.739258	12667.574219
553.508789	12483.868164
552.278320	12620.724609
551.046875	12319.165039
549.815430	12475.649414
548.583984	12506.312500
547.352539	12503.566406
546.120117	12561.705078
544.887695	12598.217773
543.655273	12566.003906
542.421875	12539.691406
541.188477	12674.295898
539.955078	12761.755859
538.721680	12745.221680
537.487305	12626.723633
536.252930	12635.712891
535.018555	12750.542969
533.783203	12988.781250
532.547852	12891.881836
531.312500	12894.924805
530.077148	13207.390625
528.840820	13419.862305
527.604492	13698.795898
526.368164	13866.050781
525.131836	14342.385742
523.894531	15825.972656
522.657227	16958.816406
521.419922	17737.236328
520.181641	17111.662109
518.943359	15243.286133
517.705078	14282.428711
516.465820	13835.805664
515.227539	13367.892578
513.988281	13175.528320
512.748047	13358.103516
511.508789	12988.198242
510.268555	12932.647461
509.028320	13081.984375
507.788086	12885.989258
506.546875	12929.957031
505.305664	13038.247070
504.064453	13072.413086
502.822266	12716.777344
501.580078	12766.584961
