1802.297852	6680.061523
1801.329102	6864.855469
1800.359375	6646.269531
1799.390625	6757.271973
1798.420898	6611.169922
1797.451172	6874.343262
1796.480469	6897.916992
1795.510742	6816.723145
1794.540039	6600.900391
1793.569336	6756.654785
1792.598633	6884.926270
1791.627930	7008.162109
1790.656250	6946.959473
1789.684570	6960.518066
1788.712891	7008.941406
1787.741211	6927.852539
1786.769531	7088.300293
1785.797852	6940.017578
1784.825195	7125.285645
1783.852539	7158.696289
1782.879883	7411.015137
1781.907227	7265.271973
1780.933594	7231.490723
1779.959961	7458.780273
1778.986328	7449.830566
1778.012695	7450.825195
1777.039063	7583.511719
1776.064453	7586.962402
1775.090820	7386.742188
1774.116211	7370.364258
1773.141602	7488.062500
1772.166016	7608.195313
1771.191406	7735.725098
1770.215820	7749.063965
1769.240234	7973.264648
1768.264648	8011.352539
1767.289063	8324.682617
1766.312500	8437.063477
1765.336914	8383.318359
1764.360352	8654.253906
1763.383789	8860.656250
1762.406250	8871.267578
1761.429688	9089.926758
1760.452148	9249.067383
1759.474609	8935.259766
1758.497070	9374.078125
1757.519531	9545.437500
1756.541016	9654.870117
1755.563477	9954.743164
1754.584961	9908.227539
1753.606445	9921.078125
1752.626953	9699.049805
1751.648438	9620.477539
1750.668945	9902.755859
1749.689453	9759.930664
1748.709961	9617.162109
1747.730469	9588.064453
1746.750000	9450.325195
1745.769531	9448.429688
1744.789063	9214.504883
1743.808594	9113.940430
1742.828125	9156.525391
1741.846680	9191.691406
1740.866211	9093.657227
1739.884766	9146.083008
1738.903320	9008.648438
1737.920898	8969.867188
1736.939453	8798.020508
1735.957031	8843.069336
1734.974609	8836.367188
1733.992188	8891.241211
1733.009766	9051.977539
1732.026367	9052.622070
1731.042969	8930.192383
1730.059570	9016.993164
1729.076172	8850.331055
1728.092773	8907.592773
1727.108398	8982.046875
1726.125000	8876.964844
1725.140625	8803.884766
1724.155273	9247.015625
1723.170898	9191.091797
1722.185547	9090.963867
1721.201172	9366.724609
1720.215820	9136.430664
1719.230469	9181.250000
1718.244141	9439.638672
1717.258789	9388.650391
1716.272461	9722.967773
1715.286133	9581.160156
1714.299805	9665.090820
1713.312500	9768.608398
1712.326172	9955.454102
1711.338867	10152.030273
1710.351563	10591.185547
1709.364258	10841.466797
1708.375977	10905.439453
1707.388672	11015.927734
1706.400391	11341.893555
1705.412109	11425.313477
1704.422852	11667.828125
1703.434570	11946.958984
1702.445313	12524.530273
1701.457031	12969.748047
1700.466797	13209.308594
1699.477539	13879.209961
1698.488281	14243.193359
1697.498047	14673.036133
1696.507813	15036.710938
1695.517578	15515.093750
1694.527344	15494.866211
1693.536133	15594.339844
1692.545898	15962.417969
1691.554688	16051.988281
1690.563477	16358.792969
1689.572266	16719.169922
1688.580078	16981.791016
1687.587891	16678.277344
1686.595703	16926.162109
1685.603516	16912.996094
1684.611328	16924.216797
1683.618164	16433.244141
1682.625977	16600.542969
1681.632813	16509.472656
1680.639648	16235.710938
1679.645508	16334.742188
1678.652344	16039.207031
1677.658203	16242.935547
1676.664063	16001.091797
1675.669922	15983.261719
1674.675781	15967.871094
1673.680664	15711.628906
1672.685547	15642.785156
1671.690430	15583.695313
1670.695313	15565.961914
1669.700195	15385.363281
1668.704102	15204.836914
1667.708008	15046.251953
1666.711914	15055.362305
1665.715820	14894.440430
1664.719727	15088.140625
1663.722656	15274.478516
1662.725586	15014.080078
1661.728516	15144.534180
1660.731445	14792.057617
1659.733398	15080.193359
1658.736328	15125.659180
1657.738281	15202.630859
1656.740234	15148.644531
1655.741211	14985.596680
1654.743164	15224.926758
1653.744141	15488.391602
1652.745117	14964.403320
1651.746094	15375.560547
1650.747070	15161.772461
1649.747070	15151.445313
1648.748047	15158.065430
1647.748047	15246.967773
1646.748047	15471.333984
1645.747070	15434.337891
1644.747070	15440.892578
1643.746094	15517.571289
1642.745117	15311.346680
1641.744141	15460.535156
1640.742188	15670.081055
1639.741211	15560.596680
1638.739258	15298.963867
1637.737305	15230.657227
1636.735352	15246.894531
1635.732422	15171.381836
1634.730469	15035.552734
1633.727539	14940.804688
1632.724609	14669.958984
1631.721680	14775.544922
1630.717773	14644.726563
1629.713867	14448.854492
1628.710938	14484.502930
1627.707031	14688.864258
1626.702148	14531.657227
1625.698242	14641.957031
1624.693359	14725.713867
1623.688477	14558.958984
1622.683594	14565.641602
1621.678711	14509.728516
1620.672852	14133.708984
1619.666992	14458.127930
1618.661133	14250.689453
1617.655273	14149.176758
1616.649414	14038.084961
1615.642578	14311.760742
1614.635742	14118.941406
1613.628906	14416.525391
1612.622070	14389.572266
1611.615234	14715.809570
1610.607422	14508.648438
1609.599609	14551.337891
1608.591797	14610.817383
1607.583984	15191.208984
1606.576172	14585.692383
1605.567383	14419.557617
1604.558594	14769.312500
1603.549805	14802.296875
1602.541016	14825.674805
1601.531250	15048.052734
1600.521484	15049.794922
1599.511719	14989.219727
1598.501953	15549.298828
1597.492188	15347.294922
1596.481445	15720.240234
1595.471680	16030.768555
1594.460938	16142.441406
1593.449219	16763.953125
1592.438477	17078.865234
1591.426758	17709.503906
1590.415039	17885.335938
1589.403320	18369.648438
1588.391602	18059.820313
1587.379883	18068.107422
1586.367188	18566.427734
1585.354492	18361.902344
1584.341797	18410.740234
1583.329102	18287.552734
1582.315430	17997.220703
1581.302734	17907.595703
1580.289063	17860.982422
1579.274414	17831.095703
1578.260742	17980.210938
1577.247070	17642.509766
1576.232422	17481.476563
1575.217773	17420.679688
1574.203125	17374.216797
1573.187500	17044.060547
1572.172852	16818.917969
1571.157227	16999.000000
1570.141602	16702.476563
1569.125000	17185.044922
1568.109375	16871.929688
1567.092773	16949.458984
1566.076172	17084.093750
1565.059570	17235.333984
1564.042969	17250.867188
1563.025391	17068.912109
1562.008789	17124.908203
1560.991211	16976.347656
1559.973633	17203.541016
1558.955078	17119.210938
1557.937500	17317.759766
1556.918945	17366.515625
1555.900391	17158.654297
1554.881836	16782.222656
1553.862305	17279.914063
1552.842773	17357.126953
1551.824219	17500.777344
1550.804688	17551.804688
1549.784180	17581.451172
1548.764648	17138.957031
1547.744141	17467.548828
1546.723633	17774.662109
1545.703125	17557.646484
1544.682617	18115.894531
1543.661133	18190.416016
1542.639648	18148.796875
1541.618164	18256.447266
1540.596680	18184.035156
1539.575195	18514.240234
1538.552734	18782.748047
1537.530273	18920.951172
1536.507813	18775.091797
1535.485352	19145.126953
1534.461914	18892.820313
1533.439453	18981.214844
1532.416016	18913.494141
1531.392578	18718.128906
1530.368164	18704.855469
1529.344727	18651.412109
1528.320313	18546.003906
1527.295898	18549.308594
1526.271484	17959.775391
1525.246094	17967.917969
1524.221680	17905.228516
1523.196289	18144.701172
1522.170898	17805.882813
1521.145508	17457.765625
1520.119141	17416.458984
1519.092773	17236.015625
1518.067383	17244.287109
1517.040039	17323.279297
1516.013672	17185.390625
1514.987305	17521.230469
1513.959961	17364.503906
1512.932617	17492.873047
1511.905273	17475.169922
1510.876953	17728.257813
1509.849609	17729.345703
1508.821289	18248.246094
1507.792969	18668.095703
1506.763672	18796.035156
1505.735352	19053.294922
1504.706055	19284.580078
1503.676758	19946.056641
1502.647461	20195.867188
1501.618164	20330.408203
1500.587891	20253.408203
1499.557617	20580.529297
1498.527344	20931.003906
1497.497070	20748.246094
1496.466797	20516.251953
1495.435547	20443.980469
1494.404297	20343.574219
1493.373047	20175.158203
1492.341797	19767.517578
1491.309570	19397.570313
1490.278320	19248.208984
1489.246094	18944.164063
1488.213867	18544.136719
1487.180664	18605.962891
1486.148438	18538.890625
1485.115234	18368.767578
1484.082031	18355.638672
1483.047852	17967.843750
1482.014648	17903.292969
1480.980469	17951.125000
1479.946289	17959.150391
1478.912109	18308.779297
1477.877930	18314.388672
1476.842773	18710.576172
1475.808594	18992.021484
1474.773438	19338.810547
1473.738281	19781.291016
1472.702148	20401.191406
1471.666992	20546.544922
1470.630859	21497.738281
1469.594727	22214.992188
1468.557617	23347.582031
1467.521484	23777.015625
1466.484375	24817.791016
1465.447266	25531.439453
1464.410156	26669.412109
1463.373047	27704.285156
1462.334961	28652.443359
1461.296875	29616.531250
1460.258789	30258.523438
1459.220703	31182.261719
1458.182617	31891.240234
1457.143555	32467.132813
1456.104492	33250.089844
1455.065430	33720.667969
1454.026367	33904.671875
1452.986328	34803.238281
1451.946289	35827.109375
1450.906250	36571.332031
1449.866211	37152.406250
1448.826172	38603.125000
1447.785156	39520.722656
1446.744141	41207.503906
1445.703125	41791.785156
1444.662109	42301.460938
1443.620117	43259.359375
1442.578125	43062.312500
1441.537109	42609.855469
1440.494141	42013.617188
1439.452148	41496.554688
1438.409180	39844.664063
1437.367188	38265.394531
1436.323242	36993.031250
1435.280273	35466.023438
1434.237305	34164.605469
1433.193359	32745.460938
1432.149414	31704.781250
1431.105469	30499.960938
1430.061523	29615.425781
1429.016602	28738.203125
1427.971680	28231.958984
1426.926758	26859.775391
1425.881836	26513.886719
1424.835938	25772.283203
1423.791016	25132.818359
1422.745117	24817.576172
1421.699219	24213.269531
1420.652344	23775.751953
1419.606445	23962.804688
1418.559570	23691.984375
1417.512695	23712.539063
1416.465820	23571.302734
1415.417969	23058.107422
1414.371094	23182.732422
1413.323242	23298.066406
1412.275391	23404.115234
1411.226563	23477.794922
1410.178711	23745.341797
1409.129883	23712.759766
1408.081055	23666.345703
1407.032227	23792.962891
1405.982422	23437.494141
1404.933594	23778.554688
1403.883789	23114.302734
1402.833984	23436.845703
1401.783203	23249.964844
1400.733398	22855.796875
1399.682617	22625.341797
1398.631836	22505.527344
1397.581055	22123.265625
1396.529297	22040.435547
1395.478516	21985.257813
1394.426758	22029.050781
1393.375000	21891.070313
1392.322266	21585.230469
1391.270508	21495.691406
1390.217773	21139.470703
1389.165039	20912.128906
1388.112305	20992.855469
1387.058594	20818.486328
1386.005859	20616.619141
1384.952148	20614.664063
1383.898438	20619.597656
1382.843750	20645.191406
1381.790039	20797.025391
1380.735352	20967.156250
1379.680664	21245.056641
1378.625977	21075.501953
1377.570313	21447.300781
1376.515625	21635.494141
1375.459961	21800.685547
1374.404297	21936.007813
1373.347656	21917.728516
1372.291992	22387.486328
1371.235352	22197.314453
1370.178711	22623.302734
1369.122070	22776.626953
1368.064453	22233.931641
1367.007813	22497.136719
1365.950195	22185.845703
1364.892578	22432.933594
1363.833984	22343.664063
1362.776367	22688.953125
1361.717773	22585.947266
1360.659180	22807.595703
1359.600586	22722.888672
1358.541016	23129.505859
1357.482422	23579.361328
1356.422852	23732.093750
1355.363281	24129.111328
1354.302734	24793.095703
1353.243164	25723.882813
1352.182617	25805.289063
1351.122070	26744.605469
1350.060547	27343.619141
1349.000000	28325.560547
1347.938477	28821.380859
1346.876953	29346.630859
1345.815430	30876.882813
1344.753906	31396.929688
1343.691406	31768.660156
1342.628906	32928.421875
1341.566406	33588.921875
1340.503906	34581.597656
1339.441406	35535.156250
1338.377930	36438.246094
1337.314453	37047.402344
1336.250977	38261.500000
1335.186523	38988.304688
1334.123047	39694.339844
1333.058594	39849.832031
1331.994141	40012.074219
1330.928711	39596.957031
1329.864258	39513.769531
1328.798828	38910.351563
1327.733398	38089.132813
1326.667969	36936.691406
1325.601563	35771.105469
1324.536133	34928.335938
1323.469727	33350.593750
1322.403320	32558.589844
1321.335938	31644.410156
1320.269531	30562.769531
1319.202148	29826.253906
1318.134766	29078.707031
1317.067383	28426.669922
1315.999023	27861.017578
1314.930664	27703.435547
1313.863281	27742.996094
1312.793945	27877.662109
1311.725586	27779.042969
1310.656250	27836.669922
1309.587891	27762.992188
1308.517578	28019.734375
1307.448242	28020.708984
1306.378906	28318.003906
1305.308594	28226.189453
1304.238281	28152.500000
1303.167969	28119.531250
1302.096680	27636.808594
1301.026367	27231.113281
1299.955078	27060.541016
1298.883789	26564.781250
1297.811523	26042.126953
1296.740234	25903.509766
1295.667969	25144.189453
1294.595703	24373.898438
1293.523438	33956.167969
1292.450195	30147.916016
1291.376953	26329.966797
1290.303711	26798.041016
1289.230469	22907.970703
1288.157227	23004.642578
1287.083008	22821.830078
1286.008789	23310.515625
1284.934570	23283.146484
1283.860352	23086.873047
1282.785156	23649.500000
1281.710938	23743.638672
1280.635742	24137.085938
1279.559570	24379.599609
1278.484375	24520.769531
1277.408203	24605.644531
1276.332031	24816.419922
1275.255859	25126.037109
1274.179688	24866.792969
1273.102539	25585.308594
1272.025391	25263.158203
1270.948242	25689.240234
1269.871094	25886.041016
1268.793945	25754.900391
1267.715820	25825.876953
1266.637695	26134.757813
1265.559570	26412.087891
1264.480469	25984.767578
1263.401367	26015.250000
1262.323242	25740.699219
1261.243164	25686.007813
1260.164063	25402.667969
1259.083984	24740.646484
1258.004883	24255.933594
1256.924805	23282.998047
1255.843750	22715.906250
1254.763672	21723.537109
1253.682617	21257.763672
1252.601563	20048.964844
1251.520508	19767.257813
1250.438477	19203.720703
1249.357422	19380.933594
1248.275391	18661.136719
1247.193359	18661.720703
1246.110352	18454.371094
1245.028320	18186.753906
1243.945313	17950.535156
1242.862305	17957.964844
1241.779297	17786.675781
1240.695313	18019.714844
1239.611328	17573.820313
1238.527344	18204.199219
1237.443359	17716.041016
1236.359375	17529.353516
1235.274414	17652.873047
1234.189453	17495.271484
1233.104492	17580.830078
1232.019531	17416.621094
1230.933594	17600.246094
1229.847656	17398.208984
1228.761719	17381.207031
1227.675781	17598.140625
1226.588867	17585.558594
1225.502930	17441.587891
1224.416016	17478.023438
1223.328125	17708.107422
1222.241211	17555.296875
1221.153320	17482.652344
1220.065430	17690.343750
1218.977539	17642.164063
1217.889648	17691.847656
1216.800781	18123.910156
1215.711914	18031.210938
1214.623047	18065.224609
1213.534180	17794.826172
1212.444336	17913.285156
1211.355469	18116.087891
1210.265625	18072.333984
1209.174805	18323.855469
1208.084961	18322.244141
1206.994141	18362.794922
1205.903320	18492.072266
1204.812500	18368.427734
1203.720703	18400.068359
1202.629883	18855.185547
1201.538086	18602.964844
1200.446289	18740.916016
1199.353516	18663.875000
1198.261719	18967.906250
1197.168945	18897.490234
1196.076172	19110.550781
1194.983398	18982.570313
1193.889648	18701.910156
1192.795898	18972.414063
1191.702148	18762.671875
1190.608398	18729.988281
1189.514648	18606.638672
1188.419922	18361.722656
1187.325195	18110.277344
1186.230469	18148.480469
1185.135742	18093.855469
1184.040039	17915.529297
1182.944336	17807.958984
1181.848633	17799.812500
1180.752930	17592.953125
1179.656250	17620.171875
1178.559570	17294.255859
1177.462891	17054.529297
1176.366211	16781.812500
1175.268555	17025.326172
1174.171875	16770.369141
1173.074219	16636.775391
1171.975586	16399.638672
1170.877930	16367.550781
1169.779297	16291.410156
1168.680664	16457.615234
1167.582031	16412.318359
1166.483398	16122.625000
1165.383789	16504.501953
1164.284180	16327.161133
1163.184570	16612.009766
1162.084961	16573.324219
1160.984375	16627.037109
1159.883789	16649.939453
1158.783203	16842.130859
1157.682617	17126.568359
1156.581055	17120.775391
1155.480469	16879.871094
1154.378906	17159.724609
1153.276367	17408.708984
1152.174805	17178.873047
1151.072266	17311.386719
1149.969727	17601.884766
1148.867188	17679.388672
1147.764648	17614.240234
1146.661133	17950.556641
1145.557617	17841.513672
1144.454102	18142.554688
1143.349609	18246.164063
1142.246094	18038.494141
1141.141602	18396.273438
1140.037109	18252.193359
1138.932617	18059.982422
1137.827148	18001.437500
1136.721680	17859.716797
1135.616211	17753.078125
1134.510742	17265.671875
1133.404297	17334.250000
1132.298828	17118.402344
1131.192383	17204.478516
1130.084961	16927.519531
1128.978516	16908.656250
1127.871094	16953.187500
1126.763672	16809.759766
1125.656250	16675.130859
1124.548828	16756.816406
1123.440430	16554.548828
1122.332031	16743.214844
1121.223633	16604.341797
1120.115234	16517.910156
1119.005859	16920.312500
1117.896484	16794.576172
1116.787109	17113.863281
1115.677734	17232.382813
1114.567383	17815.257813
1113.457031	18225.675781
1112.346680	19241.791016
1111.236328	20026.511719
1110.125000	21486.224609
1109.014648	22381.216797
1107.903320	23776.667969
1106.791016	24964.705078
1105.679688	26047.761719
1104.567383	27482.902344
1103.455078	28460.535156
1102.342773	29098.414063
1101.230469	29522.892578
1100.117188	30099.394531
1099.003906	29764.794922
1097.890625	29308.623047
1096.776367	28596.230469
1095.663086	28084.007813
1094.548828	27309.181641
1093.434570	26178.539063
1092.319336	25046.199219
1091.205078	23768.902344
1090.089844	22950.056641
1088.974609	21665.058594
1087.858398	20465.203125
1086.743164	19823.244141
1085.626953	19034.105469
1084.510742	18282.154297
1083.394531	17922.832031
1082.277344	17344.791016
1081.160156	16613.166016
1080.042969	16332.399414
1078.925781	16095.062500
1077.807617	15825.346680
1076.690430	15962.712891
1075.572266	15723.437500
1074.453125	15605.435547
1073.334961	15515.605469
1072.215820	15546.935547
1071.096680	15439.854492
1069.977539	15386.867188
1068.858398	15336.063477
1067.738281	15484.098633
1066.618164	15573.734375
1065.498047	15678.451172
1064.376953	15962.378906
1063.256836	15853.203125
1062.135742	15864.963867
1061.014648	16032.119141
1059.892578	16086.993164
1058.771484	16437.410156
1057.649414	16164.313477
1056.527344	16188.930664
1055.404297	16414.048828
1054.282227	16406.267578
1053.159180	16357.539063
1052.036133	16375.626953
1050.912109	16225.674805
1049.789063	16433.312500
1048.665039	16177.897461
1047.541016	16228.296875
1046.416992	16468.085938
1045.291992	16154.718750
1044.166992	16370.752930
1043.041992	16040.329102
1041.916992	16254.143555
1040.791992	16364.660156
1039.666016	16189.221680
1038.540039	16329.791992
1037.413086	16156.581055
1036.287109	16279.911133
1035.160156	16478.361328
1034.033203	16307.374023
1032.906250	16445.619141
1031.779297	16115.868164
1030.651367	16372.125000
1029.523438	16424.441406
1028.395508	16455.283203
1027.266602	16132.240234
1026.137695	16186.715820
1025.009766	16326.916992
1023.879883	16351.319336
1022.750977	16163.568359
1021.621094	16140.860352
1020.491211	16343.065430
1019.361328	16283.920898
1018.231445	16323.289063
1017.100586	16144.299805
1015.969727	16376.290039
1014.838867	15976.976563
1013.708008	16213.180664
1012.576172	16258.932617
1011.444336	16024.544922
1010.312500	16249.896484
1009.180664	16060.494141
1008.047852	16178.892578
1006.915039	16391.246094
1005.782227	16415.535156
1004.649414	16405.644531
1003.515625	16639.162109
1002.381836	16667.650391
1001.248047	16533.923828
1000.114258	16321.301758
998.979492	16234.636719
997.844727	15938.984375
996.709961	15988.910156
995.575195	15648.663086
994.439453	15634.681641
993.303711	15654.801758
992.167969	15551.336914
991.032227	15758.917969
989.895508	15531.950195
988.758789	15488.194336
987.622070	15580.698242
986.485352	15462.456055
985.347656	15716.644531
984.210938	15443.118164
983.073242	15805.677734
981.934570	15806.570313
980.796875	15873.370117
979.658203	16010.286133
978.519531	16468.046875
977.380859	16823.623047
976.241211	17015.478516
975.101563	17564.052734
973.961914	17630.388672
972.822266	17906.863281
971.681641	18567.386719
970.541992	19098.185547
969.400391	19217.171875
968.259766	19758.208984
967.119141	19961.828125
965.977539	20379.501953
964.835938	20175.904297
963.694336	20394.136719
962.551758	20209.691406
961.409180	20218.097656
960.266602	19953.283203
959.124023	19853.746094
957.980469	19675.917969
956.837891	19375.402344
955.694336	18806.261719
954.549805	18567.412109
953.406250	18544.417969
952.261719	18125.966797
951.117188	18050.214844
949.972656	17701.802734
948.827148	17404.259766
947.681641	17229.396484
946.536133	17308.113281
945.390625	17361.449219
944.245117	17304.957031
943.098633	17529.275391
941.952148	17574.085938
940.804688	18024.050781
939.658203	17864.078125
938.510742	18267.380859
937.363281	18643.093750
936.215820	19516.251953
935.067383	19996.939453
933.919922	20532.216797
932.770508	21631.980469
931.622070	22547.990234
930.473633	23349.871094
929.324219	24818.947266
928.174805	25472.623047
927.025391	26020.773438
925.875000	26838.058594
924.724609	27492.984375
923.574219	26870.771484
922.423828	26282.472656
921.272461	25198.199219
920.122070	24684.082031
918.969727	23234.904297
917.818359	22420.937500
916.666992	21426.642578
915.514648	20552.496094
914.362305	19582.123047
913.208984	18878.800781
912.056641	18043.537109
910.903320	17771.056641
909.750000	17649.761719
908.596680	17327.134766
907.442383	16943.824219
906.288086	16826.974609
905.133789	16879.978516
903.979492	16555.691406
902.824219	16476.712891
901.668945	16249.021484
900.513672	16320.950195
899.358398	16254.634766
898.202148	16372.590820
897.045898	16214.188477
895.889648	16089.336914
894.733398	16385.097656
893.576172	16197.504883
892.419922	16097.831055
891.261719	16044.201172
890.104492	15812.897461
888.946289	15840.863281
887.789063	16050.615234
886.629883	15763.046875
885.471680	15803.535156
884.312500	15747.942383
883.153320	15800.941406
881.994141	15849.742188
880.834961	15904.782227
879.674805	16059.950195
878.514648	15595.486328
877.354492	15942.530273
876.194336	15993.328125
875.033203	16044.103516
873.872070	15963.545898
872.710938	16272.700195
871.548828	16387.964844
870.387695	16332.377930
869.225586	16305.967773
868.063477	16360.769531
866.900391	16375.995117
865.737305	16459.890625
864.574219	16233.724609
863.411133	16209.439453
862.248047	16197.643555
861.083984	16293.978516
859.919922	16103.377930
858.755859	16093.687500
857.590820	16100.624023
856.425781	16076.392578
855.260742	16106.175781
854.095703	16187.863281
852.930664	16084.728516
851.764648	15967.105469
850.598633	16063.294922
849.431641	15908.376953
848.265625	15687.140625
847.098633	15783.325195
845.931641	15659.666992
844.764648	15766.179688
843.596680	15762.792969
842.428711	15742.828125
841.260742	15869.968750
840.092773	15791.990234
838.923828	15627.065430
837.754883	15737.583008
836.585938	15736.269531
835.416992	15803.252930
834.247070	15584.666016
833.077148	15955.747070
831.907227	15828.222656
830.737305	15919.937500
829.566406	15751.125977
828.395508	15605.122070
827.224609	15605.898438
826.052734	16013.678711
824.881836	15911.085938
823.709961	15876.686523
822.538086	15933.145508
821.365234	15977.195313
820.192383	15895.333008
819.019531	15957.938477
817.846680	15923.560547
816.673828	15973.756836
815.500000	16036.302734
814.326172	15884.416992
813.151367	16165.432617
811.977539	16421.597656
810.802734	16578.759766
809.627930	16707.017578
808.453125	17094.695313
807.277344	16885.123047
806.101563	17540.195313
804.925781	17468.500000
803.750000	17191.078125
802.573242	17351.945313
801.396484	17506.572266
800.219727	17632.341797
799.042969	17815.621094
797.865234	17955.656250
796.687500	18580.589844
795.509766	18666.982422
794.331055	18868.359375
793.153320	19088.132813
791.974609	18480.390625
790.795898	18258.818359
789.616211	18084.542969
788.436523	17625.136719
787.256836	17543.382813
786.077148	17393.982422
784.897461	17012.937500
783.716797	16923.164063
782.536133	17011.746094
781.354492	16811.353516
780.173828	16928.599609
778.992188	16982.298828
777.810547	16915.148438
776.628906	17081.431641
775.446289	17075.695313
774.263672	16963.542969
773.081055	17080.597656
771.898438	17085.091797
770.714844	17089.582031
769.531250	17259.695313
768.347656	17621.896484
767.163086	17885.835938
765.979492	18086.312500
764.794922	18180.466797
763.609375	18503.343750
762.424805	18920.017578
761.239258	19171.134766
760.053711	19481.337891
758.868164	20073.031250
757.681641	20450.234375
756.495117	21361.722656
755.308594	21754.794922
754.122070	22808.335938
752.934570	23967.423828
751.748047	25189.191406
750.559570	27237.728516
749.372070	29635.785156
748.183594	33008.429688
746.995117	36471.250000
745.806641	41280.347656
744.618164	45865.492188
743.428711	50619.597656
742.239258	54865.023438
741.049805	57039.871094
739.859375	58577.214844
738.669922	58814.628906
737.479492	58287.585938
736.288086	56100.296875
735.097656	54086.667969
733.906250	52366.449219
732.714844	51187.234375
731.523438	51208.636719
730.331055	49977.394531
729.138672	49556.554688
727.946289	49600.609375
726.753906	49827.242188
725.560547	49605.484375
724.367188	48428.632813
723.173828	46680.519531
721.979492	44560.167969
720.786133	41800.300781
719.591797	38843.054688
718.396484	35818.214844
717.202148	32855.441406
716.006836	30973.236328
714.811523	28907.619141
713.616211	27626.199219
712.419922	26211.777344
711.223633	25372.544922
710.027344	24472.994141
708.831055	23836.730469
707.633789	23362.488281
706.436523	22795.464844
705.239258	22588.419922
704.041016	22209.718750
702.843750	21722.093750
701.645508	21058.970703
700.447266	21288.626953
699.248047	20698.558594
698.048828	20562.871094
696.849609	20673.425781
695.650391	20947.347656
694.450195	20896.404297
693.250000	21321.400391
692.049805	21518.382813
690.849609	22227.269531
689.648438	22728.273438
688.447266	23682.398438
687.246094	24339.988281
686.044922	25025.486328
684.842773	25769.078125
683.640625	26697.548828
682.438477	27720.208984
681.235352	27728.265625
680.033203	27804.720703
678.829102	28040.033203
677.625977	27718.224609
676.422852	27366.396484
675.218750	27046.880859
674.014648	26779.750000
672.809570	26810.089844
671.604492	26776.134766
670.400391	26977.160156
669.194336	27332.701172
667.989258	27928.972656
666.783203	28649.414063
665.577148	29530.062500
664.371094	30322.058594
663.164063	31476.730469
661.957031	32308.058594
660.750000	34023.128906
659.542969	34075.851563
658.334961	34092.476563
657.127930	34139.144531
655.918945	33679.023438
654.710938	32838.605469
653.501953	32090.650391
652.292969	31495.152344
651.083984	30597.714844
649.875000	29926.763672
648.665039	28457.935547
647.455078	27653.740234
646.244141	25880.115234
645.034180	25258.748047
643.823242	24451.771484
642.612305	23455.314453
641.400391	22998.697266
640.189453	22490.345703
638.977539	21532.904297
637.765625	21430.378906
636.552734	21599.361328
635.339844	21175.568359
634.126953	21581.957031
632.914063	21706.908203
631.700195	22346.335938
630.487305	22608.638672
629.272461	23554.578125
628.058594	23930.103516
626.843750	24237.714844
625.628906	24475.464844
624.414063	24284.892578
623.199219	23598.574219
621.983398	23229.097656
620.767578	22523.402344
619.551758	22046.861328
618.334961	21250.210938
617.118164	20803.988281
615.901367	20320.175781
614.684570	20055.277344
613.466797	19514.189453
612.249023	19132.328125
611.031250	19110.263672
609.813477	18571.720703
608.594727	18341.250000
607.375977	18311.427734
606.157227	18130.742188
604.937500	17890.591797
603.717773	17835.087891
602.498047	17755.798828
601.278320	17964.146484
600.057617	17769.847656
598.836914	17712.429688
597.616211	17821.537109
596.395508	17665.046875
595.173828	17484.847656
593.952148	17627.603516
592.729492	17568.294922
591.507813	17647.609375
590.285156	17317.121094
589.062500	17329.162109
587.839844	17535.109375
586.616211	17590.619141
585.392578	17654.011719
584.168945	18035.736328
582.944336	18114.818359
581.720703	18168.169922
580.495117	18593.001953
579.270508	18802.300781
578.045898	18869.289063
576.820313	19335.154297
575.594727	19555.994141
574.368164	19826.083984
573.142578	20228.277344
571.916016	20545.453125
570.688477	20884.187500
569.461914	20765.220703
568.234375	20855.314453
567.006836	20631.923828
565.779297	20639.224609
564.550781	20415.976563
563.322266	20222.376953
562.093750	20020.982422
560.865234	19736.968750
559.635742	19431.421875
558.406250	19429.126953
557.176758	19243.820313
555.946289	19176.638672
554.715820	19058.343750
553.485352	19001.064453
552.254883	18758.990234
551.023438	18874.781250
549.791992	18624.976563
548.560547	18502.996094
547.328125	18675.732422
546.096680	18178.669922
544.864258	18125.589844
543.630859	17689.720703
542.398438	18253.052734
541.165039	18254.931641
539.931641	18129.287109
538.697266	18205.720703
537.463867	18303.691406
536.229492	17874.232422
534.994141	17870.304688
533.759766	17762.513672
532.524414	17952.574219
531.289063	17923.164063
530.053711	18052.392578
528.817383	18109.121094
527.581055	17999.433594
526.344727	18062.015625
525.107422	18457.203125
523.871094	18568.560547
522.632813	19603.007813
521.395508	20238.101563
520.158203	20610.953125
518.919922	20455.921875
517.681641	19873.011719
516.442383	19423.205078
515.203125	18915.000000
513.963867	18895.214844
512.724609	18541.582031
511.485352	18461.375000
510.245117	18429.990234
509.004883	18457.148438
507.763672	18314.587891
506.523438	18554.332031
505.282227	18595.089844
504.040039	18281.046875
502.798828	18156.187500
501.556641	17969.029297
