1802.318359	3586.017578
1801.348633	3633.464844
1800.379883	3515.392822
1799.410156	3614.539795
1798.440430	3608.826416
1797.470703	3640.543457
1796.500977	3505.100342
1795.530273	3501.905762
1794.559570	3533.624512
1793.588867	3687.499268
1792.618164	3552.154297
1791.647461	3583.843262
1790.675781	3620.503174
1789.705078	3594.866943
1788.733398	3636.490967
1787.761719	3722.922607
1786.789063	3699.770508
1785.817383	3751.304932
1784.844727	3782.908447
1783.872070	3799.569824
1782.899414	3818.711914
1781.926758	3837.846191
1780.953125	3884.326904
1779.980469	3639.895752
1779.006836	3785.827881
1778.033203	3924.245605
1777.058594	3863.825684
1776.084961	3947.518066
1775.110352	3906.987549
1774.135742	3975.737549
1773.161133	3957.562256
1772.186523	3981.592773
1771.210938	4035.395264
1770.236328	3982.479980
1769.260742	4083.395508
1768.285156	4094.979248
1767.308594	4121.437012
1766.333008	4209.866699
1765.356445	4251.163574
1764.379883	4406.445801
1763.403320	4497.242676
1762.426758	4459.181641
1761.449219	4594.514160
1760.472656	4700.075684
1759.495117	4827.877441
1758.517578	4812.057617
1757.539063	4798.719238
1756.561523	4904.154297
1755.583008	4999.651367
1754.604492	4931.868652
1753.625977	4977.864258
1752.647461	4848.303711
1751.667969	5032.721680
1750.688477	4866.130371
1749.709961	4741.610840
1748.729492	4782.656250
1747.750000	4784.166992
1746.770508	4716.534180
1745.790039	4663.741211
1744.809570	4660.337402
1743.829102	4713.696289
1742.847656	4621.456055
1741.867188	4618.062012
1740.885742	4557.941406
1739.904297	4542.230957
1738.922852	4533.923340
1737.941406	4579.847168
1736.958984	4487.743652
1735.977539	4531.193359
1734.995117	4493.332031
1734.011719	4571.244629
1733.029297	4538.314941
1732.046875	4640.806152
1731.063477	4526.646484
1730.080078	4434.681152
1729.096680	4463.316406
1728.112305	4455.039551
1727.128906	4594.335938
1726.144531	4536.855957
1725.160156	4540.861328
1724.175781	4586.651367
1723.191406	4556.239746
1722.206055	4675.718262
1721.220703	4797.604980
1720.235352	4737.695801
1719.250000	4736.743652
1718.264648	4694.055664
1717.278320	4813.385254
1716.291992	4927.758301
1715.305664	5076.435547
1714.319336	5033.712402
1713.333008	4941.954590
1712.345703	5257.280273
1711.358398	5243.964844
1710.371094	5367.916504
1709.383789	5611.897461
1708.396484	5728.374512
1707.408203	5788.462402
1706.419922	5806.890625
1705.431641	5859.592285
1704.443359	6330.905273
1703.455078	6483.833496
1702.465820	6538.813477
1701.476563	6884.923828
1700.487305	6947.138672
1699.498047	6953.077148
1698.507813	7467.612793
1697.518555	7417.215332
1696.528320	7506.157227
1695.538086	7854.097168
1694.547852	8055.302734
1693.556641	7968.184570
1692.565430	7778.527344
1691.575195	8043.110840
1690.583008	8129.375977
1689.591797	7993.496094
1688.600586	8079.735352
1687.608398	7853.647461
1686.616211	7920.365234
1685.624023	7911.452637
1684.631836	7919.611328
1683.638672	7693.736328
1682.645508	7814.051758
1681.652344	7724.750488
1680.659180	7542.904297
1679.666016	7570.613281
1678.671875	7291.456543
1677.678711	7380.076172
1676.684570	7432.144043
1675.690430	7447.682129
1674.695313	7326.943848
1673.701172	7247.613281
1672.706055	7195.070313
1671.710938	7346.830078
1670.715820	7265.110352
1669.719727	7001.103027
1668.724609	7250.026367
1667.728516	7039.586914
1666.732422	7157.210449
1665.736328	7114.473145
1664.739258	7088.751953
1663.743164	7140.737305
1662.746094	7042.195313
1661.749023	7079.605469
1660.751953	7112.147461
1659.753906	7159.231934
1658.755859	7087.445801
1657.758789	7199.991699
1656.759766	7215.509766
1655.761719	7010.429688
1654.763672	7173.817383
1653.764648	7034.251465
1652.765625	7284.781738
1651.766602	7152.515137
1650.767578	7117.166992
1649.767578	7113.307617
1648.767578	7063.457031
1647.768555	7040.248047
1646.767578	6985.592285
1645.767578	7112.396973
1644.766602	6999.699219
1643.766602	7097.430176
1642.765625	6975.109375
1641.764648	6838.334473
1640.762695	6969.872070
1639.761719	6823.487305
1638.759766	6817.275879
1637.757813	6977.720215
1636.755859	6754.148438
1635.752930	6796.239258
1634.750977	6596.932129
1633.748047	6764.529785
1632.745117	6683.537598
1631.741211	6708.720703
1630.738281	6548.180664
1629.734375	6457.635254
1628.730469	6613.034668
1627.726563	6708.111816
1626.722656	6607.947754
1625.718750	6519.871094
1624.713867	6460.736816
1623.708984	6671.371094
1622.704102	6638.716797
1621.698242	6702.373535
1620.693359	6599.923340
1619.687500	6461.416504
1618.681641	6604.467773
1617.675781	6480.448730
1616.669922	6794.193848
1615.663086	6792.817383
1614.656250	6632.773438
1613.649414	6814.100098
1612.642578	6728.611328
1611.635742	6724.845215
1610.627930	6860.401855
1609.620117	6935.862793
1608.612305	7078.524414
1607.604492	6815.419434
1606.595703	6979.648438
1605.587891	6937.438477
1604.579102	7051.192383
1603.570313	7056.958496
1602.560547	7168.242676
1601.551758	7250.708984
1600.541992	7359.511230
1599.532227	7537.774414
1598.522461	7473.941895
1597.512695	7527.528320
1596.501953	7904.457031
1595.491211	7972.302246
1594.480469	8143.075195
1593.469727	8191.692871
1592.458984	8422.184570
1591.447266	8451.582031
1590.435547	8782.406250
1589.423828	8706.474609
1588.412109	9006.023438
1587.400391	8844.003906
1586.387695	8849.378906
1585.375000	8847.581055
1584.362305	8695.248047
1583.349609	8769.929688
1582.335938	8495.860352
1581.323242	8508.461914
1580.309570	8375.419922
1579.294922	8232.882813
1578.281250	8214.503906
1577.267578	8200.904297
1576.252930	7920.125000
1575.238281	8025.844727
1574.223633	7969.367188
1573.208008	7934.369141
1572.193359	8042.403809
1571.177734	7919.227539
1570.162109	7786.570801
1569.145508	7944.593750
1568.129883	7926.306152
1567.113281	8055.661133
1566.096680	7923.082520
1565.080078	8052.384277
1564.063477	7998.391602
1563.045898	7658.906250
1562.029297	7883.333984
1561.011719	7912.647949
1559.994141	7913.415527
1558.975586	7750.145508
1557.958008	7617.840820
1556.939453	7723.227539
1555.920898	7648.002930
1554.902344	7558.555664
1553.882813	7554.642090
1552.864258	7503.240723
1551.844727	7435.241699
1550.825195	7464.583008
1549.804688	7567.474609
1548.785156	7307.329590
1547.764648	7424.442871
1546.744141	7470.361328
1545.723633	7618.216309
1544.703125	7464.947266
1543.681641	7420.764648
1542.660156	7478.492676
1541.638672	7619.116699
1540.617188	7662.568359
1539.595703	7530.757324
1538.573242	7685.489258
1537.550781	7714.696289
1536.528320	7689.456543
1535.505859	7505.688965
1534.482422	7558.570801
1533.459961	7649.275391
1532.436523	7567.312500
1531.413086	7657.977051
1530.388672	7427.124512
1529.365234	7555.593262
1528.340820	7476.078125
1527.316406	7606.845703
1526.291992	7784.797852
1525.267578	7594.296387
1524.242188	7536.084473
1523.216797	7553.430176
1522.191406	7386.691406
1521.166016	7389.902832
1520.139648	7454.446289
1519.114258	7431.697754
1518.087891	7489.131836
1517.061523	7584.262695
1516.034180	7490.788086
1515.007813	7512.824707
1513.980469	7501.865723
1512.953125	7573.358398
1511.925781	7677.793457
1510.897461	7556.137207
1509.870117	7853.575684
1508.841797	7899.045410
1507.813477	7826.834473
1506.785156	7982.869629
1505.755859	8204.703125
1504.726563	8379.411133
1503.697266	8657.503906
1502.667969	8709.802734
1501.638672	8743.277344
1500.608398	8920.080078
1499.579102	8861.871094
1498.548828	9158.370117
1497.517578	9064.909180
1496.487305	9199.236328
1495.456055	9164.490234
1494.424805	9153.228516
1493.393555	8879.162109
1492.362305	8823.386719
1491.331055	8809.854492
1490.298828	8688.454102
1489.266602	8478.008789
1488.234375	8443.456055
1487.201172	8228.458984
1486.168945	8243.176758
1485.135742	8196.979492
1484.102539	8068.823730
1483.069336	8069.513672
1482.035156	8166.193359
1481.001953	7937.469238
1479.967773	8303.265625
1478.933594	8306.245117
1477.898438	8192.257813
1476.864258	8375.347656
1475.829102	8745.429688
1474.793945	9042.885742
1473.758789	9085.444336
1472.722656	9233.145508
1471.687500	9731.250977
1470.651367	9722.249023
1469.615234	10058.901367
1468.579102	10463.129883
1467.541992	11051.619141
1466.504883	11663.207031
1465.468750	11737.823242
1464.430664	12276.693359
1463.393555	12845.665039
1462.355469	13531.009766
1461.318359	13654.144531
1460.280273	13912.435547
1459.241211	14221.895508
1458.203125	14668.710938
1457.164063	14497.960938
1456.125000	14725.583984
1455.085938	14564.206055
1454.046875	14728.856445
1453.006836	14811.963867
1451.967773	14632.045898
1450.927734	14670.927734
1449.886719	14954.063477
1448.846680	14999.837891
1447.805664	15359.528320
1446.764648	15472.623047
1445.723633	15490.367188
1444.682617	15494.159180
1443.641602	15616.449219
1442.599609	15232.261719
1441.557617	15138.553711
1440.515625	14810.350586
1439.472656	14554.251953
1438.430664	14026.683594
1437.387695	13747.642578
1436.344727	13489.597656
1435.301758	12948.652344
1434.257813	12950.629883
1433.213867	12277.846680
1432.169922	11957.718750
1431.125977	11684.077148
1430.082031	11426.769531
1429.037109	11496.243164
1427.993164	10993.541992
1426.948242	11146.447266
1425.902344	11021.438477
1424.857422	10766.841797
1423.811523	10882.666992
1422.765625	10655.970703
1421.719727	10508.027344
1420.673828	10769.553711
1419.626953	10802.026367
1418.580078	10774.372070
1417.533203	10864.620117
1416.486328	10659.003906
1415.439453	10733.062500
1414.391602	10654.618164
1413.343750	10603.920898
1412.295898	10537.080078
1411.248047	10818.889648
1410.199219	10530.434570
1409.150391	10595.193359
1408.101563	10588.397461
1407.052734	10480.101563
1406.003906	10360.317383
1404.954102	10293.618164
1403.904297	10353.745117
1402.854492	9980.512695
1401.804688	10006.111328
1400.753906	9762.127930
1399.703125	9969.739258
1398.652344	9843.319336
1397.601563	9670.899414
1396.550781	9788.617188
1395.499023	9758.980469
1394.447266	9533.755859
1393.395508	9764.161133
1392.343750	9509.124023
1391.291016	9514.062500
1390.239258	9408.633789
1389.186523	9211.295898
1388.132813	9202.501953
1387.080078	9106.392578
1386.026367	9354.928711
1384.972656	9056.698242
1383.918945	9029.570313
1382.865234	9188.424805
1381.810547	9372.462891
1380.756836	9336.104492
1379.702148	9366.301758
1378.646484	9453.837891
1377.591797	9653.722656
1376.536133	9697.592773
1375.480469	9780.418945
1374.424805	9883.840820
1373.369141	9934.509766
1372.312500	9879.760742
1371.256836	9953.315430
1370.200195	9967.291992
1369.142578	9820.976563
1368.085938	9573.989258
1367.028320	9718.500000
1365.970703	9743.953125
1364.913086	9826.592773
1363.855469	9870.312500
1362.796875	9712.758789
1361.739258	9822.791016
1360.680664	9864.195313
1359.621094	10092.998047
1358.562500	10182.315430
1357.502930	10207.626953
1356.443359	10246.630859
1355.383789	10491.148438
1354.324219	10518.661133
1353.263672	10792.696289
1352.203125	10920.552734
1351.142578	11162.444336
1350.082031	11260.513672
1349.021484	11705.227539
1347.959961	11878.394531
1346.898438	12350.154297
1345.836914	12513.997070
1344.774414	12846.413086
1343.712891	13030.590820
1342.650391	13415.155273
1341.587891	13763.119141
1340.525391	14165.586914
1339.461914	14752.291992
1338.398438	14976.850586
1337.335938	15233.173828
1336.271484	15705.532227
1335.208008	16198.166016
1334.143555	16408.589844
1333.079102	16282.410156
1332.014648	16394.976563
1330.950195	16300.667969
1329.885742	15645.127930
1328.820313	15625.984375
1327.754883	15282.036133
1326.689453	14806.515625
1325.623047	14272.158203
1324.556641	13876.492188
1323.491211	13508.222656
1322.423828	12922.276367
1321.357422	12311.617188
1320.291016	12170.709961
1319.223633	11859.788086
1318.156250	11576.199219
1317.087891	11376.596680
1316.020508	11213.334961
1314.952148	11249.528320
1313.883789	11081.829102
1312.815430	10975.348633
1311.747070	10986.658203
1310.677734	10950.421875
1309.608398	11006.999023
1308.539063	10828.206055
1307.469727	10683.422852
1306.399414	10712.875000
1305.330078	10844.083008
1304.259766	10706.167969
1303.189453	10599.958984
1302.118164	10534.475586
1301.046875	10394.449219
1299.976563	10125.707031
1298.904297	10166.520508
1297.833008	10092.145508
1296.761719	9724.289063
1295.689453	9692.923828
1294.617188	9760.874023
1293.543945	9625.719727
1292.471680	9768.099609
1291.398438	9743.515625
1290.325195	9725.707031
1289.251953	9766.522461
1288.178711	9834.368164
1287.104492	9845.846680
1286.030273	10015.036133
1284.956055	10136.849609
1283.881836	10184.291016
1282.806641	10380.323242
1281.732422	10479.470703
1280.657227	10886.930664
1279.581055	10976.929688
1278.505859	11051.140625
1277.429688	10911.632813
1276.353516	10994.821289
1275.277344	11039.750977
1274.201172	11304.961914
1273.124023	11118.316406
1272.046875	11432.833008
1270.969727	11416.975586
1269.892578	11266.358398
1268.814453	11659.243164
1267.737305	11456.999023
1266.659180	11340.135742
1265.581055	11292.891602
1264.501953	11207.522461
1263.422852	11081.808594
1262.344727	10864.191406
1261.264648	10554.728516
1260.185547	10270.053711
1259.105469	10256.708008
1258.026367	9884.816406
1256.946289	9676.633789
1255.865234	9562.617188
1254.785156	9325.473633
1253.704102	9162.316406
1252.623047	9048.477539
1251.541992	9124.927734
1250.459961	8874.643555
1249.378906	8745.273438
1248.296875	8609.245117
1247.214844	8683.485352
1246.131836	8511.752930
1245.049805	8478.683594
1243.966797	8476.916016
1242.883789	8282.989258
1241.800781	8337.111328
1240.716797	8395.676758
1239.632813	8326.935547
1238.548828	8454.686523
1237.464844	8303.374023
1236.380859	8176.670898
1235.295898	8119.186035
1234.210938	8177.721191
1233.125977	8169.324219
1232.041016	8218.904297
1230.955078	8172.603027
1229.869141	8048.312012
1228.783203	8146.908691
1227.697266	8290.022461
1226.610352	8025.454102
1225.524414	7936.926758
1224.437500	8088.898926
1223.349609	8116.148438
1222.262695	8132.258301
1221.174805	8014.854492
1220.086914	8260.116211
1218.999023	8196.114258
1217.911133	8118.795898
1216.822266	7941.462891
1215.733398	8304.340820
1214.644531	8147.043457
1213.555664	8200.887695
1212.465820	8403.541992
1211.376953	8259.646484
1210.287109	8457.762695
1209.196289	8249.534180
1208.106445	8258.907227
1207.015625	8410.297852
1205.924805	8333.106445
1204.833984	8260.382813
1203.743164	8329.622070
1202.651367	8429.872070
1201.559570	8173.182129
1200.467773	8124.930664
1199.375977	8222.943359
1198.283203	8181.346680
1197.190430	8235.007813
1196.097656	8233.285156
1195.004883	8012.378418
1193.911133	8143.512695
1192.818359	7924.929688
1191.724609	7983.010742
1190.629883	7945.946289
1189.536133	7769.561523
1188.441406	7924.930176
1187.346680	7766.309082
1186.251953	7943.714844
1185.157227	7610.580078
1184.061523	7743.756348
1182.965820	7695.748047
1181.870117	7471.085938
1180.774414	7513.680176
1179.677734	7622.480957
1178.581055	7433.286133
1177.484375	7519.991699
1176.387695	7472.087891
1175.291016	7609.477539
1174.193359	7435.878906
1173.095703	7363.769043
1171.998047	7265.238281
1170.899414	7340.848145
1169.800781	7222.532715
1168.702148	7436.899902
1167.603516	7173.253906
1166.504883	7334.693848
1165.405273	7319.946777
1164.305664	7329.416992
1163.206055	7539.133789
1162.106445	7288.940430
1161.005859	7414.990723
1159.906250	7626.755859
1158.804688	7400.886230
1157.704102	7535.625000
1156.603516	7584.593262
1155.501953	7453.358887
1154.400391	7625.347656
1153.298828	7685.246582
1152.196289	7674.849609
1151.093750	7783.012695
1149.992188	7647.481934
1148.888672	7907.029785
1147.786133	7929.504395
1146.682617	8048.489746
1145.579102	8180.583984
1144.475586	8257.803711
1143.372070	8348.144531
1142.267578	8274.061523
1141.163086	8215.347656
1140.058594	8121.604492
1138.954102	8043.233398
1137.848633	8032.783203
1136.744141	7869.071777
1135.638672	7935.278320
1134.532227	7874.518555
1133.426758	7686.873047
1132.320313	7683.069336
1131.213867	7766.754883
1130.107422	7712.640137
1129.000000	7818.145996
1127.893555	7683.166504
1126.786133	7725.257813
1125.677734	7821.953613
1124.570313	7704.532715
1123.461914	7676.704102
1122.354492	7609.583496
1121.245117	7835.020996
1120.136719	7824.642090
1119.027344	7838.270508
1117.918945	7707.901367
1116.808594	8133.799805
1115.699219	8036.133789
1114.589844	7979.934082
1113.479492	8512.317383
1112.369141	8599.880859
1111.257813	8916.194336
1110.147461	9199.696289
1109.036133	9624.650391
1107.924805	10025.470703
1106.813477	10439.184570
1105.701172	10743.891602
1104.589844	11239.973633
1103.477539	11479.111328
1102.364258	11929.147461
1101.251953	11987.528320
1100.138672	12139.380859
1099.025391	12095.517578
1097.912109	11995.164063
1096.798828	11762.300781
1095.684570	11759.821289
1094.570313	11377.231445
1093.456055	10901.424805
1092.341797	10484.437500
1091.226563	10302.060547
1090.111328	9789.884766
1088.996094	9527.448242
1087.880859	8991.788086
1086.764648	8773.005859
1085.648438	8556.484375
1084.532227	8285.854492
1083.416016	8232.086914
1082.299805	8063.488770
1081.182617	8072.620117
1080.065430	8107.739746
1078.947266	7898.125977
1077.830078	7855.320313
1076.711914	7717.283691
1075.593750	7655.054199
1074.475586	7638.291504
1073.357422	7686.435547
1072.238281	7710.767578
1071.119141	7423.695313
1070.000000	7541.037109
1068.879883	7550.251465
1067.760742	7686.965820
1066.640625	7577.310547
1065.519531	7703.159668
1064.399414	7690.733398
1063.278320	7760.363281
1062.157227	7797.581543
1061.036133	7612.474609
1059.915039	7861.180176
1058.792969	8142.141602
1057.670898	7801.775391
1056.548828	7985.586426
1055.426758	8063.671875
1054.303711	8014.543457
1053.181641	8049.486328
1052.057617	8080.104004
1050.934570	8108.554199
1049.811523	8195.144531
1048.687500	8087.897461
1047.563477	8178.759766
1046.438477	8344.917969
1045.314453	8295.808594
1044.189453	8147.750488
1043.064453	8094.400879
1041.939453	8202.368164
1040.813477	8153.328613
1039.687500	8158.051270
1038.561523	8190.711914
1037.435547	8236.250977
1036.309570	8275.324219
1035.182617	8376.669922
1034.055664	8428.581055
1032.928711	8222.834961
1031.800781	8384.227539
1030.673828	8330.946289
1029.545898	8447.188477
1028.416992	8284.513672
1027.289063	8355.676758
1026.160156	8379.636719
1025.031250	8304.972656
1023.902344	8365.369141
1022.773438	8286.452148
1021.643555	8458.231445
1020.513672	8312.926758
1019.383789	8521.031250
1018.252930	8555.622070
1017.123047	8335.467773
1015.992188	8239.534180
1014.861328	8261.323242
1013.729492	8293.797852
1012.598633	8215.042969
1011.466797	8461.345703
1010.334961	8455.274414
1009.202148	8402.182617
1008.070313	8682.478516
1006.937500	8719.092773
1005.804688	9232.032227
1004.670898	9518.378906
1003.538086	9597.494141
1002.404297	9495.125977
1001.270508	9096.140625
1000.135742	8720.795898
999.001953	8439.477539
997.867188	8232.928711
996.732422	7928.374512
995.596680	8071.665039
994.461914	8208.500000
993.326172	8025.614746
992.190430	8151.746582
991.054688	7981.731445
989.917969	7839.474609
988.781250	7940.013184
987.644531	8040.508301
986.507813	7860.017578
985.370117	8013.683594
984.232422	7897.097656
983.094727	8059.197754
981.957031	8017.079590
980.819336	8308.776367
979.680664	8559.960938
978.541992	8339.245117
977.402344	8532.947266
976.263672	8898.633789
975.124023	8892.493164
973.984375	9090.199219
972.844727	9096.756836
971.704102	9243.395508
970.563477	9264.770508
969.422852	9441.010742
968.282227	9591.722656
967.141602	9666.025391
966.000000	9721.213867
964.858398	9770.018555
963.715820	9748.864258
962.574219	9702.291992
961.431641	9573.121094
960.289063	9568.964844
959.146484	9463.168945
958.002930	9471.738281
956.860352	9243.243164
955.716797	9152.395508
954.572266	9017.155273
953.428711	8890.433594
952.284180	8954.098633
951.139648	8827.443359
949.995117	8850.928711
948.849609	8933.580078
947.704102	8872.511719
946.558594	8769.217773
945.413086	8978.558594
944.267578	8894.290039
943.121094	8976.841797
941.974609	9367.527344
940.827148	9544.905273
939.680664	9623.043945
938.533203	9969.042969
937.385742	10369.726563
936.238281	10595.232422
935.089844	11229.604492
933.942383	11703.526367
932.792969	12468.033203
931.644531	12914.100586
930.496094	13827.565430
929.346680	14016.242188
928.197266	14434.321289
927.047852	14780.653320
925.897461	14628.081055
924.747070	14517.653320
923.596680	14316.818359
922.446289	13813.221680
921.294922	13238.347656
920.144531	12562.812500
918.992188	11879.157227
917.840820	11353.392578
916.689453	10672.387695
915.537109	10376.049805
914.384766	9983.238281
913.231445	9561.201172
912.079102	9536.068359
910.925781	8969.500977
909.772461	8992.761719
908.619141	8791.555664
907.464844	8907.123047
906.310547	8655.696289
905.156250	8534.352539
904.001953	8471.745117
902.846680	8277.148438
901.691406	8317.279297
900.536133	8221.243164
899.380859	7976.564941
898.224609	8286.818359
897.069336	8065.254395
895.913086	8320.942383
894.755859	7929.985352
893.599609	8124.926270
892.442383	8085.541016
891.285156	8221.816406
890.126953	8201.241211
888.969727	8115.881348
887.811523	8160.115723
886.653320	8085.246094
885.494141	8116.935059
884.335938	8050.458496
883.176758	8098.843262
882.016602	8009.436523
880.857422	8022.329590
879.697266	8026.870117
878.538086	8175.348145
877.376953	8015.088379
876.216797	8080.096680
875.055664	8013.737793
873.894531	7953.660156
872.733398	7991.548340
871.572266	8064.837402
870.410156	7956.877441
869.248047	7826.056152
868.085938	7851.444824
866.922852	7876.821777
865.760742	7862.645508
864.597656	8056.546875
863.433594	7934.162598
862.270508	7965.737793
861.106445	7964.028809
859.942383	7733.637207
858.778320	7946.062012
857.613281	7977.605469
856.449219	8129.635742
855.284180	7984.567383
854.118164	8030.617676
852.953125	7952.072266
851.787109	7881.862793
850.621094	8108.460938
849.455078	8123.319336
848.288086	7941.095215
847.121094	8011.980957
845.954102	8097.350586
844.787109	7869.639160
843.619141	7729.078125
842.452148	7969.870605
841.283203	7916.363281
840.115234	8018.229980
838.947266	8028.932129
837.778320	8122.448242
836.609375	8193.153320
835.439453	7990.643066
834.269531	8079.967285
833.100586	8160.977539
831.929688	8132.335938
830.759766	8004.451172
829.588867	8226.003906
828.417969	8110.555176
827.247070	8187.336426
826.076172	8084.340332
824.904297	8080.535645
823.732422	8107.708984
822.560547	8192.681641
821.387695	8060.871094
820.215820	8118.986328
819.042969	8108.985840
817.869141	8138.184082
816.696289	8074.558105
815.522461	8433.673828
814.348633	8147.360352
813.174805	8256.907227
812.000000	8086.152832
810.825195	8185.363770
809.650391	8074.431152
808.475586	8336.290039
807.300781	8270.667969
806.125000	8324.464844
804.949219	8209.480469
803.772461	8234.459961
802.596680	8261.485352
801.419922	8424.241211
800.243164	8292.881836
799.065430	8348.657227
797.887695	8307.805664
796.710938	8322.454102
795.532227	8409.001953
794.354492	8435.946289
793.175781	8232.874023
791.997070	8469.264648
790.818359	8233.428711
789.639648	8338.371094
788.459961	8217.566406
787.280273	8371.699219
786.100586	8068.404297
784.919922	8378.339844
783.739258	8144.875488
782.558594	8225.102539
781.377930	8274.556641
780.196289	8172.382813
779.014648	8197.246094
777.833008	8523.131836
776.651367	8384.116211
775.468750	8312.708984
774.287109	8445.984375
773.103516	8255.920898
771.920898	8356.419922
770.737305	8481.416992
769.553711	8465.271484
768.370117	8649.475586
767.186523	8751.843750
766.001953	8796.952148
764.817383	8931.930664
763.632813	9146.510742
762.447266	9179.249023
761.262695	9416.139648
760.077148	9334.497070
758.890625	9622.269531
757.705078	9738.528320
756.518555	9966.930664
755.332031	10170.760742
754.145508	10611.027344
752.958008	10863.553711
751.770508	11572.512695
750.583008	12057.017578
749.395508	12775.595703
748.207031	13917.518555
747.018555	15168.910156
745.830078	16285.387695
744.640625	17602.894531
743.452148	18653.240234
742.262695	19479.322266
741.073242	20223.677734
739.882813	20274.210938
738.692383	20139.691406
737.501953	20186.152344
736.311523	20041.544922
735.120117	20189.601563
733.929688	20615.912109
732.738281	20784.089844
731.545898	21342.076172
730.354492	21851.093750
729.162109	22410.634766
727.969727	22606.681641
726.776367	23332.181641
725.583984	23043.144531
724.390625	22498.699219
723.196289	21405.019531
722.002930	20046.259766
720.808594	18378.003906
719.614258	16823.939453
718.419922	15410.328125
717.224609	14317.337891
716.030273	13295.692383
714.834961	12559.943359
713.638672	12192.889648
712.443359	11575.066406
711.247070	11497.697266
710.050781	10967.269531
708.853516	11193.409180
707.657227	10891.745117
706.459961	10802.460938
705.262695	10652.584961
704.064453	10668.457031
702.867188	10153.035156
701.668945	10312.404297
700.469727	10100.166016
699.271484	10263.513672
698.072266	10237.064453
696.873047	10273.181641
695.673828	10593.746094
694.473633	10867.778320
693.273438	10901.716797
692.073242	11304.595703
690.873047	11576.277344
689.671875	11938.528320
688.470703	12302.635742
687.269531	12696.799805
686.068359	13239.825195
684.866211	13738.316406
683.664063	13964.822266
682.461914	14493.127930
681.258789	14387.353516
680.055664	14398.307617
678.852539	13890.329102
677.649414	13835.025391
676.445313	13544.519531
675.242188	13324.490234
674.037109	12949.816406
672.833008	12822.431641
671.627930	12723.223633
670.422852	12762.628906
669.217773	12655.443359
668.012695	12700.867188
666.806641	12674.019531
665.600586	12992.305664
664.394531	13065.708984
663.187500	13169.164063
661.980469	13551.299805
660.773438	13422.047852
659.566406	13717.773438
658.358398	14159.654297
657.150391	14192.632813
655.942383	14203.562500
654.734375	14210.481445
653.525391	14047.211914
652.316406	13932.054688
651.107422	13618.817383
649.897461	13203.672852
648.688477	12746.699219
647.478516	12309.923828
646.267578	12081.291016
645.057617	11796.781250
643.846680	11312.528320
642.635742	11112.235352
641.423828	10842.105469
640.212891	10823.762695
639.000977	10661.646484
637.788086	10581.458008
636.576172	10451.401367
635.363281	10814.321289
634.150391	10999.510742
632.937500	11150.707031
631.723633	11475.342773
630.510742	11829.745117
629.295898	11978.666016
628.082031	12163.394531
626.867188	12342.064453
625.652344	12052.500977
624.437500	11663.476563
623.222656	11641.017578
622.006836	11270.168945
620.791016	11156.245117
619.575195	10911.031250
618.358398	10510.740234
617.141602	10096.699219
615.924805	9847.898438
614.708008	9734.405273
613.490234	9742.217773
612.272461	9400.249023
611.054688	9408.128906
609.836914	9330.585938
608.618164	9145.828125
607.399414	9193.469727
606.180664	9137.859375
604.960938	9153.724609
603.741211	9163.628906
602.521484	8917.605469
601.301758	8959.291992
600.081055	8973.196289
598.860352	8874.085938
597.639648	8870.163086
596.418945	8915.783203
595.197266	8882.131836
593.975586	8862.361328
592.753906	8763.380859
591.531250	9006.981445
590.308594	8771.422852
589.085938	8870.437500
587.863281	8680.520508
586.639648	8886.336914
585.416016	8832.967773
584.192383	8983.292969
582.967773	9097.965820
581.744141	9001.099609
580.519531	9123.622070
579.293945	9060.377930
578.069336	9332.950195
576.843750	9291.409180
575.618164	9461.142578
574.391602	9622.906250
573.166016	9820.120117
571.939453	9705.502930
570.711914	9744.800781
569.485352	9851.135742
568.257813	9582.787109
567.030273	9673.338867
565.802734	9592.381836
564.574219	9667.126953
563.345703	9468.002930
562.117188	9463.957031
560.888672	9666.674805
559.659180	9386.961914
558.429688	9333.726563
557.200195	9312.000000
555.969727	9292.249023
554.739258	9294.144531
553.508789	9244.906250
552.278320	9386.406250
551.046875	9297.854492
549.815430	9376.389648
548.583984	9329.139648
547.352539	9454.778320
546.120117	9381.999023
544.887695	9330.849609
543.655273	9393.583008
542.421875	9540.685547
541.188477	9501.306641
539.955078	9548.265625
538.721680	9463.788086
537.487305	9363.660156
536.252930	9449.827148
535.018555	9388.946289
533.783203	9377.084961
532.547852	9416.167969
531.312500	9210.380859
530.077148	9374.819336
528.840820	9310.103516
527.604492	9556.662109
526.368164	9670.029297
525.131836	10198.160156
523.894531	10866.907227
522.657227	11948.035156
521.419922	12545.708008
520.181641	12034.661133
518.943359	10957.028320
517.705078	10258.961914
516.465820	9774.150391
515.227539	9533.706055
513.988281	9480.834961
512.748047	9472.890625
511.508789	9228.764648
510.268555	9472.623047
509.028320	9429.564453
507.788086	9419.685547
506.546875	9300.597656
505.305664	9435.035156
504.064453	9407.615234
502.822266	9358.768555
501.580078	9362.551758
