1802.297852	7691.435059
1801.329102	7863.743164
1800.359375	7637.467773
1799.390625	7883.067871
1798.420898	7731.750000
1797.451172	7854.966309
1796.480469	7656.313477
1795.510742	7355.476563
1794.540039	7236.801270
1793.569336	7103.213867
1792.598633	7361.038574
1791.627930	7601.313965
1790.656250	7607.269531
1789.684570	7613.222656
1788.712891	7524.524414
1787.741211	7485.666504
1786.769531	7382.090332
1785.797852	7587.221680
1784.825195	7782.315430
1783.852539	7872.824219
1782.879883	8209.583984
1781.907227	8329.817383
1780.933594	8181.432129
1779.959961	8246.924805
1778.986328	8528.651367
1778.012695	8708.369141
1777.039063	8719.050781
1776.064453	8461.425781
1775.090820	8270.965820
1774.116211	7931.584473
1773.141602	7942.411133
1772.166016	8037.629883
1771.191406	8259.381836
1770.215820	8423.974609
1769.240234	8839.060547
1768.264648	9288.704102
1767.289063	9395.955078
1766.312500	9575.062500
1765.336914	9689.649414
1764.360352	9890.929688
1763.383789	9710.545898
1762.406250	9723.463867
1761.429688	9597.674805
1760.452148	9496.699219
1759.474609	9452.707031
1758.497070	9723.099609
1757.519531	10055.253906
1756.541016	10360.056641
1755.563477	10941.806641
1754.584961	11075.647461
1753.606445	10920.110352
1752.626953	10460.535156
1751.648438	9909.685547
1750.668945	9823.671875
1749.689453	10014.429688
1748.709961	10027.243164
1747.730469	10346.316406
1746.750000	10322.016602
1745.769531	9952.082031
1744.789063	9552.674805
1743.808594	9434.767578
1742.828125	9593.255859
1741.846680	9527.191406
1740.866211	9401.958984
1739.884766	9491.310547
1738.903320	9496.802734
1737.920898	9260.728516
1736.939453	9239.154297
1735.957031	9160.916992
1734.974609	8989.100586
1733.992188	9021.777344
1733.009766	9204.649414
1732.026367	9562.247070
1731.042969	9828.626953
1730.059570	9368.912109
1729.076172	9268.611328
1728.092773	8860.852539
1727.108398	8598.367188
1726.125000	8793.359375
1725.140625	9030.067383
1724.155273	9401.869141
1723.170898	9930.802734
1722.185547	9825.612305
1721.201172	9570.615234
1720.215820	9406.593750
1719.230469	8935.696289
1718.244141	8955.995117
1717.258789	8919.831055
1716.272461	9102.091797
1715.286133	9105.168945
1714.299805	9245.616211
1713.312500	9248.662109
1712.326172	9602.353516
1711.338867	9948.547852
1710.351563	10333.820313
1709.364258	10258.223633
1708.375977	10185.106445
1707.388672	10065.476563
1706.400391	9855.275391
1705.412109	9965.929688
1704.422852	10265.044922
1703.434570	10473.476563
1702.445313	10794.392578
1701.457031	11298.678711
1700.466797	11624.191406
1699.477539	11800.385742
1698.488281	12044.973633
1697.498047	12465.479492
1696.507813	12470.302734
1695.517578	12291.844727
1694.527344	12274.709961
1693.536133	12555.593750
1692.545898	12611.677734
1691.554688	12972.956055
1690.563477	13407.326172
1689.572266	13299.672852
1688.580078	13340.917969
1687.587891	13208.921875
1686.595703	13486.777344
1685.603516	13840.122070
1684.611328	13947.056641
1683.618164	13710.215820
1682.625977	13366.228516
1681.632813	13017.504883
1680.639648	12932.045898
1679.645508	13070.716797
1678.652344	13223.943359
1677.658203	13437.979492
1676.664063	13681.140625
1675.669922	13724.625000
1674.675781	13945.728516
1673.680664	13755.582031
1672.685547	13434.163086
1671.690430	13548.184570
1670.695313	13136.971680
1669.700195	13107.581055
1668.704102	12813.283203
1667.708008	12528.823242
1666.711914	12718.221680
1665.715820	12637.927734
1664.719727	12870.939453
1663.722656	12878.052734
1662.725586	12690.963867
1661.728516	12212.707031
1660.731445	11974.869141
1659.733398	12025.824219
1658.736328	12134.969727
1657.738281	12258.622070
1656.740234	11950.651367
1655.741211	12396.690430
1654.743164	12469.317383
1653.744141	12556.452148
1652.745117	12398.869141
1651.746094	12318.856445
1650.747070	11907.113281
1649.747070	11892.600586
1648.748047	12125.000000
1647.748047	12294.379883
1646.748047	12369.324219
1645.747070	12337.793945
1644.747070	12311.112305
1643.746094	12211.895508
1642.745117	12260.198242
1641.744141	12264.970703
1640.742188	12252.824219
1639.741211	12272.091797
1638.739258	11938.651367
1637.737305	11984.541992
1636.735352	11972.458984
1635.732422	12440.822266
1634.730469	12107.615234
1633.727539	11936.233398
1632.724609	11859.020508
1631.721680	12237.769531
1630.717773	11818.043945
1629.713867	11912.106445
1628.710938	11692.716797
1627.707031	12201.350586
1626.702148	12471.198242
1625.698242	12649.378906
1624.693359	12991.292969
1623.688477	12877.874023
1622.683594	12653.736328
1621.678711	12745.064453
1620.672852	12275.531250
1619.666992	12075.712891
1618.661133	11989.057617
1617.655273	11883.191406
1616.649414	12015.464844
1615.642578	11940.894531
1614.635742	11933.666992
1613.628906	12330.239258
1612.622070	12181.153320
1611.615234	12618.356445
1610.607422	13084.207031
1609.599609	13268.879883
1608.591797	13506.301758
1607.583984	13830.049805
1606.576172	13222.409180
1605.567383	13075.748047
1604.558594	13214.647461
1603.549805	13435.045898
1602.541016	14051.056641
1601.531250	14302.364258
1600.521484	13968.645508
1599.511719	14035.316406
1598.501953	13792.843750
1597.492188	13512.135742
1596.481445	13945.335938
1595.471680	13827.555664
1594.460938	14212.627930
1593.449219	14204.955078
1592.438477	14577.826172
1591.426758	14847.652344
1590.415039	15418.805664
1589.403320	15217.149414
1588.391602	15347.977539
1587.379883	14916.887695
1586.367188	14940.153320
1585.354492	14894.100586
1584.341797	14936.474609
1583.329102	14813.992188
1582.315430	14954.291992
1581.302734	15261.694336
1580.289063	15671.632813
1579.274414	15785.413086
1578.260742	15934.944336
1577.247070	15650.151367
1576.232422	15630.271484
1575.217773	15670.026367
1574.203125	15442.688477
1573.187500	15303.654297
1572.172852	15281.473633
1571.157227	15321.263672
1570.141602	15353.888672
1569.125000	15534.194336
1568.109375	15438.149414
1567.092773	16044.599609
1566.076172	15924.680664
1565.059570	16002.369141
1564.042969	15913.442383
1563.025391	15753.172852
1562.008789	15688.120117
1560.991211	16036.916992
1559.973633	16128.766602
1558.955078	16218.200195
1557.937500	16029.504883
1556.918945	15776.723633
1555.900391	15585.817383
1554.881836	15653.906250
1553.862305	15736.216797
1552.842773	15880.227539
1551.824219	16057.415039
1550.804688	15914.110352
1549.784180	15754.251953
1548.764648	15333.483398
1547.744141	15287.664063
1546.723633	15094.827148
1545.703125	15065.669922
1544.682617	15292.545898
1543.661133	15054.791992
1542.639648	14634.673828
1541.618164	14745.409180
1540.596680	14758.985352
1539.575195	15063.836914
1538.552734	15385.137695
1537.530273	15339.392578
1536.507813	15300.764648
1535.485352	15240.856445
1534.461914	15696.703125
1533.439453	15286.677734
1532.416016	15300.113281
1531.392578	15578.344727
1530.368164	15284.417969
1529.344727	14976.430664
1528.320313	15256.917969
1527.295898	15067.178711
1526.271484	15073.551758
1525.246094	14990.188477
1524.221680	15041.431641
1523.196289	15472.682617
1522.170898	15684.281250
1521.145508	15591.419922
1520.119141	15475.005859
1519.092773	15327.977539
1518.067383	15225.811523
1517.040039	15550.402344
1516.013672	16077.567383
1514.987305	15760.858398
1513.959961	15710.517578
1512.932617	15836.869141
1511.905273	15817.148438
1510.876953	16310.750977
1509.849609	16288.585938
1508.821289	16558.287109
1507.792969	16853.763672
1506.763672	16793.853516
1505.735352	16649.287109
1504.706055	16676.458984
1503.676758	17267.927734
1502.647461	17177.417969
1501.618164	17376.037109
1500.587891	17351.335938
1499.557617	17460.558594
1498.527344	17280.822266
1497.497070	17453.419922
1496.466797	17238.537109
1495.435547	17030.783203
1494.404297	17510.775391
1493.373047	17291.316406
1492.341797	17285.433594
1491.309570	17087.218750
1490.278320	17062.617188
1489.246094	17045.058594
1488.213867	20419.412109
1487.180664	20063.691406
1486.148438	19077.812500
1485.115234	16906.951172
1484.082031	16788.722656
1483.047852	16590.925781
1482.014648	16915.300781
1480.980469	16654.355469
1479.946289	17060.490234
1478.912109	17045.298828
1477.877930	17133.041016
1476.842773	17370.431641
1475.808594	17783.097656
1474.773438	18190.919922
1473.738281	18481.705078
1472.702148	18410.148438
1471.666992	18885.343750
1470.630859	19276.250000
1469.594727	19426.441406
1468.557617	19889.458984
1467.521484	20158.521484
1466.484375	20455.478516
1465.447266	21072.011719
1464.410156	21349.996094
1463.373047	21609.203125
1462.334961	22012.892578
1461.296875	22309.162109
1460.258789	22379.185547
1459.220703	22875.693359
1458.182617	23327.722656
1457.143555	23304.300781
1456.104492	23269.240234
1455.065430	23338.986328
1454.026367	23723.025391
1452.986328	23452.787109
1451.946289	23066.289063
1450.906250	23194.187500
1449.866211	23408.109375
1448.826172	23901.048828
1447.785156	24184.498047
1446.744141	24493.402344
1445.703125	24818.449219
1444.662109	24422.921875
1443.620117	24211.115234
1442.578125	24089.990234
1441.537109	24073.431641
1440.494141	23868.787109
1439.452148	23596.900391
1438.409180	23053.548828
1437.367188	22461.685547
1436.323242	22375.865234
1435.280273	22083.625000
1434.237305	21826.291016
1433.193359	21559.787109
1432.149414	21084.746094
1431.105469	20874.126953
1430.061523	20770.193359
1429.016602	20318.771484
1427.971680	20349.339844
1426.926758	20442.423828
1425.881836	20088.593750
1424.835938	20061.312500
1423.791016	20436.761719
1422.745117	20275.207031
1421.699219	20150.734375
1420.652344	20581.441406
1419.606445	20588.771484
1418.559570	20584.535156
1417.512695	20723.621094
1416.465820	20626.912109
1415.417969	20869.908203
1414.371094	20763.966797
1413.323242	20623.419922
1412.275391	21071.785156
1411.226563	20684.193359
1410.178711	20906.148438
1409.129883	21021.851563
1408.081055	20853.703125
1407.032227	20644.097656
1405.982422	20473.787109
1404.933594	20471.876953
1403.883789	20380.054688
1402.833984	20163.800781
1401.783203	20175.779297
1400.733398	19604.835938
1399.682617	19444.158203
1398.631836	19649.730469
1397.581055	19631.865234
1396.529297	19503.505859
1395.478516	19112.812500
1394.426758	19124.982422
1393.375000	19210.767578
1392.322266	18818.070313
1391.270508	18726.800781
1390.217773	18410.240234
1389.165039	18351.273438
1388.112305	18747.396484
1387.058594	18194.345703
1386.005859	18280.191406
1384.952148	18173.060547
1383.898438	18440.291016
1382.843750	18509.957031
1381.790039	18446.457031
1380.735352	18991.158203
1379.680664	19189.158203
1378.625977	19352.664063
1377.570313	19789.039063
1376.515625	19573.988281
1375.459961	19975.746094
1374.404297	20104.568359
1373.347656	20141.667969
1372.291992	20261.236328
1371.235352	20298.287109
1370.178711	20385.707031
1369.122070	20745.576172
1368.064453	20516.937500
1367.007813	20295.259766
1365.950195	20666.361328
1364.892578	20641.501953
1363.833984	20602.925781
1362.776367	20594.095703
1361.717773	21092.869141
1360.659180	20615.304688
1359.600586	20905.880859
1358.541016	21205.474609
1357.482422	21349.591797
1356.422852	21493.648438
1355.363281	21496.056641
1354.302734	21824.957031
1353.243164	22112.632813
1352.182617	22140.011719
1351.122070	22881.572266
1350.060547	22783.306641
1349.000000	23335.117188
1347.938477	24034.919922
1346.876953	24444.886719
1345.815430	24654.093750
1344.753906	25193.660156
1343.691406	25523.382813
1342.628906	26003.314453
1341.566406	26580.980469
1340.503906	27269.980469
1339.441406	27856.248047
1338.377930	28094.027344
1337.314453	28836.896484
1336.250977	28896.908203
1335.186523	29637.025391
1334.123047	29881.054688
1333.058594	29990.828125
1331.994141	30589.312500
1330.928711	30337.513672
1329.864258	29856.310547
1328.798828	29795.601563
1327.733398	29201.136719
1326.667969	28988.433594
1325.601563	28017.482422
1324.536133	27303.441406
1323.469727	26957.355469
1322.403320	26486.613281
1321.335938	25689.390625
1320.269531	25044.458984
1319.202148	24488.232422
1318.134766	24036.523438
1317.067383	23800.337891
1315.999023	23296.832031
1314.930664	22687.044922
1313.863281	22825.052734
1312.793945	22136.345703
1311.725586	22104.582031
1310.656250	22312.802734
1309.587891	22176.896484
1308.517578	21823.802734
1307.448242	21826.062500
1306.378906	21950.468750
1305.308594	21382.791016
1304.238281	21534.367188
1303.167969	21145.597656
1302.096680	20921.976563
1301.026367	20879.220703
1299.955078	20373.347656
1298.883789	20536.263672
1297.811523	20290.367188
1296.740234	19877.496094
1295.667969	19627.320313
1294.595703	19523.943359
1293.523438	19375.482422
1292.450195	19046.607422
1291.376953	18896.046875
1290.303711	19304.781250
1289.230469	18976.123047
1288.157227	19129.962891
1287.083008	18670.767578
1286.008789	18993.587891
1284.934570	18820.693359
1283.860352	18719.939453
1282.785156	18929.958984
1281.710938	18984.554688
1280.635742	19117.904297
1279.559570	19433.470703
1278.484375	19440.679688
1277.408203	19690.812500
1276.332031	19335.892578
1275.255859	19682.625000
1274.179688	19633.572266
1273.102539	20069.994141
1272.025391	20070.312500
1270.948242	19825.757813
1269.871094	20187.744141
1268.793945	19795.052734
1267.715820	20120.968750
1266.637695	19932.718750
1265.559570	20040.781250
1264.480469	19738.191406
1263.401367	19711.650391
1262.323242	19653.718750
1261.243164	19230.310547
1260.164063	19313.740234
1259.083984	19316.441406
1258.004883	18967.314453
1256.924805	19052.984375
1255.843750	18612.214844
1254.763672	18518.755859
1253.682617	18774.630859
1252.601563	18305.089844
1251.520508	18151.320313
1250.438477	18118.449219
1249.357422	18125.859375
1248.275391	17860.382813
1247.193359	17990.837891
1246.110352	17772.449219
1245.028320	18023.574219
1243.945313	17570.607422
1242.862305	17446.285156
1241.779297	17590.087891
1240.695313	17363.072266
1239.611328	17535.859375
1238.527344	17137.041016
1237.443359	16912.492188
1236.359375	17085.261719
1235.274414	17023.687500
1234.189453	16908.601563
1233.104492	16757.878906
1232.019531	16705.328125
1230.933594	16563.626953
1229.847656	16540.111328
1228.761719	16556.712891
1227.675781	16635.689453
1226.588867	16523.074219
1225.502930	16753.455078
1224.416016	16827.884766
1223.328125	16579.507813
1222.241211	16584.949219
1221.153320	16661.589844
1220.065430	16486.812500
1218.977539	16303.210938
1217.889648	16439.898438
1216.800781	16354.205078
1215.711914	16453.037109
1214.623047	16534.046875
1213.534180	16497.263672
1212.444336	16340.541016
1211.355469	16299.371094
1210.265625	16220.468750
1209.174805	16170.458008
1208.084961	16300.250000
1206.994141	16354.538086
1205.903320	16362.211914
1204.812500	16294.464844
1203.720703	16362.023438
1202.629883	15970.589844
1201.538086	16224.392578
1200.446289	16028.182617
1199.353516	16007.103516
1198.261719	15689.173828
1197.168945	15497.625977
1196.076172	15000.564453
1194.983398	15256.460938
1193.889648	15315.246094
1192.795898	15803.336914
1191.702148	15970.397461
1190.608398	15936.084961
1189.514648	16041.120117
1188.419922	16172.645508
1187.325195	16186.945313
1186.230469	16344.905273
1185.135742	16010.012695
1184.040039	16108.289063
1182.944336	16339.056641
1181.848633	16329.009766
1180.752930	16363.124023
1179.656250	15913.784180
1178.559570	16007.558594
1177.462891	15900.497070
1176.366211	15965.554688
1175.268555	16096.752930
1174.171875	16146.303711
1173.074219	15968.747070
1171.975586	15769.221680
1170.877930	15893.736328
1169.779297	15899.217773
1168.680664	15768.118164
1167.582031	15879.336914
1166.483398	15825.362305
1165.383789	15496.224609
1164.284180	15530.391602
1163.184570	15742.789063
1162.084961	15660.283203
1160.984375	15613.005859
1159.883789	15596.535156
1158.783203	15707.595703
1157.682617	15807.618164
1156.581055	15918.585938
1155.480469	15640.579102
1154.378906	15914.101563
1153.276367	15794.351563
1152.174805	15971.103516
1151.072266	15956.773438
1149.969727	15679.044922
1148.867188	16307.787109
1147.764648	16021.323242
1146.661133	16474.236328
1145.557617	16374.276367
1144.454102	16541.869141
1143.349609	16772.966797
1142.246094	16876.839844
1141.141602	16803.171875
1140.037109	16747.060547
1138.932617	16903.441406
1137.827148	16895.509766
1136.721680	16620.462891
1135.616211	16978.160156
1134.510742	16521.556641
1133.404297	16581.537109
1132.298828	16385.539063
1131.192383	16174.309570
1130.084961	16151.228516
1128.978516	16287.753906
1127.871094	16175.037109
1126.763672	16147.596680
1125.656250	16166.048828
1124.548828	16151.726563
1123.440430	16194.192383
1122.332031	16075.058594
1121.223633	16207.026367
1120.115234	16192.703125
1119.005859	16228.573242
1117.896484	16205.523438
1116.787109	16215.199219
1115.677734	16423.320313
1114.567383	16234.537109
1113.457031	16643.109375
1112.346680	16933.822266
1111.236328	16891.037109
1110.125000	17129.289063
1109.014648	17589.597656
1107.903320	17805.826172
1106.791016	18357.232422
1105.679688	18786.515625
1104.567383	18830.433594
1103.455078	19148.472656
1102.342773	19311.933594
1101.230469	19442.701172
1100.117188	19577.761719
1099.003906	19634.503906
1097.890625	19834.667969
1096.776367	19697.935547
1095.663086	19476.531250
1094.548828	19257.392578
1093.434570	18710.435547
1092.319336	18359.107422
1091.205078	18060.023438
1090.089844	17776.257813
1088.974609	17479.589844
1087.858398	17100.613281
1086.743164	16910.486328
1085.626953	16414.693359
1084.510742	16604.175781
1083.394531	16171.513672
1082.277344	16228.777344
1081.160156	16047.694336
1080.042969	16022.646484
1078.925781	15947.798828
1077.807617	15710.591797
1076.690430	15960.548828
1075.572266	15846.800781
1074.453125	15609.762695
1073.334961	16062.934570
1072.215820	15456.093750
1071.096680	15770.708008
1069.977539	16087.351563
1068.858398	16083.953125
1067.738281	16028.689453
1066.618164	16090.122070
1065.498047	16389.144531
1064.376953	16400.798828
1063.256836	16231.071289
1062.135742	16542.824219
1061.014648	16321.335938
1059.892578	16641.568359
1058.771484	16622.949219
1057.649414	17059.455078
1056.527344	16911.361328
1055.404297	17022.056641
1054.282227	16729.607422
1053.159180	17077.357422
1052.036133	16856.123047
1050.912109	16833.167969
1049.789063	16879.144531
1048.665039	16869.113281
1047.541016	17274.589844
1046.416992	17001.882813
1045.291992	16765.873047
1044.166992	16803.203125
1043.041992	16634.017578
1041.916992	16910.072266
1040.791992	16500.119141
1039.666016	16552.517578
1038.540039	16454.447266
1037.413086	16319.887695
1036.287109	16206.868164
1035.160156	16330.159180
1034.033203	15862.862305
1032.906250	15835.885742
1031.779297	15680.129883
1030.651367	16588.875000
1029.523438	16675.474609
1028.395508	16854.277344
1027.266602	17065.173828
1026.137695	17022.960938
1025.009766	16946.464844
1023.879883	17339.386719
1022.750977	17198.568359
1021.621094	17289.187500
1020.491211	17396.904297
1019.361328	17211.187500
1018.231445	17353.128906
1017.100586	17201.748047
1015.969727	17163.859375
1014.838867	17181.615234
1013.708008	17092.402344
1012.576172	17298.375000
1011.444336	16929.052734
1010.312500	17122.144531
1009.180664	17182.634766
1008.047852	17200.357422
1006.915039	17083.472656
1005.782227	17543.369141
1004.649414	17635.748047
1003.515625	17922.382813
1002.381836	18112.835938
1001.248047	18004.412109
1000.114258	17477.812500
998.979492	17407.966797
997.844727	16711.085938
996.709961	16681.947266
995.575195	16765.814453
994.439453	16263.478516
993.303711	16159.864258
992.167969	16126.601563
991.032227	16348.972656
989.895508	16515.875000
988.758789	16390.998047
987.622070	16457.763672
986.485352	16479.806641
985.347656	16631.640625
984.210938	16181.340820
983.073242	16445.902344
981.934570	16559.365234
980.796875	16798.218750
979.658203	16698.992188
978.519531	16366.037109
977.380859	16511.287109
976.241211	16575.751953
975.101563	16682.666016
973.961914	16640.894531
972.822266	16452.660156
971.681641	16786.632813
970.541992	16759.718750
969.400391	17528.402344
968.259766	17486.492188
967.119141	17544.269531
965.977539	17671.988281
964.835938	17706.380859
963.694336	17579.691406
962.551758	17946.748047
961.409180	17896.322266
960.266602	17977.228516
959.124023	17660.009766
957.980469	17656.248047
956.837891	17373.093750
955.694336	17729.138672
954.549805	17405.890625
953.406250	17550.250000
952.261719	17499.984375
951.117188	17346.136719
949.972656	17287.478516
948.827148	17302.814453
947.681641	16933.576172
946.536133	16999.681641
945.390625	17564.210938
944.245117	17209.931641
943.098633	17761.507813
941.952148	17941.355469
940.804688	17891.101563
939.658203	18556.107422
938.510742	18782.074219
937.363281	19104.953125
936.215820	19613.242188
935.067383	20500.761719
933.919922	21153.958984
932.770508	21979.660156
931.622070	23091.519531
930.473633	24676.808594
929.324219	25707.593750
928.174805	26838.994141
927.025391	27875.189453
925.875000	28860.435547
924.724609	28631.248047
923.574219	28679.826172
922.423828	28189.988281
921.272461	27410.189453
920.122070	26489.876953
918.969727	25164.314453
917.818359	23767.875000
916.666992	22958.167969
915.514648	21940.865234
914.362305	20726.599609
913.208984	19636.724609
912.056641	18994.412109
910.903320	18413.232422
909.750000	17895.246094
908.596680	17343.916016
907.442383	17111.607422
906.288086	16915.041016
905.133789	17154.601563
903.979492	16922.478516
902.824219	16770.080078
901.668945	16722.498047
900.513672	16614.191406
899.358398	16376.094727
898.202148	16410.277344
897.045898	16540.732422
895.889648	16497.429688
894.733398	16324.419922
893.576172	16276.996094
892.419922	16204.495117
891.261719	16104.840820
890.104492	16254.002930
888.946289	16005.980469
887.789063	16065.243164
886.629883	15913.469727
885.471680	15868.286133
884.312500	16153.074219
883.153320	16024.342773
881.994141	16676.359375
880.834961	16313.828125
879.674805	15824.172852
878.514648	16181.672852
877.354492	16109.379883
876.194336	16130.950195
875.033203	16313.034180
873.872070	16078.181641
872.710938	16231.023438
871.548828	16487.966797
870.387695	16113.667969
869.225586	16408.009766
868.063477	16344.112305
866.900391	16128.284180
865.737305	16233.044922
864.574219	16036.056641
863.411133	16269.767578
862.248047	15771.280273
861.083984	15982.072266
859.919922	16113.773438
858.755859	15912.859375
857.590820	15926.069336
856.425781	16132.487305
855.260742	16172.644531
854.095703	16223.166992
852.930664	16275.743164
851.764648	16319.993164
850.598633	16001.034180
849.431641	15873.102539
848.265625	15857.247070
847.098633	15967.913086
845.931641	15923.011719
844.764648	16141.416992
843.596680	16023.951172
842.428711	16194.577148
841.260742	16054.359375
840.092773	16191.760742
838.923828	16393.300781
837.754883	16141.322266
836.585938	16133.712891
835.416992	16333.063477
834.247070	16579.916016
833.077148	16305.354492
831.907227	16198.436523
830.737305	16273.530273
829.566406	16214.211914
828.395508	16293.401367
827.224609	16351.890625
826.052734	16424.814453
824.881836	16623.707031
823.709961	16744.039063
822.538086	16721.853516
821.365234	16598.531250
820.192383	16388.578125
819.019531	16211.730469
817.846680	16098.907227
816.673828	15984.069336
815.500000	15702.255859
814.326172	15754.538086
813.151367	15786.184570
811.977539	16151.648438
810.802734	16245.000977
809.627930	16385.689453
808.453125	16338.913086
807.277344	16485.693359
806.101563	16405.978516
804.925781	16501.230469
803.750000	15964.761719
802.573242	15811.150391
801.396484	16095.679688
800.219727	16188.854492
799.042969	15971.561523
797.865234	16264.091797
796.687500	16538.000000
795.509766	16606.339844
794.331055	16894.433594
793.153320	16486.232422
791.974609	16671.566406
790.795898	16854.767578
789.616211	16440.679688
788.436523	16277.091797
787.256836	16454.101563
786.077148	16663.849609
784.897461	16697.162109
783.716797	16560.306641
782.536133	16048.429688
781.354492	15854.393555
780.173828	16203.352539
778.992188	16617.703125
777.810547	16546.537109
776.628906	16399.648438
775.446289	16203.693359
774.263672	16210.426758
773.081055	16223.294922
771.898438	16479.585938
770.714844	16328.773438
769.531250	16220.963867
768.347656	16284.921875
767.163086	16700.394531
765.979492	17105.470703
764.794922	17089.517578
763.609375	17006.164063
762.424805	17008.615234
761.239258	17368.353516
760.053711	17727.935547
758.868164	17656.757813
757.681641	18216.072266
756.495117	18528.316406
755.308594	18265.298828
754.122070	18599.824219
752.934570	18630.457031
751.748047	19246.017578
750.559570	19612.712891
749.372070	19771.451172
748.183594	20557.453125
746.995117	21654.675781
745.806641	23079.207031
744.618164	24055.314453
743.428711	25283.343750
742.239258	26639.017578
741.049805	27361.480469
739.859375	28435.462891
738.669922	29323.949219
737.479492	29592.033203
736.288086	29766.507813
735.097656	30266.019531
733.906250	30194.457031
732.714844	30332.123047
731.523438	30360.074219
730.331055	30323.042969
729.138672	30273.849609
727.946289	29902.011719
726.753906	29418.746094
725.560547	29319.062500
724.367188	28302.763672
723.173828	27493.716797
721.979492	26989.083984
720.786133	25943.546875
719.591797	25141.609375
718.396484	23614.779297
717.202148	22989.898438
716.006836	21796.281250
714.811523	21605.300781
713.616211	20910.416016
712.419922	20766.251953
711.223633	20282.255859
710.027344	19806.558594
708.831055	19749.681641
707.633789	19662.500000
706.436523	19733.025391
705.239258	19682.259766
704.041016	19578.982422
702.843750	19239.396484
701.645508	19184.728516
700.447266	18615.181641
699.248047	18213.439453
698.048828	18576.822266
696.849609	18841.169922
695.650391	19252.675781
694.450195	19470.367188
693.250000	19568.982422
692.049805	19967.962891
690.849609	20614.699219
689.648438	21065.671875
688.447266	22282.085938
687.246094	22297.386719
686.044922	22886.660156
684.842773	23471.648438
683.640625	24241.583984
682.438477	25321.130859
681.235352	25615.445313
680.033203	26348.195313
678.829102	25753.144531
677.625977	25001.500000
676.422852	23950.623047
675.218750	23280.095703
674.014648	23152.447266
672.809570	23022.841797
671.604492	23441.671875
670.400391	23553.050781
669.194336	22853.212891
667.989258	23169.423828
666.783203	22684.716797
665.577148	23133.253906
664.371094	23288.705078
663.164063	24256.376953
661.957031	25031.125000
660.750000	25374.507813
659.542969	26220.828125
658.334961	26389.457031
657.127930	26093.205078
655.918945	26313.865234
654.710938	25953.671875
653.501953	25507.542969
652.292969	25766.212891
651.083984	25508.435547
649.875000	25122.714844
648.665039	24849.183594
647.455078	24011.775391
646.244141	23386.681641
645.034180	22875.808594
643.823242	22273.218750
642.612305	22050.554688
641.400391	21412.441406
640.189453	20399.103516
638.977539	19651.794922
637.765625	19491.783203
636.552734	19645.218750
635.339844	19850.474609
634.126953	19610.710938
632.914063	19606.431641
631.700195	19438.619141
630.487305	19751.404297
629.272461	19786.962891
628.058594	19884.287109
626.843750	20415.951172
625.628906	20560.904297
624.414063	20661.974609
623.199219	20456.345703
621.983398	20220.941406
620.767578	20644.460938
619.551758	19931.523438
618.334961	19722.248047
617.118164	19320.121094
615.901367	19069.304688
614.684570	18699.304688
613.466797	18713.109375
612.249023	18398.990234
611.031250	17878.369141
609.813477	17214.945313
608.594727	17072.158203
607.375977	17133.953125
606.157227	17505.408203
604.937500	17519.443359
603.717773	17196.136719
602.498047	17287.601563
601.278320	17059.691406
600.057617	17180.890625
598.836914	16681.484375
597.616211	16834.425781
596.395508	16543.392578
595.173828	16359.476563
593.952148	16288.547852
592.729492	15902.762695
591.507813	15695.343750
590.285156	15602.828125
589.062500	15708.264648
587.839844	15815.631836
586.616211	15812.169922
585.392578	15703.882813
584.168945	16103.831055
582.944336	16246.598633
581.720703	16413.021484
580.495117	16879.734375
579.270508	16992.601563
578.045898	17223.929688
576.820313	17263.601563
575.594727	17737.613281
574.368164	17676.482422
573.142578	17757.468750
571.916016	17875.906250
570.688477	18140.263672
569.461914	18540.587891
568.234375	18292.025391
567.006836	18272.244141
565.779297	18029.757813
564.550781	18015.953125
563.322266	17641.634766
562.093750	17688.974609
560.865234	17801.275391
559.635742	17624.123047
558.406250	17884.007813
557.176758	18104.421875
555.946289	18246.039063
554.715820	17943.050781
553.485352	18072.839844
552.254883	18078.703125
551.023438	17899.787109
549.791992	17941.058594
548.560547	17719.021484
547.328125	17449.933594
546.096680	16815.662109
544.864258	16597.941406
543.630859	16572.703125
542.398438	16865.429688
541.165039	17067.761719
539.931641	17517.195313
538.697266	17634.953125
537.463867	17525.185547
536.229492	17082.173828
534.994141	16819.685547
533.759766	17256.916016
532.524414	17623.421875
531.289063	17692.023438
530.053711	17282.748047
528.817383	17586.347656
527.581055	17625.544922
526.344727	17727.353516
525.107422	18153.919922
523.871094	18635.072266
522.632813	19769.250000
521.395508	20251.789063
520.158203	20311.847656
518.919922	19576.390625
517.681641	18966.318359
516.442383	18198.265625
515.203125	17832.914063
513.963867	17180.662109
512.724609	16864.503906
511.485352	17030.609375
510.245117	17444.480469
509.004883	17510.878906
507.763672	18152.685547
506.523438	18006.322266
505.282227	18115.443359
504.040039	18177.732422
502.798828	17994.425781
501.556641	17409.810547
