1802.297852	5074.349121
1801.329102	5301.596191
1800.359375	5095.806152
1799.390625	5234.576660
1798.420898	5350.830078
1797.451172	5304.847168
1796.480469	5124.166992
1795.510742	4734.043457
1794.540039	4665.766602
1793.569336	4856.812988
1792.598633	4855.842285
1791.627930	4962.038086
1790.656250	5088.124512
1789.684570	4917.703125
1788.712891	5018.840332
1787.741211	4761.342285
1786.769531	4787.777344
1785.797852	4931.196289
1784.825195	5231.348633
1783.852539	5280.067383
1782.879883	5522.811035
1781.907227	5576.425781
1780.933594	5557.902832
1779.959961	5599.057617
1778.986328	5781.883789
1778.012695	5932.328125
1777.039063	6112.529297
1776.064453	5761.023438
1775.090820	5523.912109
1774.116211	5202.463867
1773.141602	5146.801270
1772.166016	5205.346191
1771.191406	5571.607910
1770.215820	5654.856445
1769.240234	6033.285156
1768.264648	6344.594238
1767.289063	6469.793457
1766.312500	6322.219238
1765.336914	6539.087891
1764.360352	6604.692383
1763.383789	6588.502441
1762.406250	6755.640137
1761.429688	6618.061523
1760.452148	6170.997070
1759.474609	6241.559570
1758.497070	6552.200684
1757.519531	6563.261719
1756.541016	7046.916992
1755.563477	7424.002441
1754.584961	7608.015137
1753.606445	7463.064453
1752.626953	7154.996582
1751.648438	6908.847656
1750.668945	6719.638672
1749.689453	6671.344727
1748.709961	7141.848145
1747.730469	7125.596680
1746.750000	7193.310059
1745.769531	6806.720703
1744.789063	6635.036133
1743.808594	6483.163574
1742.828125	6501.602051
1741.846680	6623.642578
1740.866211	6560.653320
1739.884766	6507.552246
1738.903320	6523.504395
1737.920898	6418.667969
1736.939453	6353.304688
1735.957031	6292.894531
1734.974609	6254.679688
1733.992188	6386.423340
1733.009766	6471.326660
1732.026367	6790.082031
1731.042969	6943.790527
1730.059570	6528.953125
1729.076172	6554.707031
1728.092773	6307.392090
1727.108398	6136.420410
1726.125000	6132.729004
1725.140625	6421.599609
1724.155273	6867.666016
1723.170898	7148.899902
1722.185547	7243.287109
1721.201172	7025.657227
1720.215820	6729.521484
1719.230469	6681.513672
1718.244141	6545.143555
1717.258789	6799.100586
1716.272461	6795.279785
1715.286133	6938.673828
1714.299805	7069.744141
1713.312500	7276.791504
1712.326172	7454.330078
1711.338867	7948.051758
1710.351563	8404.807617
1709.364258	8290.389648
1708.375977	8188.267090
1707.388672	8458.527344
1706.400391	8444.580078
1705.412109	8504.096680
1704.422852	9168.279297
1703.434570	9447.913086
1702.445313	10030.880859
1701.457031	10586.701172
1700.466797	10966.171875
1699.477539	11210.977539
1698.488281	11665.969727
1697.498047	11912.979492
1696.507813	12052.344727
1695.517578	11917.957031
1694.527344	11893.568359
1693.536133	11842.318359
1692.545898	11903.430664
1691.554688	12174.507813
1690.563477	12237.968750
1689.572266	12069.532227
1688.580078	11840.156250
1687.587891	11703.583008
1686.595703	11689.028320
1685.603516	11489.130859
1684.611328	11711.138672
1683.618164	11255.346680
1682.625977	10980.098633
1681.632813	10402.794922
1680.639648	10113.210938
1679.645508	10018.609375
1678.652344	10150.533203
1677.658203	10314.057617
1676.664063	10195.127930
1675.669922	10514.342773
1674.675781	10390.552734
1673.680664	10220.587891
1672.685547	10160.148438
1671.690430	9727.649414
1670.695313	9677.058594
1669.700195	9774.774414
1668.704102	9507.883789
1667.708008	9124.462891
1666.711914	9129.910156
1665.715820	8887.599609
1664.719727	8944.088867
1663.722656	9002.982422
1662.725586	9183.227539
1661.728516	8739.658203
1660.731445	8434.579102
1659.733398	8454.709961
1658.736328	8707.683594
1657.738281	8671.974609
1656.740234	8757.506836
1655.741211	8692.712891
1654.743164	9134.471680
1653.744141	9345.858398
1652.745117	9290.672852
1651.746094	9012.674805
1650.747070	8577.383789
1649.747070	8423.119141
1648.748047	8559.392578
1647.748047	8775.476563
1646.748047	8889.846680
1645.747070	8996.913086
1644.747070	8787.086914
1643.746094	8707.927734
1642.745117	8863.318359
1641.744141	9040.400391
1640.742188	9007.154297
1639.741211	8737.129883
1638.739258	8730.531250
1637.737305	8680.459961
1636.735352	8545.891602
1635.732422	8973.906250
1634.730469	8861.055664
1633.727539	8475.545898
1632.724609	8517.261719
1631.721680	8633.743164
1630.717773	8583.758789
1629.713867	8215.495117
1628.710938	8278.925781
1627.707031	8658.089844
1626.702148	9034.690430
1625.698242	9162.968750
1624.693359	9274.333008
1623.688477	9501.255859
1622.683594	9229.642578
1621.678711	8950.916016
1620.672852	8763.766602
1619.666992	8376.954102
1618.661133	8226.085938
1617.655273	8169.093262
1616.649414	8256.423828
1615.642578	8463.944336
1614.635742	8250.673828
1613.628906	8333.125977
1612.622070	8578.953125
1611.615234	8889.550781
1610.607422	9231.248047
1609.599609	9284.613281
1608.591797	9810.977539
1607.583984	9513.710938
1606.576172	9074.955078
1605.567383	9065.916016
1604.558594	8852.950195
1603.549805	9131.800781
1602.541016	9683.933594
1601.531250	9643.605469
1600.521484	9905.344727
1599.511719	9817.051758
1598.501953	9479.584961
1597.492188	9681.301758
1596.481445	9715.266602
1595.471680	9916.852539
1594.460938	10530.177734
1593.449219	10628.581055
1592.438477	11124.238281
1591.426758	11641.229492
1590.415039	12172.363281
1589.403320	12676.971680
1588.391602	12483.085938
1587.379883	12284.496094
1586.367188	12107.500000
1585.354492	11952.084961
1584.341797	12033.289063
1583.329102	11679.666016
1582.315430	11464.718750
1581.302734	11641.489258
1580.289063	11844.450195
1579.274414	11550.826172
1578.260742	11302.665039
1577.247070	10973.478516
1576.232422	10837.656250
1575.217773	10651.801758
1574.203125	10647.251953
1573.187500	10328.000000
1572.172852	10008.876953
1571.157227	9997.309570
1570.141602	10316.936523
1569.125000	10138.556641
1568.109375	10238.908203
1567.092773	10317.787109
1566.076172	10534.714844
1565.059570	10313.589844
1564.042969	10435.239258
1563.025391	10295.119141
1562.008789	10316.811523
1560.991211	10324.225586
1559.973633	10367.303711
1558.955078	10517.343750
1557.937500	10396.360352
1556.918945	10151.854492
1555.900391	10275.709961
1554.881836	10133.469727
1553.862305	10231.153320
1552.842773	10457.015625
1551.824219	10678.038086
1550.804688	10542.949219
1549.784180	10709.284180
1548.764648	10548.145508
1547.744141	10465.348633
1546.723633	10377.841797
1545.703125	10475.311523
1544.682617	10499.253906
1543.661133	10523.185547
1542.639648	10712.979492
1541.618164	10293.831055
1540.596680	10438.588867
1539.575195	10768.002930
1538.552734	11338.785156
1537.530273	11310.434570
1536.507813	11530.599609
1535.485352	11651.292969
1534.461914	11580.310547
1533.439453	11887.797852
1532.416016	11729.298828
1531.392578	11478.655273
1530.368164	11478.678711
1529.344727	11362.897461
1528.320313	11502.350586
1527.295898	11169.272461
1526.271484	11096.136719
1525.246094	11351.266602
1524.221680	10997.172852
1523.196289	11205.007813
1522.170898	11441.076172
1521.145508	11396.270508
1520.119141	11153.327148
1519.092773	11188.787109
1518.067383	11136.984375
1517.040039	11144.140625
1516.013672	10915.586914
1514.987305	10849.729492
1513.959961	10854.582031
1512.932617	11012.547852
1511.905273	11123.345703
1510.876953	11464.854492
1509.849609	11234.157227
1508.821289	11502.538086
1507.792969	11540.192383
1506.763672	11669.587891
1505.735352	12062.382813
1504.706055	12146.933594
1503.676758	12287.879883
1502.647461	12464.031250
1501.618164	12680.064453
1500.587891	12870.160156
1499.557617	13116.563477
1498.527344	13064.554688
1497.497070	13395.358398
1496.466797	13340.964844
1495.435547	13432.134766
1494.404297	13516.225586
1493.373047	13461.837891
1492.341797	13313.631836
1491.309570	13116.228516
1490.278320	13029.123047
1489.246094	12845.925781
1488.213867	12512.779297
1487.180664	12425.848633
1486.148438	12427.992188
1485.115234	12198.210938
1484.082031	12144.186523
1483.047852	12078.474609
1482.014648	11853.586914
1480.980469	11752.848633
1479.946289	11860.434570
1478.912109	11703.581055
1477.877930	11783.059570
1476.842773	11967.751953
1475.808594	12234.210938
1474.773438	12393.017578
1473.738281	12848.606445
1472.702148	13142.761719
1471.666992	13574.644531
1470.630859	13957.293945
1469.594727	14391.166992
1468.557617	15086.380859
1467.521484	15657.579102
1466.484375	16606.656250
1465.447266	17102.632813
1464.410156	17999.695313
1463.373047	18789.089844
1462.334961	19620.136719
1461.296875	20189.697266
1460.258789	20672.771484
1459.220703	21505.250000
1458.182617	21957.560547
1457.143555	22286.207031
1456.104492	22388.781250
1455.065430	22724.191406
1454.026367	22724.185547
1452.986328	22626.410156
1451.946289	23157.056641
1450.906250	22842.832031
1449.866211	23135.921875
1448.826172	24089.447266
1447.785156	24728.648438
1446.744141	25002.566406
1445.703125	25615.746094
1444.662109	25680.207031
1443.620117	25930.521484
1442.578125	26078.519531
1441.537109	25929.164063
1440.494141	25287.585938
1439.452148	24643.947266
1438.409180	24244.292969
1437.367188	23213.580078
1436.323242	22361.943359
1435.280273	21313.480469
1434.237305	20951.939453
1433.193359	20073.464844
1432.149414	19181.439453
1431.105469	18611.953125
1430.061523	17956.958984
1429.016602	17126.152344
1427.971680	16673.255859
1426.926758	16526.242188
1425.881836	16036.606445
1424.835938	15461.517578
1423.791016	15324.099609
1422.745117	14973.848633
1421.699219	14855.093750
1420.652344	14678.560547
1419.606445	15091.802734
1418.559570	14654.025391
1417.512695	14755.033203
1416.465820	14712.708008
1415.417969	14795.175781
1414.371094	14699.723633
1413.323242	14830.662109
1412.275391	14926.906250
1411.226563	14909.981445
1410.178711	14869.980469
1409.129883	15090.776367
1408.081055	14713.881836
1407.032227	15008.437500
1405.982422	14979.976563
1404.933594	15080.658203
1403.883789	14895.422852
1402.833984	14922.319336
1401.783203	14430.694336
1400.733398	14618.955078
1399.682617	14505.374023
1398.631836	14523.113281
1397.581055	14441.833008
1396.529297	14284.615234
1395.478516	14134.366211
1394.426758	14136.055664
1393.375000	13785.738281
1392.322266	13780.596680
1391.270508	13630.572266
1390.217773	13466.813477
1389.165039	13457.140625
1388.112305	13072.844727
1387.058594	12888.619141
1386.005859	12605.681641
1384.952148	12481.346680
1383.898438	12754.342773
1382.843750	12669.058594
1381.790039	12939.606445
1380.735352	13182.501953
1379.680664	13076.528320
1378.625977	13452.349609
1377.570313	13314.252930
1376.515625	13627.954102
1375.459961	13737.480469
1374.404297	13830.916016
1373.347656	13919.728516
1372.291992	13779.381836
1371.235352	14122.439453
1370.178711	13737.048828
1369.122070	13525.840820
1368.064453	13740.533203
1367.007813	13421.833984
1365.950195	13922.505859
1364.892578	13649.656250
1363.833984	13649.124023
1362.776367	13680.609375
1361.717773	13801.252930
1360.659180	13638.379883
1359.600586	13864.116211
1358.541016	14066.908203
1357.482422	13945.201172
1356.422852	14268.949219
1355.363281	14485.231445
1354.302734	14740.236328
1353.243164	15072.748047
1352.182617	15411.967773
1351.122070	15545.687500
1350.060547	15868.698242
1349.000000	16624.931641
1347.938477	17348.925781
1346.876953	17568.765625
1345.815430	17968.585938
1344.753906	18732.871094
1343.691406	18997.855469
1342.628906	19226.279297
1341.566406	19976.162109
1340.503906	20712.070313
1339.441406	21324.736328
1338.377930	22171.587891
1337.314453	22920.236328
1336.250977	23295.443359
1335.186523	24020.798828
1334.123047	24720.835938
1333.058594	24611.125000
1331.994141	24817.443359
1330.928711	24473.654297
1329.864258	24298.160156
1328.798828	23545.681641
1327.733398	23218.265625
1326.667969	22364.128906
1325.601563	21639.759766
1324.536133	20677.339844
1323.469727	20003.546875
1322.403320	19280.113281
1321.335938	18613.691406
1320.269531	17736.613281
1319.202148	17381.451172
1318.134766	16835.996094
1317.067383	16850.638672
1315.999023	16443.755859
1314.930664	16127.672852
1313.863281	16033.716797
1312.793945	16125.513672
1311.725586	15886.677734
1310.656250	16105.243164
1309.587891	16140.379883
1308.517578	16245.653320
1307.448242	16165.358398
1306.378906	16304.510742
1305.308594	16169.958984
1304.238281	16263.829102
1303.167969	16217.502930
1302.096680	15798.273438
1301.026367	15831.149414
1299.955078	15568.056641
1298.883789	15546.754883
1297.811523	15218.339844
1296.740234	15190.343750
1295.667969	14767.330078
1294.595703	14615.311523
1293.523438	14183.565430
1292.450195	14058.800781
1291.376953	13988.217773
1290.303711	13933.447266
1289.230469	14298.036133
1288.157227	14006.549805
1287.083008	14346.180664
1286.008789	14255.329102
1284.934570	14610.534180
1283.860352	14634.523438
1282.785156	14854.399414
1281.710938	14880.577148
1280.635742	15365.897461
1279.559570	15175.929688
1278.484375	15460.750977
1277.408203	15331.572266
1276.332031	15474.561523
1275.255859	15579.267578
1274.179688	15562.539063
1273.102539	15503.115234
1272.025391	15648.193359
1270.948242	15752.771484
1269.871094	15841.583984
1268.793945	15966.287109
1267.715820	15877.649414
1266.637695	15970.866211
1265.559570	16034.869141
1264.480469	16065.187500
1263.401367	15765.731445
1262.323242	15585.267578
1261.243164	15449.724609
1260.164063	15426.331055
1259.083984	15075.701172
1258.004883	14319.605469
1256.924805	14383.837891
1255.843750	14127.721680
1254.763672	13701.505859
1253.682617	13241.880859
1252.601563	13098.089844
1251.520508	12808.878906
1250.438477	12430.280273
1249.357422	12210.681641
1248.275391	12143.271484
1247.193359	11946.184570
1246.110352	11767.065430
1245.028320	11652.845703
1243.945313	11726.402344
1242.862305	11650.221680
1241.779297	11538.329102
1240.695313	11493.487305
1239.611328	11401.770508
1238.527344	11531.112305
1237.443359	11343.444336
1236.359375	11448.196289
1235.274414	11323.094727
1234.189453	11378.730469
1233.104492	11333.982422
1232.019531	11155.466797
1230.933594	11534.347656
1229.847656	11155.269531
1228.761719	11195.280273
1227.675781	11395.681641
1226.588867	11388.848633
1225.502930	11266.214844
1224.416016	11350.696289
1223.328125	11248.154297
1222.241211	11279.189453
1221.153320	11305.760742
1220.065430	11590.377930
1218.977539	11276.572266
1217.889648	11329.809570
1216.800781	11367.461914
1215.711914	11449.552734
1214.623047	11196.039063
1213.534180	11200.365234
1212.444336	11253.559570
1211.355469	11304.509766
1210.265625	11346.556641
1209.174805	11484.044922
1208.084961	11552.668945
1206.994141	11339.442383
1205.903320	11439.127930
1204.812500	11569.824219
1203.720703	11786.955078
1202.629883	11729.060547
1201.538086	11580.301758
1200.446289	11686.477539
1199.353516	11564.378906
1198.261719	11382.515625
1197.168945	11200.727539
1196.076172	11109.806641
1194.983398	11085.342773
1193.889648	11251.250000
1192.795898	11421.512695
1191.702148	11666.930664
1190.608398	11777.306641
1189.514648	11553.675781
1188.419922	11593.270508
1187.325195	11750.015625
1186.230469	11760.816406
1185.135742	11703.109375
1184.040039	11504.027344
1182.944336	11349.205078
1181.848633	11284.993164
1180.752930	11271.589844
1179.656250	11059.516602
1178.559570	10953.469727
1177.462891	10977.653320
1176.366211	10814.307617
1175.268555	10937.763672
1174.171875	11153.783203
1173.074219	10739.164063
1171.975586	10695.032227
1170.877930	11018.952148
1169.779297	10919.695313
1168.680664	10719.147461
1167.582031	10774.163086
1166.483398	10981.087891
1165.383789	10859.905273
1164.284180	11062.322266
1163.184570	11062.203125
1162.084961	10974.079102
1160.984375	11143.348633
1159.883789	11277.359375
1158.783203	10907.808594
1157.682617	11186.895508
1156.581055	11195.537109
1155.480469	11204.173828
1154.378906	11155.688477
1153.276367	11116.007813
1152.174805	11047.795898
1151.072266	11047.672852
1149.969727	11111.204102
1148.867188	11323.937500
1147.764648	11198.690430
1146.661133	11218.274414
1145.557617	11435.236328
1144.454102	11623.601563
1143.349609	11581.699219
1142.246094	11441.182617
1141.141602	11530.815430
1140.037109	11405.703125
1138.932617	11484.352539
1137.827148	11479.749023
1136.721680	11394.135742
1135.616211	11420.198242
1134.510742	15195.279297
1133.404297	13837.641602
1132.298828	11222.671875
1131.192383	11229.061523
1130.084961	11270.434570
1128.978516	11324.908203
1127.871094	11033.999023
1126.763672	11280.808594
1125.656250	11302.469727
1124.548828	11308.830078
1123.440430	11520.480469
1122.332031	11504.956055
1121.223633	11312.609375
1120.115234	11587.418945
1119.005859	11464.962891
1117.896484	11680.717773
1116.787109	11861.481445
1115.677734	11950.577148
1114.567383	12124.666016
1113.457031	12551.541992
1112.346680	13085.028320
1111.236328	13552.920898
1110.125000	14456.309570
1109.014648	14945.495117
1107.903320	15959.263672
1106.791016	16855.041016
1105.679688	17804.855469
1104.567383	18530.123047
1103.455078	19335.583984
1102.342773	20003.664063
1101.230469	20486.603516
1100.117188	21045.441406
1099.003906	21134.482422
1097.890625	21573.406250
1096.776367	21116.882813
1095.663086	20790.898438
1094.548828	20002.406250
1093.434570	19535.638672
1092.319336	18686.949219
1091.205078	17617.207031
1090.089844	16771.447266
1088.974609	15910.853516
1087.858398	14981.205078
1086.743164	14448.846680
1085.626953	13569.769531
1084.510742	13330.602539
1083.394531	12775.083984
1082.277344	12315.147461
1081.160156	12197.721680
1080.042969	11642.791016
1078.925781	11510.394531
1077.807617	11248.142578
1076.690430	11226.285156
1075.572266	10979.352539
1074.453125	11003.000000
1073.334961	10972.552734
1072.215820	10996.190430
1071.096680	11112.802734
1069.977539	10868.312500
1068.858398	11004.355469
1067.738281	11194.366211
1066.618164	11135.825195
1065.498047	11107.549805
1064.376953	11247.743164
1063.256836	11351.169922
1062.135742	11601.349609
1061.014648	11277.305664
1059.892578	11477.761719
1058.771484	11190.555664
1057.649414	11425.456055
1056.527344	11356.188477
1055.404297	11368.879883
1054.282227	11398.809570
1053.159180	11439.501953
1052.036133	11223.768555
1050.912109	11240.782227
1049.789063	11410.707031
1048.665039	11279.093750
1047.541016	11412.337891
1046.416992	11293.692383
1045.291992	11321.429688
1044.166992	11273.852539
1043.041992	11419.888672
1041.916992	11168.002930
1040.791992	11468.807617
1039.666016	11025.696289
1038.540039	11274.820313
1037.413086	11111.275391
1036.287109	11280.788086
1035.160156	11061.465820
1034.033203	10769.223633
1032.906250	10930.110352
1031.779297	10929.941406
1030.651367	11238.801758
1029.523438	11298.642578
1028.395508	11618.017578
1027.266602	11705.632813
1026.137695	11694.575195
1025.009766	11477.719727
1023.879883	11723.911133
1022.750977	11804.997070
1021.621094	11821.776367
1020.491211	11799.993164
1019.361328	11917.415039
1018.231445	12015.516602
1017.100586	12203.480469
1015.969727	12031.822266
1014.838867	12052.806641
1013.708008	11930.453125
1012.576172	11788.902344
1011.444336	11732.943359
1010.312500	11698.386719
1009.180664	11779.262695
1008.047852	11791.722656
1006.915039	11693.077148
1005.782227	11914.880859
1004.649414	11790.623047
1003.515625	11700.579102
1002.381836	11877.409180
1001.248047	11870.619141
1000.114258	11746.472656
998.979492	11507.178711
997.844727	11374.629883
996.709961	11248.533203
995.575195	11090.509766
994.439453	11005.025391
993.303711	10900.396484
992.167969	10991.827148
991.032227	11070.437500
989.895508	11076.604492
988.758789	11259.495117
987.622070	11165.563477
986.485352	11246.196289
985.347656	11022.504883
984.210938	10971.230469
983.073242	11024.199219
981.934570	11228.129883
980.796875	11380.946289
979.658203	11446.546875
978.519531	11552.497070
977.380859	11688.147461
976.241211	11870.473633
975.101563	12086.702148
973.961914	12154.202148
972.822266	12262.008789
971.681641	12452.543945
970.541992	12988.887695
969.400391	13389.221680
968.259766	13611.209961
967.119141	13754.638672
965.977539	13732.628906
964.835938	13848.412109
963.694336	13733.140625
962.551758	13827.683594
961.409180	13816.265625
960.266602	13603.645508
959.124023	13281.003906
957.980469	13242.185547
956.837891	13252.064453
955.694336	13035.509766
954.549805	12920.599609
953.406250	12752.857422
952.261719	12635.940430
951.117188	12550.788086
949.972656	12362.089844
948.827148	12160.791016
947.681641	12170.875977
946.536133	12362.635742
945.390625	12188.920898
944.245117	12460.835938
943.098633	12339.952148
941.952148	12558.948242
940.804688	12718.762695
939.658203	12882.728516
938.510742	12974.903320
937.363281	13258.952148
936.215820	13943.493164
935.067383	14064.893555
933.919922	14717.354492
932.770508	15420.108398
931.622070	15975.092773
930.473633	16799.439453
929.324219	17541.304688
928.174805	17983.894531
927.025391	18680.986328
925.875000	18445.509766
924.724609	18609.890625
923.574219	18572.259766
922.423828	18236.003906
921.272461	17445.714844
920.122070	16945.869141
918.969727	16418.912109
917.818359	15679.947266
916.666992	14838.354492
915.514648	14186.158203
914.362305	13632.937500
913.208984	13417.972656
912.056641	13035.174805
910.903320	12593.778320
909.750000	12471.491211
908.596680	12351.352539
907.442383	12040.413086
906.288086	11985.417969
905.133789	11829.820313
903.979492	11804.235352
902.824219	11625.690430
901.668945	11660.914063
900.513672	11442.678711
899.358398	11725.032227
898.202148	11580.153320
897.045898	11500.225586
895.889648	11614.960938
894.733398	11497.396484
893.576172	11490.751953
892.419922	11408.817383
891.261719	11366.646484
890.104492	11238.780273
888.946289	11073.346680
887.789063	10985.299805
886.629883	10980.858398
885.471680	10947.174805
884.312500	11122.336914
883.153320	11176.327148
881.994141	11198.981445
880.834961	10960.754883
879.674805	11181.665039
878.514648	10787.086914
877.354492	11062.164063
876.194336	10932.596680
875.033203	11036.575195
873.872070	11169.688477
872.710938	11069.353516
871.548828	11039.896484
870.387695	11110.432617
869.225586	11076.812500
868.063477	11074.437500
866.900391	11051.247070
865.737305	10984.360352
864.574219	11142.219727
863.411133	10888.117188
862.248047	10765.151367
861.083984	10771.159180
859.919922	10874.874023
858.755859	10739.517578
857.590820	10878.519531
856.425781	10967.598633
855.260742	10998.478516
854.095703	10969.121094
852.930664	11068.501953
851.764648	11037.064453
850.598633	11082.427734
849.431641	10548.870117
848.265625	10683.519531
847.098633	10722.706055
845.931641	10958.864258
844.764648	10964.802734
843.596680	10858.812500
842.428711	10730.073242
841.260742	10872.792969
840.092773	11264.013672
838.923828	11060.714844
837.754883	11008.647461
836.585938	11084.941406
835.416992	11119.811523
834.247070	10945.682617
833.077148	11098.481445
831.907227	11067.139648
830.737305	10963.437500
829.566406	11025.167969
828.395508	11002.127930
827.224609	11148.546875
826.052734	11315.561523
824.881836	11362.701172
823.709961	11606.005859
822.538086	11584.926758
821.365234	11204.678711
820.192383	11388.008789
819.019531	11142.083008
817.846680	11044.791016
816.673828	11046.539063
815.500000	10982.299805
814.326172	10977.874023
813.151367	11101.239258
811.977539	11102.970703
810.802734	11376.651367
809.627930	11508.087891
808.453125	11592.102539
807.277344	11744.023438
806.101563	11790.897461
804.925781	11376.751953
803.750000	11380.473633
802.573242	11194.936523
801.396484	11400.250000
800.219727	11500.605469
799.042969	11662.590820
797.865234	11544.976563
796.687500	11797.297852
795.509766	12125.525391
794.331055	12065.398438
793.153320	12157.261719
791.974609	11943.166016
790.795898	11893.377930
789.616211	11564.502930
788.436523	11475.832031
787.256836	11463.099609
786.077148	11690.331055
784.897461	11685.757813
783.716797	11482.332031
782.536133	11188.809570
781.354492	11065.494141
780.173828	11319.196289
778.992188	11400.732422
777.810547	11555.954102
776.628906	11240.208008
775.446289	11393.349609
774.263672	11133.029297
773.081055	11445.719727
771.898438	11594.624023
770.714844	11491.905273
769.531250	11409.678711
768.347656	11595.289063
767.163086	11899.363281
765.979492	12278.912109
764.794922	12343.676758
763.609375	12234.797852
762.424805	12213.774414
761.239258	12760.339844
760.053711	13125.000000
758.868164	13426.237305
757.681641	13464.141602
756.495117	13938.564453
755.308594	14225.152344
754.122070	14635.994141
752.934570	15118.007813
751.748047	15724.137695
750.559570	16869.990234
749.372070	17982.750000
748.183594	19622.560547
746.995117	21915.330078
745.806641	24251.898438
744.618164	26784.894531
743.428711	29548.789063
742.239258	32578.015625
741.049805	34586.816406
739.859375	35571.785156
738.669922	35889.406250
737.479492	35580.777344
736.288086	35800.699219
735.097656	34650.988281
733.906250	34854.757813
732.714844	34851.273438
731.523438	35517.894531
730.331055	35642.164063
729.138672	36827.941406
727.946289	37542.398438
726.753906	38595.367188
725.560547	38554.546875
724.367188	38075.695313
723.173828	36429.171875
721.979492	34313.070313
720.786133	31780.388672
719.591797	28817.210938
718.396484	25589.937500
717.202148	23036.480469
716.006836	21142.230469
714.811523	19364.197266
713.616211	18096.992188
712.419922	16986.154297
711.223633	16248.059570
710.027344	15465.783203
708.831055	14924.499023
707.633789	14896.998047
706.436523	15043.349609
705.239258	14631.847656
704.041016	14491.275391
702.843750	14231.578125
701.645508	13497.372070
700.447266	13145.116211
699.248047	12700.149414
698.048828	12929.500977
696.849609	13114.358398
695.650391	13460.531250
694.450195	13399.114258
693.250000	13616.011719
692.049805	13602.972656
690.849609	13985.018555
689.648438	14600.668945
688.447266	14869.499023
687.246094	15265.119141
686.044922	15310.136719
684.842773	15496.080078
683.640625	16026.178711
682.438477	16622.464844
681.235352	17206.416016
680.033203	17279.121094
678.829102	16903.267578
677.625977	16324.473633
676.422852	15737.889648
675.218750	15434.972656
674.014648	15138.215820
672.809570	15361.956055
671.604492	15583.589844
670.400391	15730.819336
669.194336	15478.423828
667.989258	15390.744141
666.783203	15054.238281
665.577148	15153.294922
664.371094	15316.501953
663.164063	15365.314453
661.957031	15694.834961
660.750000	15817.717773
659.542969	16389.519531
658.334961	16233.654297
657.127930	16236.128906
655.918945	16174.503906
654.710938	16283.125977
653.501953	16351.656250
652.292969	16095.875977
651.083984	16368.546875
649.875000	16447.013672
648.665039	16161.371094
647.455078	15829.851563
646.244141	15608.450195
645.034180	15447.118164
643.823242	15161.937500
642.612305	14798.949219
641.400391	14639.893555
640.189453	13875.704102
638.977539	13832.739258
637.765625	13807.760742
636.552734	13870.618164
635.339844	14065.159180
634.126953	14251.633789
632.914063	14262.487305
631.700195	14893.568359
630.487305	15522.378906
629.272461	16113.038086
628.058594	16547.984375
626.843750	17347.380859
625.628906	17353.554688
624.414063	17429.433594
623.199219	17097.068359
621.983398	16498.074219
620.767578	16050.611328
619.551758	15746.620117
618.334961	14979.200195
617.118164	14255.874023
615.901367	13934.573242
614.684570	13683.000000
613.466797	13280.462891
612.249023	12890.025391
611.031250	12664.672852
609.813477	12061.983398
608.594727	11876.629883
607.375977	11872.047852
606.157227	12161.275391
604.937500	11948.232422
603.717773	11991.258789
602.498047	11954.910156
601.278320	11853.123047
600.057617	11709.736328
598.836914	11762.687500
597.616211	11476.666016
596.395508	11367.142578
595.173828	11323.047852
593.952148	11150.217773
592.729492	11248.778320
591.507813	10939.418945
590.285156	10646.030273
589.062500	10770.363281
587.839844	10764.048828
586.616211	10603.431641
585.392578	10963.050781
584.168945	10992.288086
582.944336	11393.179688
581.720703	11623.913086
580.495117	11745.861328
579.270508	12035.684570
578.045898	12137.734375
576.820313	11996.839844
575.594727	12592.441406
574.368164	12635.082031
573.142578	12906.627930
571.916016	13020.209961
570.688477	13289.578125
569.461914	13554.883789
568.234375	13668.245117
567.006836	13497.685547
565.779297	13299.607422
564.550781	13115.408203
563.322266	12921.438477
562.093750	12881.182617
560.865234	12913.801758
559.635742	12733.783203
558.406250	12792.006836
557.176758	12932.854492
555.946289	13134.630859
554.715820	12994.057617
553.485352	12902.709961
552.254883	12917.573242
551.023438	12700.474609
549.791992	12501.158203
548.560547	12620.234375
547.328125	12263.868164
546.096680	12005.856445
544.864258	11861.843750
543.630859	11719.857422
542.398438	11756.537109
541.165039	12232.746094
539.931641	12490.982422
538.697266	12529.427734
537.463867	12579.621094
536.229492	12125.932617
534.994141	12019.381836
533.759766	12089.248047
532.524414	12168.878906
531.289063	12317.033203
530.053711	11912.856445
528.817383	11741.853516
527.581055	11893.916016
526.344727	12261.190430
525.107422	12624.390625
523.871094	13216.308594
522.632813	14296.916016
521.395508	15762.254883
520.158203	16181.054688
518.919922	15550.096680
517.681641	14200.312500
516.442383	13140.261719
515.203125	12303.343750
513.963867	11894.455078
512.724609	11247.557617
511.485352	11309.495117
510.245117	11402.628906
509.004883	11956.173828
507.763672	12337.818359
506.523438	12379.956055
505.282227	12437.672852
504.040039	12464.172852
502.798828	12307.462891
501.556641	11981.300781
