1802.297852	5041.885742
1801.329102	5324.071289
1800.359375	5190.681641
1799.390625	5194.637207
1798.420898	5221.052246
1797.451172	5065.305664
1796.480469	5134.145508
1795.510742	4729.055176
1794.540039	4678.235352
1793.569336	4677.300293
1792.598633	4835.900391
1791.627930	4937.115723
1790.656250	5023.339355
1789.684570	5057.212402
1788.712891	5036.275879
1787.741211	4836.049316
1786.769531	4822.633789
1785.797852	4943.642578
1784.825195	5027.270996
1783.852539	5257.672852
1782.879883	5487.982422
1781.907227	5598.811035
1780.933594	5667.320313
1779.959961	5609.002441
1778.986328	5796.798340
1778.012695	5984.518555
1777.039063	5968.412598
1776.064453	5820.645996
1775.090820	5533.847168
1774.116211	5366.360352
1773.141602	5340.458496
1772.166016	5384.070313
1771.191406	5459.927734
1770.215820	5749.145508
1769.240234	6045.689453
1768.264648	6337.153320
1767.289063	6328.445313
1766.312500	6401.556641
1765.336914	6615.930664
1764.360352	6713.737793
1763.383789	6813.983398
1762.406250	6795.276855
1761.429688	6491.743652
1760.452148	6465.679688
1759.474609	6303.455566
1758.497070	6688.343750
1757.519531	6766.198242
1756.541016	7289.401855
1755.563477	7498.217773
1754.584961	7664.902344
1753.606445	7490.266113
1752.626953	7150.051758
1751.648438	6923.678711
1750.668945	6657.854492
1749.689453	6770.179688
1748.709961	7043.033203
1747.730469	7071.259277
1746.750000	7131.575195
1745.769531	7021.513672
1744.789063	6457.312012
1743.808594	6473.291992
1742.828125	6528.743164
1741.846680	6626.109375
1740.866211	6777.697266
1739.884766	6697.428223
1738.903320	6516.107910
1737.920898	6443.317383
1736.939453	6466.668457
1735.957031	6438.267090
1734.974609	6404.949707
1733.992188	6297.756836
1733.009766	6717.571777
1732.026367	6856.554688
1731.042969	6759.180664
1730.059570	6920.247070
1729.076172	6493.194824
1728.092773	6221.292969
1727.108398	6124.123047
1726.125000	6223.711426
1725.140625	6546.982910
1724.155273	7027.436523
1723.170898	7126.782227
1722.185547	7181.861816
1721.201172	6966.700684
1720.215820	6771.274414
1719.230469	6578.381348
1718.244141	6714.541504
1717.258789	6804.009766
1716.272461	6795.279785
1715.286133	6879.788086
1714.299805	7113.899414
1713.312500	7313.580078
1712.326172	7488.659180
1711.338867	8114.759766
1710.351563	8395.003906
1709.364258	8336.951172
1708.375977	8337.723633
1707.388672	8544.263672
1706.400391	8564.586914
1705.412109	8668.154297
1704.422852	9058.112305
1703.434570	9531.132813
1702.445313	9844.897461
1701.457031	10537.767578
1700.466797	11022.433594
1699.477539	11428.642578
1698.488281	11639.073242
1697.498047	11917.869141
1696.507813	12267.433594
1695.517578	12135.447266
1694.527344	11876.465820
1693.536133	11905.829102
1692.545898	11879.008789
1691.554688	12484.608398
1690.563477	12284.352539
1689.572266	12406.356445
1688.580078	11910.923828
1687.587891	11976.836914
1686.595703	12069.555664
1685.603516	11867.142578
1684.611328	11891.572266
1683.618164	11606.390625
1682.625977	11218.955078
1681.632813	10527.073242
1680.639648	10676.002930
1679.645508	10561.801758
1678.652344	10601.073242
1677.658203	10538.064453
1676.664063	10638.182617
1675.669922	10699.317383
1674.675781	10723.926758
1673.680664	10359.262695
1672.685547	10269.606445
1671.690430	9951.385742
1670.695313	9886.161133
1669.700195	9971.679688
1668.704102	9750.927734
1667.708008	9250.820313
1666.711914	9200.364258
1665.715820	9404.969727
1664.719727	9252.505859
1663.722656	9430.308594
1662.725586	9464.817383
1661.728516	8897.414063
1660.731445	8733.040039
1659.733398	8694.886719
1658.736328	8637.342773
1657.738281	8955.705078
1656.740234	8849.640625
1655.741211	8995.720703
1654.743164	9355.017578
1653.744141	9341.011719
1652.745117	9261.601563
1651.746094	9128.936523
1650.747070	8877.664063
1649.747070	8691.864258
1648.748047	8832.925781
1647.748047	9022.332031
1646.748047	9281.833008
1645.747070	9267.860352
1644.747070	9082.166992
1643.746094	9031.966797
1642.745117	9054.317383
1641.744141	9066.990234
1640.742188	9094.157227
1639.741211	9121.312500
1638.739258	8911.712891
1637.737305	8963.045898
1636.735352	8874.300781
1635.732422	9152.563477
1634.730469	9170.021484
1633.727539	8782.037109
1632.724609	8828.516602
1631.721680	9123.446289
1630.717773	8909.357422
1629.713867	8678.475586
1628.710938	8681.541016
1627.707031	8964.208008
1626.702148	9215.432617
1625.698242	9389.453125
1624.693359	9587.492188
1623.688477	9665.029297
1622.683594	9521.002930
1621.678711	9396.294922
1620.672852	8951.509766
1619.666992	8923.225586
1618.661133	8550.895508
1617.655273	8568.407227
1616.649414	8713.376953
1615.642578	8641.879883
1614.635742	8757.926758
1613.628906	8729.712891
1612.622070	9095.613281
1611.615234	9408.507813
1610.607422	9714.069336
1609.599609	9863.401367
1608.591797	10036.683594
1607.583984	9770.579102
1606.576172	9612.587891
1605.567383	9399.468750
1604.558594	9375.969727
1603.549805	9755.459961
1602.541016	10115.609375
1601.531250	10187.886719
1600.521484	10178.627930
1599.511719	10147.802734
1598.501953	9839.023438
1597.492188	10050.250000
1596.481445	10381.155273
1595.471680	10398.207031
1594.460938	10949.182617
1593.449219	11157.616211
1592.438477	11456.912109
1591.426758	12461.977539
1590.415039	12576.673828
1589.403320	12743.944336
1588.391602	12853.751953
1587.379883	12757.896484
1586.367188	12642.956055
1585.354492	12604.539063
1584.341797	12575.694336
1583.329102	12415.468750
1582.315430	12274.414063
1581.302734	12207.444336
1580.289063	12395.965820
1579.274414	12522.346680
1578.260742	12044.879883
1577.247070	11663.048828
1576.232422	11539.014648
1575.217773	11517.588867
1574.203125	11174.249023
1573.187500	10726.147461
1572.172852	10645.306641
1571.157227	10776.598633
1570.141602	10762.494141
1569.125000	10695.987305
1568.109375	10820.041992
1567.092773	10920.233398
1566.076172	11041.810547
1565.059570	10846.764648
1564.042969	10777.924805
1563.025391	10728.146484
1562.008789	10913.888672
1560.991211	11035.339844
1559.973633	11054.494141
1558.955078	10921.491211
1557.937500	10885.992188
1556.918945	10529.697266
1555.900391	10603.583008
1554.881836	10819.960938
1553.862305	10649.138672
1552.842773	11162.223633
1551.824219	11133.836914
1550.804688	11190.906250
1549.784180	10892.004883
1548.764648	10799.630859
1547.744141	10901.799805
1546.723633	10840.291016
1545.703125	11193.741211
1544.682617	11089.525391
1543.661133	11177.330078
1542.639648	10919.134766
1541.618164	11016.413086
1540.596680	10950.214844
1539.575195	11357.673828
1538.552734	11615.802734
1537.530273	11802.810547
1536.507813	11824.071289
1535.485352	12219.186523
1534.461914	12181.208984
1533.439453	12171.629883
1532.416016	12188.065430
1531.392578	11996.436523
1530.368164	11979.806641
1529.344727	11797.750000
1528.320313	11705.555664
1527.295898	11613.397461
1526.271484	11582.685547
1525.246094	11611.020508
1524.221680	11417.416992
1523.196289	11778.594727
1522.170898	11787.990234
1521.145508	11639.296875
1520.119141	11639.280273
1519.092773	11646.338867
1518.067383	11507.195313
1517.040039	11688.734375
1516.013672	11401.142578
1514.987305	11712.241211
1513.959961	11292.818359
1512.932617	11551.986328
1511.905273	11526.075195
1510.876953	11912.240234
1509.849609	11916.870117
1508.821289	11733.200195
1507.792969	12161.442383
1506.763672	12278.947266
1505.735352	12332.892578
1504.706055	12360.945313
1503.676758	12812.219727
1502.647461	12873.073242
1501.618164	13469.777344
1500.587891	13462.324219
1499.557617	13391.440430
1498.527344	13719.896484
1497.497070	13836.860352
1496.466797	13812.899414
1495.435547	13915.709961
1494.404297	13715.718750
1493.373047	13670.675781
1492.341797	13871.983398
1491.309570	13561.879883
1490.278320	13355.085938
1489.246094	13169.476563
1488.213867	13087.083008
1487.180664	12960.193359
1486.148438	12444.394531
1485.115234	12685.483398
1484.082031	12664.149414
1483.047852	12504.664063
1482.014648	12462.303711
1480.980469	12443.367188
1479.946289	12422.096680
1478.912109	12201.954102
1477.877930	12428.707031
1476.842773	12655.366211
1475.808594	12781.382813
1474.773438	12897.996094
1473.738281	13577.870117
1472.702148	13565.741211
1471.666992	14308.282227
1470.630859	14590.336914
1469.594727	15007.731445
1468.557617	15354.905273
1467.521484	16325.250000
1466.484375	17103.806641
1465.447266	17851.705078
1464.410156	18585.298828
1463.373047	19381.570313
1462.334961	20310.445313
1461.296875	20774.941406
1460.258789	21463.037109
1459.220703	22411.886719
1458.182617	22693.906250
1457.143555	22815.056641
1456.104492	23292.533203
1455.065430	23518.302734
1454.026367	23771.919922
1452.986328	23666.945313
1451.946289	23959.990234
1450.906250	24003.937500
1449.866211	24331.683594
1448.826172	24905.841797
1447.785156	25247.220703
1446.744141	25990.673828
1445.703125	26208.488281
1444.662109	26133.386719
1443.620117	27031.871094
1442.578125	27109.951172
1441.537109	26765.289063
1440.494141	26216.423828
1439.452148	25609.740234
1438.409180	25288.804688
1437.367188	24274.123047
1436.323242	23329.460938
1435.280273	22027.951172
1434.237305	21547.982422
1433.193359	20792.279297
1432.149414	20048.474609
1431.105469	19284.115234
1430.061523	18626.666016
1429.016602	18066.792969
1427.971680	17363.535156
1426.926758	17049.634766
1425.881836	16497.375000
1424.835938	15947.656250
1423.791016	15705.986328
1422.745117	15487.555664
1421.699219	15512.132813
1420.652344	15404.855469
1419.606445	15364.685547
1418.559570	15128.003906
1417.512695	15120.268555
1416.465820	15267.381836
1415.417969	15114.046875
1414.371094	15235.686523
1413.323242	15320.320313
1412.275391	15284.837891
1411.226563	15584.140625
1410.178711	15407.810547
1409.129883	15575.416992
1408.081055	15316.096680
1407.032227	15430.592773
1405.982422	15505.833008
1404.933594	15576.428711
1403.883789	15349.593750
1402.833984	15051.397461
1401.783203	15071.341797
1400.733398	14860.875977
1399.682617	14816.351563
1398.631836	14914.633789
1397.581055	14819.457031
1396.529297	14809.497070
1395.478516	14562.471680
1394.426758	14743.563477
1393.375000	14521.958984
1392.322266	14583.372070
1391.270508	14108.918945
1390.217773	14025.535156
1389.165039	13937.588867
1388.112305	13911.731445
1387.058594	13594.057617
1386.005859	13347.733398
1384.952148	13099.211914
1383.898438	13454.752930
1382.843750	13433.609375
1381.790039	13495.112305
1380.735352	13529.047852
1379.680664	14042.526367
1378.625977	13906.573242
1377.570313	13922.051758
1376.515625	14118.679688
1375.459961	14299.176758
1374.404297	14456.676758
1373.347656	14419.317383
1372.291992	14501.115234
1371.235352	14727.196289
1370.178711	14520.321289
1369.122070	14494.424805
1368.064453	14303.707031
1367.007813	14497.594727
1365.950195	14343.567383
1364.892578	14260.528320
1363.833984	14317.055664
1362.776367	14412.437500
1361.717773	14352.296875
1360.659180	14667.087891
1359.600586	14522.353516
1358.541016	14631.321289
1357.482422	14815.634766
1356.422852	15050.122070
1355.363281	15400.977539
1354.302734	15722.005859
1353.243164	15540.704102
1352.182617	16201.623047
1351.122070	16652.343750
1350.060547	17007.064453
1349.000000	17532.699219
1347.938477	17556.437500
1346.876953	18647.148438
1345.815430	19064.982422
1344.753906	19646.724609
1343.691406	20253.289063
1342.628906	20249.099609
1341.566406	21233.355469
1340.503906	21994.050781
1339.441406	22604.175781
1338.377930	23102.517578
1337.314453	24099.015625
1336.250977	24897.162109
1335.186523	25174.070313
1334.123047	25635.074219
1333.058594	26132.267578
1331.994141	25899.527344
1330.928711	25737.339844
1329.864258	25284.357422
1328.798828	24986.048828
1327.733398	24110.927734
1326.667969	23915.173828
1325.601563	22888.511719
1324.536133	21794.173828
1323.469727	21285.826172
1322.403320	20169.580078
1321.335938	19679.923828
1320.269531	18877.470703
1319.202148	18356.537109
1318.134766	17817.679688
1317.067383	17580.515625
1315.999023	17275.462891
1314.930664	17192.580078
1313.863281	16729.160156
1312.793945	16947.644531
1311.725586	16984.886719
1310.656250	17028.906250
1309.587891	17097.802734
1308.517578	16890.591797
1307.448242	17335.056641
1306.378906	17265.861328
1305.308594	16886.865234
1304.238281	16987.369141
1303.167969	16891.160156
1302.096680	16738.486328
1301.026367	16323.753906
1299.955078	16690.873047
1298.883789	16429.914063
1297.811523	16020.017578
1296.740234	15989.598633
1295.667969	15525.787109
1294.595703	15220.145508
1293.523438	14815.350586
1292.450195	14814.529297
1291.376953	14843.028320
1290.303711	14862.494141
1289.230469	14681.300781
1288.157227	14585.835938
1287.083008	15051.545898
1286.008789	14935.763672
1284.934570	15099.354492
1283.860352	15373.231445
1282.785156	15230.431641
1281.710938	15636.988281
1280.635742	15881.320313
1279.559570	15862.266602
1278.484375	16178.442383
1277.408203	16341.530273
1276.332031	16250.425781
1275.255859	16388.697266
1274.179688	16722.480469
1273.102539	16431.324219
1272.025391	16764.958984
1270.948242	16698.566406
1269.871094	16652.417969
1268.793945	16628.742188
1267.715820	16876.738281
1266.637695	17048.310547
1265.559570	17188.392578
1264.480469	17205.007813
1263.401367	16961.396484
1262.323242	16883.853516
1261.243164	16425.142578
1260.164063	16477.769531
1259.083984	16019.333008
1258.004883	15769.494141
1256.924805	15430.138672
1255.843750	14835.563477
1254.763672	14530.135742
1253.682617	14222.594727
1252.601563	14217.392578
1251.520508	13605.656250
1250.438477	13560.305664
1249.357422	13335.997070
1248.275391	12952.971680
1247.193359	13037.486328
1246.110352	12786.594727
1245.028320	12716.869141
1243.945313	12468.381836
1242.862305	12613.252930
1241.779297	12527.967773
1240.695313	12480.685547
1239.611328	12545.073242
1238.527344	12354.922852
1237.443359	12218.420898
1236.359375	12385.475586
1235.274414	12222.249023
1234.189453	12117.087891
1233.104492	12152.473633
1232.019531	11996.084961
1230.933594	12040.396484
1229.847656	11808.315430
1228.761719	11915.040039
1227.675781	11903.641602
1226.588867	12184.041016
1225.502930	11956.573242
1224.416016	12025.325195
1223.328125	11804.663086
1222.241211	12022.530273
1221.153320	12073.421875
1220.065430	12104.269531
1218.977539	11950.498047
1217.889648	11890.185547
1216.800781	12012.203125
1215.711914	11825.203125
1214.623047	11896.069336
1213.534180	11835.815430
1212.444336	11775.585938
1211.355469	11893.054688
1210.265625	11917.214844
1209.174805	12065.683594
1208.084961	12118.650391
1206.994141	11865.362305
1205.903320	12118.020508
1204.812500	12088.869141
1203.720703	12117.389648
1202.629883	12274.495117
1201.538086	12280.794922
1200.446289	12147.464844
1199.353516	11898.967773
1198.261719	11852.171875
1197.168945	11774.385742
1196.076172	11488.474609
1194.983398	11654.333008
1193.889648	11851.109375
1192.795898	11923.873047
1191.702148	12135.998047
1190.608398	12113.548828
1189.514648	12130.917969
1188.419922	11951.483398
1187.325195	12163.421875
1186.230469	12092.356445
1185.135742	12147.279297
1184.040039	11855.312500
1182.944336	11877.126953
1181.848633	11711.216797
1180.752930	11995.796875
1179.656250	11578.276367
1178.559570	11697.237305
1177.462891	11509.435547
1176.366211	11504.817383
1175.268555	11486.967773
1174.171875	11667.589844
1173.074219	11638.687500
1171.975586	11437.865234
1170.877930	11329.686523
1169.779297	11446.291016
1168.680664	11393.224609
1167.582031	11322.561523
1166.483398	11337.802734
1165.383789	11542.364258
1164.284180	11368.264648
1163.184570	11632.147461
1162.084961	11354.695313
1160.984375	11457.896484
1159.883789	11673.209961
1158.783203	11633.382813
1157.682617	11397.927734
1156.581055	11628.501953
1155.480469	11777.676758
1154.378906	11698.314453
1153.276367	11632.163086
1152.174805	11530.904297
1151.072266	11697.535156
1149.969727	11508.502930
1148.867188	11721.153320
1147.764648	11791.097656
1146.661133	11812.750977
1145.557617	11797.111328
1144.454102	11893.305664
1143.349609	11982.882813
1142.246094	12013.242188
1141.141602	11756.523438
1140.037109	11920.559570
1138.932617	12097.668945
1137.827148	12042.567383
1136.721680	11842.982422
1135.616211	11949.945313
1134.510742	11927.736328
1133.404297	11695.476563
1132.298828	11828.652344
1131.192383	11817.416992
1130.084961	11657.487305
1128.978516	11751.231445
1127.871094	11582.638672
1126.763672	11702.582031
1125.656250	11562.472656
1124.548828	11649.601563
1123.440430	11802.213867
1122.332031	11932.924805
1121.223633	11941.330078
1120.115234	11855.877930
1119.005859	12010.497070
1117.896484	11955.609375
1116.787109	12245.376953
1115.677734	12500.128906
1114.567383	12865.968750
1113.457031	13042.007813
1112.346680	13527.443359
1111.236328	13979.991211
1110.125000	14499.878906
1109.014648	15494.353516
1107.903320	16296.783203
1106.791016	17273.041016
1105.679688	18423.019531
1104.567383	19156.861328
1103.455078	19733.740234
1102.342773	20923.798828
1101.230469	21232.560547
1100.117188	21567.283203
1099.003906	21734.474609
1097.890625	21892.900391
1096.776367	21983.894531
1095.663086	21570.830078
1094.548828	21027.613281
1093.434570	20204.490234
1092.319336	19442.503906
1091.205078	18522.378906
1090.089844	17748.044922
1088.974609	16765.738281
1087.858398	16150.458984
1086.743164	15303.371094
1085.626953	14736.362305
1084.510742	14041.683594
1083.394531	13789.460938
1082.277344	12999.924805
1081.160156	12839.022461
1080.042969	12403.092773
1078.925781	12043.143555
1077.807617	11962.654297
1076.690430	11791.280273
1075.572266	11669.755859
1074.453125	11537.462891
1073.334961	11424.695313
1072.215820	11441.748047
1071.096680	11303.097656
1069.977539	11456.373047
1068.858398	11507.992188
1067.738281	11542.298828
1066.618164	11427.507813
1065.498047	11496.378906
1064.376953	11612.733398
1063.256836	11649.145508
1062.135742	11806.434570
1061.014648	11786.672852
1059.892578	11700.023438
1058.771484	11915.450195
1057.649414	11897.832031
1056.527344	11647.317383
1055.404297	11866.928711
1054.282227	12023.933594
1053.159180	11713.205078
1052.036133	11846.472656
1050.912109	11772.877930
1049.789063	11901.767578
1048.665039	11623.625000
1047.541016	12023.750977
1046.416992	11971.701172
1045.291992	12106.893555
1044.166992	12009.665039
1043.041992	11970.555664
1041.916992	11952.967773
1040.791992	11842.930664
1039.666016	11640.503906
1038.540039	11777.738281
1037.413086	11751.608398
1036.287109	11633.111328
1035.160156	11518.958984
1034.033203	11422.033203
1032.906250	11458.259766
1031.779297	11327.042969
1030.651367	11590.751953
1029.523438	11787.835938
1028.395508	11892.594727
1027.266602	12014.465820
1026.137695	12121.274414
1025.009766	12035.098633
1023.879883	12195.439453
1022.750977	12169.283203
1021.621094	12248.114258
1020.491211	12442.577148
1019.361328	12444.221680
1018.231445	12306.698242
1017.100586	12297.666016
1015.969727	12519.772461
1014.838867	12407.993164
1013.708008	12467.398438
1012.576172	12135.383789
1011.444336	12297.458984
1010.312500	12115.269531
1009.180664	12409.798828
1008.047852	12526.834961
1006.915039	12304.117188
1005.782227	12342.090820
1004.649414	12292.487305
1003.515625	12403.041016
1002.381836	12323.558594
1001.248047	12589.856445
1000.114258	12292.720703
998.979492	12366.910156
997.844727	12035.821289
996.709961	11805.095703
995.575195	11681.065430
994.439453	11520.852539
993.303711	11565.288086
992.167969	11511.696289
991.032227	11485.818359
989.895508	11681.440430
988.758789	11781.163086
987.622070	11706.279297
986.485352	11916.625977
985.347656	11490.641602
984.210938	11726.472656
983.073242	11675.058594
981.934570	11789.536133
980.796875	11842.307617
979.658203	12037.473633
978.519531	12056.165039
977.380859	12100.344727
976.241211	12274.086914
975.101563	12908.624023
973.961914	12455.721680
972.822266	12716.314453
971.681641	13112.632813
970.541992	13285.970703
969.400391	13875.060547
968.259766	14082.098633
967.119141	14036.687500
965.977539	14305.086914
964.835938	14236.329102
963.694336	14324.427734
962.551758	14372.230469
961.409180	14208.170898
960.266602	14122.544922
959.124023	14089.891602
957.980469	13940.814453
956.837891	13658.452148
955.694336	13672.471680
954.549805	13536.269531
953.406250	13241.480469
952.261719	13342.284180
951.117188	12939.828125
949.972656	12930.729492
948.827148	12834.981445
947.681641	12940.007813
946.536133	12730.219727
945.390625	12803.541016
944.245117	12756.466797
943.098633	12964.866211
941.952148	13033.867188
940.804688	13109.167969
939.658203	13087.383789
938.510742	13384.125977
937.363281	13590.056641
936.215820	13913.974609
935.067383	14444.341797
933.919922	15107.260742
932.770508	15788.859375
931.622070	16487.019531
930.473633	16852.095703
929.324219	17560.257813
928.174805	18554.445313
927.025391	18853.589844
925.875000	19512.464844
924.724609	19306.314453
923.574219	19291.673828
922.423828	19073.037109
921.272461	18299.392578
920.122070	17727.888672
918.969727	17118.796875
917.818359	16621.332031
916.666992	15907.691406
915.514648	15272.069336
914.362305	14682.916992
913.208984	14201.090820
912.056641	13517.958984
910.903320	13580.126953
909.750000	13356.916016
908.596680	12978.569336
907.442383	12826.888672
906.288086	12587.205078
905.133789	12536.296875
903.979492	12403.668945
902.824219	12359.106445
901.668945	12102.964844
900.513672	12135.983398
899.358398	12083.127930
898.202148	12289.911133
897.045898	12226.578125
895.889648	12154.899414
894.733398	11913.771484
893.576172	12047.194336
892.419922	11910.763672
891.261719	11958.398438
890.104492	11980.924805
888.946289	11821.601563
887.789063	11664.436523
886.629883	11590.906250
885.471680	11613.488281
884.312500	11663.208984
883.153320	11800.597656
881.994141	11856.517578
880.834961	11724.584961
879.674805	11511.334961
878.514648	11367.015625
877.354492	11239.442383
876.194336	11310.014648
875.033203	11541.081055
873.872070	11405.212891
872.710938	11707.008789
871.548828	11706.582031
870.387695	11687.408203
869.225586	11445.415039
868.063477	11403.402344
866.900391	11386.384766
865.737305	11679.467773
864.574219	11410.631836
863.411133	11275.046875
862.248047	11307.984375
861.083984	11297.241211
859.919922	11049.503906
858.755859	11333.962891
857.590820	11242.175781
856.425781	11293.780273
855.260742	11465.835938
854.095703	11627.433594
852.930664	11612.480469
851.764648	11616.214844
850.598633	11545.233398
849.431641	11304.139648
848.265625	11152.349609
847.098633	11295.136719
845.931641	11446.155273
844.764648	11659.302734
843.596680	11567.671875
842.428711	11415.985352
841.260742	11475.686523
840.092773	11835.707031
838.923828	11746.185547
837.754883	11696.040039
836.585938	11697.666992
835.416992	11808.978516
834.247070	11711.259766
833.077148	11644.613281
831.907227	11801.364258
830.737305	11842.250000
829.566406	11742.538086
828.395508	11802.019531
827.224609	11851.142578
826.052734	12042.798828
824.881836	12044.338867
823.709961	12109.897461
822.538086	12041.221680
821.365234	12302.852539
820.192383	12054.614258
819.019531	12093.287109
817.846680	12012.292969
816.673828	11898.334961
815.500000	11470.998047
814.326172	11691.178711
813.151367	11865.917969
811.977539	11939.608398
810.802734	12021.506836
809.627930	12126.027344
808.453125	12294.341797
807.277344	12367.874023
806.101563	12315.805664
804.925781	12123.814453
803.750000	12026.553711
802.573242	11964.305664
801.396484	11947.330078
800.219727	12247.024414
799.042969	12071.696289
797.865234	12502.776367
796.687500	12475.421875
795.509766	12643.253906
794.331055	12956.849609
793.153320	12855.482422
791.974609	12573.482422
790.795898	12519.453125
789.616211	12176.077148
788.436523	12243.212891
787.256836	12552.380859
786.077148	12557.876953
784.897461	12382.925781
783.716797	11941.542969
782.536133	11977.908203
781.354492	11784.750977
780.173828	11976.835938
778.992188	12203.658203
777.810547	12291.128906
776.628906	12024.361328
775.446289	11839.585938
774.263672	11873.866211
773.081055	12196.627930
771.898438	12341.278320
770.714844	12332.477539
769.531250	12108.981445
768.347656	12292.396484
767.163086	12786.399414
765.979492	12963.458008
764.794922	13113.879883
763.609375	12984.409180
762.424805	13392.064453
761.239258	13650.500977
760.053711	13637.344727
758.868164	13907.859375
757.681641	14143.571289
756.495117	14674.964844
755.308594	14918.564453
754.122070	15414.895508
752.934570	16237.180664
751.748047	16694.285156
750.559570	17886.794922
749.372070	18889.324219
748.183594	20588.003906
746.995117	23017.001953
745.806641	25797.162109
744.618164	28445.847656
743.428711	31349.798828
742.239258	33876.089844
741.049805	36006.660156
739.859375	37400.097656
738.669922	37802.722656
737.479492	38127.921875
736.288086	37674.570313
735.097656	36603.699219
733.906250	36347.925781
732.714844	36648.777344
731.523438	36257.046875
730.331055	37315.046875
729.138672	37999.109375
727.946289	38877.687500
726.753906	39658.500000
725.560547	39789.867188
724.367188	39497.324219
723.173828	38189.097656
721.979492	36234.781250
720.786133	33934.750000
719.591797	30693.511719
718.396484	27877.068359
717.202148	24928.169922
716.006836	22638.650391
714.811523	20856.242188
713.616211	20025.908203
712.419922	18799.304688
711.223633	17763.412109
710.027344	16914.056641
708.831055	16503.906250
707.633789	16168.742188
706.436523	16080.333984
705.239258	15816.138672
704.041016	16051.128906
702.843750	15512.318359
701.645508	14935.368164
700.447266	14372.801758
699.248047	14103.202148
698.048828	14152.616211
696.849609	14379.583984
695.650391	14683.115234
694.450195	14581.091797
693.250000	14682.787109
692.049805	14746.130859
690.849609	15275.075195
689.648438	15765.498047
688.447266	16108.624023
687.246094	16560.376953
686.044922	16599.072266
684.842773	16867.289063
683.640625	17588.333984
682.438477	18363.404297
681.235352	18826.246094
680.033203	18928.775391
678.829102	18488.199219
677.625977	17905.041016
676.422852	17541.273438
675.218750	17032.941406
674.014648	16759.951172
672.809570	17013.476563
671.604492	17033.878906
670.400391	16919.718750
669.194336	16863.832031
667.989258	16826.037109
666.783203	16360.772461
665.577148	16387.308594
664.371094	16724.777344
663.164063	16642.916016
661.957031	17188.720703
660.750000	17347.365234
659.542969	17421.757813
658.334961	17636.388672
657.127930	17211.818359
655.918945	17604.669922
654.710938	17402.578125
653.501953	17560.962891
652.292969	17445.039063
651.083984	17685.394531
649.875000	17511.468750
648.665039	17493.648438
647.455078	17117.839844
646.244141	16810.177734
645.034180	16810.511719
643.823242	16425.099609
642.612305	16265.655273
641.400391	15918.486328
640.189453	15237.908203
638.977539	15034.891602
637.765625	15121.454102
636.552734	15295.804688
635.339844	15679.619141
634.126953	15404.852539
632.914063	15497.239258
631.700195	15940.584961
630.487305	16547.234375
629.272461	17049.958984
628.058594	17689.980469
626.843750	18590.750000
625.628906	18726.140625
624.414063	18771.845703
623.199219	18365.509766
621.983398	17778.183594
620.767578	17519.529297
619.551758	17006.269531
618.334961	16471.349609
617.118164	15670.123047
615.901367	15378.343750
614.684570	14917.690430
613.466797	14381.702148
612.249023	14247.393555
611.031250	13836.958984
609.813477	13164.487305
608.594727	13028.543945
607.375977	13140.861328
606.157227	13185.633789
604.937500	13071.604492
603.717773	13112.401367
602.498047	12877.418945
601.278320	12888.486328
600.057617	12608.044922
598.836914	12736.137695
597.616211	12669.921875
596.395508	12449.161133
595.173828	12432.568359
593.952148	12295.149414
592.729492	12161.751953
591.507813	12115.530273
590.285156	11881.270508
589.062500	11829.192383
587.839844	11696.008789
586.616211	11885.338867
585.392578	11995.472656
584.168945	12216.290039
582.944336	12247.222656
581.720703	12604.267578
580.495117	12783.306641
579.270508	12968.193359
578.045898	13101.642578
576.820313	13296.250977
575.594727	13684.259766
574.368164	13906.289063
573.142578	14104.537109
571.916016	14067.903320
570.688477	14473.153320
569.461914	14899.918945
568.234375	14663.984375
567.006836	14737.651367
565.779297	14442.727539
564.550781	14559.758789
563.322266	14150.738281
562.093750	13982.188477
560.865234	13973.213867
559.635742	13942.586914
558.406250	13972.989258
557.176758	14237.553711
555.946289	14080.968750
554.715820	14129.021484
553.485352	13972.527344
552.254883	13755.150391
551.023438	13573.251953
549.791992	13668.536133
548.560547	13773.601563
547.328125	13466.092773
546.096680	12948.571289
544.864258	12900.565430
543.630859	12723.013672
542.398438	12808.541016
541.165039	13109.877930
539.931641	13526.830078
538.697266	13706.267578
537.463867	13413.033203
536.229492	13274.808594
534.994141	13168.004883
533.759766	13239.579102
532.524414	13440.430664
531.289063	13253.346680
530.053711	13038.927734
528.817383	12726.704102
527.581055	12962.723633
526.344727	13167.325195
525.107422	13457.928711
523.871094	13912.727539
522.632813	15057.722656
521.395508	16741.896484
520.158203	17512.371094
518.919922	16765.802734
517.681641	15474.373047
516.442383	14533.215820
515.203125	13637.394531
513.963867	13173.534180
512.724609	12594.687500
511.485352	12459.183594
510.245117	12997.006836
509.004883	13509.227539
507.763672	13400.917969
506.523438	13516.930664
505.282227	13593.894531
504.040039	13778.038086
502.798828	13554.774414
501.556641	13074.407227
