1802.318359	4609.880371
1801.348633	4814.653320
1800.379883	4621.443359
1799.410156	4697.903320
1798.440430	4614.605957
1797.470703	4703.512207
1796.500977	4834.793457
1795.530273	4801.402344
1794.559570	4787.974121
1793.588867	4764.578125
1792.618164	4691.336426
1791.647461	4657.999512
1790.675781	4759.229980
1789.705078	4905.261719
1788.733398	4819.595703
1787.761719	4870.927734
1786.789063	4914.769043
1785.817383	4956.103516
1784.844727	4875.472168
1783.872070	4949.145020
1782.899414	4883.473145
1781.926758	4919.805176
1780.953125	5045.646484
1779.980469	4970.048828
1779.006836	5220.117188
1778.033203	5127.117676
1777.058594	5063.972168
1776.084961	5065.443359
1775.110352	5129.007813
1774.135742	5204.962891
1773.161133	5216.334961
1772.186523	5230.184570
1771.210938	5288.700684
1770.236328	5357.118164
1769.260742	5405.661621
1768.285156	5345.051758
1767.308594	5492.769531
1766.333008	5563.569824
1765.356445	5688.875000
1764.379883	5799.259766
1763.403320	5884.821777
1762.426758	6096.692383
1761.449219	6142.530762
1760.472656	5977.862305
1759.495117	6132.642090
1758.517578	6247.753906
1757.539063	6256.401367
1756.561523	6074.520020
1755.583008	6441.906250
1754.604492	6180.912598
1753.625977	6355.246582
1752.647461	6326.776367
1751.667969	6436.742188
1750.688477	6358.838867
1749.709961	6182.131348
1748.729492	6151.247070
1747.750000	6209.290527
1746.770508	6121.616699
1745.790039	6137.670898
1744.809570	6025.361816
1743.829102	6026.621094
1742.847656	5943.987305
1741.867188	5955.129395
1740.885742	5736.889648
1739.904297	5987.262207
1738.922852	6045.230957
1737.941406	5832.033203
1736.958984	5890.009277
1735.977539	5896.218750
1734.995117	5959.084473
1734.011719	5994.832520
1733.029297	5956.691895
1732.046875	5778.234375
1731.063477	5976.453125
1730.080078	5948.182129
1729.096680	5870.712402
1728.112305	5879.373047
1727.128906	5836.380859
1726.144531	5813.077148
1725.160156	5915.166504
1724.175781	5918.894043
1723.191406	6072.528320
1722.206055	5946.000000
1721.220703	6133.958008
1720.235352	5946.066406
1719.250000	5986.615234
1718.264648	6159.720215
1717.278320	6207.573242
1716.291992	6174.422363
1715.305664	6175.634766
1714.319336	6336.295898
1713.333008	6305.590820
1712.345703	6390.145508
1711.358398	6508.988770
1710.371094	6593.468262
1709.383789	6560.283691
1708.396484	6617.767090
1707.408203	6780.560547
1706.419922	6742.458984
1705.431641	6873.329102
1704.443359	6962.527344
1703.455078	7247.501465
1702.465820	7444.262695
1701.476563	7408.511230
1700.487305	7570.913574
1699.498047	7743.032715
1698.507813	7787.932617
1697.518555	7781.475098
1696.528320	8102.543457
1695.538086	8152.229980
1694.547852	8399.796875
1693.556641	8234.442383
1692.565430	8398.855469
1691.575195	8597.387695
1690.583008	8707.953125
1689.591797	8701.317383
1688.600586	9002.157227
1687.608398	9068.657227
1686.616211	8961.940430
1685.624023	9038.175781
1684.631836	9131.448242
1683.638672	8985.777344
1682.645508	9215.510742
1681.652344	9298.942383
1680.659180	9143.578125
1679.666016	9399.934570
1678.671875	9446.747070
1677.678711	9298.750000
1676.684570	9306.612305
1675.690430	9338.809570
1674.695313	9332.058594
1673.701172	9408.029297
1672.706055	9269.916992
1671.710938	9610.947266
1670.715820	9263.745117
1669.719727	9094.141602
1668.724609	9675.613281
1667.728516	9428.235352
1666.732422	9414.185547
1665.736328	9507.015625
1664.739258	9488.096680
1663.743164	9517.745117
1662.746094	9612.923828
1661.749023	9535.746094
1660.751953	9473.157227
1659.753906	9711.421875
1658.755859	9496.012695
1657.758789	9700.224609
1656.759766	9598.858398
1655.761719	9800.541992
1654.763672	9621.640625
1653.764648	9542.157227
1652.765625	9615.330078
1651.766602	9623.076172
1650.767578	9609.023438
1649.767578	9665.188477
1648.767578	9619.664063
1647.768555	9644.340820
1646.767578	9702.883789
1645.767578	9601.735352
1644.766602	9582.864258
1643.766602	9675.236328
1642.765625	9668.444336
1641.764648	9664.072266
1640.762695	9799.872070
1639.761719	9681.910156
1638.759766	9706.525391
1637.757813	9472.696289
1636.755859	9415.239258
1635.752930	9572.678711
1634.750977	9616.603516
1633.748047	9293.686523
1632.745117	9547.566406
1631.741211	9523.922852
1630.738281	9524.407227
1629.734375	9517.657227
1628.730469	9380.721680
1627.726563	9210.095703
1626.722656	9458.860352
1625.718750	9478.629883
1624.713867	9529.707031
1623.708984	9400.129883
1622.704102	9648.653320
1621.698242	9709.292969
1620.693359	9548.466797
1619.687500	9488.777344
1618.681641	9753.920898
1617.675781	9783.215820
1616.669922	9581.617188
1615.663086	9805.702148
1614.656250	9866.220703
1613.649414	9861.817383
1612.642578	9929.507813
1611.635742	9973.144531
1610.627930	9978.330078
1609.620117	10166.034180
1608.612305	10067.928711
1607.604492	10193.121094
1606.595703	10167.052734
1605.587891	10349.765625
1604.579102	10215.711914
1603.570313	10494.287109
1602.560547	10271.523438
1601.551758	10669.859375
1600.541992	10588.586914
1599.532227	10749.416992
1598.522461	10924.559570
1597.512695	10910.364258
1596.501953	10965.637695
1595.491211	11150.207031
1594.480469	11212.590820
1593.469727	11476.030273
1592.458984	11456.947266
1591.447266	11684.335938
1590.435547	11598.230469
1589.423828	11760.916016
1588.412109	11937.883789
1587.400391	12272.579102
1586.387695	11794.390625
1585.375000	12038.160156
1584.362305	12155.187500
1583.349609	12190.942383
1582.335938	12324.610352
1581.323242	12100.021484
1580.309570	12214.551758
1579.294922	12305.164063
1578.281250	12467.335938
1577.267578	12443.328125
1576.252930	12381.159180
1575.238281	12464.505859
1574.223633	12593.125977
1573.208008	12635.864258
1572.193359	12628.528320
1571.177734	12911.939453
1570.162109	12756.823242
1569.145508	12892.396484
1568.129883	12837.376953
1567.113281	12896.677734
1566.096680	12603.605469
1565.080078	12781.940430
1564.063477	12893.569336
1563.045898	12945.668945
1562.029297	12902.595703
1561.011719	12735.867188
1559.994141	12569.205078
1558.975586	12416.875000
1557.958008	12604.496094
1556.939453	12278.743164
1555.920898	12083.796875
1554.902344	11967.317383
1553.882813	11860.383789
1552.864258	11758.243164
1551.844727	11622.907227
1550.825195	11520.854492
1549.804688	11376.127930
1548.785156	11162.658203
1547.764648	11191.220703
1546.744141	11086.964844
1545.723633	11117.901367
1544.703125	10904.654297
1543.681641	10968.795898
1542.660156	10933.385742
1541.638672	11104.104492
1540.617188	10995.251953
1539.595703	10836.712891
1538.573242	10692.443359
1537.550781	10917.514648
1536.528320	10841.920898
1535.505859	10844.443359
1534.482422	10719.212891
1533.459961	10735.949219
1532.436523	10667.545898
1531.413086	10625.177734
1530.388672	10734.110352
1529.365234	10450.683594
1528.340820	10840.785156
1527.316406	10647.221680
1526.291992	10680.477539
1525.267578	10683.021484
1524.242188	10737.503906
1523.216797	10813.208008
1522.191406	10789.760742
1521.166016	10709.696289
1520.139648	10764.125977
1519.114258	10745.418945
1518.087891	10941.300781
1517.061523	10946.139648
1516.034180	11240.896484
1515.007813	11099.561523
1513.980469	11205.676758
1512.953125	11613.268555
1511.925781	11486.073242
1510.897461	11509.628906
1509.870117	11613.215820
1508.841797	11723.821289
1507.813477	11907.331055
1506.785156	12166.052734
1505.755859	12361.157227
1504.726563	12146.970703
1503.697266	12325.539063
1502.667969	12734.414063
1501.638672	12423.916016
1500.608398	12433.125000
1499.579102	12771.244141
1498.548828	12475.020508
1497.517578	12737.840820
1496.487305	12394.785156
1495.456055	12347.648438
1494.424805	12316.958984
1493.393555	12368.409180
1492.362305	12328.343750
1491.331055	12199.162109
1490.298828	12067.687500
1489.266602	12135.556641
1488.234375	12086.191406
1487.201172	11793.109375
1486.168945	11687.597656
1485.135742	11900.730469
1484.102539	11877.214844
1483.069336	11980.160156
1482.035156	12129.887695
1481.001953	11926.099609
1479.967773	12026.629883
1478.933594	12253.466797
1477.898438	12456.816406
1476.864258	12751.296875
1475.829102	13005.903320
1474.793945	13033.631836
1473.758789	13236.652344
1472.722656	13654.585938
1471.687500	13789.637695
1470.651367	14076.470703
1469.615234	14491.636719
1468.579102	14731.506836
1467.541992	15017.968750
1466.504883	15463.026367
1465.468750	15704.880859
1464.430664	15871.977539
1463.393555	16178.959961
1462.355469	16364.545898
1461.318359	16293.572266
1460.280273	16586.291016
1459.241211	16638.826172
1458.203125	16737.943359
1457.164063	16683.255859
1456.125000	16943.039063
1455.085938	17111.894531
1454.046875	16824.330078
1453.006836	17128.152344
1451.967773	16943.103516
1450.927734	17160.679688
1449.886719	17178.095703
1448.846680	17344.363281
1447.805664	17343.128906
1446.764648	17574.388672
1445.723633	17315.087891
1444.682617	17418.437500
1443.641602	17396.273438
1442.599609	16921.121094
1441.557617	16713.259766
1440.515625	16702.861328
1439.472656	16439.410156
1438.430664	16127.320313
1437.387695	15940.674805
1436.344727	15851.552734
1435.301758	15764.787109
1434.257813	15378.873047
1433.213867	15540.345703
1432.169922	15386.462891
1431.125977	15357.805664
1430.082031	15361.600586
1429.037109	15166.144531
1427.993164	15413.196289
1426.948242	15599.931641
1425.902344	15541.154297
1424.857422	15630.556641
1423.811523	15791.669922
1422.765625	15508.428711
1421.719727	15558.450195
1420.673828	15439.597656
1419.626953	15434.109375
1418.580078	15618.214844
1417.533203	15554.899414
1416.486328	15785.125000
1415.439453	15518.460938
1414.391602	15741.666016
1413.343750	15789.240234
1412.295898	15391.110352
1411.248047	15494.145508
1410.199219	15604.063477
1409.150391	15510.845703
1408.101563	15459.198242
1407.052734	15446.788086
1406.003906	15510.493164
1404.954102	15348.190430
1403.904297	15144.456055
1402.854492	15007.649414
1401.804688	14836.330078
1400.753906	14837.881836
1399.703125	14816.396484
1398.652344	14451.762695
1397.601563	14543.191406
1396.550781	14528.683594
1395.499023	14302.429688
1394.447266	14596.333984
1393.395508	14294.234375
1392.343750	14422.401367
1391.291016	14465.422852
1390.239258	14271.601563
1389.186523	14185.901367
1388.132813	14074.955078
1387.080078	13906.607422
1386.026367	14099.017578
1384.972656	14463.614258
1383.918945	14373.367188
1382.865234	14400.249023
1381.810547	14665.850586
1380.756836	14628.399414
1379.702148	15010.864258
1378.646484	14959.590820
1377.591797	15062.009766
1376.536133	15210.247070
1375.480469	15158.961914
1374.424805	15444.646484
1373.369141	15363.541016
1372.312500	15669.684570
1371.256836	15462.573242
1370.200195	15434.187500
1369.142578	15655.401367
1368.085938	15647.589844
1367.028320	15495.582031
1365.970703	15554.167969
1364.913086	15555.531250
1363.855469	15595.779297
1362.796875	15722.915039
1361.739258	15529.886719
1360.680664	15588.401367
1359.621094	15672.031250
1358.562500	16036.690430
1357.502930	16229.851563
1356.443359	16180.814453
1355.383789	16188.888672
1354.324219	16340.798828
1353.263672	16718.634766
1352.203125	17005.023438
1351.142578	17339.210938
1350.082031	17488.472656
1349.021484	17852.068359
1347.959961	18345.496094
1346.898438	18722.441406
1345.836914	19060.482422
1344.774414	19519.164063
1343.712891	19950.314453
1342.650391	20121.593750
1341.587891	20793.855469
1340.525391	20878.359375
1339.461914	21069.824219
1338.398438	21702.777344
1337.335938	22212.580078
1336.271484	22396.822266
1335.208008	22503.644531
1334.143555	22580.859375
1333.079102	22824.023438
1332.014648	22626.066406
1330.950195	22498.650391
1329.885742	22171.316406
1328.820313	22084.935547
1327.754883	21873.664063
1326.689453	21685.185547
1325.623047	21019.988281
1324.556641	20702.373047
1323.491211	20366.732422
1322.423828	19731.714844
1321.357422	19403.216797
1320.291016	19006.812500
1319.223633	18594.695313
1318.156250	18162.345703
1317.087891	18149.513672
1316.020508	17826.210938
1314.952148	17836.109375
1313.883789	17592.289063
1312.815430	17575.052734
1311.747070	17367.615234
1310.677734	17327.791016
1309.608398	17188.392578
1308.539063	17128.251953
1307.469727	16934.650391
1306.399414	16876.849609
1305.330078	16710.517578
1304.259766	16856.279297
1303.189453	16619.939453
1302.118164	16410.818359
1301.046875	16192.744141
1299.976563	15843.726563
1298.904297	15664.256836
1297.833008	15798.757813
1296.761719	15391.333984
1295.689453	14905.072266
1294.617188	14739.483398
1293.543945	14573.962891
1292.471680	14656.661133
1291.398438	14482.203125
1290.325195	14535.568359
1289.251953	14331.897461
1288.178711	14191.423828
1287.104492	14102.839844
1286.030273	14021.050781
1284.956055	14022.641602
1283.881836	14278.726563
1282.806641	14307.282227
1281.732422	14394.357422
1280.657227	14506.154297
1279.581055	14662.909180
1278.505859	14639.612305
1277.429688	14868.251953
1276.353516	15069.808594
1275.277344	15219.567383
1274.201172	15333.295898
1273.124023	15278.414063
1272.046875	15715.652344
1270.969727	15582.082031
1269.892578	15729.328125
1268.814453	15616.020508
1267.737305	15680.125000
1266.659180	15407.500000
1265.581055	15200.070313
1264.501953	14876.050781
1263.422852	14828.087891
1262.344727	14665.761719
1261.264648	14422.777344
1260.185547	14209.037109
1259.105469	13928.143555
1258.026367	13768.376953
1256.946289	13736.383789
1255.865234	13581.201172
1254.785156	13432.801758
1253.704102	13262.073242
1252.623047	13501.080078
1251.541992	13706.415039
1250.459961	13182.179688
1249.378906	13644.773438
1248.296875	13331.022461
1247.214844	13073.307617
1246.131836	13115.298828
1245.049805	13141.625000
1243.966797	12991.382813
1242.883789	12964.095703
1241.800781	12811.717773
1240.716797	12726.407227
1239.632813	12739.384766
1238.548828	12582.681641
1237.464844	12430.507813
1236.380859	12485.936523
1235.295898	12358.387695
1234.210938	12255.427734
1233.125977	12250.640625
1232.041016	12187.880859
1230.955078	12142.981445
1229.869141	12031.234375
1228.783203	12019.810547
1227.697266	11823.473633
1226.610352	11963.561523
1225.524414	11765.090820
1224.437500	11869.506836
1223.349609	11655.554688
1222.262695	11768.851563
1221.174805	11719.666016
1220.086914	11752.813477
1218.999023	11730.340820
1217.911133	11645.613281
1216.822266	11512.008789
1215.733398	11636.302734
1214.644531	11513.865234
1213.555664	11700.318359
1212.465820	11624.567383
1211.376953	11497.765625
1210.287109	11533.110352
1209.196289	11555.120117
1208.106445	11503.875000
1207.015625	11519.222656
1205.924805	11614.433594
1204.833984	11549.896484
1203.743164	11607.359375
1202.651367	11259.045898
1201.559570	11389.696289
1200.467773	11077.033203
1199.375977	11243.119141
1198.283203	11198.675781
1197.190430	11247.275391
1196.097656	11315.784180
1195.004883	11313.416992
1193.911133	11187.092773
1192.818359	11155.981445
1191.724609	10989.916016
1190.629883	11093.796875
1189.536133	11045.030273
1188.441406	11022.817383
1187.346680	11108.938477
1186.251953	10940.842773
1185.157227	11079.979492
1184.061523	11033.472656
1182.965820	11223.333984
1181.870117	11262.943359
1180.774414	11123.691406
1179.677734	11198.623047
1178.581055	11130.066406
1177.484375	10946.795898
1176.387695	11112.166016
1175.291016	10955.442383
1174.193359	11045.763672
1173.095703	11025.811523
1171.998047	10767.806641
1170.899414	10871.331055
1169.800781	10915.322266
1168.702148	10813.904297
1167.603516	10701.516602
1166.504883	10692.666992
1165.405273	10738.857422
1164.305664	10536.311523
1163.206055	10465.884766
1162.106445	10635.296875
1161.005859	10602.271484
1159.906250	10705.607422
1158.804688	10468.098633
1157.704102	10549.435547
1156.603516	10584.583984
1155.501953	10621.915039
1154.400391	10518.629883
1153.298828	10727.277344
1152.196289	11045.634766
1151.093750	11054.292969
1149.992188	11515.123047
1148.888672	11732.162109
1147.786133	12050.038086
1146.682617	12369.973633
1145.579102	12582.308594
1144.475586	12531.425781
1143.372070	12978.208008
1142.267578	13052.194336
1141.163086	12845.657227
1140.058594	12683.023438
1138.954102	12700.072266
1137.848633	12489.357422
1136.744141	12296.246094
1135.638672	12171.075195
1134.532227	12008.750000
1133.426758	11955.899414
1132.320313	11776.185547
1131.213867	11754.024414
1130.107422	11753.739258
1129.000000	11526.081055
1127.893555	11379.392578
1126.786133	11296.140625
1125.677734	11280.655273
1124.570313	11387.504883
1123.461914	11297.750000
1122.354492	11090.122070
1121.245117	11120.534180
1120.136719	11048.350586
1119.027344	10829.993164
1117.918945	11174.602539
1116.808594	11039.195313
1115.699219	11148.090820
1114.589844	11440.085938
1113.479492	11372.282227
1112.369141	11276.173828
1111.257813	11463.366211
1110.147461	11578.589844
1109.036133	11861.471680
1107.924805	11828.487305
1106.813477	11852.121094
1105.701172	12112.998047
1104.589844	12182.259766
1103.477539	12347.224609
1102.364258	12477.313477
1101.251953	12766.108398
1100.138672	12752.545898
1099.025391	12562.904297
1097.912109	12564.603516
1096.798828	12561.954102
1095.684570	12206.354492
1094.570313	12044.995117
1093.456055	12026.312500
1092.341797	11960.813477
1091.226563	11383.060547
1090.111328	11458.788086
1088.996094	11252.413086
1087.880859	11156.758789
1086.764648	10774.856445
1085.648438	11130.368164
1084.532227	10880.875000
1083.416016	10763.702148
1082.299805	10802.604492
1081.182617	10776.492188
1080.065430	10759.055664
1078.947266	10765.447266
1077.830078	10631.097656
1076.711914	10583.393555
1075.593750	10752.137695
1074.475586	10721.737305
1073.357422	10574.528320
1072.238281	10801.563477
1071.119141	10624.123047
1070.000000	10896.452148
1068.879883	10779.588867
1067.760742	10770.829102
1066.640625	10988.936523
1065.519531	10857.004883
1064.399414	11100.917969
1063.278320	11027.316406
1062.157227	11290.518555
1061.036133	11182.373047
1059.915039	11057.009766
1058.792969	11354.555664
1057.670898	11509.614258
1056.548828	11543.840820
1055.426758	11709.573242
1054.303711	11789.009766
1053.181641	11935.221680
1052.057617	12115.846680
1050.934570	12031.422852
1049.811523	12134.413086
1048.687500	12000.493164
1047.563477	11784.819336
1046.438477	12113.797852
1045.314453	12147.818359
1044.189453	12156.004883
1043.064453	11987.800781
1041.939453	11916.444336
1040.813477	12214.941406
1039.687500	12048.979492
1038.561523	12074.369141
1037.435547	12226.524414
1036.309570	12161.633789
1035.182617	12264.303711
1034.055664	12424.909180
1032.928711	12484.539063
1031.800781	12250.072266
1030.673828	12577.968750
1029.545898	12517.373047
1028.416992	12377.431641
1027.289063	12342.638672
1026.160156	12301.427734
1025.031250	12315.970703
1023.902344	12394.805664
1022.773438	12300.035156
1021.643555	12276.003906
1020.513672	12224.136719
1019.383789	12202.271484
1018.252930	12381.672852
1017.123047	12167.128906
1015.992188	12318.637695
1014.861328	12331.002930
1013.729492	12063.123047
1012.598633	12148.253906
1011.466797	12102.910156
1010.334961	11976.345703
1009.202148	11933.193359
1008.070313	12084.522461
1006.937500	12306.291992
1005.804688	12649.720703
1004.670898	12950.291016
1003.538086	12983.839844
1002.404297	13121.973633
1001.270508	12752.097656
1000.135742	12282.089844
999.001953	12010.681641
997.867188	11728.723633
996.732422	11623.875977
995.596680	11380.493164
994.461914	11322.656250
993.326172	11237.139648
992.190430	11426.507813
991.054688	11176.980469
989.917969	11255.534180
988.781250	11323.408203
987.644531	11263.523438
986.507813	11386.703125
985.370117	11162.980469
984.232422	11094.656250
983.094727	11090.170898
981.957031	11160.115234
980.819336	11264.046875
979.680664	11499.723633
978.541992	11235.879883
977.402344	11535.202148
976.263672	11469.020508
975.124023	11483.571289
973.984375	11602.161133
972.844727	11875.673828
971.704102	11796.737305
970.563477	11925.792969
969.422852	12071.764648
968.282227	12113.739258
967.141602	12229.917969
966.000000	12032.254883
964.858398	12413.371094
963.715820	12304.762695
962.574219	12384.778320
961.431641	12216.904297
960.289063	12254.543945
959.146484	12387.455078
958.002930	12268.377930
956.860352	12261.531250
955.716797	12324.520508
954.572266	11814.124023
953.428711	11845.451172
952.284180	11984.619141
951.139648	11861.546875
949.995117	12197.243164
948.849609	11896.646484
947.704102	11980.744141
946.558594	11910.587891
945.413086	12161.500977
944.267578	12344.733398
943.121094	12327.323242
941.974609	12647.639648
940.827148	13166.187500
939.680664	13195.026367
938.533203	13827.142578
937.385742	14288.163086
936.238281	15012.547852
935.089844	15966.401367
933.942383	16747.023438
932.792969	17868.669922
931.644531	19366.937500
930.496094	20521.244141
929.346680	21626.623047
928.197266	22464.148438
927.047852	23158.181641
925.897461	23662.515625
924.747070	23455.478516
923.596680	23078.140625
922.446289	22265.617188
921.294922	21110.707031
920.144531	19998.332031
918.992188	18707.781250
917.840820	17312.716797
916.689453	16344.720703
915.537109	15366.635742
914.384766	14517.065430
913.231445	13814.823242
912.079102	13303.896484
910.925781	12921.202148
909.772461	12503.001953
908.619141	12384.955078
907.464844	12082.396484
906.310547	12115.458984
905.156250	11865.496094
904.001953	11783.312500
902.846680	11732.596680
901.691406	11730.086914
900.536133	11761.090820
899.380859	11722.974609
898.224609	11571.814453
897.069336	11667.720703
895.913086	11658.945313
894.755859	11740.144531
893.599609	11714.621094
892.442383	11793.679688
891.285156	11462.868164
890.126953	11516.859375
888.969727	11585.457031
887.811523	11493.121094
886.653320	11405.001953
885.494141	11525.796875
884.335938	11464.855469
883.176758	11360.093750
882.016602	11547.616211
880.857422	11399.053711
879.697266	11515.543945
878.538086	11475.527344
877.376953	11395.899414
876.216797	11537.334961
875.055664	11712.065430
873.894531	11609.508789
872.733398	11686.206055
871.572266	11779.537109
870.410156	11810.338867
869.248047	11618.298828
868.085938	11449.243164
866.922852	11671.601563
865.760742	11373.573242
864.597656	11589.609375
863.433594	11645.371094
862.270508	11736.464844
861.106445	11771.375000
859.942383	11710.639648
858.778320	11687.341797
857.613281	11693.145508
856.449219	11574.291016
855.284180	11600.886719
854.118164	11700.155273
852.953125	11674.804688
851.787109	11755.330078
850.621094	11792.238281
849.455078	11837.429688
848.288086	11641.960938
847.121094	11892.492188
845.954102	11672.211914
844.787109	11959.944336
843.619141	11733.523438
842.452148	11824.253906
841.283203	11780.277344
840.115234	11860.600586
838.947266	11758.647461
837.778320	11930.040039
836.609375	12004.066406
835.439453	11881.451172
834.269531	12046.496094
833.100586	12236.294922
831.929688	12035.112305
830.759766	12067.676758
829.588867	12371.050781
828.417969	12355.988281
827.247070	12188.013672
826.076172	12216.381836
824.904297	12405.852539
823.732422	12275.145508
822.560547	12179.593750
821.387695	12098.531250
820.215820	12087.672852
819.042969	11983.966797
817.869141	12214.496094
816.696289	12036.557617
815.522461	12000.973633
814.348633	12216.917969
813.174805	12138.025391
812.000000	11890.189453
810.825195	11970.038086
809.650391	12043.673828
808.475586	12018.426758
807.300781	12075.545898
806.125000	11949.436523
804.949219	12177.361328
803.772461	11827.005859
802.596680	11978.743164
801.419922	12097.506836
800.243164	12150.417969
799.065430	12267.037109
797.887695	12254.115234
796.710938	12173.386719
795.532227	12222.124023
794.354492	12320.136719
793.175781	12296.944336
791.997070	12259.388672
790.818359	12108.950195
789.639648	11946.260742
788.459961	12132.452148
787.280273	11930.850586
786.100586	11969.295898
784.919922	11985.167969
783.739258	11970.281250
782.558594	11984.094727
781.377930	11805.279297
780.196289	11911.314453
779.014648	11949.708984
777.833008	11758.727539
776.651367	11936.360352
775.468750	12021.802734
774.287109	12092.880859
773.103516	12180.296875
771.920898	12224.715820
770.737305	12146.403320
769.553711	12086.527344
768.370117	12490.733398
767.186523	12291.823242
766.001953	12495.553711
764.817383	12592.959961
763.632813	12586.153320
762.447266	12777.433594
761.262695	12774.671875
760.077148	13196.483398
758.890625	13126.285156
757.705078	13207.101563
756.518555	13634.664063
755.332031	13645.991211
754.145508	13936.658203
752.958008	14055.958984
751.770508	14423.858398
750.583008	14763.070313
749.395508	15112.321289
748.207031	15646.769531
747.018555	16370.367188
745.830078	16863.591797
744.640625	17611.037109
743.452148	18404.964844
742.262695	19220.927734
741.073242	20138.244141
739.882813	20591.472656
738.692383	21144.134766
737.501953	21928.300781
736.311523	22860.490234
735.120117	23215.197266
733.929688	23805.406250
732.738281	23871.337891
731.545898	23843.830078
730.354492	23562.556641
729.162109	22749.605469
727.969727	22499.128906
726.776367	21788.201172
725.583984	21609.033203
724.390625	20943.218750
723.196289	20474.367188
722.002930	19365.144531
720.808594	18783.339844
719.614258	17715.488281
718.419922	17306.484375
717.224609	16865.251953
716.030273	16217.666992
714.834961	16003.602539
713.638672	15698.547852
712.443359	15462.426758
711.247070	15505.605469
710.050781	15200.853516
708.853516	15207.666992
707.657227	15200.323242
706.459961	15116.167969
705.262695	15086.614258
704.064453	14954.025391
702.867188	15110.367188
701.668945	15046.497070
700.469727	14948.326172
699.271484	15433.626953
698.072266	15343.486328
696.873047	15511.676758
695.673828	15859.347656
694.473633	16214.935547
693.273438	16782.109375
692.073242	16887.335938
690.873047	17506.525391
689.671875	18302.787109
688.470703	19195.416016
687.269531	20001.035156
686.068359	20387.398438
684.866211	21293.082031
683.664063	21793.740234
682.461914	22012.406250
681.258789	22359.757813
680.055664	22290.519531
678.852539	21897.482422
677.649414	21844.458984
676.445313	21121.970703
675.242188	20528.437500
674.037109	20891.728516
672.833008	20368.820313
671.627930	19980.722656
670.422852	20092.855469
669.217773	20445.880859
668.012695	20634.140625
666.806641	20950.765625
665.600586	21568.230469
664.394531	22396.066406
663.187500	22918.677734
661.980469	23364.863281
660.773438	23598.345703
659.566406	23769.589844
658.358398	24004.882813
657.150391	24039.722656
655.942383	23365.470703
654.734375	22979.886719
653.525391	22820.712891
652.316406	21983.019531
651.107422	21259.765625
649.897461	20740.910156
648.688477	20212.279297
647.478516	19273.880859
646.267578	18563.837891
645.057617	17742.152344
643.846680	17244.609375
642.635742	16965.091797
641.423828	16310.107422
640.212891	16042.897461
639.000977	15646.001953
637.788086	15760.382813
636.576172	15736.984375
635.363281	15440.193359
634.150391	15590.454102
632.937500	15696.764648
631.723633	15956.589844
630.510742	15913.230469
629.295898	15971.553711
628.082031	16015.900391
626.867188	16008.418945
625.652344	16236.013672
624.437500	15983.504883
623.222656	16049.708984
622.006836	15803.321289
620.791016	15539.126953
619.575195	15175.546875
618.358398	14857.884766
617.141602	14898.399414
615.924805	14730.084961
614.708008	14337.172852
613.490234	14302.235352
612.272461	14169.930664
611.054688	13932.375977
609.836914	13726.708008
608.618164	13620.431641
607.399414	13565.828125
606.180664	13612.492188
604.960938	13450.735352
603.741211	13231.501953
602.521484	13335.739258
601.301758	13428.028320
600.081055	13397.329102
598.860352	13136.661133
597.639648	13341.914063
596.418945	13055.608398
595.197266	13320.226563
593.975586	13162.804688
592.753906	13231.219727
591.531250	13099.624023
590.308594	13059.145508
589.085938	13066.182617
587.863281	13239.425781
586.639648	13038.701172
585.416016	13029.913086
584.192383	13201.070313
582.967773	13293.073242
581.744141	13270.396484
580.519531	13334.676758
579.293945	13248.778320
578.069336	13619.193359
576.843750	13553.016602
575.618164	13759.329102
574.391602	13736.574219
573.166016	13848.027344
571.939453	13823.288086
570.711914	13879.437500
569.485352	14036.142578
568.257813	13808.284180
567.030273	14130.527344
565.802734	13750.986328
564.574219	13690.827148
563.345703	13711.464844
562.117188	13663.156250
560.888672	13579.423828
559.659180	13558.725586
558.429688	13532.131836
557.200195	13167.073242
555.969727	13486.844727
554.739258	13348.161133
553.508789	13496.658203
552.278320	13570.375977
551.046875	13349.202148
549.815430	13593.898438
548.583984	13520.178711
547.352539	13365.949219
546.120117	13698.857422
544.887695	13399.351563
543.655273	13506.343750
542.421875	13660.392578
541.188477	13298.296875
539.955078	13524.911133
538.721680	13470.942383
537.487305	13532.695313
536.252930	13663.038086
535.018555	14010.895508
533.783203	13807.928711
532.547852	13652.072266
531.312500	13927.223633
530.077148	14302.131836
528.840820	14210.878906
527.604492	14350.653320
526.368164	14617.577148
525.131836	15397.030273
523.894531	16637.812500
522.657227	17799.814453
521.419922	18450.951172
520.181641	17797.847656
518.943359	16435.542969
517.705078	15120.732422
516.465820	14683.693359
515.227539	14264.423828
513.988281	14550.297852
512.748047	14197.621094
511.508789	14110.562500
510.268555	14095.747070
509.028320	14028.257813
507.788086	13927.635742
506.546875	14049.382813
505.305664	13847.410156
504.064453	13739.094727
502.822266	13876.391602
501.580078	13968.810547
