1802.182617	13721.895508
1801.212891	14291.248047
1800.244141	14173.546875
1799.274414	14327.973633
1798.304688	14332.598633
1797.334961	14619.173828
1796.364258	14207.127930
1795.394531	14014.732422
1794.423828	13675.286133
1793.453125	13946.801758
1792.482422	14068.648438
1791.511719	14262.717773
1790.540039	14553.884766
1789.568359	14575.887695
1788.596680	14438.476563
1787.625000	14258.787109
1786.653320	14582.083984
1785.680664	14534.363281
1784.708984	14859.963867
1783.736328	14869.432617
1782.763672	15316.730469
1781.790039	15475.334961
1780.817383	15554.299805
1779.843750	15362.237305
1778.870117	15754.390625
1777.896484	15997.273438
1776.922852	15628.820313
1775.948242	16028.134766
1774.973633	15918.127930
1773.999023	15562.324219
1773.024414	15340.730469
1772.049805	15461.770508
1771.074219	15920.276367
1770.099609	16160.249023
1769.124023	16531.603516
1768.148438	17153.314453
1767.171875	17273.865234
1766.196289	17453.869141
1765.219727	17695.769531
1764.243164	17977.224609
1763.266602	18575.716797
1762.290039	18497.677734
1761.312500	18461.775391
1760.334961	18700.750000
1759.357422	19103.027344
1758.379883	19331.875000
1757.402344	19478.962891
1756.423828	19972.388672
1755.446289	20599.201172
1754.467773	20785.515625
1753.489258	20321.408203
1752.509766	20784.597656
1751.531250	20434.378906
1750.551758	19982.974609
1749.572266	20062.976563
1748.592773	20123.179688
1747.613281	20040.109375
1746.632813	20226.228516
1745.652344	19977.757813
1744.671875	19657.802734
1743.691406	19096.128906
1742.710938	18894.910156
1741.729492	18851.648438
1740.749023	18976.115234
1739.767578	18664.076172
1738.785156	18623.349609
1737.803711	18269.599609
1736.822266	18504.976563
1735.839844	18304.152344
1734.857422	17997.480469
1733.875000	17976.626953
1732.891602	18133.074219
1731.909180	18104.814453
1730.925781	18620.535156
1729.942383	18252.580078
1728.958984	18120.972656
1727.974609	17482.671875
1726.991211	17324.216797
1726.006836	17426.470703
1725.022461	17565.558594
1724.038086	18115.066406
1723.052734	18239.214844
1722.068359	18333.828125
1721.083008	18344.880859
1720.097656	17822.984375
1719.112305	17767.837891
1718.125977	17472.123047
1717.140625	17858.873047
1716.154297	17550.988281
1715.167969	17829.611328
1714.181641	17938.865234
1713.194336	17915.636719
1712.208008	18228.345703
1711.220703	18332.546875
1710.233398	18652.396484
1709.246094	18945.160156
1708.257813	19186.353516
1707.270508	18974.281250
1706.282227	18852.908203
1705.293945	18925.021484
1704.304688	19327.593750
1703.316406	19524.406250
1702.327148	19647.726563
1701.337891	20047.460938
1700.348633	20689.197266
1699.359375	20663.023438
1698.370117	21128.326172
1697.379883	20999.396484
1696.389648	21518.214844
1695.399414	21401.472656
1694.409180	21238.357422
1693.417969	21214.539063
1692.426758	21598.572266
1691.436523	21625.962891
1690.444336	22353.962891
1689.453125	22649.664063
1688.461914	22601.177734
1687.469727	22477.078125
1686.477539	22721.349609
1685.485352	22838.707031
1684.492188	23611.900391
1683.500000	23448.689453
1682.506836	23485.394531
1681.513672	23176.064453
1680.520508	23166.519531
1679.527344	23493.115234
1678.533203	23870.718750
1677.539063	23778.253906
1676.544922	24201.896484
1675.550781	24192.148438
1674.556641	24240.800781
1673.561523	24389.179688
1672.566406	24508.310547
1671.571289	24447.433594
1670.576172	24177.482422
1669.581055	24381.658203
1668.584961	24194.458984
1667.588867	23951.447266
1666.592773	23953.902344
1665.596680	24400.843750
1664.600586	24301.210938
1663.603516	24213.755859
1662.606445	24519.580078
1661.609375	24344.742188
1660.612305	24422.326172
1659.614258	23856.996094
1658.617188	23713.925781
1657.619141	24249.908203
1656.621094	24065.597656
1655.622070	24084.976563
1654.624023	24773.238281
1653.625000	24843.347656
1652.625977	24794.722656
1651.626953	24874.484375
1650.627930	24939.683594
1649.627930	24779.695313
1648.627930	25181.345703
1647.627930	25435.205078
1646.627930	25972.056641
1645.627930	26421.599609
1644.626953	26179.232422
1643.625977	25920.035156
1642.625000	26511.955078
1641.624023	26772.480469
1640.623047	26849.234375
1639.621094	26851.052734
1638.619141	26913.261719
1637.617188	27108.279297
1636.615234	27076.234375
1635.613281	27331.492188
1634.610352	27217.345703
1633.607422	27016.365234
1632.604492	27278.714844
1631.601563	26911.353516
1630.597656	27057.849609
1629.594727	26577.345703
1628.590820	26820.279297
1627.586914	26797.978516
1626.582031	27202.224609
1625.578125	27579.804688
1624.573242	27518.816406
1623.568359	27510.835938
1622.563477	27235.582031
1621.558594	27169.880859
1620.552734	27039.218750
1619.546875	26352.724609
1618.541016	26436.404297
1617.535156	25923.500000
1616.529297	26040.900391
1615.522461	26276.072266
1614.515625	25958.228516
1613.508789	25928.933594
1612.501953	26019.798828
1611.494141	26684.830078
1610.487305	26727.460938
1609.479492	27101.488281
1608.471680	27064.779297
1607.463867	27112.105469
1606.455078	27543.423828
1605.446289	27036.322266
1604.437500	26651.779297
1603.428711	27051.742188
1602.419922	27993.521484
1601.410156	27987.843750
1600.401367	28274.621094
1599.391602	28192.191406
1598.381836	27489.177734
1597.371094	27957.951172
1596.361328	27988.207031
1595.350586	28346.527344
1594.339844	28185.148438
1593.329102	28404.441406
1592.317383	28886.904297
1591.305664	29182.533203
1590.294922	29317.753906
1589.283203	29661.007813
1588.270508	29674.117188
1587.258789	29613.101563
1586.246094	29368.050781
1585.233398	29326.238281
1584.220703	29301.166016
1583.208008	29541.273438
1582.194336	29544.826172
1581.180664	29880.298828
1580.167969	30060.449219
1579.153320	30729.853516
1578.139648	30532.691406
1577.125000	30714.980469
1576.111328	29895.277344
1575.096680	30385.287109
1574.081055	30078.658203
1573.066406	30017.710938
1572.050781	30326.240234
1571.035156	30274.794922
1570.019531	30509.283203
1569.003906	30179.109375
1567.988281	30680.261719
1566.971680	30574.013672
1565.955078	30510.658203
1564.938477	30675.826172
1563.920898	30745.736328
1562.904297	30637.173828
1561.886719	30595.259766
1560.869141	31107.492188
1559.851563	30889.541016
1558.833984	31225.583984
1557.815430	31480.677734
1556.796875	31246.142578
1555.778320	31681.687500
1554.759766	31646.734375
1553.740234	32013.144531
1552.721680	32172.832031
1551.702148	32387.054688
1550.682617	32370.964844
1549.662109	32703.701172
1548.642578	33152.550781
1547.622070	32704.613281
1546.601563	32826.011719
1545.581055	33198.683594
1544.560547	33284.371094
1543.539063	33675.753906
1542.517578	33218.675781
1541.496094	33685.722656
1540.474609	33678.855469
1539.453125	34088.777344
1538.430664	34053.417969
1537.408203	34690.335938
1536.385742	35130.562500
1535.363281	35570.605469
1534.339844	35546.792969
1533.316406	35449.667969
1532.292969	35168.128906
1531.269531	35603.070313
1530.246094	35721.089844
1529.221680	35546.011719
1528.198242	35543.484375
1527.173828	35680.335938
1526.148438	35415.617188
1525.124023	35561.878906
1524.098633	35835.562500
1523.073242	35294.804688
1522.047852	35797.339844
1521.022461	35518.699219
1519.997070	35839.343750
1518.970703	35982.968750
1517.944336	35515.816406
1516.917969	35930.558594
1515.890625	36102.355469
1514.864258	36248.156250
1513.836914	36900.449219
1512.809570	37281.582031
1511.782227	37594.257813
1510.753906	38488.394531
1509.726563	39278.578125
1508.698242	39788.355469
1507.669922	41258.015625
1506.640625	42047.144531
1505.612305	42624.250000
1504.583008	43556.230469
1503.553711	45085.039063
1502.524414	45849.222656
1501.495117	46718.855469
1500.464844	48116.835938
1499.434570	48294.945313
1498.404297	49367.882813
1497.374023	49679.515625
1496.343750	50249.281250
1495.312500	50703.792969
1494.281250	50292.097656
1493.250000	49549.722656
1492.218750	49783.566406
1491.186523	48980.613281
1490.154297	48210.812500
1489.122070	47659.363281
1488.089844	46486.968750
1487.057617	44954.144531
1486.024414	44178.757813
1484.991211	43347.460938
1483.958008	42811.613281
1482.924805	41936.441406
1481.891602	41183.367188
1480.857422	40194.191406
1479.823242	39343.488281
1478.789063	39080.402344
1477.753906	38634.960938
1476.719727	38659.792969
1475.684570	38020.535156
1474.649414	38779.550781
1473.614258	38640.714844
1472.578125	38801.054688
1471.542969	39230.003906
1470.506836	39621.406250
1469.470703	39772.093750
1468.433594	40459.753906
1467.397461	40528.500000
1466.360352	41556.480469
1465.323242	42425.355469
1464.286133	42687.292969
1463.249023	43872.800781
1462.210938	44955.214844
1461.172852	45731.742188
1460.134766	46190.914063
1459.096680	47805.894531
1458.057617	48961.164063
1457.019531	50181.191406
1455.980469	50792.792969
1454.941406	52391.519531
1453.901367	53239.890625
1452.862305	54490.617188
1451.822266	54854.128906
1450.782227	56124.945313
1449.742188	56771.777344
1448.701172	57953.289063
1447.661133	59138.960938
1446.620117	60107.929688
1445.579102	61387.968750
1444.537109	61807.621094
1443.496094	62482.675781
1442.454102	62641.746094
1441.412109	62468.632813
1440.370117	62880.734375
1439.327148	62236.355469
1438.285156	61912.546875
1437.242188	60465.695313
1436.199219	59075.117188
1435.155273	57886.917969
1434.112305	56597.160156
1433.068359	55945.566406
1432.024414	54566.320313
1430.980469	52856.199219
1429.936523	52657.636719
1428.891602	51076.027344
1427.846680	50122.785156
1426.801758	48989.300781
1425.756836	48550.882813
1424.710938	48036.257813
1423.666016	46399.347656
1422.620117	45723.390625
1421.574219	45047.710938
1420.527344	44598.976563
1419.481445	43669.425781
1418.434570	42913.656250
1417.387695	42370.855469
1416.340820	41948.457031
1415.292969	41121.871094
1414.245117	40547.425781
1413.197266	40388.953125
1412.149414	40126.632813
1411.101563	39407.292969
1410.052734	39443.035156
1409.004883	39381.839844
1407.955078	38743.843750
1406.906250	38396.765625
1405.857422	38727.890625
1404.807617	38807.539063
1403.757813	38490.625000
1402.708008	38948.289063
1401.658203	38633.777344
1400.607422	38547.484375
1399.556641	38253.910156
1398.505859	38213.789063
1397.455078	38429.257813
1396.404297	37735.328125
1395.352539	37971.519531
1394.300781	37528.785156
1393.249023	37477.335938
1392.197266	37117.687500
1391.144531	36762.785156
1390.091797	36831.078125
1389.039063	36487.871094
1387.986328	36278.097656
1386.932617	36245.343750
1385.879883	36267.734375
1384.826172	35787.101563
1383.772461	36046.101563
1382.717773	36619.527344
1381.664063	36678.539063
1380.609375	37386.996094
1379.554688	37560.546875
1378.500000	38330.460938
1377.444336	38148.246094
1376.389648	38968.164063
1375.333984	38772.128906
1374.278320	38537.210938
1373.221680	38458.214844
1372.166016	38981.824219
1371.109375	38421.718750
1370.052734	38603.875000
1368.995117	38115.058594
1367.938477	37802.714844
1366.880859	38007.765625
1365.823242	37896.941406
1364.765625	37973.761719
1363.708008	38091.722656
1362.649414	38017.535156
1361.590820	39235.207031
1360.532227	39391.691406
1359.473633	39792.652344
1358.415039	40963.500000
1357.355469	41000.722656
1356.295898	41704.878906
1355.236328	42283.144531
1354.175781	43110.027344
1353.116211	43788.195313
1352.055664	44600.730469
1350.995117	44810.550781
1349.934570	45250.687500
1348.873047	46165.042969
1347.811523	46461.054688
1346.750000	46836.734375
1345.688477	47761.582031
1344.626953	48275.843750
1343.564453	48575.718750
1342.501953	48586.171875
1341.439453	49015.667969
1340.376953	49663.578125
1339.313477	50151.859375
1338.250977	50808.363281
1337.187500	51464.589844
1336.123047	51569.968750
1335.059570	52214.390625
1333.995117	52333.207031
1332.930664	52956.734375
1331.866211	52643.425781
1330.801758	52266.613281
1329.736328	52662.527344
1328.671875	52340.378906
1327.606445	52322.722656
1326.540039	51553.414063
1325.474609	50768.523438
1324.408203	50567.332031
1323.341797	49242.832031
1322.275391	49212.207031
1321.208984	48174.367188
1320.141602	47393.246094
1319.074219	47145.324219
1318.006836	46888.437500
1316.939453	46710.984375
1315.872070	45570.480469
1314.803711	45780.804688
1313.735352	46047.667969
1312.666992	46035.855469
1311.597656	46003.664063
1310.529297	45654.550781
1309.459961	46025.324219
1308.390625	46246.589844
1307.320313	46662.328125
1306.250977	46367.644531
1305.180664	46382.898438
1304.110352	46791.558594
1303.040039	46646.218750
1301.968750	46372.109375
1300.898438	45795.324219
1299.827148	45767.742188
1298.754883	45168.730469
1297.683594	44748.363281
1296.612305	44917.433594
1295.540039	44115.808594
1294.467773	43226.500000
1293.394531	42666.980469
1292.322266	42488.929688
1291.249023	42270.355469
1290.175781	41896.277344
1289.102539	41195.460938
1288.028320	41680.519531
1286.955078	41313.554688
1285.880859	41690.238281
1284.806641	41724.371094
1283.732422	42411.601563
1282.657227	42985.957031
1281.582031	43670.382813
1280.506836	44750.640625
1279.431641	46242.242188
1278.355469	47811.960938
1277.280273	49756.656250
1276.204102	52058.105469
1275.127930	54423.792969
1274.050781	56141.105469
1272.974609	58509.449219
1271.897461	60759.964844
1270.820313	63344.265625
1269.742188	64281.152344
1268.665039	65347.890625
1267.586914	65545.328125
1266.508789	64624.863281
1265.430664	63801.273438
1264.351563	62856.863281
1263.272461	60753.101563
1262.194336	57957.199219
1261.114258	55675.941406
1260.035156	53563.761719
1258.955078	51237.292969
1257.875977	49826.070313
1256.794922	47862.050781
1255.714844	46384.914063
1254.634766	44921.828125
1253.553711	44513.921875
1252.472656	43172.710938
1251.391602	41968.578125
1250.309570	41545.875000
1249.227539	40635.644531
1248.146484	40130.632813
1247.063477	38905.765625
1245.981445	38133.027344
1244.898438	37640.019531
1243.816406	37006.425781
1242.732422	36288.183594
1241.649414	35813.734375
1240.566406	35265.777344
1239.482422	34872.121094
1238.398438	34351.375000
1237.314453	33799.597656
1236.229492	33830.484375
1235.144531	33279.039063
1234.059570	33098.105469
1232.974609	32901.636719
1231.889648	32399.779297
1230.803711	32372.955078
1229.717773	32158.923828
1228.631836	31989.544922
1227.545898	31795.730469
1226.458984	31688.861328
1225.373047	31631.027344
1224.286133	31931.671875
1223.198242	31413.029297
1222.111328	31484.363281
1221.023438	31319.810547
1219.935547	31173.121094
1218.847656	30939.750000
1217.759766	30911.050781
1216.670898	31020.199219
1215.582031	30709.205078
1214.493164	30660.566406
1213.404297	30258.679688
1212.314453	30703.287109
1211.224609	30161.640625
1210.134766	30654.929688
1209.044922	30286.671875
1207.954102	30411.289063
1206.864258	30855.392578
1205.773438	30882.218750
1204.681641	30758.203125
1203.590820	30543.316406
1202.499023	30878.371094
1201.407227	30867.480469
1200.315430	30451.021484
1199.223633	30938.767578
1198.130859	30405.052734
1197.038086	30569.236328
1195.945313	30819.707031
1194.852539	30656.070313
1193.758789	30430.523438
1192.666016	30955.273438
1191.572266	30924.457031
1190.477539	30840.562500
1189.383789	31075.169922
1188.289063	31059.820313
1187.194336	30637.710938
1186.099609	30505.314453
1185.004883	30691.173828
1183.909180	30203.123047
1182.813477	29850.013672
1181.717773	29516.923828
1180.621094	29327.486328
1179.525391	29294.853516
1178.428711	29116.572266
1177.332031	28883.201172
1176.235352	28758.023438
1175.137695	28520.410156
1174.040039	28640.125000
1172.942383	28285.787109
1171.844727	28381.250000
1170.747070	28359.875000
1169.648438	28228.343750
1168.549805	28006.548828
1167.451172	28278.173828
1166.351563	27988.201172
1165.252930	27808.417969
1164.153320	28289.000000
1163.053711	28140.033203
1161.953125	28391.535156
1160.853516	28680.322266
1159.752930	28586.341797
1158.652344	29213.556641
1157.550781	29117.300781
1156.450195	29614.472656
1155.348633	29584.087891
1154.247070	30428.044922
1153.145508	30715.968750
1152.042969	31840.404297
1150.940430	32455.025391
1149.837891	34043.953125
1148.735352	35061.640625
1147.632813	36570.363281
1146.529297	38642.203125
1145.425781	40182.433594
1144.322266	41496.171875
1143.217773	42085.925781
1142.114258	42028.867188
1141.009766	41844.734375
1139.905273	41421.875000
1138.799805	40819.582031
1137.695313	39050.324219
1136.589844	37752.535156
1135.484375	36974.082031
1134.378906	35272.394531
1133.272461	34514.472656
1132.166016	33844.375000
1131.059570	33209.550781
1129.953125	32478.775391
1128.846680	32603.119141
1127.739258	32091.351563
1126.631836	32123.937500
1125.524414	32014.492188
1124.416016	31926.935547
1123.307617	32330.796875
1122.200195	31682.056641
1121.090820	31782.357422
1119.982422	31605.431641
1118.873047	31531.136719
1117.763672	31380.511719
1116.654297	31352.095703
1115.544922	31070.726563
1114.434570	31347.619141
1113.325195	31042.388672
1112.213867	31465.179688
1111.103516	31667.726563
1109.993164	31730.767578
1108.881836	31987.617188
1107.770508	32666.791016
1106.658203	33293.425781
1105.546875	33551.957031
1104.434570	34073.683594
1103.322266	34249.261719
1102.209961	34742.343750
1101.096680	34872.031250
1099.984375	34588.546875
1098.871094	34787.769531
1097.757813	34654.382813
1096.643555	34449.343750
1095.529297	33592.652344
1094.415039	33205.468750
1093.300781	32940.054688
1092.186523	32640.013672
1091.071289	32185.982422
1089.956055	31591.080078
1088.840820	31070.195313
1087.725586	31094.011719
1086.609375	30822.859375
1085.493164	30703.603516
1084.376953	30521.527344
1083.260742	30504.250000
1082.143555	30974.542969
1081.027344	30827.183594
1079.910156	30794.685547
1078.791992	30883.470703
1077.674805	31355.445313
1076.556641	31160.500000
1075.438477	30857.421875
1074.320313	30870.380859
1073.201172	30777.330078
1072.082031	30638.896484
1070.962891	30660.537109
1069.843750	30552.449219
1068.724609	30654.070313
1067.604492	30496.322266
1066.484375	30740.503906
1065.364258	31161.710938
1064.243164	31487.712891
1063.123047	31513.445313
1062.001953	31491.673828
1060.880859	31875.667969
1059.758789	32039.398438
1058.637695	31646.455078
1057.515625	31831.730469
1056.392578	31939.291016
1055.270508	31859.234375
1054.147461	31891.296875
1053.025391	31699.214844
1051.901367	31237.882813
1050.778320	30791.822266
1049.654297	30246.876953
1048.531250	30031.611328
1047.407227	29889.630859
1046.282227	29721.878906
1045.158203	29399.259766
1044.033203	29154.228516
1042.908203	28909.298828
1041.782227	28350.492188
1040.657227	28469.195313
1039.531250	28123.527344
1038.405273	28096.082031
1037.279297	27969.804688
1036.152344	27519.191406
1035.025391	27723.849609
1033.898438	27651.410156
1032.771484	27368.603516
1031.644531	27564.570313
1030.516602	27666.031250
1029.388672	28067.820313
1028.260742	28061.873047
1027.131836	27967.998047
1026.002930	27726.212891
1024.874023	27778.216797
1023.745117	27778.757813
1022.616211	27740.728516
1021.486328	27788.406250
1020.356445	28180.906250
1019.226563	28271.296875
1018.095703	28066.189453
1016.965820	28599.652344
1015.834961	28672.769531
1014.704102	28765.111328
1013.572266	29360.117188
1012.441406	29651.169922
1011.309570	29741.101563
1010.176758	30769.490234
1009.044922	30455.183594
1007.912109	31301.343750
1006.779297	31687.808594
1005.646484	32569.656250
1004.513672	33273.878906
1003.379883	34323.683594
1002.246094	34651.535156
1001.112305	34932.292969
999.978516	34570.675781
998.843750	33607.628906
997.708984	32772.957031
996.574219	32245.697266
995.439453	31315.728516
994.303711	31147.083984
993.167969	30562.962891
992.032227	30109.052734
990.896484	30000.410156
989.759766	30187.833984
988.623047	29674.667969
987.486328	29557.666016
986.349609	29681.210938
985.211914	29755.759766
984.075195	29396.287109
982.936523	29370.894531
981.798828	29026.539063
980.661133	29092.652344
979.522461	29071.585938
978.383789	29073.902344
977.244141	29112.337891
976.105469	29475.759766
974.965820	29399.406250
973.826172	29813.568359
972.685547	29747.785156
971.545898	29951.574219
970.405273	30170.128906
969.264648	30636.806641
968.124023	31107.525391
966.982422	31240.863281
965.840820	31244.814453
964.699219	31592.154297
963.557617	31839.738281
962.415039	31792.701172
961.273438	32107.921875
960.129883	31779.162109
958.987305	31545.826172
957.844727	31134.759766
956.701172	30903.773438
955.557617	30823.125000
954.413086	30439.972656
953.269531	30731.730469
952.125000	30272.625000
950.980469	30230.230469
949.835938	29982.808594
948.690430	30113.789063
947.544922	30069.335938
946.399414	29942.513672
945.253906	30126.214844
944.107422	29902.296875
942.961914	30641.154297
941.815430	30852.021484
940.667969	31140.875000
939.521484	31395.847656
938.374023	31619.068359
937.226563	32259.753906
936.078125	32615.523438
934.930664	32920.546875
933.782227	33655.378906
932.633789	33852.585938
931.485352	34873.402344
930.335938	35316.687500
929.186523	36250.414063
928.037109	36280.570313
926.887695	36982.160156
925.737305	37363.578125
924.587891	37401.886719
923.436523	37475.933594
922.286133	37758.152344
921.135742	37077.253906
919.984375	36655.210938
918.833008	36073.617188
917.680664	35700.292969
916.529297	34904.863281
915.376953	34055.160156
914.224609	33554.406250
913.071289	32944.691406
911.918945	32253.371094
910.765625	31982.058594
909.612305	31436.007813
908.458984	30982.484375
907.304688	30753.554688
906.150391	30482.787109
904.996094	30547.542969
903.841797	30335.615234
902.686523	29947.759766
901.531250	29960.208984
900.375977	30058.527344
899.220703	29664.691406
898.064453	29700.216797
896.908203	29476.171875
895.751953	29421.730469
894.595703	29492.849609
893.438477	29398.679688
892.281250	29643.353516
891.124023	29446.732422
889.966797	28903.171875
888.808594	28846.822266
887.650391	28642.132813
886.492188	28447.976563
885.333008	28153.642578
884.174805	27965.933594
883.015625	27824.236328
881.856445	27870.460938
880.696289	27609.886719
879.536133	27384.890625
878.376953	27379.023438
877.215820	26966.470703
876.055664	26902.306641
874.894531	27038.298828
873.733398	26817.828125
872.572266	26841.251953
871.410156	26870.914063
870.249023	27125.515625
869.086914	26984.339844
867.924805	27088.900391
866.761719	27334.958984
865.598633	27108.498047
864.435547	27556.267578
863.272461	27105.191406
862.109375	27413.421875
860.945313	27039.500000
859.781250	27224.955078
858.616211	27131.818359
857.452148	26670.917969
856.287109	26978.902344
855.122070	27062.425781
853.957031	27143.835938
852.791016	27075.722656
851.625000	27200.681641
850.458984	26810.910156
849.292969	26915.121094
848.125977	26506.902344
846.958984	26625.648438
845.791992	26920.591797
844.625000	26651.527344
843.457031	26318.324219
842.290039	26675.304688
841.121094	26197.214844
839.953125	26467.068359
838.784180	26635.332031
837.615234	26269.355469
836.446289	26425.167969
835.277344	26744.402344
834.107422	26471.742188
832.937500	26859.089844
831.767578	26526.541016
830.597656	26555.990234
829.426758	26409.703125
828.255859	26395.755859
827.084961	26338.417969
825.913086	26415.390625
824.742188	26717.470703
823.570313	26453.587891
822.397461	26305.435547
821.225586	25988.083984
820.052734	26395.240234
818.879883	26337.976563
817.707031	25998.125000
816.533203	26386.449219
815.359375	25999.304688
814.185547	25975.154297
813.011719	26571.396484
811.836914	26722.281250
810.662109	27649.792969
809.487305	27845.693359
808.312500	28216.546875
807.136719	28756.066406
805.961914	28762.222656
804.785156	29387.822266
803.609375	28965.871094
802.432617	28766.263672
801.255859	28786.800781
800.079102	28897.798828
798.902344	29613.140625
797.724609	29612.923828
796.546875	29643.527344
795.369141	30358.240234
794.190430	30479.041016
793.012695	30295.863281
791.833984	30539.808594
790.654297	30637.906250
789.475586	29822.728516
788.295898	29664.464844
787.116211	28964.716797
785.936523	28905.144531
784.755859	28435.507813
783.575195	28396.572266
782.394531	27636.208984
781.213867	27398.693359
780.032227	27321.076172
778.851563	27057.101563
777.668945	27186.416016
776.487305	27209.208984
775.304688	27037.535156
774.123047	26902.769531
772.939453	26956.294922
771.756836	26915.697266
770.573242	26648.107422
769.389648	26615.769531
768.206055	27231.472656
767.022461	27311.429688
765.837891	27540.515625
764.653320	27937.019531
763.468750	27720.607422
762.283203	28143.445313
761.097656	28419.103516
759.912109	28990.609375
758.726563	29084.337891
757.540039	29606.480469
756.353516	30012.126953
755.166992	30254.443359
753.980469	31314.273438
752.792969	31811.015625
751.605469	32670.314453
750.417969	34258.714844
749.230469	35530.660156
748.041992	36771.500000
746.853516	39685.648438
745.665039	45607.550781
744.476563	47305.406250
743.287109	49613.019531
742.097656	50247.234375
740.908203	52378.269531
739.717773	53906.417969
738.527344	54604.343750
737.336914	54494.945313
736.146484	53818.570313
734.955078	52480.078125
733.763672	51623.621094
732.572266	49965.277344
731.380859	48638.636719
730.188477	46853.750000
728.996094	45000.625000
727.803711	43978.269531
726.611328	42098.164063
725.417969	39902.437500
724.224609	38802.753906
723.031250	37817.085938
721.836914	37034.546875
720.643555	36742.789063
719.449219	36424.816406
718.253906	35928.710938
717.059570	35491.554688
715.864258	35674.195313
714.668945	35743.386719
713.473633	35379.410156
712.277344	35410.183594
711.081055	35293.253906
709.884766	34474.503906
708.687500	34363.890625
707.491211	34237.148438
706.293945	34629.945313
705.096680	34549.675781
703.898438	34281.535156
702.700195	34417.515625
701.501953	34494.867188
700.303711	33952.300781
699.105469	33781.410156
697.906250	33747.835938
696.707031	34989.558594
695.506836	35480.261719
694.307617	35896.117188
693.107422	36027.460938
691.907227	36483.335938
690.706055	37565.882813
689.505859	38148.179688
688.304688	39552.257813
687.102539	40921.472656
685.901367	41887.312500
684.699219	43031.925781
683.497070	45100.023438
682.294922	46529.226563
681.091797	48207.312500
679.889648	48917.027344
678.685547	49212.101563
677.482422	48895.750000
676.278320	48086.984375
675.075195	47572.023438
673.870117	45941.988281
672.666016	45124.335938
671.460938	44379.347656
670.255859	43704.968750
669.050781	42864.234375
667.845703	41919.480469
666.639648	41246.070313
665.433594	40697.347656
664.226563	40698.519531
663.020508	39993.714844
661.813477	40351.953125
660.606445	39593.398438
659.398438	39751.128906
658.191406	38914.882813
656.983398	38201.203125
655.775391	37798.292969
654.566406	37239.359375
653.358398	36708.695313
652.149414	36252.320313
650.939453	35952.238281
649.730469	35364.171875
648.520508	35012.402344
647.310547	34224.796875
646.099609	33363.554688
644.889648	32446.708984
643.678711	31828.056641
642.467773	31749.181641
641.255859	31162.912109
640.044922	31000.324219
638.833008	30360.552734
637.620117	29992.574219
636.408203	30209.583984
635.195313	30450.445313
633.982422	30152.511719
632.769531	29896.593750
631.555664	30562.138672
630.341797	30551.480469
629.127930	30465.078125
627.914063	30972.611328
626.699219	30830.359375
625.484375	31435.199219
624.269531	31476.136719
623.053711	31588.736328
621.838867	32009.857422
620.622070	32287.488281
619.406250	32477.437500
618.190430	32512.123047
616.973633	33280.750000
615.756836	33263.535156
614.539063	33172.761719
613.321289	33358.328125
612.104492	33758.433594
610.885742	33512.632813
609.667969	33264.949219
608.449219	32806.851563
607.230469	32867.191406
606.011719	32959.261719
604.791992	32481.679688
603.572266	31974.541016
602.352539	31644.183594
601.132813	31185.046875
599.912109	30482.205078
598.691406	30227.718750
597.470703	29531.335938
596.249023	29067.109375
595.028320	28321.748047
593.805664	28242.261719
592.583984	28137.062500
591.362305	27596.322266
590.139648	27047.898438
588.916992	26853.966797
587.693359	26869.853516
586.469727	26731.429688
585.246094	26816.554688
584.022461	27075.644531
582.798828	27269.382813
581.574219	27812.869141
580.349609	27982.644531
579.125000	28176.048828
577.899414	28578.736328
576.673828	28238.744141
575.448242	29241.427734
574.221680	29128.429688
572.996094	29528.574219
571.769531	29522.103516
570.541992	29523.521484
569.315430	29826.675781
568.087891	30285.460938
566.860352	30172.371094
565.632813	30234.736328
564.404297	30208.400391
563.175781	30319.974609
561.947266	30413.771484
560.717773	30286.984375
559.489258	30829.603516
558.259766	30580.744141
557.029297	30493.353516
555.799805	31002.119141
554.569336	30922.537109
553.338867	30852.822266
552.107422	30828.355469
550.876953	30931.666016
549.645508	31058.509766
548.413086	30477.970703
547.181641	30160.908203
545.949219	29360.855469
544.716797	29050.062500
543.484375	28340.902344
542.250977	28105.048828
541.017578	27855.560547
539.784180	27563.021484
538.550781	27853.128906
537.316406	27641.111328
536.082031	27093.943359
534.847656	26878.263672
533.612305	26784.171875
532.376953	26770.447266
531.141602	27156.316406
529.906250	26594.179688
528.669922	26549.173828
527.433594	26568.783203
526.197266	26850.625000
524.959961	27136.255859
523.722656	27173.322266
522.485352	27554.583984
521.248047	28127.298828
520.009766	28627.425781
518.771484	28329.914063
517.533203	27872.298828
516.294922	27997.054688
515.055664	27426.427734
513.816406	27420.390625
512.577148	27490.494141
511.336914	27347.810547
510.096680	27527.177734
508.856445	27989.363281
507.616211	28745.880859
506.375000	28704.447266
505.133789	28895.048828
503.892578	28867.240234
502.650391	29059.667969
