1802.182617	6837.224609
1801.212891	6892.162109
1800.244141	6825.872070
1799.274414	6767.097168
1798.304688	6878.049805
1797.334961	6899.132324
1796.364258	6850.354980
1795.394531	6913.834961
1794.423828	6875.048340
1793.453125	7053.182617
1792.482422	6864.822266
1791.511719	7047.871094
1790.540039	6802.277832
1789.568359	6918.003418
1788.596680	7016.247559
1787.625000	7047.217285
1786.653320	7068.215332
1785.680664	7228.599121
1784.708984	7164.936523
1783.736328	7161.015137
1782.763672	7308.844238
1781.790039	7364.587891
1780.817383	7343.221191
1779.843750	7085.673340
1778.870117	7302.997559
1777.896484	7435.737793
1776.922852	7205.656250
1775.948242	7422.825195
1774.973633	7411.404785
1773.999023	7526.632324
1773.024414	7577.263184
1772.049805	7583.192871
1771.074219	7417.880859
1770.099609	7572.713379
1769.124023	7754.770996
1768.148438	7837.546387
1767.171875	7813.659180
1766.196289	7730.279297
1765.219727	8031.138184
1764.243164	8230.267578
1763.266602	8228.619141
1762.290039	8298.811523
1761.312500	8693.429688
1760.334961	8743.689453
1759.357422	8932.572266
1758.379883	8935.732422
1757.402344	9208.641602
1756.423828	9199.373047
1755.446289	9588.387695
1754.467773	9544.419922
1753.489258	9708.183594
1752.509766	9535.648438
1751.531250	9489.244141
1750.551758	9450.271484
1749.572266	9505.205078
1748.592773	9520.591797
1747.613281	9335.915039
1746.632813	9319.226563
1745.652344	9240.824219
1744.671875	9236.501953
1743.691406	9118.660156
1742.710938	8909.574219
1741.729492	8974.391602
1740.749023	8854.205078
1739.767578	8886.950195
1738.785156	8616.442383
1737.803711	8779.859375
1736.822266	8962.924805
1735.839844	8773.871094
1734.857422	8715.451172
1733.875000	8693.999023
1732.891602	8812.910156
1731.909180	8756.978516
1730.925781	8767.527344
1729.942383	8682.095703
1728.958984	8564.711914
1727.974609	8656.468750
1726.991211	8819.511719
1726.006836	8517.750000
1725.022461	8484.079102
1724.038086	8767.496094
1723.052734	8588.797852
1722.068359	8783.627930
1721.083008	8661.496094
1720.097656	8748.169922
1719.112305	8906.017578
1718.125977	9039.251953
1717.140625	8953.981445
1716.154297	8984.083984
1715.167969	9183.464844
1714.181641	9179.165039
1713.194336	9145.436523
1712.208008	9361.827148
1711.220703	9619.806641
1710.233398	9586.007813
1709.246094	9811.980469
1708.257813	9957.009766
1707.270508	10067.686523
1706.282227	10038.720703
1705.293945	10144.438477
1704.304688	10600.187500
1703.316406	10695.958008
1702.327148	11217.483398
1701.337891	11305.750000
1700.348633	11582.331055
1699.359375	11638.693359
1698.370117	11959.107422
1697.379883	12467.627930
1696.389648	12550.662109
1695.399414	13137.053711
1694.409180	13537.529297
1693.417969	13686.248047
1692.426758	13978.994141
1691.436523	14239.879883
1690.444336	14244.334961
1689.453125	14578.281250
1688.461914	14541.180664
1687.469727	14799.299805
1686.477539	14784.122070
1685.485352	14703.102539
1684.492188	14829.366211
1683.500000	14816.625977
1682.506836	14738.084961
1681.513672	14532.862305
1680.520508	14661.491211
1679.527344	14334.576172
1678.533203	14409.615234
1677.539063	14134.011719
1676.544922	14240.705078
1675.550781	13855.723633
1674.556641	14198.461914
1673.561523	13976.642578
1672.566406	13779.235352
1671.571289	13491.928711
1670.576172	13477.049805
1669.581055	13542.394531
1668.584961	13228.573242
1667.588867	13461.602539
1666.592773	13320.410156
1665.596680	13295.861328
1664.600586	13264.036133
1663.603516	13108.399414
1662.606445	13115.462891
1661.609375	12916.231445
1660.612305	13010.681641
1659.614258	12978.943359
1658.617188	12918.110352
1657.619141	12803.952148
1656.621094	13021.995117
1655.622070	13007.245117
1654.624023	12742.876953
1653.625000	12960.798828
1652.625977	12890.348633
1651.626953	12953.139648
1650.627930	12906.934570
1649.627930	12763.903320
1648.627930	12778.267578
1647.627930	12693.402344
1646.627930	12690.835938
1645.627930	12625.374023
1644.626953	12574.449219
1643.625977	12862.083008
1642.625000	12612.881836
1641.624023	12656.257813
1640.623047	12798.699219
1639.621094	12535.162109
1638.619141	12711.388672
1637.617188	12341.706055
1636.615234	12508.239258
1635.613281	12498.466797
1634.610352	12360.768555
1633.607422	12563.393555
1632.604492	12625.996094
1631.601563	12483.529297
1630.597656	12546.121094
1629.594727	12396.492188
1628.590820	12350.587891
1627.586914	12596.351563
1626.582031	12087.736328
1625.578125	12287.673828
1624.573242	12350.224609
1623.568359	12477.776367
1622.563477	12272.987305
1621.558594	12277.723633
1620.552734	12491.858398
1619.546875	12455.638672
1618.541016	12638.372070
1617.535156	12448.187500
1616.529297	12565.913086
1615.522461	12659.545898
1614.515625	12815.643555
1613.508789	12654.416016
1612.501953	12834.479492
1611.494141	12774.217773
1610.487305	12704.372070
1609.479492	12831.480469
1608.471680	12982.546875
1607.463867	12855.084961
1606.455078	12785.275391
1605.446289	12881.066406
1604.437500	13036.795898
1603.428711	13341.176758
1602.419922	13177.794922
1601.410156	13237.460938
1600.401367	13630.309570
1599.391602	13615.560547
1598.381836	13950.662109
1597.371094	14113.135742
1596.361328	14206.081055
1595.350586	14399.566406
1594.339844	14901.831055
1593.329102	15040.039063
1592.317383	15448.630859
1591.305664	15770.915039
1590.294922	16014.121094
1589.283203	16209.390625
1588.270508	16557.626953
1587.258789	16628.380859
1586.246094	16586.757813
1585.233398	16571.439453
1584.220703	16783.119141
1583.208008	16423.763672
1582.194336	16434.757813
1581.180664	16529.324219
1580.167969	16387.492188
1579.153320	16045.213867
1578.139648	15967.971680
1577.125000	15986.201172
1576.111328	15722.930664
1575.096680	15633.874023
1574.081055	15480.469727
1573.066406	15625.134766
1572.050781	15509.929688
1571.035156	15490.094727
1570.019531	15472.649414
1569.003906	15526.674805
1567.988281	15564.004883
1566.971680	15715.614258
1565.955078	15533.867188
1564.938477	15659.238281
1563.920898	15839.289063
1562.904297	15845.583984
1561.886719	15709.151367
1560.869141	15760.654297
1559.851563	15740.802734
1558.833984	15652.017578
1557.815430	15396.891602
1556.796875	15384.251953
1555.778320	15224.315430
1554.759766	15534.762695
1553.740234	15118.374023
1552.721680	15385.974609
1551.702148	15128.834961
1550.682617	15308.506836
1549.662109	15181.997070
1548.642578	15463.598633
1547.622070	15313.386719
1546.601563	15312.639648
1545.581055	15266.841797
1544.560547	15583.750977
1543.539063	15777.288086
1542.517578	15724.312500
1541.496094	15849.038086
1540.474609	16260.309570
1539.453125	16349.351563
1538.430664	16421.783203
1537.408203	16569.931641
1536.385742	16168.957031
1535.363281	16369.151367
1534.339844	16212.043945
1533.316406	16279.694336
1532.292969	16543.587891
1531.269531	16258.869141
1530.246094	15950.628906
1529.221680	16013.546875
1528.198242	15681.852539
1527.173828	15539.277344
1526.148438	15580.981445
1525.124023	15351.113281
1524.098633	15520.324219
1523.073242	15408.579102
1522.047852	15311.038086
1521.022461	15362.179688
1519.997070	15323.660156
1518.970703	15176.666992
1517.944336	15171.209961
1516.917969	15212.905273
1515.890625	15464.356445
1514.864258	15369.293945
1513.836914	15516.942383
1512.809570	15447.817383
1511.782227	15689.591797
1510.753906	15787.634766
1509.726563	15949.198242
1508.698242	16579.070313
1507.669922	16469.791016
1506.640625	17172.230469
1505.612305	17333.375000
1504.583008	17710.812500
1503.553711	17937.615234
1502.524414	18342.980469
1501.495117	18564.857422
1500.464844	19395.242188
1499.434570	19353.687500
1498.404297	19222.892578
1497.374023	19453.798828
1496.343750	19487.386719
1495.312500	19100.775391
1494.281250	18937.279297
1493.250000	18576.746094
1492.218750	18605.791016
1491.186523	17994.505859
1490.154297	17925.164063
1489.122070	17443.214844
1488.089844	17111.480469
1487.057617	16976.740234
1486.024414	16760.044922
1484.991211	16318.548828
1483.958008	16343.314453
1482.924805	16061.313477
1481.891602	16058.025391
1480.857422	16192.837891
1479.823242	16418.863281
1478.789063	16141.752930
1477.753906	16695.187500
1476.719727	16951.371094
1475.684570	17467.000000
1474.649414	17559.271484
1473.614258	17920.298828
1472.578125	18369.976563
1471.542969	18887.222656
1470.506836	19493.021484
1469.470703	19790.294922
1468.433594	20491.390625
1467.397461	21533.027344
1466.360352	22268.484375
1465.323242	23283.660156
1464.286133	23887.804688
1463.249023	25037.517578
1462.210938	26182.091797
1461.172852	27065.058594
1460.134766	27791.476563
1459.096680	28065.453125
1458.057617	29287.687500
1457.019531	29726.648438
1455.980469	29830.023438
1454.941406	30278.003906
1453.901367	31426.599609
1452.862305	32241.851563
1451.822266	33014.878906
1450.782227	34108.683594
1449.742188	35341.617188
1448.701172	36590.324219
1447.661133	38947.722656
1446.620117	39930.136719
1445.579102	41669.902344
1444.537109	42913.953125
1443.496094	42909.789063
1442.454102	43010.160156
1441.412109	42817.847656
1440.370117	41267.222656
1439.327148	40065.468750
1438.285156	38037.894531
1437.242188	36368.527344
1436.199219	34131.414063
1435.155273	32512.244141
1434.112305	30865.906250
1433.068359	29287.486328
1432.024414	27781.578125
1430.980469	26950.750000
1429.936523	25733.279297
1428.891602	24467.654297
1427.846680	23825.638672
1426.801758	23202.410156
1425.756836	22148.779297
1424.710938	22053.945313
1423.666016	21068.099609
1422.620117	20635.687500
1421.574219	20344.574219
1420.527344	20111.404297
1419.481445	19894.517578
1418.434570	19818.751953
1417.387695	19553.468750
1416.340820	20196.548828
1415.292969	19771.863281
1414.245117	19945.673828
1413.197266	20299.566406
1412.149414	20646.384766
1411.101563	20699.851563
1410.052734	21115.689453
1409.004883	21002.876953
1407.955078	21450.781250
1406.906250	21550.169922
1405.857422	21861.699219
1404.807617	21776.494141
1403.757813	21629.074219
1402.708008	21636.144531
1401.658203	21537.207031
1400.607422	20965.998047
1399.556641	20959.375000
1398.505859	20303.304688
1397.455078	19891.574219
1396.404297	19677.988281
1395.352539	19317.187500
1394.300781	19069.289063
1393.249023	18761.675781
1392.197266	18401.283203
1391.144531	18197.416016
1390.091797	17862.578125
1389.039063	17585.345703
1387.986328	17671.353516
1386.932617	17476.992188
1385.879883	17266.628906
1384.826172	17405.472656
1383.772461	17197.505859
1382.717773	17345.488281
1381.664063	17397.000000
1380.609375	17657.330078
1379.554688	17763.820313
1378.500000	17989.556641
1377.444336	18031.714844
1376.389648	18718.203125
1375.333984	18751.019531
1374.278320	18806.744141
1373.221680	19093.900391
1372.166016	18934.160156
1371.109375	18996.679688
1370.052734	19187.425781
1368.995117	18970.517578
1367.938477	19415.298828
1366.880859	19232.761719
1365.823242	18967.919922
1364.765625	19314.044922
1363.708008	19191.111328
1362.649414	19095.669922
1361.590820	19388.960938
1360.532227	19586.119141
1359.473633	19915.753906
1358.415039	19971.048828
1357.355469	20583.748047
1356.295898	20558.937500
1355.236328	21274.021484
1354.175781	21835.839844
1353.116211	22780.910156
1352.055664	23077.449219
1350.995117	24320.773438
1349.934570	24933.960938
1348.873047	26123.925781
1347.811523	27479.861328
1346.750000	28577.613281
1345.688477	29442.414063
1344.626953	30685.150391
1343.564453	31599.281250
1342.501953	32774.992188
1341.439453	33640.480469
1340.376953	34578.472656
1339.313477	35083.535156
1338.250977	36760.554688
1337.187500	37387.832031
1336.123047	38478.972656
1335.059570	39244.386719
1333.995117	40437.023438
1332.930664	41404.066406
1331.866211	40859.011719
1330.801758	40725.546875
1329.736328	40224.027344
1328.671875	38745.828125
1327.606445	38413.000000
1326.540039	36822.242188
1325.474609	35572.703125
1324.408203	34151.164063
1323.341797	32793.757813
1322.275391	31287.156250
1321.208984	29862.843750
1320.141602	29065.105469
1319.074219	27784.699219
1318.006836	26797.279297
1316.939453	26075.464844
1315.872070	25179.451172
1314.803711	24995.240234
1313.735352	24824.695313
1312.666992	24701.779297
1311.597656	24696.656250
1310.529297	25076.384766
1309.459961	24690.939453
1308.390625	24880.425781
1307.320313	25022.320313
1306.250977	25489.876953
1305.180664	25509.462891
1304.110352	25639.830078
1303.040039	25376.808594
1301.968750	25025.750000
1300.898438	24760.701172
1299.827148	24784.931641
1298.754883	23977.960938
1297.683594	23842.007813
1296.612305	22958.802734
1295.540039	22626.732422
1294.467773	22055.580078
1293.394531	21536.558594
1292.322266	21132.800781
1291.249023	20742.740234
1290.175781	20267.154297
1289.102539	20208.837891
1288.028320	20229.433594
1286.955078	19878.189453
1285.880859	19743.382813
1284.806641	20063.650391
1283.732422	20181.093750
1282.657227	20363.785156
1281.582031	20237.988281
1280.506836	20652.412109
1279.431641	20353.337891
1278.355469	20857.552734
1277.280273	20907.197266
1276.204102	21080.507813
1275.127930	21076.123047
1274.050781	21078.484375
1272.974609	21152.759766
1271.897461	21242.730469
1270.820313	21984.146484
1269.742188	21781.921875
1268.665039	22055.839844
1267.586914	22753.962891
1266.508789	22823.298828
1265.430664	23177.613281
1264.351563	23367.990234
1263.272461	23616.609375
1262.194336	23149.687500
1261.114258	23039.480469
1260.035156	22720.828125
1258.955078	22095.242188
1257.875977	21409.412109
1256.794922	20437.093750
1255.714844	19713.812500
1254.634766	19369.304688
1253.553711	18483.095703
1252.472656	17503.236328
1251.391602	17342.923828
1250.309570	16636.699219
1249.227539	16335.690430
1248.146484	16372.546875
1247.063477	16067.244141
1245.981445	15737.475586
1244.898438	15767.724609
1243.816406	15590.121094
1242.732422	15484.090820
1241.649414	15451.821289
1240.566406	15131.453125
1239.482422	15327.031250
1238.398438	15326.067383
1237.314453	15070.651367
1236.229492	15170.160156
1235.144531	15133.529297
1234.059570	14927.384766
1232.974609	15220.881836
1231.889648	15144.125977
1230.803711	15033.962891
1229.717773	15088.773438
1228.631836	15085.624023
1227.545898	15151.538086
1226.458984	15050.371094
1225.373047	15490.384766
1224.286133	15117.560547
1223.198242	15272.449219
1222.111328	14868.666992
1221.023438	15177.069336
1219.935547	15278.455078
1218.847656	15364.228516
1217.759766	15387.704102
1216.670898	15191.071289
1215.582031	15274.583984
1214.493164	15244.725586
1213.404297	15190.439453
1212.314453	15331.651367
1211.224609	15403.957031
1210.134766	15429.603516
1209.044922	15395.298828
1207.954102	15274.448242
1206.864258	15297.883789
1205.773438	15390.083008
1204.681641	15573.184570
1203.590820	15518.922852
1202.499023	15777.302734
1201.407227	16044.439453
1200.315430	16023.353516
1199.223633	16117.496094
1198.130859	16304.640625
1197.038086	16504.994141
1195.945313	16570.187500
1194.852539	16491.447266
1193.758789	16585.388672
1192.666016	16528.806641
1191.572266	16401.445313
1190.477539	16194.501953
1189.383789	16376.886719
1188.289063	16145.710938
1187.194336	16182.123047
1186.099609	16108.008789
1185.004883	15711.300781
1183.909180	15816.265625
1182.813477	15715.764648
1181.717773	15303.926758
1180.621094	15159.416016
1179.525391	15021.586914
1178.428711	14961.058594
1177.332031	14779.196289
1176.235352	14654.767578
1175.137695	14464.221680
1174.040039	14379.600586
1172.942383	14264.149414
1171.844727	14239.118164
1170.747070	14348.523438
1169.648438	14367.547852
1168.549805	14071.561523
1167.451172	14009.148438
1166.351563	14026.027344
1165.252930	14221.214844
1164.153320	14383.304688
1163.053711	14474.909180
1161.953125	14412.471680
1160.853516	14842.765625
1159.752930	15114.541992
1158.652344	14788.167969
1157.550781	15121.388672
1156.450195	15239.090820
1155.348633	15121.634766
1154.247070	15197.545898
1153.145508	15157.018555
1152.042969	14824.453125
1150.940430	14843.294922
1149.837891	14638.241211
1148.735352	14683.447266
1147.632813	14605.766602
1146.529297	14986.576172
1145.425781	14689.549805
1144.322266	15037.291016
1143.217773	14996.865234
1142.114258	14984.947266
1141.009766	15010.286133
1139.905273	15248.123047
1138.799805	15420.147461
1137.695313	15305.221680
1136.589844	15144.365234
1135.484375	15103.969727
1134.378906	15059.212891
1133.272461	15058.235352
1132.166016	14908.500977
1131.059570	14977.541992
1129.953125	14965.645508
1128.846680	15329.784180
1127.739258	14930.937500
1126.631836	15050.173828
1125.524414	15044.823242
1124.416016	15094.083984
1123.307617	14986.080078
1122.200195	15144.503906
1121.090820	15239.551758
1119.982422	15384.758789
1118.873047	15254.959961
1117.763672	15613.899414
1116.654297	16101.375000
1115.544922	16196.118164
1114.434570	16960.156250
1113.325195	17327.150391
1112.213867	18304.201172
1111.103516	19431.181641
1109.993164	20838.701172
1108.881836	22511.337891
1107.770508	24026.488281
1106.658203	25623.726563
1105.546875	27198.523438
1104.434570	28574.630859
1103.322266	30067.640625
1102.209961	30357.132813
1101.096680	31325.021484
1099.984375	31468.445313
1098.871094	30787.927734
1097.757813	30251.134766
1096.643555	29538.562500
1095.529297	28511.281250
1094.415039	27369.316406
1093.300781	25528.597656
1092.186523	24303.066406
1091.071289	23062.857422
1089.956055	21449.902344
1088.840820	20566.646484
1087.725586	19460.330078
1086.609375	18363.154297
1085.493164	17548.324219
1084.376953	16536.558594
1083.260742	16123.426758
1082.143555	15938.000000
1081.027344	15258.687500
1079.910156	14846.083984
1078.791992	14814.796875
1077.674805	14766.202148
1076.556641	14693.815430
1075.438477	14645.264648
1074.320313	14581.586914
1073.201172	14632.589844
1072.082031	14692.222656
1070.962891	14909.683594
1069.843750	15148.670898
1068.724609	14974.713867
1067.604492	15103.373047
1066.484375	15285.990234
1065.364258	15811.986328
1064.243164	15970.619141
1063.123047	16204.755859
1062.001953	16311.426758
1060.880859	16476.324219
1059.758789	16429.685547
1058.637695	16577.228516
1057.515625	16653.529297
1056.392578	16496.900391
1055.270508	16301.527344
1054.147461	16339.035156
1053.025391	16124.380859
1051.901367	16133.898438
1050.778320	16022.777344
1049.654297	15972.005859
1048.531250	15828.664063
1047.407227	15896.357422
1046.282227	15479.742188
1045.158203	15616.339844
1044.033203	15535.583008
1042.908203	15287.082031
1041.782227	15288.147461
1040.657227	15467.667969
1039.531250	15397.754883
1038.405273	15362.256836
1037.279297	15195.702148
1036.152344	15413.754883
1035.025391	15466.333984
1033.898438	15359.985352
1032.771484	15363.172852
1031.644531	15557.390625
1030.516602	15436.065430
1029.388672	15630.184570
1028.260742	15603.276367
1027.131836	15765.106445
1026.002930	15583.799805
1024.874023	15670.532227
1023.745117	15474.318359
1022.616211	15914.597656
1021.486328	15626.291992
1020.356445	15781.479492
1019.226563	15555.422852
1018.095703	15382.987305
1016.965820	15396.848633
1015.834961	15494.166992
1014.704102	15512.277344
1013.572266	15391.333008
1012.441406	15467.200195
1011.309570	15397.632813
1010.176758	15026.662109
1009.044922	15132.479492
1007.912109	15152.773438
1006.779297	14880.365234
1005.646484	15409.070313
1004.513672	15239.227539
1003.379883	15227.452148
1002.246094	15484.644531
1001.112305	15669.165039
999.978516	15452.464844
998.843750	15103.592773
997.708984	14974.548828
996.574219	14751.734375
995.439453	14691.039063
994.303711	14719.890625
993.167969	14761.514648
992.032227	14613.500977
990.896484	14369.693359
989.759766	14500.808594
988.623047	14631.866211
987.486328	14430.783203
986.349609	14749.088867
985.211914	14492.740234
984.075195	14761.964844
982.936523	14767.333984
981.798828	14959.831055
980.661133	15267.051758
979.522461	15189.409180
978.383789	15220.180664
977.244141	15735.365234
976.105469	16067.645508
974.965820	16508.095703
973.826172	16423.898438
972.685547	16921.400391
971.545898	17091.839844
970.405273	17368.300781
969.264648	17587.363281
968.124023	17687.552734
966.982422	18063.376953
965.840820	18324.552734
964.699219	18040.849609
963.557617	18041.248047
962.415039	18136.990234
961.273438	18094.996094
960.129883	17637.912109
958.987305	17651.095703
957.844727	17617.697266
956.701172	17561.031250
955.557617	17129.835938
954.413086	16923.083984
953.269531	16411.830078
952.125000	16454.857422
950.980469	16201.864258
949.835938	16029.303711
948.690430	16338.669922
947.544922	16138.682617
946.399414	15852.167969
945.253906	16076.888672
944.107422	15847.520508
942.961914	16287.481445
941.815430	16256.569336
940.667969	16400.818359
939.521484	16464.833984
938.374023	17003.423828
937.226563	17598.722656
936.078125	17873.281250
934.930664	18347.982422
933.782227	19153.365234
932.633789	20101.683594
931.485352	20874.746094
930.335938	22270.910156
929.186523	23316.923828
928.037109	24248.802734
926.887695	24997.162109
925.737305	25711.527344
924.587891	25910.121094
923.436523	25877.242188
922.286133	25425.869141
921.135742	24812.787109
919.984375	23453.701172
918.833008	22536.552734
917.680664	21598.781250
916.529297	20604.687500
915.376953	19516.501953
914.224609	18649.269531
913.071289	17740.417969
911.918945	17587.595703
910.765625	16992.042969
909.612305	16713.558594
908.458984	16288.354492
907.304688	16299.552734
906.150391	16245.744141
904.996094	15976.038086
903.841797	15760.938477
902.686523	15749.185547
901.531250	15806.571289
900.375977	15518.334961
899.220703	15653.223633
898.064453	15670.811523
896.908203	15592.103516
895.751953	15829.431641
894.595703	15390.848633
893.438477	15398.013672
892.281250	15361.254883
891.124023	15351.694336
889.966797	15227.159180
888.808594	15297.050781
887.650391	15304.222656
886.492188	15142.169922
885.333008	15092.975586
884.174805	14997.860352
883.015625	15291.116211
881.856445	15173.036133
880.696289	14946.485352
879.536133	15222.870117
878.376953	15027.694336
877.215820	15128.752930
876.055664	14996.232422
874.894531	14988.849609
873.733398	14889.761719
872.572266	14807.385742
871.410156	15120.878906
870.249023	15282.185547
869.086914	15201.858398
867.924805	15127.810547
866.761719	15149.544922
865.598633	15106.754883
864.435547	14918.335938
863.272461	14800.723633
862.109375	15467.234375
860.945313	15033.496094
859.781250	15138.372070
858.616211	15205.790039
857.452148	15196.292969
856.287109	15203.418945
855.122070	15227.158203
853.957031	15279.958984
852.791016	15064.906250
851.625000	14928.823242
850.458984	15178.805664
849.292969	14978.434570
848.125977	15068.566406
846.958984	15200.138672
845.791992	14977.080078
844.625000	15025.689453
843.457031	15144.747070
842.290039	14884.541992
841.121094	15053.298828
839.953125	15219.910156
838.784180	14972.279297
837.615234	15207.158203
836.446289	15189.399414
835.277344	15169.578125
834.107422	15224.251953
832.937500	15245.801758
831.767578	15254.933594
830.597656	15160.671875
829.426758	15368.276367
828.255859	15193.421875
827.084961	15378.197266
825.913086	15298.449219
824.742188	15379.843750
823.570313	15370.339844
822.397461	15373.226563
821.225586	15617.621094
820.052734	15370.738281
818.879883	15501.544922
817.707031	15279.545898
816.533203	15544.370117
815.359375	15439.987305
814.185547	15737.645508
813.011719	15804.333008
811.836914	15469.167969
810.662109	15764.564453
809.487305	15703.496094
808.312500	16095.500000
807.136719	16011.737305
805.961914	16175.019531
804.785156	16227.099609
803.609375	16412.896484
802.432617	16014.399414
801.255859	16017.118164
800.079102	16063.014648
798.902344	16168.507813
797.724609	16456.876953
796.546875	16377.298828
795.369141	16429.238281
794.190430	16534.556641
793.012695	16354.386719
791.833984	16523.320313
790.654297	16638.810547
789.475586	16411.529297
788.295898	16360.798828
787.116211	16521.375000
785.936523	16474.742188
784.755859	16514.248047
783.575195	16184.734375
782.394531	16255.025391
781.213867	16425.691406
780.032227	16141.478516
778.851563	16414.505859
777.668945	16376.149414
776.487305	16403.324219
775.304688	16567.628906
774.123047	16193.641602
772.939453	16415.207031
771.756836	16575.306641
770.573242	16731.248047
769.389648	16705.142578
768.206055	16715.843750
767.022461	17212.964844
765.837891	17017.169922
764.653320	17520.138672
763.468750	17865.617188
762.283203	17937.310547
761.097656	18190.675781
759.912109	18523.535156
758.726563	19184.806641
757.540039	19419.371094
756.353516	19439.650391
755.166992	20281.794922
753.980469	21406.990234
752.792969	22046.531250
751.605469	23282.949219
750.417969	24575.884766
749.230469	26774.810547
748.041992	29873.025391
746.853516	33006.550781
745.665039	37260.484375
744.476563	42493.652344
743.287109	48074.566406
742.097656	53978.593750
740.908203	58358.546875
739.717773	62815.914063
738.527344	63822.996094
737.336914	63189.175781
736.146484	61153.308594
734.955078	57576.101563
733.763672	54873.968750
732.572266	51876.476563
731.380859	49718.906250
730.188477	47891.156250
728.996094	47174.441406
727.803711	46766.484375
726.611328	46656.937500
725.417969	46652.910156
724.224609	46669.164063
723.031250	45276.289063
721.836914	43804.957031
720.643555	41031.136719
719.449219	38684.019531
718.253906	35825.398438
717.059570	32998.398438
715.864258	30857.025391
714.668945	29293.544922
713.473633	27724.667969
712.277344	26435.718750
711.081055	25238.369141
709.884766	24577.546875
708.687500	23817.917969
707.491211	22937.310547
706.293945	22285.498047
705.096680	22040.171875
703.898438	21556.533203
702.700195	21210.466797
701.501953	21005.919922
700.303711	20965.015625
699.105469	20593.054688
697.906250	20620.875000
696.707031	20495.326172
695.506836	20468.681641
694.307617	20692.154297
693.107422	20719.923828
691.907227	21140.820313
690.706055	21444.623047
689.505859	22024.378906
688.304688	22317.779297
687.102539	23058.238281
685.901367	23889.000000
684.699219	24439.525391
683.497070	25593.720703
682.294922	26012.814453
681.091797	26484.041016
679.889648	26806.191406
678.685547	26277.429688
677.482422	26416.494141
676.278320	25871.958984
675.075195	25371.878906
673.870117	25145.310547
672.666016	24792.265625
671.460938	24447.408203
670.255859	24401.923828
669.050781	24075.367188
667.845703	24487.656250
666.639648	25032.220703
665.433594	25797.259766
664.226563	26228.958984
663.020508	27472.740234
661.813477	28136.482422
660.606445	28900.171875
659.398438	29491.158203
658.191406	29839.417969
656.983398	30057.300781
655.775391	29810.396484
654.566406	29375.357422
653.358398	28958.525391
652.149414	27967.390625
650.939453	27278.875000
649.730469	26444.597656
648.520508	25888.734375
647.310547	25045.121094
646.099609	24219.869141
644.889648	23588.882813
643.678711	22858.240234
642.467773	22545.535156
641.255859	21993.236328
640.044922	21616.939453
638.833008	21334.658203
637.620117	20998.595703
636.408203	20894.214844
635.195313	20716.041016
633.982422	20875.123047
632.769531	21000.222656
631.555664	21482.242188
630.341797	21892.271484
629.127930	22591.162109
627.914063	23010.730469
626.699219	23444.064453
625.484375	23648.115234
624.269531	23868.009766
623.053711	23456.587891
621.838867	23126.968750
620.622070	22705.933594
619.406250	21845.310547
618.190430	21597.822266
616.973633	20950.640625
615.756836	20548.341797
614.539063	20072.654297
613.321289	19793.958984
612.104492	19382.234375
610.885742	19397.867188
609.667969	19109.566406
608.449219	18910.759766
607.230469	18690.199219
606.011719	18545.167969
604.791992	18761.416016
603.572266	18449.751953
602.352539	18640.132813
601.132813	18348.462891
599.912109	18334.535156
598.691406	18637.816406
597.470703	18588.150391
596.249023	18425.550781
595.028320	18393.781250
593.805664	18385.794922
592.583984	18320.380859
591.362305	18173.816406
590.139648	18532.085938
588.916992	18349.914063
587.693359	18320.173828
586.469727	18476.396484
585.246094	18450.595703
584.022461	18499.943359
582.798828	18687.652344
581.574219	18902.947266
580.349609	19017.369141
579.125000	19277.933594
577.899414	19028.789063
576.673828	19366.250000
575.448242	19669.998047
574.221680	19766.355469
572.996094	20107.375000
571.769531	20475.867188
570.541992	20473.351563
569.315430	20652.271484
568.087891	21024.339844
566.860352	21061.126953
565.632813	21210.236328
564.404297	21231.199219
563.175781	21196.994141
561.947266	20705.865234
560.717773	20652.095703
559.489258	20454.634766
558.259766	20168.687500
557.029297	19593.593750
555.799805	20010.314453
554.569336	19691.210938
553.338867	19505.968750
552.107422	19470.230469
550.876953	19440.402344
549.645508	19286.777344
548.413086	19437.761719
547.181641	19240.986328
545.949219	19230.869141
544.716797	19065.638672
543.484375	19271.500000
542.250977	19145.582031
541.017578	18970.664063
539.784180	18988.076172
538.550781	19325.179688
537.316406	19238.574219
536.082031	19146.125000
534.847656	19251.679688
533.612305	19331.712891
532.376953	19254.974609
531.141602	19162.595703
529.906250	19348.341797
528.669922	19269.687500
527.433594	19177.365234
526.197266	19380.593750
524.959961	19317.632813
523.722656	19777.000000
522.485352	20204.869141
521.248047	21103.783203
520.009766	21793.126953
518.771484	22271.083984
517.533203	21803.078125
516.294922	20905.484375
515.055664	20432.121094
513.816406	19882.810547
512.577148	19784.722656
511.336914	19509.054688
510.096680	19537.935547
508.856445	19283.902344
507.616211	19174.324219
506.375000	19349.515625
505.133789	19579.222656
503.892578	19212.339844
502.650391	19562.802734
