1802.291016	4917.021973
1801.322266	5114.302246
1800.353516	4936.013672
1799.383789	4984.952148
1798.414063	5071.306641
1797.444336	5030.369629
1796.473633	5076.764648
1795.503906	5168.036621
1794.533203	5142.066406
1793.562500	5088.681152
1792.591797	4958.041992
1791.621094	5046.771484
1790.649414	5028.320313
1789.678711	4997.420410
1788.707031	5155.828613
1787.735352	5124.915039
1786.762695	5126.379883
1785.791016	4993.424805
1784.818359	5186.548340
1783.845703	5192.976074
1782.873047	5204.375977
1781.900391	5240.643555
1780.926758	5184.886719
1779.953125	5285.786133
1778.980469	5160.440430
1778.005859	5323.435547
1777.032227	5242.857422
1776.058594	5162.312012
1775.083984	5220.889160
1774.109375	5140.379395
1773.134766	5208.868164
1772.160156	5297.187988
1771.184570	5315.981445
1770.208984	5163.558594
1769.233398	5214.621582
1768.257813	5320.229980
1767.282227	5428.275391
1766.306641	5456.939941
1765.330078	5354.216309
1764.353516	5276.316406
1763.376953	5443.750488
1762.399414	5336.135254
1761.422852	5510.920410
1760.445313	5579.153320
1759.467773	5377.493652
1758.490234	5661.078613
1757.512695	5452.058105
1756.534180	5493.029297
1755.556641	5719.521484
1754.578125	5829.675781
1753.599609	5628.206055
1752.620117	5570.213867
1751.641602	5655.611816
1750.662109	5671.777344
1749.682617	5547.096680
1748.703125	5800.432617
1747.723633	5663.426270
1746.743164	5691.922852
1745.763672	5601.901367
1744.783203	5795.780273
1743.801758	5574.975098
1742.821289	5650.345703
1741.840820	5587.539551
1740.859375	5680.141602
1739.877930	5535.979004
1738.896484	5601.434082
1737.914063	5647.143555
1736.932617	5690.369629
1735.950195	5809.959961
1734.967773	5771.842285
1733.985352	5723.887207
1733.002930	5643.939453
1732.019531	5706.817383
1731.036133	5732.747070
1730.053711	5719.291016
1729.069336	5796.877441
1728.085938	5734.213867
1727.101563	5799.467773
1726.118164	5744.205078
1725.133789	5838.932129
1724.149414	5859.881348
1723.164063	5802.181152
1722.179688	5879.639648
1721.194336	5927.588379
1720.208984	5987.797852
1719.223633	5930.116699
1718.237305	5879.823730
1717.251953	5930.187500
1716.265625	5936.357422
1715.279297	6146.169922
1714.292969	5880.002930
1713.305664	5976.923340
1712.319336	5956.104492
1711.332031	6087.292480
1710.344727	6159.601074
1709.357422	6207.374023
1708.369141	6184.074219
1707.381836	6290.613281
1706.393555	6421.600098
1705.405273	6354.194824
1704.416992	6465.530762
1703.427734	6540.106445
1702.438477	6548.578613
1701.450195	6605.980469
1700.460938	6824.805664
1699.470703	6940.824219
1698.481445	6927.201172
1697.491211	6825.574219
1696.500977	6990.405273
1695.510742	7091.633301
1694.520508	7302.764648
1693.530273	7340.377441
1692.539063	7619.755371
1691.547852	7403.347168
1690.556641	7746.071777
1689.565430	7639.558594
1688.573242	7681.944336
1687.581055	7687.715820
1686.589844	7527.613281
1685.596680	7987.026855
1684.604492	7856.187500
1683.612305	7888.733398
1682.619141	7801.837402
1681.625977	7924.542480
1680.632813	7847.418457
1679.638672	7775.197266
1678.645508	8000.116699
1677.651367	7949.806641
1676.657227	8035.840332
1675.663086	7880.885742
1674.668945	7762.493652
1673.673828	7899.602539
1672.678711	7842.063965
1671.683594	7806.435059
1670.688477	7821.879883
1669.693359	7652.567871
1668.697266	7945.106445
1667.701172	7887.614258
1666.705078	7718.390137
1665.708984	7714.403320
1664.712891	7647.276855
1663.715820	7771.988770
1662.718750	7799.549805
1661.721680	7856.223145
1660.724609	7672.647949
1659.726563	7561.927246
1658.729492	7747.166504
1657.731445	7738.327148
1656.733398	7600.988770
1655.735352	7565.516602
1654.736328	7500.975098
1653.737305	7550.344727
1652.738281	7728.091797
1651.739258	7564.248535
1650.740234	7802.460449
1649.741211	7566.034180
1648.741211	7634.703613
1647.741211	7541.194824
1646.741211	7597.742188
1645.740234	7651.847656
1644.740234	7444.712402
1643.739258	7559.280762
1642.738281	7586.764648
1641.737305	7534.468750
1640.736328	7566.779297
1639.734375	7487.929688
1638.732422	7479.167969
1637.730469	7649.138672
1636.728516	7500.290039
1635.725586	7667.772949
1634.723633	7504.497070
1633.720703	7457.125488
1632.717773	7474.919434
1631.714844	7278.007813
1630.710938	7551.484863
1629.708008	7583.715820
1628.704102	7601.467285
1627.700195	7423.971191
1626.695313	7576.701172
1625.691406	7392.052246
1624.686523	7576.042480
1623.681641	7591.367188
1622.676758	7452.577148
1621.671875	7646.071777
1620.666016	7622.860352
1619.660156	7727.201172
1618.654297	7487.442871
1617.648438	7685.583008
1616.642578	7614.280273
1615.635742	7689.682617
1614.628906	7837.174805
1613.622070	7638.495117
1612.615234	7677.799316
1611.608398	7769.943848
1610.600586	7777.977051
1609.592773	7730.770020
1608.584961	7916.490234
1607.577148	7898.080566
1606.569336	7685.266113
1605.560547	7988.464844
1604.551758	7902.873535
1603.542969	7942.048340
1602.534180	8115.506348
1601.524414	7969.997559
1600.514648	8040.297363
1599.504883	8187.264160
1598.495117	8032.242676
1597.485352	8377.999023
1596.474609	8400.251953
1595.464844	8554.208984
1594.454102	8650.639648
1593.442383	8682.397461
1592.431641	8692.601563
1591.419922	8896.623047
1590.409180	9107.737305
1589.397461	9122.630859
1588.384766	9264.262695
1587.373047	9087.844727
1586.360352	9384.802734
1585.347656	9284.909180
1584.334961	9328.422852
1583.322266	9137.799805
1582.308594	9193.266602
1581.295898	9274.978516
1580.282227	9089.255859
1579.268555	9156.632813
1578.253906	9104.655273
1577.240234	9124.279297
1576.225586	9215.461914
1575.210938	9142.037109
1574.196289	8927.949219
1573.180664	9221.764648
1572.166016	9281.864258
1571.150391	9029.746094
1570.134766	9313.830078
1569.118164	9142.801758
1568.102539	9038.529297
1567.085938	9110.508789
1566.069336	9303.875000
1565.052734	9159.167969
1564.036133	9107.330078
1563.018555	9093.581055
1562.001953	9260.625000
1560.984375	9273.010742
1559.966797	9218.811523
1558.948242	9333.424805
1557.930664	9205.551758
1556.912109	9362.895508
1555.893555	9593.826172
1554.875000	9394.714844
1553.855469	9499.673828
1552.836914	9545.227539
1551.817383	9583.641602
1550.797852	9603.050781
1549.777344	9593.976563
1548.757813	9696.413086
1547.737305	9628.021484
1546.716797	9524.083984
1545.696289	9718.941406
1544.675781	9837.860352
1543.654297	9778.973633
1542.632813	9580.303711
1541.611328	9606.781250
1540.589844	9583.505859
1539.568359	9602.866211
1538.545898	9683.777344
1537.523438	9833.303711
1536.500977	9604.094727
1535.478516	9533.516602
1534.455078	9564.693359
1533.432617	9465.767578
1532.409180	9558.427734
1531.385742	9383.884766
1530.361328	9471.795898
1529.337891	9332.791016
1528.313477	9293.082031
1527.289063	9392.767578
1526.264648	9183.005859
1525.239258	9133.904297
1524.214844	9332.718750
1523.189453	9250.558594
1522.164063	9319.469727
1521.138672	9388.351563
1520.112305	9310.948242
1519.085938	9266.593750
1518.060547	9337.801758
1517.033203	9321.750000
1516.006836	9449.485352
1514.980469	9544.175781
1513.953125	9436.202148
1512.925781	9625.080078
1511.898438	9731.451172
1510.870117	9910.772461
1509.842773	10106.499023
1508.814453	10332.743164
1507.786133	10436.527344
1506.756836	10582.617188
1505.728516	10601.625000
1504.699219	10975.743164
1503.669922	10799.503906
1502.640625	11032.377930
1501.611328	11135.887695
1500.581055	10980.871094
1499.550781	11035.010742
1498.520508	10990.474609
1497.490234	10809.748047
1496.459961	10894.411133
1495.428711	10810.022461
1494.397461	10481.583008
1493.366211	10486.478516
1492.334961	10306.036133
1491.302734	10207.760742
1490.271484	10290.094727
1489.239258	9945.681641
1488.207031	10011.625000
1487.173828	9981.453125
1486.141602	9841.166016
1485.108398	9780.584961
1484.075195	9713.001953
1483.041016	9900.691406
1482.007813	9903.347656
1480.973633	9959.837891
1479.939453	9969.500000
1478.905273	10068.069336
1477.871094	9977.114258
1476.835938	10410.091797
1475.801758	10379.899414
1474.766602	10464.274414
1473.731445	10854.811523
1472.695313	10939.053711
1471.660156	11305.967773
1470.624023	11453.151367
1469.587891	11999.640625
1468.550781	12340.424805
1467.514648	12583.019531
1466.477539	12858.190430
1465.440430	13366.603516
1464.403320	14124.446289
1463.366211	14422.456055
1462.328125	14993.201172
1461.290039	16002.059570
1460.251953	16572.244141
1459.213867	17226.099609
1458.175781	18303.783203
1457.136719	19290.164063
1456.097656	19959.361328
1455.058594	20532.802734
1454.019531	21222.423828
1452.979492	21327.476563
1451.939453	21895.626953
1450.899414	22382.101563
1449.859375	22652.021484
1448.819336	23640.535156
1447.778320	23805.439453
1446.737305	24293.443359
1445.696289	24490.687500
1444.655273	24078.958984
1443.613281	23042.371094
1442.571289	22477.785156
1441.530273	21467.498047
1440.487305	20455.302734
1439.445313	19195.107422
1438.402344	18160.580078
1437.359375	17205.378906
1436.316406	16426.902344
1435.273438	15600.031250
1434.230469	14972.953125
1433.186523	14436.563477
1432.142578	14060.354492
1431.098633	13804.824219
1430.054688	13482.196289
1429.009766	13027.639648
1427.964844	13163.943359
1426.919922	13091.760742
1425.875000	12688.500977
1424.829102	12435.878906
1423.784180	12491.183594
1422.738281	12416.880859
1421.692383	12442.088867
1420.645508	12515.860352
1419.599609	12467.035156
1418.552734	12617.068359
1417.505859	12693.067383
1416.458984	12403.875000
1415.411133	12653.184570
1414.364258	12484.248047
1413.316406	12449.342773
1412.268555	12481.418945
1411.219727	12395.734375
1410.171875	12273.152344
1409.123047	12328.321289
1408.074219	12219.645508
1407.025391	12087.945313
1405.975586	12136.197266
1404.925781	11889.271484
1403.876953	11736.969727
1402.827148	11725.332031
1401.776367	11381.853516
1400.726563	11416.373047
1399.675781	10974.045898
1398.625000	11158.333008
1397.574219	10766.896484
1396.522461	10769.282227
1395.471680	10714.125977
1394.419922	10509.415039
1393.368164	10452.032227
1392.315430	10396.973633
1391.263672	10482.219727
1390.210938	10339.803711
1389.158203	10392.842773
1388.105469	10335.541016
1387.051758	10508.045898
1385.999023	10273.843750
1384.945313	10512.899414
1383.891602	10336.203125
1382.836914	10673.871094
1381.783203	10648.714844
1380.728516	10612.092773
1379.673828	10788.876953
1378.619141	10899.059570
1377.563477	10931.213867
1376.508789	11013.803711
1375.453125	10970.262695
1374.397461	11126.157227
1373.340820	11240.737305
1372.285156	11135.311523
1371.228516	11116.977539
1370.171875	11510.899414
1369.115234	11508.522461
1368.057617	11616.033203
1367.000977	11460.281250
1365.943359	11581.487305
1364.885742	11464.699219
1363.827148	11663.625000
1362.769531	11757.268555
1361.710938	11795.996094
1360.652344	12019.874023
1359.593750	11811.691406
1358.534180	12519.908203
1357.475586	12099.238281
1356.416016	12654.065430
1355.355469	13064.791016
1354.295898	13283.558594
1353.236328	13801.270508
1352.175781	14293.663086
1351.115234	14404.795898
1350.053711	14967.579102
1348.993164	15370.469727
1347.931641	15754.951172
1346.870117	16184.869141
1345.808594	16259.021484
1344.747070	16925.666016
1343.684570	16749.000000
1342.622070	17002.947266
1341.559570	17227.181641
1340.497070	17421.720703
1339.433594	18146.621094
1338.371094	18456.968750
1337.307617	18858.210938
1336.244141	19316.166016
1335.179688	19935.433594
1334.116211	20533.976563
1333.051758	20954.916016
1331.987305	21323.396484
1330.921875	21764.451172
1329.857422	21828.113281
1328.791992	22043.964844
1327.726563	21601.017578
1326.661133	21458.015625
1325.594727	20860.980469
1324.529297	20436.710938
1323.462891	19792.472656
1322.396484	19207.494141
1321.329102	18649.980469
1320.262695	18178.884766
1319.195313	17506.164063
1318.127930	16972.017578
1317.060547	16623.960938
1315.992188	16165.002930
1314.923828	16395.023438
1313.855469	15913.649414
1312.787109	15799.373047
1311.718750	15601.362305
1310.649414	15774.708984
1309.580078	15685.426758
1308.510742	15836.053711
1307.441406	15624.621094
1306.372070	16017.229492
1305.301758	15679.199219
1304.231445	15992.494141
1303.161133	16009.520508
1302.089844	15798.266602
1301.019531	16025.472656
1299.948242	15719.415039
1298.875977	15634.837891
1297.804688	15448.673828
1296.733398	15339.350586
1295.661133	15090.118164
1294.588867	15150.176758
1293.515625	14605.500977
1292.443359	14458.088867
1291.370117	14292.694336
1290.296875	13955.990234
1289.223633	13540.518555
1288.150391	13546.720703
1287.076172	13525.877930
1286.001953	13315.782227
1284.927734	13657.666992
1283.853516	13578.254883
1282.778320	13850.138672
1281.704102	14272.741211
1280.628906	14618.640625
1279.552734	15367.196289
1278.477539	15523.738281
1277.401367	15500.266602
1276.325195	16270.658203
1275.249023	15851.318359
1274.172852	16374.041016
1273.095703	16022.275391
1272.018555	15994.225586
1270.941406	15723.559570
1269.864258	15340.701172
1268.786133	15205.018555
1267.708984	14600.156250
1266.630859	14756.490234
1265.551758	14279.890625
1264.473633	13942.601563
1263.394531	13749.021484
1262.315430	13369.367188
1261.236328	12855.331055
1260.157227	12574.662109
1259.077148	12155.142578
1257.998047	11722.350586
1256.917969	11693.024414
1255.836914	11531.547852
1254.756836	11307.431641
1253.675781	11038.626953
1252.594727	10863.955078
1251.513672	10729.640625
1250.431641	10474.548828
1249.350586	10628.969727
1248.268555	10678.200195
1247.186523	10559.688477
1246.103516	10313.784180
1245.021484	10231.162109
1243.938477	10367.591797
1242.855469	10238.069336
1241.772461	10215.829102
1240.688477	10336.540039
1239.604492	10253.996094
1238.520508	10231.764648
1237.436523	10292.128906
1236.352539	10368.088867
1235.267578	10232.056641
1234.182617	10341.457031
1233.097656	10296.924805
1232.012695	10203.356445
1230.926758	10381.799805
1229.840820	10370.717773
1228.754883	10237.080078
1227.668945	10344.110352
1226.582031	10422.138672
1225.495117	10689.425781
1224.408203	10500.167969
1223.321289	10731.709961
1222.234375	10664.926758
1221.146484	10751.704102
1220.058594	10925.205078
1218.970703	11212.066406
1217.882813	11176.369141
1216.793945	11336.331055
1215.705078	11220.600586
1214.616211	11496.045898
1213.527344	11451.428711
1212.437500	11333.524414
1211.347656	11220.109375
1210.257813	11108.961914
1209.167969	11042.259766
1208.078125	11159.806641
1206.987305	10820.175781
1205.896484	10977.652344
1204.805664	10966.485352
1203.713867	10995.239258
1202.623047	11261.222656
1201.531250	11046.059570
1200.439453	10924.070313
1199.346680	11107.914063
1198.254883	11021.407227
1197.162109	11016.886719
1196.069336	10868.428711
1194.976563	10870.583008
1193.882813	10810.756836
1192.789063	10868.247070
1191.695313	10994.301758
1190.601563	10992.000977
1189.507813	10868.058594
1188.413086	10852.516602
1187.318359	10783.922852
1186.223633	10741.879883
1185.127930	10615.881836
1184.033203	10642.379883
1182.937500	10498.783203
1181.841797	10472.291992
1180.745117	10507.633789
1179.649414	10454.660156
1178.552734	10631.239258
1177.456055	10324.505859
1176.359375	10395.143555
1175.261719	10454.723633
1174.164063	10306.991211
1173.066406	10397.428711
1171.968750	10573.793945
1170.871094	10412.904297
1169.772461	10631.054688
1168.673828	10620.013672
1167.575195	10664.038086
1166.476563	10670.609375
1165.376953	10710.200195
1164.277344	10877.432617
1163.177734	10778.326172
1162.078125	10606.658203
1160.977539	10567.039063
1159.876953	10745.154297
1158.776367	10771.483398
1157.675781	10670.301758
1156.574219	10597.733398
1155.472656	10533.984375
1154.371094	10569.120117
1153.269531	10465.867188
1152.167969	10448.298828
1151.065430	10226.556641
1149.962891	10294.650391
1148.860352	10382.465820
1147.756836	10375.897461
1146.654297	10461.463867
1145.550781	10560.153320
1144.447266	10687.305664
1143.342773	10698.213867
1142.239258	10985.284180
1141.134766	10820.817383
1140.030273	10733.099609
1138.924805	11055.025391
1137.820313	10789.908203
1136.714844	11210.212891
1135.609375	11028.355469
1134.503906	11131.089844
1133.397461	11008.403320
1132.291016	11047.654297
1131.184570	10898.790039
1130.078125	10889.937500
1128.971680	10968.540039
1127.864258	10907.215820
1126.756836	10837.175781
1125.649414	10780.274414
1124.541992	10708.104492
1123.433594	10679.644531
1122.325195	10522.368164
1121.216797	10760.290039
1120.107422	10819.138672
1118.999023	10548.458984
1117.889648	10640.050781
1116.780273	10871.202148
1115.670898	10993.216797
1114.560547	11034.508789
1113.450195	10940.632813
1112.339844	11339.335938
1111.229492	11646.355469
1110.118164	11981.565430
1109.006836	12577.994141
1107.895508	13174.170898
1106.784180	13646.001953
1105.672852	14474.600586
1104.560547	14969.894531
1103.448242	16145.977539
1102.335938	16732.070313
1101.222656	17337.488281
1100.110352	18214.441406
1098.997070	18354.078125
1097.883789	18721.865234
1096.769531	19124.263672
1095.655273	18835.632813
1094.541992	18140.951172
1093.426758	17657.205078
1092.312500	16941.349609
1091.197266	16336.500000
1090.083008	15206.711914
1088.966797	14513.521484
1087.851563	13842.314453
1086.736328	13188.741211
1085.620117	12418.350586
1084.503906	11956.128906
1083.386719	11853.902344
1082.270508	11504.678711
1081.153320	11138.269531
1080.036133	10986.458008
1078.918945	10730.758789
1077.800781	10637.555664
1076.682617	10791.169922
1075.564453	10516.193359
1074.446289	10596.198242
1073.328125	10412.238281
1072.208984	10280.265625
1071.089844	10438.115234
1069.970703	10537.523438
1068.850586	10334.275391
1067.731445	10479.045898
1066.611328	10420.655273
1065.491211	10725.196289
1064.370117	10576.070313
1063.250000	10632.134766
1062.128906	10552.171875
1061.007813	10718.291016
1059.885742	10923.181641
1058.763672	10925.187500
1057.642578	11009.156250
1056.519531	11037.020508
1055.397461	10920.415039
1054.275391	10946.128906
1053.152344	10984.761719
1052.029297	10991.056641
1050.905273	11074.901367
1049.782227	11072.558594
1048.658203	11119.742188
1047.534180	10983.912109
1046.410156	11147.323242
1045.285156	11114.837891
1044.160156	11041.485352
1043.035156	10899.331055
1041.910156	10869.066406
1040.784180	10838.814453
1039.659180	10765.580078
1038.533203	10763.300781
1037.406250	10810.443359
1036.280273	10902.679688
1035.153320	10752.168945
1034.026367	11020.464844
1032.899414	10799.141602
1031.771484	10867.688477
1030.644531	10818.172852
1029.516602	11008.983398
1028.387695	10890.814453
1027.259766	10982.872070
1026.130859	10914.074219
1025.001953	10845.303711
1023.873047	10793.708984
1022.744141	11084.992188
1021.614258	10971.238281
1020.484375	10930.356445
1019.354492	11150.754883
1018.223633	11193.352539
1017.093750	11045.418945
1015.962891	11158.643555
1014.832031	11089.946289
1013.700195	10980.632813
1012.569336	10937.666992
1011.437500	11080.751953
1010.305664	10813.306641
1009.172852	10772.538086
1008.041016	10909.154297
1006.908203	11099.125000
1005.775391	10893.844727
1004.641602	10910.751953
1003.508789	11241.518555
1002.375000	11326.654297
1001.241211	11448.035156
1000.106445	11381.590820
998.972656	11428.240234
997.837891	11393.820313
996.703125	11210.144531
995.567383	11271.722656
994.432617	11284.249023
993.296875	11543.972656
992.161133	11209.144531
991.025391	11153.508789
989.888672	11080.858398
988.751953	11233.939453
987.615234	11016.542969
986.478516	11244.063477
985.340820	11107.615234
984.203125	11037.175781
983.065430	10837.019531
981.927734	10947.421875
980.789063	11013.128906
979.651367	10870.495117
978.512695	10978.692383
977.373047	10997.604492
976.234375	11112.100586
975.094727	11122.479492
973.955078	11472.593750
972.815430	11542.332031
971.674805	11531.386719
970.534180	11412.221680
969.393555	11604.976563
968.252930	11784.922852
967.111328	11799.379883
965.970703	11669.655273
964.829102	11940.620117
963.686523	12056.758789
962.544922	12020.290039
961.402344	11856.731445
960.259766	11957.986328
959.117188	11951.204102
957.973633	11974.063477
956.830078	11778.902344
955.686523	11899.129883
954.542969	11655.404297
953.399414	11758.683594
952.254883	11606.027344
951.110352	11584.524414
949.964844	11421.399414
948.820313	11408.397461
947.674805	11274.959961
946.529297	11169.041016
945.383789	11462.353516
944.237305	11487.361328
943.091797	11305.459961
941.944336	11330.488281
940.797852	11323.851563
939.651367	11745.515625
938.503906	11776.759766
937.356445	11831.189453
936.208984	11752.759766
935.060547	12104.403320
933.912109	12190.339844
932.763672	12838.846680
931.615234	13061.523438
930.465820	13307.272461
929.317383	13906.690430
928.167969	13695.291992
927.017578	14294.369141
925.868164	14415.479492
924.717773	14483.937500
923.567383	14516.605469
922.416992	14488.267578
921.265625	14260.189453
920.114258	13798.863281
918.962891	13577.333008
917.811523	13173.083008
916.659180	13004.300781
915.507813	12636.050781
914.354492	12351.956055
913.202148	12183.455078
912.049805	12048.610352
910.896484	11890.737305
909.743164	11558.784180
908.588867	11659.100586
907.435547	11555.939453
906.281250	11503.144531
905.126953	11607.599609
903.972656	11403.909180
902.817383	11464.333984
901.662109	11707.000000
900.506836	11522.267578
899.351563	11354.366211
898.195313	11381.248047
897.039063	11297.176758
895.882813	11541.708008
894.726563	11369.758789
893.569336	11507.482422
892.412109	11417.178711
891.254883	11366.641602
890.097656	11268.042969
888.939453	11554.064453
887.781250	11336.356445
886.623047	11697.450195
885.464844	11586.330078
884.305664	11291.485352
883.146484	11401.810547
881.987305	11468.252930
880.828125	11442.839844
879.667969	11534.281250
878.507813	11394.128906
877.347656	11439.657227
876.186523	11547.719727
875.026367	11466.025391
873.865234	11415.628906
872.704102	11617.398438
871.541992	11466.987305
870.380859	11897.781250
869.218750	11524.544922
868.055664	11592.863281
866.893555	11750.661133
865.730469	11554.592773
864.567383	11735.217773
863.404297	11689.014648
862.240234	11547.159180
861.077148	11609.142578
859.913086	11897.701172
858.748047	11799.538086
857.583984	11691.026367
856.418945	11912.896484
855.253906	11953.959961
854.088867	11864.172852
852.922852	11793.109375
851.757813	11728.302734
850.591797	11914.642578
849.424805	11808.338867
848.258789	11706.228516
847.091797	11639.418945
845.924805	11641.066406
844.756836	11860.390625
843.589844	11557.303711
842.421875	11407.691406
841.253906	11622.779297
840.085938	11589.210938
838.916992	11445.899414
837.748047	11683.612305
836.579102	11658.331055
835.410156	11854.503906
834.240234	11734.015625
833.070313	11605.302734
831.900391	11759.994141
830.729492	12024.209961
829.559570	11542.000000
828.388672	11886.756836
827.217773	11785.010742
826.045898	11929.163086
824.874023	11903.875000
823.702148	11851.750977
822.530273	12012.310547
821.358398	11929.220703
820.185547	11670.743164
819.012695	11866.313477
817.839844	11826.626953
816.666016	11912.766602
815.492188	11786.481445
814.318359	11806.621094
813.144531	11678.350586
811.970703	11626.378906
810.795898	11770.152344
809.621094	11847.949219
808.445313	11818.625977
807.270508	11923.143555
806.094727	12128.480469
804.918945	12162.912109
803.742188	12256.997070
802.566406	12174.127930
801.389648	12128.313477
800.212891	12300.481445
799.035156	12225.876953
797.858398	11972.487305
796.680664	12241.155273
795.502930	12458.345703
794.324219	12223.553711
793.145508	12411.901367
791.967773	12203.910156
790.788086	12164.330078
789.609375	12171.966797
788.429688	12163.186523
787.250000	12068.250000
786.070313	12100.512695
784.889648	12102.002930
783.708984	12183.443359
782.528320	12334.535156
781.347656	12188.431641
780.166992	12261.603516
778.985352	12271.246094
777.803711	12192.827148
776.621094	12378.555664
775.439453	12289.910156
774.256836	12383.442383
773.074219	12315.293945
771.890625	12410.825195
770.708008	12465.409180
769.524414	12466.806641
768.339844	12562.239258
767.156250	12645.368164
765.971680	12697.807617
764.787109	12891.189453
763.602539	12831.212891
762.417969	12824.355469
761.232422	13319.747070
760.046875	13096.416992
758.860352	13481.333008
757.674805	13270.304688
756.488281	13865.122070
755.301758	13819.295898
754.115234	14046.714844
752.927734	14345.384766
751.740234	14843.661133
750.552734	15408.963867
749.365234	16130.888672
748.176758	16697.703125
746.988281	18038.089844
745.799805	19831.904297
744.611328	22276.294922
743.421875	24617.875000
742.232422	27806.867188
741.042969	31964.769531
739.852539	36151.378906
738.662109	39504.558594
737.471680	42740.414063
736.281250	45383.437500
735.089844	45973.039063
733.899414	43801.546875
732.708008	41624.902344
731.515625	37688.632813
730.324219	34168.226563
729.131836	30980.191406
727.939453	28473.359375
726.746094	27260.007813
725.553711	26712.505859
724.360352	26810.144531
723.166016	26737.423828
721.972656	26638.380859
720.778320	25688.173828
719.583984	25028.128906
718.389648	23683.646484
717.194336	22169.615234
716.000000	20878.982422
714.804688	20222.570313
713.608398	19244.617188
712.413086	18746.683594
711.216797	18431.048828
710.020508	17787.869141
708.823242	17337.082031
707.626953	16666.109375
706.429688	15872.122070
705.232422	15644.348633
704.034180	15204.517578
702.835938	15156.775391
701.637695	14864.673828
700.439453	14810.965820
699.241211	14575.590820
698.041992	14473.526367
696.842773	14272.628906
695.643555	14253.389648
694.443359	14464.098633
693.243164	14519.437500
692.042969	14643.300781
690.842773	14505.066406
689.641602	15009.763672
688.440430	15044.784180
687.239258	15124.104492
686.037109	15612.223633
684.835938	15707.493164
683.633789	16082.538086
682.430664	16250.117188
681.228516	16469.939453
680.025391	16510.617188
678.822266	16460.765625
677.619141	16889.529297
676.415039	17090.921875
675.210938	16550.529297
674.006836	16434.392578
672.802734	16758.308594
671.597656	16694.400391
670.392578	16439.732422
669.187500	16741.347656
667.982422	16834.058594
666.776367	16986.937500
665.570313	17013.337891
664.363281	17812.070313
663.157227	18135.113281
661.950195	18462.025391
660.743164	19332.089844
659.536133	19955.240234
658.328125	20768.488281
657.120117	20926.244141
655.912109	20931.701172
654.704102	20546.648438
653.495117	19879.457031
652.286133	19334.660156
651.077148	18842.132813
649.867188	18249.775391
648.657227	17777.701172
647.447266	17511.828125
646.237305	16984.130859
645.026367	16734.537109
643.816406	16229.222656
642.604492	15945.930664
641.393555	15652.772461
640.181641	15431.645508
638.969727	15150.707031
637.757813	15195.318359
636.545898	14974.433594
635.333008	15114.851563
634.120117	14898.068359
632.907227	14914.765625
631.693359	15124.902344
630.479492	15370.836914
629.265625	15640.584961
628.051758	15772.695313
626.836914	15894.785156
625.622070	15935.141602
624.407227	16081.041016
623.191406	16051.642578
621.976563	15878.916992
620.760742	15588.831055
619.543945	15312.800781
618.328125	15261.707031
617.111328	15023.659180
615.894531	14968.671875
614.676758	14786.460938
613.459961	14526.804688
612.242188	14658.770508
611.024414	14433.031250
609.805664	14314.660156
608.587891	14297.628906
607.369141	14258.761719
606.149414	14233.807617
604.930664	14113.594727
603.710938	14273.223633
602.491211	14291.924805
601.270508	14263.014648
600.050781	14099.269531
598.830078	14165.576172
597.609375	14360.692383
596.387695	13949.316406
595.166016	14086.935547
593.944336	14069.987305
592.722656	14274.852539
591.500977	14238.068359
590.278320	14385.397461
589.055664	14510.891602
587.832031	14377.122070
586.609375	14546.082031
585.385742	14432.139648
584.161133	14695.925781
582.937500	14297.317383
581.712891	14533.344727
580.488281	14528.185547
579.263672	14416.341797
578.038086	14999.824219
576.812500	14585.782227
575.586914	14985.354492
574.361328	14928.774414
573.134766	15158.375000
571.908203	15437.199219
570.681641	15802.696289
569.454102	15615.818359
568.227539	15892.384766
567.000000	16135.316406
565.771484	15985.932617
564.543945	16258.291992
563.315430	16457.638672
562.086914	16398.880859
560.857422	16241.688477
559.627930	16114.095703
558.398438	16010.176758
557.168945	15853.169922
555.939453	15906.747070
554.708984	15960.299805
553.478516	15640.177734
552.247070	15744.882813
551.016602	15505.541016
549.785156	15474.623047
548.552734	15461.402344
547.321289	15379.430664
546.088867	15372.125000
544.856445	15111.523438
543.624023	15114.093750
542.390625	15044.042969
541.157227	15217.341797
539.923828	15033.509766
538.690430	15161.621094
537.456055	15048.475586
536.221680	15278.472656
534.987305	15204.550781
533.751953	15363.862305
532.517578	15458.447266
531.281250	15664.642578
530.045898	15616.156250
528.809570	15536.362305
527.574219	15622.992188
526.336914	15856.365234
525.100586	15895.923828
523.863281	15994.152344
522.625977	16260.534180
521.388672	16737.978516
520.150391	17174.158203
518.912109	17375.603516
517.673828	17137.289063
516.435547	16639.244141
515.196289	16088.680664
513.957031	16071.470703
512.717773	15825.839844
511.477539	15791.125000
510.237305	15649.091797
508.997070	15421.272461
507.756836	15677.312500
506.515625	15613.403320
505.274414	15329.195313
504.033203	15380.401367
502.791016	15453.021484
501.549805	15632.775391
