1802.182617	6342.787109
1801.212891	6422.695801
1800.244141	6366.486328
1799.274414	6527.465332
1798.304688	6304.047363
1797.334961	6514.876953
1796.364258	6498.607422
1795.394531	6372.600098
1794.423828	6483.541992
1793.453125	6601.918457
1792.482422	6493.414063
1791.511719	6696.474609
1790.540039	6640.318848
1789.568359	6452.153320
1788.596680	6665.062012
1787.625000	6838.041992
1786.653320	6639.989746
1785.680664	6750.675293
1784.708984	6736.881836
1783.736328	6762.904297
1782.763672	6823.744141
1781.790039	6777.609863
1780.817383	6883.182129
1779.843750	6797.273926
1778.870117	6711.400391
1777.896484	7072.897461
1776.922852	6865.251465
1775.948242	6811.708984
1774.973633	7026.428711
1773.999023	7111.935059
1773.024414	7127.890625
1772.049805	7225.752930
1771.074219	7127.519043
1770.099609	7349.402344
1769.124023	7218.932617
1768.148438	7262.131348
1767.171875	7240.839355
1766.196289	7460.041992
1765.219727	7577.527344
1764.243164	7727.183105
1763.266602	7849.522949
1762.290039	7979.245117
1761.312500	7893.436523
1760.334961	8166.720215
1759.357422	8182.414063
1758.379883	8537.213867
1757.402344	8520.654297
1756.423828	8405.129883
1755.446289	8880.884766
1754.467773	8797.486328
1753.489258	8783.358398
1752.509766	8969.492188
1751.531250	8732.873047
1750.551758	9007.908203
1749.572266	8835.616211
1748.592773	8715.268555
1747.613281	8686.352539
1746.632813	8726.588867
1745.652344	8581.646484
1744.671875	8698.405273
1743.691406	8388.180664
1742.710938	8620.894531
1741.729492	8471.154297
1740.749023	8444.791016
1739.767578	8297.610352
1738.785156	8318.133789
1737.803711	8227.728516
1736.822266	8275.364258
1735.839844	8325.445313
1734.857422	8483.893555
1733.875000	8230.975586
1732.891602	8389.377930
1731.909180	8299.065430
1730.925781	8142.330078
1729.942383	8224.366211
1728.958984	8153.822266
1727.974609	8208.762695
1726.991211	8135.790527
1726.006836	8112.025391
1725.022461	8139.896973
1724.038086	8189.878418
1723.052734	8293.903320
1722.068359	8154.646484
1721.083008	8322.503906
1720.097656	8384.686523
1719.112305	8301.970703
1718.125977	8312.576172
1717.140625	8480.265625
1716.154297	8414.755859
1715.167969	8516.111328
1714.181641	8352.500000
1713.194336	8662.290039
1712.208008	8685.068359
1711.220703	8675.966797
1710.233398	8811.480469
1709.246094	8971.443359
1708.257813	9190.143555
1707.270508	9178.496094
1706.282227	9232.978516
1705.293945	9316.820313
1704.304688	9351.666992
1703.316406	9712.027344
1702.327148	9976.806641
1701.337891	10292.856445
1700.348633	10293.230469
1699.359375	10293.604492
1698.370117	10783.001953
1697.379883	10905.506836
1696.389648	11123.284180
1695.399414	11314.091797
1694.409180	11744.251953
1693.417969	11842.036133
1692.426758	12091.194336
1691.436523	12274.327148
1690.444336	12459.826172
1689.453125	12686.741211
1688.461914	12608.538086
1687.469727	13001.231445
1686.477539	12942.509766
1685.485352	13215.477539
1684.492188	13027.507813
1683.500000	13093.139648
1682.506836	12966.200195
1681.513672	13092.734375
1680.520508	13153.438477
1679.527344	13089.891602
1678.533203	12872.946289
1677.539063	12831.393555
1676.544922	12814.200195
1675.550781	12745.903320
1674.556641	12514.599609
1673.561523	12577.761719
1672.566406	12511.983398
1671.571289	12429.208008
1670.576172	12557.994141
1669.581055	12378.005859
1668.584961	12353.634766
1667.588867	12188.338867
1666.592773	11969.663086
1665.596680	12341.298828
1664.600586	12282.954102
1663.603516	12057.105469
1662.606445	12115.357422
1661.609375	12057.090820
1660.612305	12057.083008
1659.614258	11821.754883
1658.617188	11768.432617
1657.619141	12035.229492
1656.621094	11698.217773
1655.622070	11972.192383
1654.624023	11972.197266
1653.625000	11746.859375
1652.625977	11807.472656
1651.626953	11785.709961
1650.627930	11974.631836
1649.627930	11659.893555
1648.627930	11841.501953
1647.627930	11696.322266
1646.627930	11926.240234
1645.627930	11851.255859
1644.626953	12177.793945
1643.625977	11723.139648
1642.625000	11793.298828
1641.624023	11873.097656
1640.623047	11728.112305
1639.621094	12148.573242
1638.619141	11967.354492
1637.617188	11807.945313
1636.615234	11957.683594
1635.613281	11839.381836
1634.610352	11870.779297
1633.607422	11805.632813
1632.604492	11774.290039
1631.601563	11906.995117
1630.597656	11950.409180
1629.594727	11735.795898
1628.590820	11904.587891
1627.586914	11820.227539
1626.582031	11858.801758
1625.578125	11919.043945
1624.573242	11950.354492
1623.568359	12010.551758
1622.563477	12056.277344
1621.558594	12116.427734
1620.552734	11986.408203
1619.546875	12137.991211
1618.541016	12217.333984
1617.535156	12243.724609
1616.529297	12277.318359
1615.522461	12219.527344
1614.515625	12253.111328
1613.508789	12632.784180
1612.501953	12380.310547
1611.494141	12553.185547
1610.487305	12613.094727
1609.479492	12490.459961
1608.471680	12800.066406
1607.463867	12607.825195
1606.455078	12449.262695
1605.446289	12737.090820
1604.437500	12804.082031
1603.428711	12823.073242
1602.419922	12810.879883
1601.410156	12992.900391
1600.401367	13206.009766
1599.391602	13330.355469
1598.381836	13332.443359
1597.371094	13451.918945
1596.361328	13415.656250
1595.350586	13757.776367
1594.339844	13848.360352
1593.329102	13895.818359
1592.317383	14242.416992
1591.305664	14304.130859
1590.294922	14837.104492
1589.283203	15030.221680
1588.270508	15247.172852
1587.258789	15158.005859
1586.246094	15095.168945
1585.233398	15020.406250
1584.220703	15074.701172
1583.208008	15434.753906
1582.194336	15312.197266
1581.180664	15139.541992
1580.167969	14897.720703
1579.153320	15030.750977
1578.139648	14915.532227
1577.125000	14786.042969
1576.111328	14806.893555
1575.096680	15044.771484
1574.081055	14784.182617
1573.066406	14676.278320
1572.050781	14551.732422
1571.035156	14729.888672
1570.019531	14924.650391
1569.003906	14762.012695
1567.988281	14792.353516
1566.971680	15065.559570
1565.955078	14717.297852
1564.938477	14916.620117
1563.920898	14930.243164
1562.904297	15091.372070
1561.886719	14800.474609
1560.869141	14944.915039
1559.851563	14706.474609
1558.833984	15055.319336
1557.815430	14888.256836
1556.796875	14911.366211
1555.778320	14820.424805
1554.759766	14872.041016
1553.740234	14852.388672
1552.721680	14488.458984
1551.702148	14535.361328
1550.682617	14518.161133
1549.662109	14576.900391
1548.642578	14483.778320
1547.622070	14677.701172
1546.601563	14596.453125
1545.581055	14726.254883
1544.560547	14938.971680
1543.539063	14831.646484
1542.517578	15172.208984
1541.496094	15131.211914
1540.474609	15348.406250
1539.453125	15364.222656
1538.430664	15675.984375
1537.408203	15696.459961
1536.385742	15574.927734
1535.363281	15907.748047
1534.339844	15594.599609
1533.316406	15605.611328
1532.292969	15361.227539
1531.269531	15478.670898
1530.246094	15227.319336
1529.221680	15198.217773
1528.198242	15258.913086
1527.173828	15106.974609
1526.148438	14952.735352
1525.124023	15129.146484
1524.098633	14845.116211
1523.073242	14988.430664
1522.047852	15053.809570
1521.022461	15048.376953
1519.997070	14766.951172
1518.970703	14737.993164
1517.944336	14907.117188
1516.917969	14647.106445
1515.890625	15082.520508
1514.864258	14864.996094
1513.836914	15050.444336
1512.809570	15014.392578
1511.782227	15246.834961
1510.753906	15363.805664
1509.726563	15315.938477
1508.698242	15446.967773
1507.669922	15937.976563
1506.640625	16257.037109
1505.612305	16368.972656
1504.583008	16852.433594
1503.553711	17086.464844
1502.524414	17402.675781
1501.495117	17565.988281
1500.464844	18001.810547
1499.434570	18031.021484
1498.404297	18198.798828
1497.374023	18033.041016
1496.343750	18038.746094
1495.312500	17774.496094
1494.281250	17346.068359
1493.250000	17445.763672
1492.218750	17350.703125
1491.186523	16699.800781
1490.154297	16769.080078
1489.122070	16322.535156
1488.089844	16105.887695
1487.057617	15950.260742
1486.024414	15958.711914
1484.991211	15536.120117
1483.958008	15746.073242
1482.924805	15562.543945
1481.891602	15468.052734
1480.857422	15806.625977
1479.823242	15730.842773
1478.789063	15959.254883
1477.753906	16292.837891
1476.719727	16420.472656
1475.684570	16742.130859
1474.649414	16984.171875
1473.614258	17438.808594
1472.578125	17739.027344
1471.542969	17870.902344
1470.506836	18511.947266
1469.470703	18853.794922
1468.433594	19569.089844
1467.397461	20109.007813
1466.360352	20672.042969
1465.323242	21036.500000
1464.286133	21872.074219
1463.249023	22275.785156
1462.210938	23234.361328
1461.172852	23910.421875
1460.134766	24450.998047
1459.096680	24877.150391
1458.057617	25389.341797
1457.019531	25950.246094
1455.980469	26326.910156
1454.941406	26710.406250
1453.901367	27568.703125
1452.862305	28235.771484
1451.822266	29177.183594
1450.782227	30188.011719
1449.742188	31607.857422
1448.701172	32796.859375
1447.661133	34687.632813
1446.620117	35733.691406
1445.579102	36942.031250
1444.537109	38359.023438
1443.496094	38553.289063
1442.454102	38419.929688
1441.412109	37629.355469
1440.370117	37161.863281
1439.327148	36032.917969
1438.285156	34203.468750
1437.242188	32031.316406
1436.199219	30920.355469
1435.155273	29441.023438
1434.112305	27862.574219
1433.068359	26674.312500
1432.024414	25725.314453
1430.980469	24537.976563
1429.936523	23599.074219
1428.891602	23082.212891
1427.846680	22308.449219
1426.801758	21481.740234
1425.756836	20928.582031
1424.710938	20496.025391
1423.666016	19887.748047
1422.620117	19444.011719
1421.574219	19007.394531
1420.527344	18991.919922
1419.481445	18710.513672
1418.434570	18803.769531
1417.387695	18698.191406
1416.340820	18978.609375
1415.292969	18635.044922
1414.245117	19201.812500
1413.197266	19045.423828
1412.149414	19528.740234
1411.101563	19806.382813
1410.052734	20033.128906
1409.004883	20105.160156
1407.955078	20403.275391
1406.906250	20558.244141
1405.857422	20443.306641
1404.807617	20609.730469
1403.757813	20559.378906
1402.708008	20211.712891
1401.658203	20009.369141
1400.607422	19770.244141
1399.556641	19607.230469
1398.505859	19119.560547
1397.455078	18751.820313
1396.404297	18372.720703
1395.352539	18279.173828
1394.300781	17888.820313
1393.249023	17730.990234
1392.197266	17412.212891
1391.144531	17206.251953
1390.091797	17053.255859
1389.039063	16806.074219
1387.986328	16625.642578
1386.932617	16546.386719
1385.879883	16391.351563
1384.826172	16491.330078
1383.772461	16609.634766
1382.717773	16764.626953
1381.664063	16859.871094
1380.609375	16725.580078
1379.554688	16963.048828
1378.500000	17227.947266
1377.444336	17249.621094
1376.389648	17509.761719
1375.333984	17781.257813
1374.278320	18116.820313
1373.221680	18032.873047
1372.166016	17990.201172
1371.109375	17984.195313
1370.052734	18335.466797
1368.995117	18317.941406
1367.938477	18140.173828
1366.880859	17953.324219
1365.823242	18411.857422
1364.765625	18554.476563
1363.708008	18669.587891
1362.649414	18446.187500
1361.590820	18542.980469
1360.532227	18866.041016
1359.473633	19131.830078
1358.415039	19267.263672
1357.355469	19494.019531
1356.295898	19978.783203
1355.236328	20198.445313
1354.175781	20913.455078
1353.116211	21315.445313
1352.055664	21881.583984
1350.995117	22965.435547
1349.934570	23537.841797
1348.873047	24780.554688
1347.811523	25596.335938
1346.750000	26477.892578
1345.688477	27655.400391
1344.626953	28595.416016
1343.564453	29104.419922
1342.501953	30096.136719
1341.439453	30937.126953
1340.376953	31354.246094
1339.313477	32857.093750
1338.250977	33401.097656
1337.187500	34363.582031
1336.123047	35266.515625
1335.059570	35718.691406
1333.995117	36930.250000
1332.930664	36972.625000
1331.866211	36394.390625
1330.801758	36230.031250
1329.736328	35802.156250
1328.671875	34904.187500
1327.606445	34313.222656
1326.540039	33188.843750
1325.474609	31495.056641
1324.408203	30864.298828
1323.341797	29468.992188
1322.275391	28053.839844
1321.208984	27374.273438
1320.141602	26436.431641
1319.074219	25485.369141
1318.006836	24861.164063
1316.939453	24219.083984
1315.872070	23309.859375
1314.803711	23105.644531
1313.735352	23060.078125
1312.666992	23034.914063
1311.597656	23177.314453
1310.529297	23204.201172
1309.459961	22909.679688
1308.390625	23294.142578
1307.320313	23461.253906
1306.250977	23542.339844
1305.180664	23446.996094
1304.110352	23550.658203
1303.040039	23647.496094
1301.968750	23310.357422
1300.898438	23133.789063
1299.827148	22794.636719
1298.754883	22584.365234
1297.683594	22279.337891
1296.612305	21635.775391
1295.540039	21222.718750
1294.467773	20631.546875
1293.394531	20433.218750
1292.322266	20004.875000
1291.249023	19705.265625
1290.175781	19317.835938
1289.102539	18910.277344
1288.028320	18933.396484
1286.955078	19017.349609
1285.880859	19035.927734
1284.806641	18808.968750
1283.732422	18694.705078
1282.657227	18875.453125
1281.582031	18894.042969
1280.506836	19063.417969
1279.431641	19363.236328
1278.355469	19509.943359
1277.280273	19465.400391
1276.204102	19474.845703
1275.127930	19826.035156
1274.050781	19999.496094
1272.974609	19833.521484
1271.897461	20449.554688
1270.820313	20640.746094
1269.742188	20703.832031
1268.665039	21146.388672
1267.586914	21193.626953
1266.508789	21299.201172
1265.430664	21801.947266
1264.351563	22116.013672
1263.272461	22167.490234
1262.194336	22028.310547
1261.114258	21761.376953
1260.035156	21880.146484
1258.955078	20934.222656
1257.875977	20232.947266
1256.794922	19883.710938
1255.714844	19093.345703
1254.634766	18305.548828
1253.553711	17838.259766
1252.472656	17263.712891
1251.391602	16834.878906
1250.309570	16323.431641
1249.227539	16024.726563
1248.146484	15869.291992
1247.063477	15702.740234
1245.981445	15388.697266
1244.898438	15611.253906
1243.816406	15192.322266
1242.732422	15169.045898
1241.649414	14978.236328
1240.566406	15010.848633
1239.482422	15036.746094
1238.398438	15062.632813
1237.314453	14994.762695
1236.229492	14911.298828
1235.144531	14673.922852
1234.059570	14833.698242
1232.974609	14761.467773
1231.889648	14831.967773
1230.803711	14672.826172
1229.717773	14992.936523
1228.631836	14697.899414
1227.545898	14781.716797
1226.458984	14823.178711
1225.373047	15009.372070
1224.286133	14899.369141
1223.198242	15074.336914
1222.111328	14962.138672
1221.023438	14923.413086
1219.935547	14691.164063
1218.847656	15079.541016
1217.759766	15018.576172
1216.670898	14988.760742
1215.582031	15143.443359
1214.493164	15093.612305
1213.404297	15012.695313
1212.314453	14758.547852
1211.224609	14775.451172
1210.134766	14974.419922
1209.044922	14851.413086
1207.954102	15008.111328
1206.864258	15146.990234
1205.773438	15028.458984
1204.681641	15207.200195
1203.590820	15166.321289
1202.499023	15065.594727
1201.407227	15308.497070
1200.315430	15278.700195
1199.223633	15643.321289
1198.130859	15414.087891
1197.038086	15607.984375
1195.945313	15748.653320
1194.852539	15749.786133
1193.758789	15582.695313
1192.666016	15734.342773
1191.572266	15653.611328
1190.477539	15725.544922
1189.383789	15686.868164
1188.289063	15524.381836
1187.194336	15541.028320
1186.099609	15438.314453
1185.004883	15203.058594
1183.909180	15283.828125
1182.813477	14631.233398
1181.717773	14943.963867
1180.621094	14735.500000
1179.525391	14624.249023
1178.428711	14561.596680
1177.332031	14271.699219
1176.235352	14323.860352
1175.137695	14133.383789
1174.040039	14174.524414
1172.942383	14164.939453
1171.844727	13855.586914
1170.747070	13749.107422
1169.648438	13885.031250
1168.549805	13725.720703
1167.451172	13846.173828
1166.351563	13790.425781
1165.252930	13888.798828
1164.153320	14059.762695
1163.053711	14204.247070
1161.953125	14258.468750
1160.853516	14193.889648
1159.752930	14347.048828
1158.652344	14506.739258
1157.550781	14694.938477
1156.450195	14595.154297
1155.348633	14673.390625
1154.247070	14751.592773
1153.145508	14524.468750
1152.042969	14290.851563
1150.940430	14312.000977
1149.837891	14225.587891
1148.735352	14180.905273
1147.632813	14140.627930
1146.529297	14348.243164
1145.425781	14316.718750
1144.322266	14138.298828
1143.217773	14641.727539
1142.114258	14524.681641
1141.009766	14696.932617
1139.905273	14770.523438
1138.799805	14714.850586
1137.695313	14678.910156
1136.589844	14678.014648
1135.484375	14692.441406
1134.378906	14505.517578
1133.272461	14498.091797
1132.166016	14545.359375
1131.059570	14500.745117
1129.953125	14558.922852
1128.846680	14601.772461
1127.739258	14408.540039
1126.631836	14558.480469
1125.524414	14463.655273
1124.416016	14582.938477
1123.307617	14575.502930
1122.200195	14496.014648
1121.090820	14763.657227
1119.982422	14703.804688
1118.873047	14818.542969
1117.763672	14985.590820
1116.654297	15357.597656
1115.544922	15537.543945
1114.434570	16362.767578
1113.325195	16810.539063
1112.213867	17578.482422
1111.103516	18919.146484
1109.993164	19701.568359
1108.881836	21100.023438
1107.770508	22521.837891
1106.658203	23910.398438
1105.546875	25085.066406
1104.434570	26315.818359
1103.322266	27313.253906
1102.209961	27790.392578
1101.096680	27967.216797
1099.984375	28237.457031
1098.871094	28190.203125
1097.757813	27377.939453
1096.643555	26474.755859
1095.529297	25576.296875
1094.415039	24643.462891
1093.300781	23513.410156
1092.186523	21982.181641
1091.071289	20718.585938
1089.956055	19462.031250
1088.840820	18833.050781
1087.725586	17646.837891
1086.609375	17053.205078
1085.493164	16249.491211
1084.376953	15805.984375
1083.260742	15434.187500
1082.143555	15194.732422
1081.027344	14849.217773
1079.910156	14672.799805
1078.791992	14344.864258
1077.674805	14341.835938
1076.556641	14074.717773
1075.438477	13978.685547
1074.320313	14016.844727
1073.201172	14524.424805
1072.082031	14651.127930
1070.962891	14587.487305
1069.843750	14506.576172
1068.724609	14726.144531
1067.604492	14822.440430
1066.484375	15072.094727
1065.364258	15332.443359
1064.243164	15424.227539
1063.123047	15753.484375
1062.001953	15769.583008
1060.880859	16234.597656
1059.758789	16123.274414
1058.637695	16212.632813
1057.515625	16263.127930
1056.392578	16371.825195
1055.270508	16338.179688
1054.147461	16373.524414
1053.025391	16445.490234
1051.901367	16062.795898
1050.778320	15893.526367
1049.654297	15741.557617
1048.531250	15516.440430
1047.407227	15739.203125
1046.282227	15331.229492
1045.158203	15188.111328
1044.033203	15141.868164
1042.908203	15054.775391
1041.782227	15064.492188
1040.657227	14824.793945
1039.531250	14892.593750
1038.405273	14784.130859
1037.279297	15058.184570
1036.152344	15061.440430
1035.025391	15056.103516
1033.898438	15020.704102
1032.771484	15103.398438
1031.644531	15218.252930
1030.516602	15242.926758
1029.388672	15074.492188
1028.260742	15144.230469
1027.131836	15143.166016
1026.002930	15142.101563
1024.874023	15254.652344
1023.745117	15118.537109
1022.616211	14978.193359
1021.486328	15032.861328
1020.356445	15006.113281
1019.226563	15167.822266
1018.095703	14948.367188
1016.965820	15039.379883
1015.834961	15029.770508
1014.704102	15082.212891
1013.572266	14886.488281
1012.441406	14887.607422
1011.309570	14754.015625
1010.176758	14793.641602
1009.044922	15014.924805
1007.912109	14894.208984
1006.779297	14837.636719
1005.646484	14721.279297
1004.513672	14985.097656
1003.379883	15176.209961
1002.246094	15281.854492
1001.112305	15293.548828
999.978516	15166.545898
998.843750	15220.922852
997.708984	14806.055664
996.574219	14579.012695
995.439453	14633.477539
994.303711	14611.186523
993.167969	14282.037109
992.032227	14266.219727
990.896484	14239.756836
989.759766	14462.474609
988.623047	14408.300781
987.486328	14494.645508
986.349609	14287.248047
985.211914	14231.015625
984.075195	14332.232422
982.936523	14601.433594
981.798828	14266.596680
980.661133	14465.536133
979.522461	14732.409180
978.383789	14735.651367
977.244141	14728.267578
976.105469	15067.135742
974.965820	15178.614258
973.826172	15417.443359
972.685547	15579.747070
971.545898	16098.546875
970.405273	16375.220703
969.264648	16310.211914
968.124023	16260.077148
966.982422	16869.472656
965.840820	17007.931641
964.699219	17129.375000
963.557617	17123.607422
962.415039	17147.505859
961.273438	16819.746094
960.129883	16587.431641
958.987305	16799.878906
957.844727	16540.142578
956.701172	16263.583984
955.557617	16188.171875
954.413086	15943.539063
953.269531	15669.396484
952.125000	15611.073242
950.980469	15618.318359
949.835938	15517.751953
948.690430	15203.775391
947.544922	15126.581055
946.399414	15121.244141
945.253906	15073.666992
944.107422	15144.359375
942.961914	15331.132813
941.815430	15532.600586
940.667969	15658.012695
939.521484	16091.400391
938.374023	16081.639648
937.226563	16504.205078
936.078125	16987.736328
934.930664	17820.984375
933.782227	18478.951172
932.633789	19155.599609
931.485352	20175.339844
930.335938	21203.070313
929.186523	22184.033203
928.037109	23156.154297
926.887695	23959.472656
925.737305	24888.708984
924.587891	25001.214844
923.436523	25456.542969
922.286133	24952.683594
921.135742	24320.779297
919.984375	23806.863281
918.833008	22458.789063
917.680664	21342.427734
916.529297	20127.804688
915.376953	19111.132813
914.224609	18218.789063
913.071289	17391.908203
911.918945	17025.062500
910.765625	16236.561523
909.612305	16105.105469
908.458984	15948.533203
907.304688	15666.193359
906.150391	15293.812500
904.996094	15525.330078
903.841797	15295.655273
902.686523	15084.937500
901.531250	15123.610352
900.375977	15176.926758
899.220703	15004.060547
898.064453	15057.377930
896.908203	15148.349609
895.751953	15011.172852
894.595703	14869.869141
893.438477	15111.431641
892.281250	15016.175781
891.124023	15115.417969
889.966797	14963.756836
888.808594	14870.680664
887.650391	14746.299805
886.492188	14653.308594
885.333008	14497.695313
884.174805	14797.387695
883.015625	14754.549805
881.856445	14584.399414
880.696289	14466.495117
879.536133	14521.816406
878.376953	14639.694336
877.215820	14494.738281
876.055664	14366.524414
874.894531	14615.691406
873.733398	14470.831055
872.572266	14536.494141
871.410156	14416.710938
870.249023	14455.277344
869.086914	14577.125000
867.924805	14538.604492
866.761719	14612.504883
865.598633	14532.369141
864.435547	14816.383789
863.272461	14596.863281
862.109375	14656.125000
860.945313	14538.617188
859.781250	14471.052734
858.616211	14546.927734
857.452148	14597.833984
856.287109	14740.127930
855.122070	14911.440430
853.957031	14740.031250
852.791016	14867.666992
851.625000	14605.005859
850.458984	14742.991211
849.292969	14945.236328
848.125977	14757.404297
846.958984	14878.672852
845.791992	14693.006836
844.625000	14569.612305
843.457031	14962.355469
842.290039	14791.292969
841.121094	14630.663086
839.953125	14923.714844
838.784180	14814.893555
837.615234	14954.568359
836.446289	14742.287109
835.277344	14952.279297
834.107422	14876.647461
832.937500	14881.723633
831.767578	14919.886719
830.597656	15224.772461
829.426758	15020.970703
828.255859	15207.890625
827.084961	15026.908203
825.913086	15222.007813
824.742188	14925.429688
823.570313	15188.613281
822.397461	15410.389648
821.225586	15297.671875
820.052734	15284.061523
818.879883	15223.000000
817.707031	15067.072266
816.533203	15309.254883
815.359375	15184.303711
814.185547	15317.094727
813.011719	15204.559570
811.836914	15401.166992
810.662109	15408.151367
809.487305	15077.333984
808.312500	15621.860352
807.136719	15622.613281
805.961914	15662.474609
804.785156	15589.128906
803.609375	15723.624023
802.432617	15714.064453
801.255859	15591.393555
800.079102	15561.302734
798.902344	15884.813477
797.724609	15591.590820
796.546875	15931.392578
795.369141	15911.522461
794.190430	15737.611328
793.012695	16079.211914
791.833984	15954.612305
790.654297	15840.327148
789.475586	15845.120117
788.295898	15714.492188
787.116211	15914.183594
785.936523	15687.204102
784.755859	15804.794922
783.575195	15715.285156
782.394531	15699.595703
781.213867	15577.359375
780.032227	15434.687500
778.851563	15767.265625
777.668945	15784.338867
776.487305	15623.286133
775.304688	15830.743164
774.123047	15999.227539
772.939453	15815.723633
771.756836	15918.677734
770.573242	16132.023438
769.389648	16206.237305
768.206055	16466.445313
767.022461	16548.726563
765.837891	16751.531250
764.653320	16805.113281
763.468750	17177.298828
762.283203	17377.791016
761.097656	17672.109375
759.912109	17907.105469
758.726563	18048.125000
757.540039	18515.527344
756.353516	18617.595703
755.166992	19302.884766
753.980469	20216.240234
752.792969	20835.654297
751.605469	21868.527344
750.417969	23518.353516
749.230469	24874.109375
748.041992	27571.498047
746.853516	30668.869141
745.665039	34151.710938
744.476563	38872.625000
743.287109	43426.652344
742.097656	48770.152344
740.908203	52268.429688
739.717773	55887.210938
738.527344	57587.085938
737.336914	57027.796875
736.146484	54670.121094
734.955078	52317.527344
733.763672	48911.617188
732.572266	46467.851563
731.380859	43897.214844
730.188477	42107.269531
728.996094	40590.074219
727.803711	39931.914063
726.611328	39369.390625
725.417969	38500.820313
724.224609	37861.785156
723.031250	37464.296875
721.836914	36181.152344
720.643555	34912.742188
719.449219	32737.150391
718.253906	31006.138672
717.059570	29144.230469
715.864258	27864.265625
714.668945	27105.132813
713.473633	26024.511719
712.277344	25235.751953
711.081055	24338.082031
709.884766	23398.326172
708.687500	22752.199219
707.491211	21914.281250
706.293945	21626.535156
705.096680	21106.505859
703.898438	20552.353516
702.700195	20259.025391
701.501953	20424.273438
700.303711	19931.201172
699.105469	20175.177734
697.906250	19650.076172
696.707031	19629.666016
695.506836	19468.044922
694.307617	19534.410156
693.107422	19949.607422
691.907227	20366.636719
690.706055	20501.292969
689.505859	21133.648438
688.304688	21568.279297
687.102539	22345.160156
685.901367	23121.699219
684.699219	23668.365234
683.497070	24605.320313
682.294922	25316.455078
681.091797	25689.236328
679.889648	25607.205078
678.685547	25776.619141
677.482422	25425.148438
676.278320	24742.109375
675.075195	24712.607422
673.870117	24353.554688
672.666016	23701.326172
671.460938	23445.085938
670.255859	23546.421875
669.050781	23442.916016
667.845703	23393.652344
666.639648	24159.214844
665.433594	24119.845703
664.226563	25081.505859
663.020508	25635.607422
661.813477	26291.730469
660.606445	26821.269531
659.398438	27168.183594
658.191406	27599.107422
656.983398	27595.099609
655.775391	27528.998047
654.566406	26677.925781
653.358398	26531.966797
652.149414	25917.677734
650.939453	25351.681641
649.730469	24521.828125
648.520508	23882.367188
647.310547	23593.171875
646.099609	22580.283203
644.889648	22135.568359
643.678711	21856.931641
642.467773	21238.722656
641.255859	20722.666016
640.044922	20588.322266
638.833008	20058.652344
637.620117	19862.619141
636.408203	19864.273438
635.195313	19957.722656
633.982422	19779.792969
632.769531	19974.947266
631.555664	19938.679688
630.341797	20363.001953
629.127930	20934.648438
627.914063	21175.212891
626.699219	21676.693359
625.484375	21831.328125
624.269531	21764.820313
623.053711	21562.937500
621.838867	20994.835938
620.622070	20417.029297
619.406250	20358.841797
618.190430	20057.962891
616.973633	19560.296875
615.756836	19027.052734
614.539063	18859.865234
613.321289	18499.937500
612.104492	18408.453125
610.885742	18231.570313
609.667969	18152.101563
608.449219	17826.400391
607.230469	18088.570313
606.011719	17383.861328
604.791992	17749.216797
603.572266	17717.554688
602.352539	17910.080078
601.132813	17816.910156
599.912109	17614.716797
598.691406	17602.933594
597.470703	17509.886719
596.249023	17151.337891
595.028320	17218.910156
593.805664	17551.878906
592.583984	17583.683594
591.362305	17381.841797
590.139648	17572.029297
588.916992	17445.480469
587.693359	17065.720703
586.469727	17477.406250
585.246094	17303.490234
584.022461	17444.046875
582.798828	17596.402344
581.574219	17665.677734
580.349609	17847.556641
579.125000	17713.255859
577.899414	18260.447266
576.673828	18497.365234
575.448242	18783.535156
574.221680	18580.058594
572.996094	18974.621094
571.769531	18974.408203
570.541992	19512.707031
569.315430	19622.814453
568.087891	19790.050781
566.860352	19978.896484
565.632813	19566.550781
564.404297	19899.201172
563.175781	19963.785156
561.947266	19557.619141
560.717773	19348.541016
559.489258	19295.080078
558.259766	18942.464844
557.029297	18800.562500
555.799805	18747.251953
554.569336	18579.878906
553.338867	18459.777344
552.107422	18335.792969
550.876953	18076.232422
549.645508	18239.308594
548.413086	18170.466797
547.181641	18254.873047
545.949219	17991.625000
544.716797	18074.068359
543.484375	18119.175781
542.250977	18156.410156
541.017578	17911.070313
539.784180	18148.433594
538.550781	17979.693359
537.316406	17783.572266
536.082031	17624.787109
534.847656	18009.003906
533.612305	17893.347656
532.376953	17777.740234
531.141602	18028.472656
529.906250	17985.341797
528.669922	18265.283203
527.433594	18259.308594
526.197266	18231.808594
524.959961	18409.765625
523.722656	18626.763672
522.485352	19092.046875
521.248047	20077.240234
520.009766	21050.267578
518.771484	21628.066406
517.533203	20802.613281
516.294922	19850.539063
515.055664	19244.593750
513.816406	18683.826172
512.577148	18486.435547
511.336914	18275.466797
510.096680	18398.287109
508.856445	18226.447266
507.616211	18177.570313
506.375000	18317.878906
505.133789	18329.443359
503.892578	18233.789063
502.650391	18274.595703
