1802.182617	8335.520508
1801.212891	8500.333008
1800.244141	8361.319336
1799.274414	8604.272461
1798.304688	8600.058594
1797.334961	8693.156250
1796.364258	8496.834961
1795.394531	8068.634766
1794.423828	7977.250488
1793.453125	7998.094727
1792.482422	8093.710449
1791.511719	8553.144531
1790.540039	8566.385742
1789.568359	8704.178711
1788.596680	8393.594727
1787.625000	8541.327148
1786.653320	8365.340820
1785.680664	8540.400391
1784.708984	8707.923828
1783.736328	9129.174805
1782.763672	9386.068359
1781.790039	9428.960938
1780.817383	9608.603516
1779.843750	9542.040039
1778.870117	9482.959961
1777.896484	9858.813477
1776.922852	9911.504883
1775.948242	9857.352539
1774.973633	9892.635742
1773.999023	9453.609375
1773.024414	9307.719727
1772.049805	9293.445313
1771.074219	9519.903320
1770.099609	9721.458008
1769.124023	10304.964844
1768.148438	10545.963867
1767.171875	10972.847656
1766.196289	11040.068359
1765.219727	11139.486328
1764.243164	11471.818359
1763.266602	11672.696289
1762.290039	11635.676758
1761.312500	11331.180664
1760.334961	11536.916016
1759.357422	11527.176758
1758.379883	11760.017578
1757.402344	12022.461914
1756.423828	12418.412109
1755.446289	12970.050781
1754.467773	13368.123047
1753.489258	13058.817383
1752.509766	13241.621094
1751.531250	12808.873047
1750.551758	12396.067383
1749.572266	12378.756836
1748.592773	12410.859375
1747.613281	12596.076172
1746.632813	12566.387695
1745.652344	12405.861328
1744.671875	11917.111328
1743.691406	11806.135742
1742.710938	11399.123047
1741.729492	11564.581055
1740.749023	11660.914063
1739.767578	11698.028320
1738.785156	11562.550781
1737.803711	11254.586914
1736.822266	11368.153320
1735.839844	10986.433594
1734.857422	10920.179688
1733.875000	10881.043945
1732.891602	11169.421875
1731.909180	11681.715820
1730.925781	11632.603516
1729.942383	11696.711914
1728.958984	11076.797852
1727.974609	10784.301758
1726.991211	10651.786133
1726.006836	10578.336914
1725.022461	10721.259766
1724.038086	11168.910156
1723.052734	11422.240234
1722.068359	11650.899414
1721.083008	11206.393555
1720.097656	11105.903320
1719.112305	11061.927734
1718.125977	10961.503906
1717.140625	10966.664063
1716.154297	10930.103516
1715.167969	11057.941406
1714.181641	11386.874023
1713.194336	11261.958984
1712.208008	11539.224609
1711.220703	11583.482422
1710.233398	12022.339844
1709.246094	12117.943359
1708.257813	12274.758789
1707.270508	12103.269531
1706.282227	11946.542969
1705.293945	11998.007813
1704.304688	12193.887695
1703.316406	12269.756836
1702.327148	12641.692383
1701.337891	13314.410156
1700.348633	13443.820313
1699.359375	13722.360352
1698.370117	13900.536133
1697.379883	14147.090820
1696.389648	13887.607422
1695.399414	14082.746094
1694.409180	14084.795898
1693.417969	13888.989258
1692.426758	13939.918945
1691.436523	14357.080078
1690.444336	14671.542969
1689.453125	15005.402344
1688.461914	14975.537109
1687.469727	15138.419922
1686.477539	15181.714844
1685.485352	15485.935547
1684.492188	15619.355469
1683.500000	15655.210938
1682.506836	15281.592773
1681.513672	15368.672852
1680.520508	15199.907227
1679.527344	15240.686523
1678.533203	15731.977539
1677.539063	15638.717773
1676.544922	16059.133789
1675.550781	16248.166992
1674.556641	16052.656250
1673.561523	16326.761719
1672.566406	16245.632813
1671.571289	16106.171875
1670.576172	16358.215820
1669.581055	16145.859375
1668.584961	16205.791992
1667.588867	15760.281250
1666.592773	15723.088867
1665.596680	16006.526367
1664.600586	15833.305664
1663.603516	16012.205078
1662.606445	16232.296875
1661.609375	16381.916992
1660.612305	15788.979492
1659.614258	15924.071289
1658.617188	15908.728516
1657.619141	15980.690430
1656.621094	15979.886719
1655.622070	16090.587891
1654.624023	16618.087891
1653.625000	16869.150391
1652.625977	16684.050781
1651.626953	16985.857422
1650.627930	16544.123047
1649.627930	16485.093750
1648.627930	16370.416016
1647.627930	16809.984375
1646.627930	17268.732422
1645.627930	17359.585938
1644.626953	17319.796875
1643.625977	17110.753906
1642.625000	17087.953125
1641.624023	17094.166016
1640.623047	17165.626953
1639.621094	17311.958984
1638.619141	16958.181641
1637.617188	17032.037109
1636.615234	17378.726563
1635.613281	17244.841797
1634.610352	17053.080078
1633.607422	17327.154297
1632.604492	17123.388672
1631.601563	17293.607422
1630.597656	17196.048828
1629.594727	16975.550781
1628.590820	17066.136719
1627.586914	17677.314453
1626.582031	17854.472656
1625.578125	18072.517578
1624.573242	18372.375000
1623.568359	18676.925781
1622.563477	18225.277344
1621.558594	18361.214844
1620.552734	17912.218750
1619.546875	17545.220703
1618.541016	17185.587891
1617.535156	17283.134766
1616.529297	17257.988281
1615.522461	17206.402344
1614.515625	17039.445313
1613.508789	17158.570313
1612.501953	17445.857422
1611.494141	17893.996094
1610.487305	18036.892578
1609.479492	18340.634766
1608.471680	18663.460938
1607.463867	18674.080078
1606.455078	18694.294922
1605.446289	18145.794922
1604.437500	18034.154297
1603.428711	18630.154297
1602.419922	18657.552734
1601.410156	19138.093750
1600.401367	19441.048828
1599.391602	19075.207031
1598.381836	19200.730469
1597.371094	19050.697266
1596.361328	19116.292969
1595.350586	19179.464844
1594.339844	19170.785156
1593.329102	18901.185547
1592.317383	19251.554688
1591.305664	19451.033203
1590.294922	20057.125000
1589.283203	20079.361328
1588.270508	20190.068359
1587.258789	19793.869141
1586.246094	19644.037109
1585.233398	19852.748047
1584.220703	19705.351563
1583.208008	19918.740234
1582.194336	19869.312500
1581.180664	20478.976563
1580.167969	20835.322266
1579.153320	21327.578125
1578.139648	21294.607422
1577.125000	20920.449219
1576.111328	20994.919922
1575.096680	20790.310547
1574.081055	20898.158203
1573.066406	20555.373047
1572.050781	20377.193359
1571.035156	20408.796875
1570.019531	20600.019531
1569.003906	20469.578125
1567.988281	20386.822266
1566.971680	20389.818359
1565.955078	20937.986328
1564.938477	20819.478516
1563.920898	20793.826172
1562.904297	20444.609375
1561.886719	20704.490234
1560.869141	20724.058594
1559.851563	20767.396484
1558.833984	21005.654297
1557.815430	21013.261719
1556.796875	21020.867188
1555.778320	20712.482422
1554.759766	20853.162109
1553.740234	21010.406250
1552.721680	21537.990234
1551.702148	21552.595703
1550.682617	21493.619141
1549.662109	21876.029297
1548.642578	21705.501953
1547.622070	21717.685547
1546.601563	21592.316406
1545.581055	22050.261719
1544.560547	22567.281250
1543.539063	22358.861328
1542.517578	22562.824219
1541.496094	22503.738281
1540.474609	22887.599609
1539.453125	23392.076172
1538.430664	23586.187500
1537.408203	23737.611328
1536.385742	23576.574219
1535.363281	23917.226563
1534.339844	24163.113281
1533.316406	24465.662109
1532.292969	24399.191406
1531.269531	24746.486328
1530.246094	24679.982422
1529.221680	24509.519531
1528.198242	24105.207031
1527.173828	24421.564453
1526.148438	24315.023438
1525.124023	24161.296875
1524.098633	24170.531250
1523.073242	24328.464844
1522.047852	24113.468750
1521.022461	23924.513672
1519.997070	24186.189453
1518.970703	24351.062500
1517.944336	23879.210938
1516.917969	24263.322266
1515.890625	24413.931641
1514.864258	24675.234375
1513.836914	24630.142578
1512.809570	25143.337891
1511.782227	25211.208984
1510.753906	25848.867188
1509.726563	26182.582031
1508.698242	26963.349609
1507.669922	27680.261719
1506.640625	27999.275391
1505.612305	28960.310547
1504.583008	29130.771484
1503.553711	29863.107422
1502.524414	30839.621094
1501.495117	31491.394531
1500.464844	31983.115234
1499.434570	32632.037109
1498.404297	32841.457031
1497.374023	33492.281250
1496.343750	33445.519531
1495.312500	33710.980469
1494.281250	33598.472656
1493.250000	33568.136719
1492.218750	33371.246094
1491.186523	32585.722656
1490.154297	32349.246094
1489.122070	31507.978516
1488.089844	31489.812500
1487.057617	30552.974609
1486.024414	30057.019531
1484.991211	29741.644531
1483.958008	28775.287109
1482.924805	28223.794922
1481.891602	27890.253906
1480.857422	27254.900391
1479.823242	27176.775391
1478.789063	26824.931641
1477.753906	26634.636719
1476.719727	26093.605469
1475.684570	25954.978516
1474.649414	26735.166016
1473.614258	26549.714844
1472.578125	26504.548828
1471.542969	26777.148438
1470.506836	26932.837891
1469.470703	27317.333984
1468.433594	27652.636719
1467.397461	27882.748047
1466.360352	28124.435547
1465.323242	28746.382813
1464.286133	29328.410156
1463.249023	29987.173828
1462.210938	30260.873047
1461.172852	30758.291016
1460.134766	31719.394531
1459.096680	32351.482422
1458.057617	33395.746094
1457.019531	33915.402344
1455.980469	34760.933594
1454.941406	35249.820313
1453.901367	36285.640625
1452.862305	36394.582031
1451.822266	37364.574219
1450.782227	37766.425781
1449.742188	38214.636719
1448.701172	39372.046875
1447.661133	39568.597656
1446.620117	40427.664063
1445.579102	40798.246094
1444.537109	40815.433594
1443.496094	41308.921875
1442.454102	41065.816406
1441.412109	41858.652344
1440.370117	41204.527344
1439.327148	40676.035156
1438.285156	39901.726563
1437.242188	39420.125000
1436.199219	38372.609375
1435.155273	37422.945313
1434.112305	36661.527344
1433.068359	35633.765625
1432.024414	34910.113281
1430.980469	34084.773438
1429.936523	33723.226563
1428.891602	33259.886719
1427.846680	32785.152344
1426.801758	31696.914063
1425.756836	31023.572266
1424.710938	30561.160156
1423.666016	29936.927734
1422.620117	29391.625000
1421.574219	29036.248047
1420.527344	28125.898438
1419.481445	27944.363281
1418.434570	27619.552734
1417.387695	26994.373047
1416.340820	26429.537109
1415.292969	26664.402344
1414.245117	26515.687500
1413.197266	26117.589844
1412.149414	25449.480469
1411.101563	25527.355469
1410.052734	25681.367188
1409.004883	25417.613281
1407.955078	24964.767578
1406.906250	25326.410156
1405.857422	25607.179688
1404.807617	25090.005859
1403.757813	25589.718750
1402.708008	25294.029297
1401.658203	25150.552734
1400.607422	25352.728516
1399.556641	25425.824219
1398.505859	25485.070313
1397.455078	25452.189453
1396.404297	25060.199219
1395.352539	25114.875000
1394.300781	24937.117188
1393.249023	24623.691406
1392.197266	24639.318359
1391.144531	24530.751953
1390.091797	24578.578125
1389.039063	24702.240234
1387.986328	24442.039063
1386.932617	24425.509766
1385.879883	24454.931641
1384.826172	24247.765625
1383.772461	24359.880859
1382.717773	24979.337891
1381.664063	25270.294922
1380.609375	25109.025391
1379.554688	25822.015625
1378.500000	26011.677734
1377.444336	25914.568359
1376.389648	26383.882813
1375.333984	26561.843750
1374.278320	26599.912109
1373.221680	26404.214844
1372.166016	26494.992188
1371.109375	26285.652344
1370.052734	26133.650391
1368.995117	26045.824219
1367.938477	25980.923828
1366.880859	25781.009766
1365.823242	25709.324219
1364.765625	25797.816406
1363.708008	25797.062500
1362.649414	26171.359375
1361.590820	26371.730469
1360.532227	26530.871094
1359.473633	26843.072266
1358.415039	27415.632813
1357.355469	27713.812500
1356.295898	28557.759766
1355.236328	28588.392578
1354.175781	29169.248047
1353.116211	29653.988281
1352.055664	29889.769531
1350.995117	30506.496094
1349.934570	30580.031250
1348.873047	31171.267578
1347.811523	31256.033203
1346.750000	31992.791016
1345.688477	31949.703125
1344.626953	32401.150391
1343.564453	32882.027344
1342.501953	32904.835938
1341.439453	32884.363281
1340.376953	33301.078125
1339.313477	33469.480469
1338.250977	34054.324219
1337.187500	34138.300781
1336.123047	34745.515625
1335.059570	35268.312500
1333.995117	35001.753906
1332.930664	35401.500000
1331.866211	36019.308594
1330.801758	35875.480469
1329.736328	36097.554688
1328.671875	35601.636719
1327.606445	35680.574219
1326.540039	35298.488281
1325.474609	34857.527344
1324.408203	34512.082031
1323.341797	34169.050781
1322.275391	33370.093750
1321.208984	32775.628906
1320.141602	32560.175781
1319.074219	32637.326172
1318.006836	32036.578125
1316.939453	31785.138672
1315.872070	31628.980469
1314.803711	31250.847656
1313.735352	31045.027344
1312.666992	30816.642578
1311.597656	31340.095703
1310.529297	31209.085938
1309.459961	31462.898438
1308.390625	31042.263672
1307.320313	31750.746094
1306.250977	31934.162109
1305.180664	31099.835938
1304.110352	31344.353516
1303.040039	31181.871094
1301.968750	31078.216797
1300.898438	30757.681641
1299.827148	30909.435547
1298.754883	30943.675781
1297.683594	30363.669922
1296.612305	29939.687500
1295.540039	29249.521484
1294.467773	29135.121094
1293.394531	28614.630859
1292.322266	28464.312500
1291.249023	28262.181641
1290.175781	27974.447266
1289.102539	28187.316406
1288.028320	27883.935547
1286.955078	28047.154297
1285.880859	27994.011719
1284.806641	28508.539063
1283.732422	28583.689453
1282.657227	28796.156250
1281.582031	29310.189453
1280.506836	30478.960938
1279.431641	31410.970703
1278.355469	32353.839844
1277.280273	33518.996094
1276.204102	35191.898438
1275.127930	37131.660156
1274.050781	38256.875000
1272.974609	40123.269531
1271.897461	41620.382813
1270.820313	43166.296875
1269.742188	44080.429688
1268.665039	45021.128906
1267.586914	44504.371094
1266.508789	44928.320313
1265.430664	43642.046875
1264.351563	42872.351563
1263.272461	41430.011719
1262.194336	39380.484375
1261.114258	37661.421875
1260.035156	36456.449219
1258.955078	34844.050781
1257.875977	33232.320313
1256.794922	32111.912109
1255.714844	31287.640625
1254.634766	30049.408203
1253.553711	29805.812500
1252.472656	29056.404297
1251.391602	28524.400391
1250.309570	27858.359375
1249.227539	27407.359375
1248.146484	26522.630859
1247.063477	26315.843750
1245.981445	25188.009766
1244.898438	24921.230469
1243.816406	24422.138672
1242.732422	24104.238281
1241.649414	23748.492188
1240.566406	23488.929688
1239.482422	22843.171875
1238.398438	22724.550781
1237.314453	22492.144531
1236.229492	22433.894531
1235.144531	22078.933594
1234.059570	21677.275391
1232.974609	21692.824219
1231.889648	21873.363281
1230.803711	21264.675781
1229.717773	21088.623047
1228.631836	21206.777344
1227.545898	21064.224609
1226.458984	21313.750000
1225.373047	21171.230469
1224.286133	21093.337891
1223.198242	21015.476563
1222.111328	21244.767578
1221.023438	21064.552734
1219.935547	20681.974609
1218.847656	20771.068359
1217.759766	20884.582031
1216.670898	20517.839844
1215.582031	20584.681641
1214.493164	20531.490234
1213.404297	20591.632813
1212.314453	20447.384766
1211.224609	20067.785156
1210.134766	20136.865234
1209.044922	20174.833984
1207.954102	20294.908203
1206.864258	20239.628906
1205.773438	20219.867188
1204.681641	20348.724609
1203.590820	20246.894531
1202.499023	20488.765625
1201.407227	20395.812500
1200.315430	20551.115234
1199.223633	20280.923828
1198.130859	20010.845703
1197.038086	19636.779297
1195.945313	19610.527344
1194.852539	19349.611328
1193.758789	19515.998047
1192.666016	20054.095703
1191.572266	19804.308594
1190.477539	20127.546875
1189.383789	19833.615234
1188.289063	20088.166016
1187.194336	19849.628906
1186.099609	19871.996094
1185.004883	19611.503906
1183.909180	19907.859375
1182.813477	19472.970703
1181.717773	19384.974609
1180.621094	19707.681641
1179.525391	19414.378906
1178.428711	19163.130859
1177.332031	19092.921875
1176.235352	19243.343750
1175.137695	19168.732422
1174.040039	19352.150391
1172.942383	19085.740234
1171.844727	19141.253906
1170.747070	19101.980469
1169.648438	19305.083984
1168.549805	18842.851563
1167.451172	18706.759766
1166.351563	18995.689453
1165.252930	18806.785156
1164.153320	19031.742188
1163.053711	19406.236328
1161.953125	19208.562500
1160.853516	19783.021484
1159.752930	19792.066406
1158.652344	20243.035156
1157.550781	19961.816406
1156.450195	20232.343750
1155.348633	20922.435547
1154.247070	21036.671875
1153.145508	20904.869141
1152.042969	21609.751953
1150.940430	22066.255859
1149.837891	22924.246094
1148.735352	24036.435547
1147.632813	25233.726563
1146.529297	26237.476563
1145.425781	27324.142578
1144.322266	28576.992188
1143.217773	29173.845703
1142.114258	28898.132813
1141.009766	28760.583984
1139.905273	28631.855469
1138.799805	27743.123047
1137.695313	26942.359375
1136.589844	26166.013672
1135.484375	25298.054688
1134.378906	24504.869141
1133.272461	23657.314453
1132.166016	22807.927734
1131.059570	22595.353516
1129.953125	22081.105469
1128.846680	21685.128906
1127.739258	21658.710938
1126.631836	21691.306641
1125.524414	21669.265625
1124.416016	21776.109375
1123.307617	21647.044922
1122.200195	21900.140625
1121.090820	21878.068359
1119.982422	21655.208984
1118.873047	21705.205078
1117.763672	21578.464844
1116.654297	21410.335938
1115.544922	21495.238281
1114.434570	21115.710938
1113.325195	21396.818359
1112.213867	21087.207031
1111.103516	21381.271484
1109.993164	21853.841797
1108.881836	21864.484375
1107.770508	21790.199219
1106.658203	21850.919922
1105.546875	22481.878906
1104.434570	22627.294922
1103.322266	22818.337891
1102.209961	23065.851563
1101.096680	23415.474609
1099.984375	23388.796875
1098.871094	23481.691406
1097.757813	23402.847656
1096.643555	23104.570313
1095.529297	22965.007813
1094.415039	22677.806641
1093.300781	22392.896484
1092.186523	22029.947266
1091.071289	21853.822266
1089.956055	21386.966797
1088.840820	21041.812500
1087.725586	21093.775391
1086.609375	20607.853516
1085.493164	20529.781250
1084.376953	20668.531250
1083.260742	20544.960938
1082.143555	20590.464844
1081.027344	20661.947266
1079.910156	20752.892578
1078.791992	20421.507813
1077.674805	20835.068359
1076.556641	21131.558594
1075.438477	20583.878906
1074.320313	20339.355469
1073.201172	20164.158203
1072.082031	20194.505859
1070.962891	19859.394531
1069.843750	19634.683594
1068.724609	19546.238281
1067.604492	19630.710938
1066.484375	19587.673828
1065.364258	19998.275391
1064.243164	19765.126953
1063.123047	19877.544922
1062.001953	20080.583984
1060.880859	20225.261719
1059.758789	20287.878906
1058.637695	20238.285156
1057.515625	20175.769531
1056.392578	19986.048828
1055.270508	20014.162109
1054.147461	19917.240234
1053.025391	19764.328125
1051.901367	19691.199219
1050.778320	19648.257813
1049.654297	19741.019531
1048.531250	19431.080078
1047.407227	19349.466797
1046.282227	19074.175781
1045.158203	18771.025391
1044.033203	18822.990234
1042.908203	18870.630859
1041.782227	18726.851563
1040.657227	18516.480469
1039.531250	18194.416016
1038.405273	18401.181641
1037.279297	17976.136719
1036.152344	17972.332031
1035.025391	17605.546875
1033.898438	17595.375000
1032.771484	17488.597656
1031.644531	17534.261719
1030.516602	18137.859375
1029.388672	18127.580078
1028.260742	18402.599609
1027.131836	18484.484375
1026.002930	18291.880859
1024.874023	18039.333984
1023.745117	18462.019531
1022.616211	18168.826172
1021.486328	18115.701172
1020.356445	18424.576172
1019.226563	18514.894531
1018.095703	18525.955078
1016.965820	18695.410156
1015.834961	18573.740234
1014.704102	18586.917969
1013.572266	18953.050781
1012.441406	18942.615234
1011.309570	19103.242188
1010.176758	19178.289063
1009.044922	19614.513672
1007.912109	20020.636719
1006.779297	20411.630859
1005.646484	20648.666016
1004.513672	21216.609375
1003.379883	21867.578125
1002.246094	21950.455078
1001.112305	22312.873047
999.978516	22003.013672
998.843750	21535.419922
997.708984	21170.398438
996.574219	20532.589844
995.439453	19796.980469
994.303711	19547.656250
993.167969	19138.611328
992.032227	19030.148438
990.896484	19051.666016
989.759766	19149.841797
988.623047	19132.996094
987.486328	18969.273438
986.349609	19092.939453
985.211914	18878.224609
984.075195	18827.408203
982.936523	18714.931641
981.798828	19104.353516
980.661133	19068.400391
979.522461	19119.611328
978.383789	19391.810547
977.244141	19272.953125
976.105469	19772.296875
974.965820	19570.578125
973.826172	19589.771484
972.685547	19515.548828
971.545898	19696.046875
970.405273	20296.615234
969.264648	20198.949219
968.124023	20438.572266
966.982422	20765.039063
965.840820	20631.287109
964.699219	20626.896484
963.557617	20667.007813
962.415039	20743.123047
961.273438	20952.660156
960.129883	20844.419922
958.987305	20795.513672
957.844727	20359.214844
956.701172	20342.179688
955.557617	20227.808594
954.413086	20033.089844
953.269531	19961.134766
952.125000	19694.652344
950.980469	19369.082031
949.835938	19394.548828
948.690430	19130.466797
947.544922	19107.371094
946.399414	18970.210938
945.253906	18839.443359
944.107422	18911.445313
942.961914	19164.970703
941.815430	19188.324219
940.667969	19184.230469
939.521484	19407.998047
938.374023	19619.009766
937.226563	19604.281250
936.078125	19450.398438
934.930664	20141.886719
933.782227	20489.548828
932.633789	20885.523438
931.485352	21346.634766
930.335938	21599.035156
929.186523	22525.164063
928.037109	22928.783203
926.887695	23155.419922
925.737305	23617.652344
924.587891	24018.671875
923.436523	23895.746094
922.286133	23787.593750
921.135742	23311.531250
919.984375	23222.464844
918.833008	22803.468750
917.680664	22096.779297
916.529297	21734.919922
915.376953	21179.982422
914.224609	20776.474609
913.071289	20287.060547
911.918945	19915.396484
910.765625	19783.128906
909.612305	19371.865234
908.458984	19080.343750
907.304688	19105.625000
906.150391	18919.121094
904.996094	18806.066406
903.841797	18621.800781
902.686523	18588.482422
901.531250	18475.566406
900.375977	18511.410156
899.220703	18654.035156
898.064453	18754.726563
896.908203	18702.570313
895.751953	18849.244141
894.595703	18826.380859
893.438477	18774.238281
892.281250	18761.853516
891.124023	18605.199219
889.966797	18638.845703
888.808594	18845.949219
887.650391	18421.904297
886.492188	18282.164063
885.333008	18171.726563
884.174805	18362.041016
883.015625	18468.761719
881.856445	18466.892578
880.696289	18314.765625
879.536133	18340.052734
878.376953	18473.800781
877.215820	18640.859375
876.055664	18488.820313
874.894531	18780.882813
873.733398	19058.228516
872.572266	19402.134766
871.410156	19302.142578
870.249023	19675.007813
869.086914	19710.355469
867.924805	19387.582031
866.761719	18971.277344
865.598633	19069.181641
864.435547	18819.574219
863.272461	18518.066406
862.109375	18291.558594
860.945313	17838.501953
859.781250	17820.121094
858.616211	17938.925781
857.452148	17856.111328
856.287109	17860.589844
855.122070	17723.822266
853.957031	17776.087891
852.791016	17705.832031
851.625000	17897.152344
850.458984	17621.443359
849.292969	17381.125000
848.125977	16968.732422
846.958984	17410.992188
845.791992	17175.017578
844.625000	17181.693359
843.457031	17430.863281
842.290039	17101.785156
841.121094	17220.343750
839.953125	17355.419922
838.784180	17256.431641
837.615234	17457.693359
836.446289	17447.730469
835.277344	17522.623047
834.107422	17324.363281
832.937500	17548.187500
831.767578	17207.300781
830.597656	17358.679688
829.426758	17472.783203
828.255859	17615.771484
827.084961	17471.466797
825.913086	17403.664063
824.742188	17664.306641
823.570313	17842.232422
822.397461	17712.451172
821.225586	17551.761719
820.052734	17395.267578
818.879883	17240.904297
817.707031	17404.283203
816.533203	16905.558594
815.359375	17054.505859
814.185547	17063.203125
813.011719	17003.878906
811.836914	17288.707031
810.662109	17686.720703
809.487305	17835.332031
808.312500	17987.998047
807.136719	18459.718750
805.961914	18692.460938
804.785156	18803.679688
803.609375	18632.968750
802.432617	18324.503906
801.255859	18269.138672
800.079102	18442.035156
798.902344	18417.501953
797.724609	18787.599609
796.546875	19017.804688
795.369141	19486.222656
794.190430	19574.449219
793.012695	19481.925781
791.833984	19609.123047
790.654297	19631.578125
789.475586	19637.605469
788.295898	19079.392578
787.116211	19013.736328
785.936523	18687.646484
784.755859	18587.242188
783.575195	18548.382813
782.394531	18345.572266
781.213867	17903.103516
780.032227	18288.486328
778.851563	18276.345703
777.668945	18153.628906
776.487305	17975.685547
775.304688	17953.380859
774.123047	18027.269531
772.939453	17980.410156
771.756836	17802.654297
770.573242	18138.300781
769.389648	18210.037109
768.206055	18089.580078
767.022461	18418.812500
765.837891	18490.437500
764.653320	18707.078125
763.468750	18878.689453
762.283203	18841.937500
761.097656	18850.113281
759.912109	19333.876953
758.726563	19790.900391
757.540039	19964.125000
756.353516	20253.544922
755.166992	20491.853516
753.980469	21007.355469
752.792969	21492.056641
751.605469	21850.183594
750.417969	22733.865234
749.230469	23594.753906
748.041992	24284.181641
746.853516	26113.642578
745.665039	27667.466797
744.476563	29751.865234
743.287109	31774.310547
742.097656	33144.820313
740.908203	34911.390625
739.717773	35843.386719
738.527344	36189.406250
737.336914	36354.359375
736.146484	36252.996094
734.955078	35196.683594
733.763672	33976.273438
732.572266	32983.867188
731.380859	32576.697266
730.188477	31641.863281
728.996094	30821.095703
727.803711	29552.212891
726.611328	29111.640625
725.417969	27997.832031
724.224609	27225.199219
723.031250	26191.351563
721.836914	25624.175781
720.643555	25565.929688
719.449219	25465.154297
718.253906	25222.621094
717.059570	25055.126953
715.864258	24907.951172
714.668945	24772.986328
713.473633	24943.699219
712.277344	24588.214844
711.081055	24392.707031
709.884766	23926.244141
708.687500	23819.941406
707.491211	23687.398438
706.293945	23666.087891
705.096680	23899.419922
703.898438	23682.082031
702.700195	23866.824219
701.501953	23061.878906
700.303711	23093.216797
699.105469	22799.525391
697.906250	22901.542969
696.707031	23259.783203
695.506836	24091.957031
694.307617	24538.527344
693.107422	24617.890625
691.907227	25346.404297
690.706055	26000.017578
689.505859	27628.714844
688.304688	29027.015625
687.102539	30001.695313
685.901367	31282.062500
684.699219	32511.535156
683.497070	33949.828125
682.294922	35463.968750
681.091797	37208.847656
679.889648	38411.816406
678.685547	38461.789063
677.482422	38202.066406
676.278320	37630.843750
675.075195	36913.140625
673.870117	36071.152344
672.666016	35637.375000
671.460938	34870.347656
670.255859	34509.312500
669.050781	33616.371094
667.845703	33125.281250
666.639648	32072.470703
665.433594	31024.128906
664.226563	30993.302734
663.020508	30761.927734
661.813477	30286.021484
660.606445	29860.437500
659.398438	29619.433594
658.191406	28809.435547
656.983398	28140.029297
655.775391	27543.019531
654.566406	26601.830078
653.358398	25931.333984
652.149414	25587.400391
650.939453	24891.398438
649.730469	24333.751953
648.520508	24202.425781
647.310547	23571.171875
646.099609	23380.082031
644.889648	22727.289063
643.678711	22642.390625
642.467773	22193.855469
641.255859	21645.626953
640.044922	21061.685547
638.833008	20360.181641
637.620117	20415.632813
636.408203	20772.457031
635.195313	20452.625000
633.982422	20332.445313
632.769531	20278.140625
631.555664	20357.474609
630.341797	20496.587891
629.127930	20408.392578
627.914063	20358.099609
626.699219	20813.929688
625.484375	21028.515625
624.269531	21408.314453
623.053711	21262.261719
621.838867	20899.277344
620.622070	21591.335938
619.406250	21717.955078
618.190430	21474.474609
616.973633	21527.464844
615.756836	21317.935547
614.539063	21241.703125
613.321289	21465.652344
612.104492	21510.642578
610.885742	21215.859375
609.667969	20575.560547
608.449219	20443.958984
607.230469	20796.892578
606.011719	20891.601563
604.791992	20660.777344
603.572266	20509.423828
602.352539	20072.462891
601.132813	19869.732422
599.912109	19460.861328
598.691406	19173.101563
597.470703	19428.562500
596.249023	18800.085938
595.028320	18550.298828
593.805664	18019.347656
592.583984	18124.324219
591.362305	17868.906250
590.139648	17413.667969
588.916992	17174.347656
587.693359	17427.810547
586.469727	17192.544922
585.246094	17323.269531
584.022461	17645.736328
582.798828	17843.515625
581.574219	18246.759766
580.349609	18549.048828
579.125000	18600.302734
577.899414	19101.871094
576.673828	18931.808594
575.448242	19413.337891
574.221680	19462.378906
572.996094	19568.626953
571.769531	19595.904297
570.541992	19804.648438
569.315430	20135.570313
568.087891	20405.224609
566.860352	20349.496094
565.632813	20279.996094
564.404297	20212.496094
563.175781	20474.009766
561.947266	20292.259766
560.717773	20478.814453
559.489258	20694.814453
558.259766	20521.003906
557.029297	20931.710938
555.799805	21241.900391
554.569336	21190.033203
553.338867	21041.826172
552.107422	21316.392578
550.876953	20873.371094
549.645508	20925.779297
548.413086	20551.802734
547.181641	20297.816406
545.949219	19517.603516
544.716797	19036.185547
543.484375	18637.425781
542.250977	18407.628906
541.017578	18228.949219
539.784180	18536.867188
538.550781	18787.769531
537.316406	18413.027344
536.082031	17995.318359
534.847656	17740.476563
533.612305	17801.246094
532.376953	18126.476563
531.141602	18114.658203
529.906250	17928.550781
528.669922	17515.406250
527.433594	17648.578125
526.197266	17924.554688
524.959961	18263.019531
523.722656	18724.574219
522.485352	19009.906250
521.248047	20769.423828
520.009766	21452.976563
518.771484	21346.623047
517.533203	20519.279297
516.294922	19746.998047
515.055664	19135.216797
513.816406	18838.093750
512.577148	18314.632813
511.336914	18283.273438
510.096680	18441.218750
508.856445	19055.632813
507.616211	19734.144531
506.375000	19702.496094
505.133789	20119.298828
503.892578	20130.460938
502.650391	19948.679688
