1802.297852	4789.666504
1801.329102	5031.896484
1800.359375	4793.703125
1799.390625	4870.128418
1798.420898	4849.189941
1797.451172	4975.477539
1796.480469	4802.347168
1795.510742	4432.242188
1794.540039	4386.469238
1793.569336	4343.207520
1792.598633	4489.410645
1791.627930	4553.311523
1790.656250	4856.393066
1789.684570	4783.176270
1788.712891	4620.322266
1787.741211	4447.571777
1786.769531	4362.031250
1785.797852	4570.255371
1784.825195	4614.139160
1783.852539	4894.388672
1782.879883	5129.746094
1781.907227	5161.054199
1780.933594	5038.170898
1779.959961	5134.126953
1778.986328	5587.994141
1778.012695	5663.919434
1777.039063	5687.633789
1776.064453	5199.578613
1775.090820	5032.125000
1774.116211	4827.489258
1773.141602	4754.522461
1772.166016	4862.791016
1771.191406	4889.117188
1770.215820	5396.802246
1769.240234	5695.897461
1768.264648	5846.055176
1767.289063	5780.409668
1766.312500	5900.737793
1765.336914	6157.351563
1764.360352	6146.205078
1763.383789	6152.407227
1762.406250	6153.652344
1761.429688	5823.002441
1760.452148	5616.300781
1759.474609	5634.981934
1758.497070	5903.664063
1757.519531	6112.841797
1756.541016	6445.652344
1755.563477	6872.335449
1754.584961	7083.665527
1753.606445	6763.247559
1752.626953	6541.852051
1751.648438	6149.986816
1750.668945	6062.255859
1749.689453	5974.560059
1748.709961	6373.562012
1747.730469	6604.452148
1746.750000	6469.781250
1745.769531	6475.890137
1744.789063	6037.685547
1743.808594	5794.620605
1742.828125	5884.751465
1741.846680	5974.846191
1740.866211	6030.375000
1739.884766	6132.733398
1738.903320	5966.319336
1737.920898	5893.638672
1736.939453	5774.163086
1735.957031	5736.044922
1734.974609	5584.623535
1733.992188	5856.889160
1733.009766	5909.887207
1732.026367	6425.711914
1731.042969	6313.655762
1730.059570	6117.971191
1729.076172	5969.113770
1728.092773	5662.876953
1727.108398	5519.089355
1726.125000	5699.945801
1725.140625	5998.737793
1724.155273	6339.195313
1723.170898	6610.705078
1722.185547	6525.837891
1721.201172	6325.548340
1720.215820	6255.507813
1719.230469	6023.430176
1718.244141	5963.298340
1717.258789	5981.735840
1716.272461	6169.495605
1715.286133	6317.922363
1714.299805	6314.198730
1713.312500	6594.975586
1712.326172	6743.226074
1711.338867	7259.155273
1710.351563	7412.114258
1709.364258	7616.473633
1708.375977	7673.744141
1707.388672	7456.633789
1706.400391	7513.912598
1705.412109	7637.280762
1704.422852	8029.894531
1703.434570	8314.653320
1702.445313	9047.125977
1701.457031	9610.483398
1700.466797	9960.796875
1699.477539	10161.783203
1698.488281	10604.760742
1697.498047	10800.645508
1696.507813	10803.358398
1695.517578	10842.726563
1694.527344	10532.697266
1693.536133	10572.102539
1692.545898	10699.411133
1691.554688	10843.760742
1690.563477	10897.724609
1689.572266	11095.670898
1688.580078	10671.270508
1687.587891	10566.649414
1686.595703	10571.837891
1685.603516	10806.270508
1684.611328	10589.522461
1683.618164	10114.453125
1682.625977	9975.924805
1681.632813	9262.362305
1680.639648	9131.369141
1679.645508	9229.397461
1678.652344	9373.657227
1677.658203	9303.590820
1676.664063	9423.433594
1675.669922	9582.168945
1674.675781	9521.834961
1673.680664	9298.520508
1672.685547	9206.646484
1671.690430	8944.574219
1670.695313	8967.083984
1669.700195	9045.495117
1668.704102	8518.694336
1667.708008	8312.859375
1666.711914	8039.082520
1665.715820	8338.652344
1664.719727	8225.258789
1663.722656	8209.030273
1662.725586	8370.015625
1661.728516	8040.679688
1660.731445	7670.225098
1659.733398	7666.250488
1658.736328	7914.532715
1657.738281	7779.556641
1656.740234	7879.816895
1655.741211	8156.993164
1654.743164	8099.603027
1653.744141	8282.121094
1652.745117	8261.067383
1651.746094	7992.966309
1650.747070	7710.442871
1649.747070	7716.147949
1648.748047	7765.422363
1647.748047	7969.565918
1646.748047	8587.388672
1645.747070	8075.207031
1644.747070	8211.439453
1643.746094	7892.995605
1642.745117	8079.980957
1641.744141	8090.433105
1640.742188	8219.300781
1639.741211	7985.679199
1638.739258	7720.746582
1637.737305	7627.405273
1636.735352	7869.754395
1635.732422	8020.262695
1634.730469	7852.087891
1633.727539	7775.686523
1632.724609	7696.902832
1631.721680	7774.952148
1630.717773	7956.678711
1629.713867	7530.669434
1628.710938	7620.758301
1627.707031	7872.305664
1626.702148	7957.468262
1625.698242	8485.925781
1624.693359	8551.657227
1623.688477	8537.883789
1622.683594	8312.215820
1621.678711	8132.381348
1620.672852	7776.910156
1619.666992	7440.833984
1618.661133	7446.544922
1617.655273	7370.465332
1616.649414	7556.563477
1615.642578	7408.356445
1614.635742	7265.016602
1613.628906	7434.196777
1612.622070	7490.363770
1611.615234	7849.232910
1610.607422	8147.903320
1609.599609	8571.335938
1608.591797	8449.542969
1607.583984	8443.028320
1606.576172	8342.910156
1605.567383	7933.276367
1604.558594	7864.490723
1603.549805	8225.097656
1602.541016	8501.620117
1601.531250	8897.916992
1600.521484	8828.989258
1599.511719	8803.230469
1598.501953	8561.819336
1597.492188	8574.456055
1596.481445	8594.274414
1595.471680	8954.144531
1594.460938	9107.957031
1593.449219	9446.032227
1592.438477	10023.302734
1591.426758	10315.588867
1590.415039	10763.259766
1589.403320	11249.017578
1588.391602	10921.503906
1587.379883	10649.113281
1586.367188	10572.847656
1585.354492	10365.166016
1584.341797	10489.702148
1583.329102	10243.896484
1582.315430	10155.830078
1581.302734	10096.455078
1580.289063	10545.643555
1579.274414	10541.113281
1578.260742	10056.889648
1577.247070	9935.542969
1576.232422	9518.434570
1575.217773	9626.213867
1574.203125	9388.181641
1573.187500	9057.264648
1572.172852	8771.771484
1571.157227	8777.136719
1570.141602	9020.766602
1569.125000	8899.823242
1568.109375	9207.633789
1567.092773	9370.065430
1566.076172	9394.347656
1565.059570	9156.791992
1564.042969	9083.537109
1563.025391	9031.724609
1562.008789	9396.220703
1560.991211	9239.718750
1559.973633	9489.887695
1558.955078	9352.448242
1557.937500	9357.674805
1556.918945	9020.702148
1555.900391	9092.518555
1554.881836	9038.409180
1553.862305	9399.931641
1552.842773	9666.329102
1551.824219	9709.465820
1550.804688	9605.429688
1549.784180	9752.971680
1548.764648	9463.912109
1547.744141	9243.758789
1546.723633	9118.555664
1545.703125	9422.564453
1544.682617	9631.625000
1543.661133	9364.212891
1542.639648	9369.414063
1541.618164	9270.371094
1540.596680	9616.670898
1539.575195	9726.014648
1538.552734	9956.064453
1537.530273	10313.847656
1536.507813	10472.681641
1535.485352	10702.436523
1534.461914	10622.184570
1533.439453	10463.911133
1532.416016	10544.544922
1531.392578	10506.929688
1530.368164	10388.959961
1529.344727	10339.575195
1528.320313	10117.720703
1527.295898	9952.653320
1526.271484	10215.154297
1525.246094	10028.879883
1524.221680	9960.728516
1523.196289	10206.541992
1522.170898	10355.496094
1521.145508	10251.924805
1520.119141	10117.728516
1519.092773	9950.567383
1518.067383	9924.956055
1517.040039	9911.141602
1516.013672	10243.822266
1514.987305	9921.234375
1513.959961	9726.007813
1512.932617	9886.559570
1511.905273	9903.380859
1510.876953	10028.509766
1509.849609	10285.421875
1508.821289	10059.718750
1507.792969	10497.715820
1506.763672	10584.974609
1505.735352	10655.732422
1504.706055	10942.823242
1503.676758	11006.422852
1502.647461	11234.553711
1501.618164	11450.838867
1500.587891	11495.495117
1499.557617	11605.915039
1498.527344	11821.989258
1497.497070	11908.811523
1496.466797	12026.121094
1495.435547	12260.754883
1494.404297	12115.082031
1493.373047	11941.309570
1492.341797	12053.822266
1491.309570	11877.786133
1490.278320	11800.314453
1489.246094	11406.356445
1488.213867	11427.463867
1487.180664	10975.151367
1486.148438	10928.385742
1485.115234	10820.729492
1484.082031	10877.069336
1483.047852	10579.789063
1482.014648	10675.954102
1480.980469	10793.145508
1479.946289	10800.296875
1478.912109	10657.699219
1477.877930	10459.015625
1476.842773	10643.979492
1475.808594	11125.835938
1474.773438	11102.516602
1473.738281	11376.053711
1472.702148	11852.789063
1471.666992	11990.545898
1470.630859	12420.240234
1469.594727	12875.447266
1468.557617	13288.437500
1467.521484	13976.729492
1466.484375	14613.390625
1465.447266	15221.787109
1464.410156	16186.894531
1463.373047	16727.072266
1462.334961	17229.712891
1461.296875	18163.500000
1460.258789	18385.898438
1459.220703	18934.501953
1458.182617	19795.125000
1457.143555	19751.460938
1456.104492	19987.322266
1455.065430	20386.099609
1454.026367	20235.234375
1452.986328	20168.232422
1451.946289	20199.003906
1450.906250	20536.908203
1449.866211	20737.416016
1448.826172	21330.917969
1447.785156	21538.154297
1446.744141	22117.296875
1445.703125	22677.605469
1444.662109	22807.742188
1443.620117	23181.792969
1442.578125	23056.234375
1441.537109	23121.177734
1440.494141	22835.457031
1439.452148	22201.609375
1438.409180	21451.962891
1437.367188	20658.531250
1436.323242	19999.996094
1435.280273	19079.601563
1434.237305	18481.958984
1433.193359	17763.984375
1432.149414	17213.220703
1431.105469	16444.806641
1430.061523	16091.511719
1429.016602	15553.011719
1427.971680	15047.161133
1426.926758	14395.617188
1425.881836	14228.262695
1424.835938	13910.504883
1423.791016	13768.776367
1422.745117	13418.845703
1421.699219	13330.485352
1420.652344	13235.222656
1419.606445	13320.377930
1418.559570	13232.089844
1417.512695	13333.390625
1416.465820	13201.223633
1415.417969	13106.081055
1414.371094	13311.300781
1413.323242	13454.073242
1412.275391	13437.449219
1411.226563	13503.946289
1410.178711	13277.262695
1409.129883	13438.383789
1408.081055	13216.420898
1407.032227	13319.815430
1405.982422	13300.927734
1404.933594	13392.731445
1403.883789	13311.587891
1402.833984	13306.541992
1401.783203	13216.230469
1400.733398	13123.651367
1399.682617	13061.055664
1398.631836	13104.426758
1397.581055	12809.297852
1396.529297	12873.419922
1395.478516	12707.350586
1394.426758	12644.901367
1393.375000	12667.602539
1392.322266	12237.151367
1391.270508	12250.726563
1390.217773	12287.289063
1389.165039	12015.796875
1388.112305	11870.823242
1387.058594	11640.888672
1386.005859	11583.351563
1384.952148	11208.865234
1383.898438	11454.566406
1382.843750	11314.447266
1381.790039	11383.272461
1380.735352	11660.915039
1379.680664	11791.591797
1378.625977	11890.097656
1377.570313	12034.432617
1376.515625	12169.536133
1375.459961	12228.925781
1374.404297	12396.021484
1373.347656	12150.543945
1372.291992	12351.954102
1371.235352	12331.077148
1370.178711	12479.689453
1369.122070	12506.879883
1368.064453	12435.617188
1367.007813	12316.317383
1365.950195	12265.717773
1364.892578	12359.276367
1363.833984	12059.357422
1362.776367	12292.422852
1361.717773	12264.731445
1360.659180	12442.792969
1359.600586	12463.077148
1358.541016	12359.958984
1357.482422	12359.688477
1356.422852	12608.388672
1355.363281	12822.729492
1354.302734	12991.317383
1353.243164	13461.153320
1352.182617	13684.311523
1351.122070	13950.731445
1350.060547	14164.569336
1349.000000	14759.215820
1347.938477	15360.457031
1346.876953	15541.950195
1345.815430	16183.808594
1344.753906	16399.238281
1343.691406	16676.097656
1342.628906	17349.210938
1341.566406	17981.050781
1340.503906	18473.726563
1339.441406	18952.539063
1338.377930	19642.830078
1337.314453	20412.482422
1336.250977	20656.250000
1335.186523	21427.644531
1334.123047	21950.828125
1333.058594	21969.021484
1331.994141	22094.048828
1330.928711	21955.376953
1329.864258	21548.626953
1328.798828	21282.898438
1327.733398	20576.626953
1326.667969	20120.447266
1325.601563	19226.259766
1324.536133	18568.519531
1323.469727	17954.169922
1322.403320	16942.992188
1321.335938	16415.439453
1320.269531	15842.741211
1319.202148	15490.241211
1318.134766	15069.871094
1317.067383	14534.073242
1315.999023	14637.572266
1314.930664	14328.660156
1313.863281	14250.934570
1312.793945	14184.563477
1311.725586	14285.782227
1310.656250	14420.916016
1309.587891	14417.924805
1308.517578	14500.925781
1307.448242	14552.216797
1306.378906	14587.651367
1305.308594	14491.901367
1304.238281	14412.018555
1303.167969	14323.125000
1302.096680	14410.557617
1301.026367	14161.263672
1299.955078	14070.215820
1298.883789	13963.393555
1297.811523	13626.274414
1296.740234	13494.750977
1295.667969	13230.101563
1294.595703	12832.406250
1293.523438	12870.356445
1292.450195	12551.856445
1291.376953	12973.271484
1290.303711	12652.625977
1289.230469	12828.102539
1288.157227	12951.663086
1287.083008	12908.408203
1286.008789	12696.187500
1284.934570	13015.674805
1283.860352	13035.491211
1282.785156	13071.060547
1281.710938	13563.612305
1280.635742	13443.753906
1279.559570	13825.757813
1278.484375	13746.389648
1277.408203	13766.024414
1276.332031	13970.058594
1275.255859	13751.305664
1274.179688	13732.709961
1273.102539	14057.985352
1272.025391	13841.595703
1270.948242	13742.114258
1269.871094	14127.826172
1268.793945	14070.992188
1267.715820	14180.321289
1266.637695	14195.328125
1265.559570	14158.710938
1264.480469	14353.212891
1263.401367	14098.978516
1262.323242	13761.865234
1261.243164	13889.055664
1260.164063	13742.684570
1259.083984	13513.440430
1258.004883	13338.074219
1256.924805	12743.811523
1255.843750	12376.036133
1254.763672	12066.641602
1253.682617	11907.392578
1252.601563	11698.959961
1251.520508	11483.899414
1250.438477	11239.837891
1249.357422	10962.319336
1248.275391	10731.886719
1247.193359	10872.772461
1246.110352	10606.680664
1245.028320	10644.705078
1243.945313	10490.514648
1242.862305	10501.734375
1241.779297	10450.397461
1240.695313	10483.954102
1239.611328	10490.700195
1238.527344	10187.118164
1237.443359	10240.795898
1236.359375	10412.725586
1235.274414	10196.363281
1234.189453	10517.685547
1233.104492	10245.634766
1232.019531	10147.617188
1230.933594	10301.549805
1229.847656	10107.721680
1228.761719	10274.967773
1227.675781	10304.013672
1226.588867	10188.263672
1225.502930	10101.511719
1224.416016	10337.638672
1223.328125	10241.986328
1222.241211	10291.036133
1221.153320	10291.112305
1220.065430	10320.108398
1218.977539	10211.192383
1217.889648	10322.468750
1216.800781	10100.210938
1215.711914	9995.852539
1214.623047	10198.217773
1213.534180	10211.639648
1212.444336	10133.978516
1211.355469	10182.942383
1210.265625	10294.057617
1209.174805	10342.965820
1208.084961	10127.728516
1206.994141	10380.804688
1205.903320	10307.638672
1204.812500	10409.736328
1203.720703	10283.370117
1202.629883	10345.518555
1201.538086	10565.030273
1200.446289	10303.514648
1199.353516	10385.561523
1198.261719	10367.880859
1197.168945	10040.122070
1196.076172	9765.646484
1194.983398	9982.786133
1193.889648	10129.001953
1192.795898	10374.743164
1191.702148	10509.751953
1190.608398	10624.793945
1189.514648	10423.521484
1188.419922	10697.738281
1187.325195	10496.533203
1186.230469	10434.658203
1185.135742	10425.843750
1184.040039	10397.148438
1182.944336	10264.647461
1181.848633	10127.784180
1180.752930	10165.406250
1179.656250	10123.541992
1178.559570	10019.897461
1177.462891	9854.512695
1176.366211	9905.394531
1175.268555	9680.548828
1174.171875	10004.886719
1173.074219	9720.585938
1171.975586	9747.204102
1170.877930	9769.402344
1169.779297	9615.325195
1168.680664	9877.653320
1167.582031	9932.844727
1166.483398	9723.779297
1165.383789	9767.970703
1164.284180	9816.545898
1163.184570	9887.105469
1162.084961	9997.236328
1160.984375	9999.538086
1159.883789	10135.988281
1158.783203	9823.843750
1157.682617	10028.417969
1156.581055	10173.565430
1155.480469	10105.510742
1154.378906	10063.845703
1153.276367	10202.303711
1152.174805	10039.857422
1151.072266	10108.005859
1149.969727	9954.426758
1148.867188	10059.870117
1147.764648	10174.044922
1146.661133	10132.422852
1145.557617	10095.204102
1144.454102	10268.500977
1143.349609	10248.806641
1142.246094	10375.969727
1141.141602	10290.518555
1140.037109	10266.448242
1138.932617	10376.001953
1137.827148	10323.452148
1136.721680	10170.208008
1135.616211	10264.387695
1134.510742	10183.441406
1133.404297	10146.291016
1132.298828	10297.293945
1131.192383	10120.153320
1130.084961	10163.946289
1128.978516	9962.858398
1127.871094	9986.993164
1126.763672	10091.974609
1125.656250	10227.500977
1124.548828	10142.340820
1123.440430	10389.180664
1122.332031	10242.882813
1121.223633	10216.713867
1120.115234	10258.215820
1119.005859	10358.617188
1117.896484	10369.527344
1116.787109	10666.172852
1115.677734	10711.904297
1114.567383	11154.430664
1113.457031	11437.641602
1112.346680	11807.909180
1111.236328	12149.692383
1110.125000	12911.776367
1109.014648	13527.611328
1107.903320	14053.907227
1106.791016	15080.710938
1105.679688	15930.774414
1104.567383	16669.494141
1103.455078	17429.658203
1102.342773	17978.500000
1101.230469	18450.992188
1100.117188	18764.558594
1099.003906	18895.384766
1097.890625	18878.361328
1096.776367	19022.142578
1095.663086	18707.464844
1094.548828	17982.400391
1093.434570	17238.095703
1092.319336	16815.431641
1091.205078	15937.103516
1090.089844	15128.590820
1088.974609	14287.873047
1087.858398	13512.586914
1086.743164	12956.680664
1085.626953	12312.104492
1084.510742	11867.249023
1083.394531	11491.940430
1082.277344	11047.443359
1081.160156	10765.625977
1080.042969	10637.720703
1078.925781	10501.205078
1077.807617	10256.487305
1076.690430	10031.355469
1075.572266	9940.501953
1074.453125	9773.953125
1073.334961	10033.655273
1072.215820	10029.374023
1071.096680	9731.000977
1069.977539	9856.502930
1068.858398	9990.596680
1067.738281	9977.680664
1066.618164	10109.531250
1065.498047	10059.872070
1064.376953	10062.065430
1063.256836	10046.983398
1062.135742	10120.417969
1061.014648	10211.086914
1059.892578	10105.350586
1058.771484	10183.039063
1057.649414	10413.838867
1056.527344	10493.583984
1055.404297	10338.285156
1054.282227	10109.761719
1053.159180	9963.228516
1052.036133	10109.794922
1050.912109	10202.442383
1049.789063	10211.053711
1048.665039	10215.352539
1047.541016	10193.815430
1046.416992	10372.460938
1045.291992	10310.011719
1044.166992	10109.891602
1043.041992	10006.653320
1041.916992	10075.504883
1040.791992	9993.816406
1039.666016	10180.873047
1038.540039	10200.208984
1037.413086	9972.428711
1036.287109	9953.130859
1035.160156	9850.074219
1034.033203	9682.637695
1032.906250	9633.353516
1031.779297	9702.147461
1030.651367	9987.661133
1029.523438	10122.862305
1028.395508	10354.537109
1027.266602	10260.122070
1026.137695	10540.984375
1025.009766	10347.955078
1023.879883	10611.533203
1022.750977	10652.140625
1021.621094	10645.597656
1020.491211	10677.612305
1019.361328	10784.564453
1018.231445	10688.071289
1017.100586	10649.415039
1015.969727	10773.424805
1014.838867	10728.345703
1013.708008	10604.134766
1012.576172	10710.961914
1011.444336	10550.454102
1010.312500	10612.351563
1009.180664	10603.688477
1008.047852	10488.179688
1006.915039	10594.915039
1005.782227	10492.272461
1004.649414	10498.586914
1003.515625	10445.115234
1002.381836	10579.517578
1001.248047	10464.157227
1000.114258	10528.083008
998.979492	10308.248047
997.844727	10178.085938
996.709961	10097.024414
995.575195	9979.753906
994.439453	10056.500000
993.303711	9851.912109
992.167969	9715.590820
991.032227	9805.123047
989.895508	9932.952148
988.758789	10073.500977
987.622070	10177.799805
986.485352	10043.678711
985.347656	10135.171875
984.210938	10128.762695
983.073242	9984.100586
981.934570	10383.893555
980.796875	10247.742188
979.658203	10353.970703
978.519531	10564.286133
977.380859	10742.641602
976.241211	10791.339844
975.101563	10876.121094
973.961914	10841.956055
972.822266	11039.204102
971.681641	11234.245117
970.541992	11777.213867
969.400391	12190.535156
968.259766	12304.601563
967.119141	12325.310547
965.977539	12507.145508
964.835938	12487.524414
963.694336	12412.808594
962.551758	12465.256836
961.409180	12399.049805
960.266602	12150.725586
959.124023	11972.384766
957.980469	11686.149414
956.837891	11690.009766
955.694336	11774.281250
954.549805	11452.301758
953.406250	11339.868164
952.261719	11297.270508
951.117188	11345.607422
949.972656	11188.875000
948.827148	11070.250000
947.681641	10691.776367
946.536133	11021.167969
945.390625	10961.791016
944.245117	10938.337891
943.098633	11147.125000
941.952148	11332.604492
940.804688	11351.290039
939.658203	11504.998047
938.510742	11618.560547
937.363281	11928.206055
936.215820	12315.733398
935.067383	12637.745117
933.919922	13168.270508
932.770508	13780.747070
931.622070	14154.905273
930.473633	14836.415039
929.324219	15414.448242
928.174805	16183.821289
927.025391	16199.310547
925.875000	16654.621094
924.724609	16688.937500
923.574219	16655.923828
922.423828	15857.393555
921.272461	15235.827148
920.122070	14860.482422
918.969727	14266.714844
917.818359	13671.098633
916.666992	13094.643555
915.514648	12692.767578
914.362305	12423.360352
913.208984	11541.010742
912.056641	11546.940430
910.903320	11464.724609
909.750000	11015.364258
908.596680	10975.250977
907.442383	10603.785156
906.288086	10718.939453
905.133789	10766.959961
903.979492	10511.050781
902.824219	10477.371094
901.668945	10412.279297
900.513672	10083.297852
899.358398	10345.000977
898.202148	10428.627930
897.045898	10284.056641
895.889648	10388.588867
894.733398	10112.268555
893.576172	10313.017578
892.419922	10298.261719
891.261719	9997.044922
890.104492	10268.766602
888.946289	10107.720703
887.789063	9936.294922
886.629883	9944.612305
885.471680	9825.512695
884.312500	9952.883789
883.153320	10203.382813
881.994141	10032.116211
880.834961	10165.620117
879.674805	9971.482422
878.514648	9593.852539
877.354492	9806.616211
876.194336	9829.537109
875.033203	9769.057617
873.872070	9939.959961
872.710938	9889.900391
871.548828	9900.281250
870.387695	10087.706055
869.225586	10089.708008
868.063477	9748.169922
866.900391	9958.403320
865.737305	10068.650391
864.574219	9766.868164
863.411133	9667.000000
862.248047	9662.846680
861.083984	9409.168945
859.919922	9563.070313
858.755859	9621.293945
857.590820	9687.804688
856.425781	9706.500977
855.260742	9718.958008
854.095703	9864.317383
852.930664	9905.800781
851.764648	9980.478516
850.598633	9756.272461
849.431641	9606.858398
848.265625	9474.103516
847.098633	9557.103516
845.931641	9579.934570
844.764648	9752.019531
843.596680	9604.836914
842.428711	9608.989258
841.260742	9648.361328
840.092773	9855.494141
838.923828	9865.801758
837.754883	9886.457031
836.585938	9923.662109
835.416992	9892.554688
834.247070	9846.976563
833.077148	10016.560547
831.907227	9958.564453
830.737305	9735.168945
829.566406	9857.116211
828.395508	9728.915039
827.224609	9813.614258
826.052734	9788.776367
824.881836	10084.113281
823.709961	10329.758789
822.538086	10352.312500
821.365234	9980.585938
820.192383	10013.522461
819.019531	9992.797852
817.846680	9656.456055
816.673828	9837.936523
815.500000	9600.749023
814.326172	9654.344727
813.151367	9716.161133
811.977539	10107.659180
810.802734	10161.109375
809.627930	10344.302734
808.453125	10216.454102
807.277344	10444.851563
806.101563	10477.595703
804.925781	10281.883789
803.750000	10032.758789
802.573242	9995.625977
801.396484	9876.240234
800.219727	10303.868164
799.042969	10332.484375
797.865234	10091.834961
796.687500	10541.742188
795.509766	10855.858398
794.331055	10806.275391
793.153320	10795.730469
791.974609	10563.450195
790.795898	10536.539063
789.616211	10470.646484
788.436523	10232.428711
787.256836	10367.663086
786.077148	10506.941406
784.897461	10449.310547
783.716797	10381.454102
782.536133	10034.879883
781.354492	9987.632813
780.173828	10057.182617
778.992188	10247.549805
777.810547	10071.271484
776.628906	10382.348633
775.446289	9888.837891
774.263672	9976.749023
773.081055	10050.299805
771.898438	10295.649414
770.714844	10086.862305
769.531250	10278.934570
768.347656	10207.207031
767.163086	10523.844727
765.979492	10817.867188
764.794922	10923.806641
763.609375	10880.595703
762.424805	10978.306641
761.239258	11176.015625
760.053711	11457.329102
758.868164	11611.991211
757.681641	12152.208984
756.495117	12439.246094
755.308594	12687.408203
754.122070	13086.348633
752.934570	13466.769531
751.748047	14152.743164
750.559570	14936.227539
749.372070	15727.521484
748.183594	17092.849609
746.995117	19361.732422
745.806641	21275.380859
744.618164	23855.837891
743.428711	26422.966797
742.239258	28449.812500
741.049805	30190.996094
739.859375	31313.175781
738.669922	31627.654297
737.479492	31732.611328
736.288086	31103.826172
735.097656	30389.968750
733.906250	30610.917969
732.714844	30933.322266
731.523438	31024.091797
730.331055	31790.876953
729.138672	32555.296875
727.946289	33293.003906
726.753906	33762.578125
725.560547	34302.937500
724.367188	33518.781250
723.173828	31775.923828
721.979492	30216.259766
720.786133	28150.601563
719.591797	25048.400391
718.396484	22449.943359
717.202148	19917.421875
716.006836	18248.615234
714.811523	16669.607422
713.616211	15761.244141
712.419922	14847.202148
711.223633	14176.335938
710.027344	13232.691406
708.831055	13183.306641
707.633789	13218.861328
706.436523	13141.200195
705.239258	12966.565430
704.041016	12832.416016
702.843750	12348.847656
701.645508	12132.083008
700.447266	11491.375977
699.248047	11357.660156
698.048828	11238.129883
696.849609	11615.055664
695.650391	11923.222656
694.450195	11999.296875
693.250000	11621.604492
692.049805	11869.083008
690.849609	12116.452148
689.648438	12976.357422
688.447266	13203.228516
687.246094	13363.526367
686.044922	13330.412109
684.842773	13329.528320
683.640625	13682.946289
682.438477	14311.943359
681.235352	14775.665039
680.033203	14995.758789
678.829102	14574.139648
677.625977	14090.366211
676.422852	13562.570313
675.218750	13195.806641
674.014648	13190.925781
672.809570	13121.754883
671.604492	13705.443359
670.400391	13616.105469
669.194336	13631.212891
667.989258	13379.329102
666.783203	13051.288086
665.577148	12849.801758
664.371094	13226.155273
663.164063	13508.078125
661.957031	13878.107422
660.750000	14213.893555
659.542969	14182.737305
658.334961	14129.550781
657.127930	14150.515625
655.918945	14181.484375
654.710938	14170.384766
653.501953	14451.604492
652.292969	14352.373047
651.083984	14497.340820
649.875000	14450.163086
648.665039	14537.032227
647.455078	14379.865234
646.244141	13826.855469
645.034180	13729.883789
643.823242	13493.044922
642.612305	13170.384766
641.400391	12903.803711
640.189453	12533.473633
638.977539	12173.290039
637.765625	12326.361328
636.552734	12649.030273
635.339844	12570.436523
634.126953	12657.477539
632.914063	12560.962891
631.700195	13182.443359
630.487305	13686.012695
629.272461	14175.407227
628.058594	14606.790039
626.843750	15446.461914
625.628906	15684.138672
624.414063	15698.639648
623.199219	15187.437500
621.983398	14805.861328
620.767578	14279.152344
619.551758	14059.126953
618.334961	13502.965820
617.118164	13159.879883
615.901367	12534.552734
614.684570	12323.049805
613.466797	11996.346680
612.249023	11667.797852
611.031250	11128.778320
609.813477	10705.208984
608.594727	10603.566406
607.375977	10734.285156
606.157227	10811.345703
604.937500	10808.982422
603.717773	10733.198242
602.498047	10461.042969
601.278320	10625.365234
600.057617	10521.907227
598.836914	10386.772461
597.616211	10283.410156
596.395508	10138.476563
595.173828	10068.894531
593.952148	9813.141602
592.729492	9910.015625
591.507813	9642.528320
590.285156	9493.931641
589.062500	9509.665039
587.839844	9388.862305
586.616211	9461.980469
585.392578	9582.533203
584.168945	9786.083008
582.944336	10181.307617
581.720703	10277.903320
580.495117	10457.452148
579.270508	10866.097656
578.045898	10934.825195
576.820313	11133.857422
575.594727	11303.186523
574.368164	11584.955078
573.142578	11489.662109
571.916016	11562.120117
570.688477	11942.275391
569.461914	12095.459961
568.234375	12467.443359
567.006836	11946.250000
565.779297	11750.483398
564.550781	11655.294922
563.322266	11329.653320
562.093750	11447.313477
560.865234	11458.586914
559.635742	11448.198242
558.406250	11534.260742
557.176758	11610.444336
555.946289	11751.520508
554.715820	11550.273438
553.485352	11583.136719
552.254883	11547.169922
551.023438	11487.629883
549.791992	11571.580078
548.560547	11374.519531
547.328125	10951.635742
546.096680	10623.208984
544.864258	10422.557617
543.630859	10577.318359
542.398438	10802.666992
541.165039	10827.766602
539.931641	11300.150391
538.697266	11289.822266
537.463867	11118.698242
536.229492	10661.410156
534.994141	10635.545898
533.759766	10821.336914
532.524414	11034.475586
531.289063	10849.879883
530.053711	10606.613281
528.817383	10702.179688
527.581055	10748.763672
526.344727	11106.505859
525.107422	11354.515625
523.871094	12165.811523
522.632813	13655.412109
521.395508	15326.207031
520.158203	15799.840820
518.919922	15073.195313
517.681641	13473.393555
516.442383	12126.316406
515.203125	11236.884766
513.963867	10564.603516
512.724609	10210.853516
511.485352	10097.345703
510.245117	10411.265625
509.004883	10709.438477
507.763672	11071.850586
506.523438	11205.926758
505.282227	10963.635742
504.040039	11156.156250
502.798828	11223.860352
501.556641	10623.199219
