1802.291016	3745.826904
1801.322266	4095.437500
1800.353516	3765.052490
1799.383789	3769.292725
1798.414063	3875.855713
1797.444336	3767.786865
1796.473633	3709.655518
1795.503906	3950.854004
1794.533203	3892.708984
1793.562500	3769.762695
1792.591797	3903.616699
1791.621094	3935.235596
1790.649414	3919.498535
1789.678711	3923.697510
1788.707031	3820.792725
1787.735352	3912.167725
1786.762695	3757.021484
1785.791016	3925.538818
1784.818359	3887.422607
1783.845703	3895.098633
1782.873047	3902.774658
1781.900391	3910.450439
1780.926758	3918.126465
1779.953125	3925.802490
1778.980469	4024.447510
1778.005859	4036.068604
1777.032227	3973.141846
1776.058594	4009.610840
1775.083984	4048.548828
1774.109375	4112.303711
1773.134766	4051.893799
1772.160156	3971.649658
1771.184570	4065.162354
1770.208984	3942.765381
1769.233398	3981.668701
1768.257813	4156.972168
1767.282227	4059.427734
1766.306641	4229.686523
1765.330078	4040.450195
1764.353516	4242.862305
1763.376953	4162.722168
1762.399414	4075.182373
1761.422852	4220.498047
1760.445313	4219.652344
1759.467773	4184.145508
1758.490234	4047.163818
1757.512695	4261.663086
1756.534180	4218.745605
1755.556641	4242.638184
1754.578125	4278.888184
1753.599609	4258.247559
1752.620117	4247.504395
1751.641602	4305.977539
1750.662109	4260.629395
1749.682617	4170.823730
1748.703125	4310.798340
1747.723633	4258.066406
1746.743164	4402.906250
1745.763672	4268.703125
1744.783203	4369.050781
1743.801758	4299.073242
1742.821289	4313.015137
1741.840820	4400.958008
1740.859375	4298.952148
1739.877930	4347.407715
1738.896484	4344.069824
1737.914063	4357.987793
1736.932617	4302.895508
1735.950195	4289.711914
1734.967773	4308.558105
1733.985352	4300.304199
1733.002930	4439.800781
1732.019531	4325.659180
1731.036133	4410.941406
1730.053711	4378.062988
1729.069336	4443.616699
1728.085938	4425.504395
1727.101563	4355.749512
1726.118164	4431.103516
1725.133789	4326.956055
1724.149414	4507.979004
1723.164063	4482.498047
1722.179688	4400.515625
1721.194336	4470.870605
1720.208984	4482.251953
1719.223633	4444.518066
1718.237305	4453.444824
1717.251953	4496.731445
1716.265625	4527.729980
1715.279297	4433.584473
1714.292969	4471.941895
1713.305664	4657.438477
1712.319336	4443.170898
1711.332031	4645.758789
1710.344727	4730.612793
1709.357422	4734.562500
1708.369141	4755.661133
1707.381836	4830.642090
1706.393555	4721.908691
1705.405273	4941.335449
1704.416992	4881.585938
1703.427734	4912.422852
1702.438477	4857.596680
1701.450195	5184.471191
1700.460938	5146.735352
1699.470703	5126.133789
1698.481445	5293.819336
1697.491211	5424.766602
1696.500977	5272.134277
1695.510742	5539.880371
1694.520508	5477.684082
1693.530273	5608.487793
1692.539063	5739.238770
1691.547852	5689.248047
1690.556641	5837.017578
1689.565430	5879.775391
1688.573242	5883.471191
1687.581055	6038.431152
1686.589844	5868.903809
1685.596680	5884.792969
1684.604492	6022.589355
1683.612305	6004.311035
1682.619141	6183.461914
1681.625977	6079.868652
1680.632813	6003.116699
1679.638672	6065.238281
1678.645508	5895.976563
1677.651367	5894.787598
1676.657227	5949.589355
1675.663086	5790.187500
1674.668945	5852.287598
1673.673828	6099.262207
1672.678711	5961.817383
1671.683594	6128.416504
1670.688477	5901.057617
1669.693359	5948.485840
1668.697266	5806.319824
1667.701172	5980.104492
1666.705078	5857.424805
1665.708984	5839.239746
1664.712891	5835.632324
1663.715820	5900.010254
1662.718750	5876.971680
1661.721680	5698.613281
1660.724609	5775.111328
1659.726563	5837.021973
1658.729492	5760.651367
1657.731445	5778.888672
1656.733398	5680.738770
1655.735352	5718.376465
1654.736328	5782.658203
1653.737305	5837.220703
1652.738281	5850.577148
1651.739258	5747.666504
1650.740234	5792.515625
1649.741211	5725.974609
1648.741211	5652.198242
1647.741211	5697.038574
1646.741211	5758.798340
1645.740234	5781.826172
1644.740234	5705.677734
1643.739258	5631.978516
1642.738281	5611.498047
1641.737305	5571.687988
1640.736328	5628.562500
1639.734375	5830.388672
1638.732422	5901.681641
1637.730469	5907.733887
1636.728516	5638.499023
1635.725586	5673.572266
1634.723633	5682.079590
1633.720703	5726.782715
1632.717773	5662.890625
1631.714844	5640.033691
1630.710938	5597.891113
1629.708008	5599.169434
1628.704102	5694.470703
1627.700195	5432.997070
1626.695313	5598.179688
1625.691406	5688.603516
1624.686523	5523.645508
1623.681641	5563.470215
1622.676758	5656.253418
1621.671875	5686.404785
1620.666016	5863.368652
1619.660156	5696.133789
1618.654297	5605.958496
1617.648438	5561.523438
1616.642578	5762.417969
1615.635742	5850.218262
1614.628906	5772.103516
1613.622070	5763.723145
1612.615234	5618.370605
1611.608398	5807.035645
1610.600586	5909.148926
1609.592773	5855.115723
1608.584961	5856.329590
1607.577148	6015.984863
1606.569336	5897.157715
1605.560547	5898.361816
1604.551758	5841.984375
1603.542969	5991.916992
1602.534180	5889.977539
1601.524414	5924.748535
1600.514648	6005.052246
1599.504883	5951.105469
1598.495117	6129.617188
1597.485352	6116.394531
1596.474609	6210.964844
1595.464844	6336.628418
1594.454102	6584.350586
1593.442383	6410.659180
1592.431641	6899.992188
1591.419922	6707.163086
1590.409180	6894.798340
1589.397461	6828.817871
1588.384766	6856.127930
1587.373047	7096.217773
1586.360352	6858.125000
1585.347656	6796.983398
1584.334961	6998.706543
1583.322266	6959.061523
1582.308594	6785.677246
1581.295898	6932.354492
1580.282227	6766.207520
1579.268555	6686.061035
1578.253906	6837.440918
1577.240234	6974.442871
1576.225586	6634.273926
1575.210938	6835.658203
1574.196289	6715.038574
1573.180664	6940.164551
1572.166016	6748.062988
1571.150391	6760.989746
1570.134766	6888.279297
1569.118164	6796.355469
1568.102539	6756.866211
1567.085938	6903.126953
1566.069336	6920.769043
1565.052734	6931.262207
1564.036133	6818.003906
1563.018555	6961.752441
1562.001953	6853.290527
1560.984375	6897.083984
1559.966797	7076.394531
1558.948242	7219.972168
1557.930664	7085.398926
1556.912109	6981.772949
1555.893555	6994.606934
1554.875000	7142.833496
1553.855469	7117.630371
1552.836914	7021.203613
1551.817383	7216.812012
1550.797852	7015.971191
1549.777344	7126.072754
1548.757813	7167.326172
1547.737305	7210.935059
1546.716797	7124.090820
1545.696289	7089.444824
1544.675781	7351.133789
1543.654297	7413.627930
1542.632813	7277.050293
1541.611328	7325.318848
1540.589844	7200.656738
1539.568359	7158.930664
1538.545898	7230.869141
1537.523438	7234.129883
1536.500977	7114.319824
1535.478516	7271.406250
1534.455078	7083.030273
1533.432617	7081.585938
1532.409180	7002.104004
1531.385742	6998.312012
1530.361328	7046.524902
1529.337891	7054.540527
1528.313477	7149.978516
1527.289063	6898.108887
1526.264648	7024.243652
1525.239258	6954.329590
1524.214844	6908.053223
1523.189453	7043.548828
1522.164063	7070.431152
1521.138672	6884.948730
1520.112305	6888.261230
1519.085938	7021.290527
1518.060547	6970.338379
1517.033203	7096.223145
1516.006836	7073.560547
1514.980469	7121.604492
1513.953125	7285.077637
1512.925781	7172.875488
1511.898438	7260.905762
1510.870117	7407.766602
1509.842773	7542.795898
1508.814453	7731.904785
1507.786133	7812.687500
1506.756836	8114.594727
1505.728516	8148.220215
1504.699219	8177.128418
1503.669922	7989.704590
1502.640625	8079.753418
1501.611328	8207.370117
1500.581055	8351.383789
1499.550781	8208.713867
1498.520508	8089.590820
1497.490234	8106.724121
1496.459961	8074.543457
1495.428711	7835.799316
1494.397461	7824.809082
1493.366211	7640.182129
1492.334961	7610.466797
1491.302734	7505.706543
1490.271484	7642.529297
1489.239258	7530.770508
1488.207031	7348.734375
1487.173828	7394.103027
1486.141602	7219.197754
1485.108398	7262.230957
1484.075195	7253.717773
1483.041016	7317.800781
1482.007813	7555.106934
1480.973633	7188.404785
1479.939453	7357.771973
1478.905273	7335.207520
1477.871094	7417.920410
1476.835938	7442.127930
1475.801758	7737.573242
1474.766602	7584.027344
1473.731445	8003.203125
1472.695313	8078.681152
1471.660156	8413.471680
1470.624023	8495.841797
1469.587891	8748.666992
1468.550781	9106.462891
1467.514648	9188.638672
1466.477539	9660.564453
1465.440430	9859.270508
1464.403320	10265.538086
1463.366211	10755.611328
1462.328125	11205.837891
1461.290039	11739.817383
1460.251953	12140.702148
1459.213867	12937.637695
1458.175781	13648.027344
1457.136719	14169.417969
1456.097656	14881.591797
1455.058594	14925.114258
1454.019531	15674.092773
1452.979492	15950.214844
1451.939453	16212.258789
1450.899414	16385.773438
1449.859375	16994.250000
1448.819336	17358.255859
1447.778320	17557.005859
1446.737305	17876.570313
1445.696289	18226.222656
1444.655273	17971.488281
1443.613281	17333.476563
1442.571289	16781.679688
1441.530273	16134.881836
1440.487305	15153.967773
1439.445313	14182.742188
1438.402344	13467.240234
1437.359375	12817.008789
1436.316406	12206.488281
1435.273438	11489.510742
1434.230469	11245.949219
1433.186523	10724.238281
1432.142578	10555.118164
1431.098633	10158.922852
1430.054688	10112.805664
1429.009766	9640.407227
1427.964844	9659.272461
1426.919922	9824.031250
1425.875000	9365.874023
1424.829102	9229.681641
1423.784180	9287.959961
1422.738281	9498.936523
1421.692383	9228.615234
1420.645508	9411.760742
1419.599609	9287.258789
1418.552734	9294.596680
1417.505859	9514.599609
1416.458984	9475.664063
1415.411133	9198.745117
1414.364258	9439.421875
1413.316406	9400.524414
1412.268555	9574.090820
1411.219727	9269.672852
1410.171875	9120.035156
1409.123047	9261.241211
1408.074219	9072.440430
1407.025391	8996.752930
1405.975586	9087.156250
1404.925781	8690.974609
1403.876953	8832.121094
1402.827148	8885.621094
1401.776367	8547.336914
1400.726563	8421.159180
1399.675781	8345.710938
1398.625000	8136.716309
1397.574219	8174.184082
1396.522461	8080.415039
1395.471680	8219.149414
1394.419922	8047.169922
1393.368164	7902.868652
1392.315430	7908.140137
1391.263672	7704.132813
1390.210938	7897.982422
1389.158203	7707.853027
1388.105469	7798.196289
1387.051758	7644.930664
1385.999023	7668.625000
1384.945313	7910.514648
1383.891602	7771.097656
1382.836914	7794.750488
1381.783203	7898.734375
1380.728516	8000.379883
1379.673828	8017.085449
1378.619141	8166.838867
1377.563477	8126.162598
1376.508789	8195.572266
1375.453125	8418.558594
1374.397461	8467.249023
1373.340820	8270.707031
1372.285156	8475.209961
1371.228516	8590.288086
1370.171875	8494.613281
1369.115234	8332.573242
1368.057617	8600.993164
1367.000977	8690.770508
1365.943359	8510.482422
1364.885742	8623.119141
1363.827148	8657.937500
1362.769531	8960.314453
1361.710938	8832.706055
1360.652344	9004.618164
1359.593750	9032.469727
1358.534180	9165.422852
1357.475586	9250.342773
1356.416016	9369.490234
1355.355469	9502.289063
1354.295898	9808.554688
1353.236328	10406.879883
1352.175781	10518.839844
1351.115234	10795.040039
1350.053711	11057.438477
1348.993164	11529.563477
1347.931641	11675.401367
1346.870117	11862.216797
1345.808594	12222.188477
1344.747070	12160.408203
1343.684570	12583.964844
1342.622070	12257.886719
1341.559570	12581.036133
1340.497070	12826.630859
1339.433594	13151.803711
1338.371094	13340.275391
1337.307617	13783.539063
1336.244141	14285.772461
1335.179688	14742.303711
1334.116211	15362.388672
1333.051758	15550.203125
1331.987305	15817.503906
1330.921875	16055.146484
1329.857422	16467.660156
1328.791992	15987.156250
1327.726563	15883.903320
1326.661133	15680.770508
1325.594727	15264.298828
1324.529297	15088.617188
1323.462891	14636.125977
1322.396484	14406.187500
1321.329102	13715.823242
1320.262695	13517.922852
1319.195313	13106.946289
1318.127930	12730.146484
1317.060547	12308.168945
1315.992188	12180.974609
1314.923828	12219.232422
1313.855469	11910.884766
1312.787109	11885.766602
1311.718750	11740.647461
1310.649414	11776.698242
1309.580078	11812.733398
1308.510742	11871.382813
1307.441406	11771.633789
1306.372070	11981.819336
1305.301758	11929.579102
1304.231445	11857.010742
1303.161133	12006.009766
1302.089844	11980.916992
1301.019531	11937.756836
1299.948242	11980.461914
1298.875977	11865.039063
1297.804688	11697.723633
1296.733398	11539.508789
1295.661133	11498.738281
1294.588867	11207.474609
1293.515625	10785.461914
1292.443359	10731.335938
1291.370117	10541.905273
1290.296875	10271.375000
1289.223633	10246.695313
1288.150391	10179.200195
1287.076172	9920.178711
1286.001953	10093.858398
1284.927734	10163.844727
1283.853516	10299.114258
1282.778320	10614.461914
1281.704102	10587.492188
1280.628906	11017.435547
1279.552734	11253.675781
1278.477539	11467.318359
1277.401367	11903.556641
1276.325195	11833.615234
1275.249023	12103.211914
1274.172852	12010.777344
1273.095703	11936.359375
1272.018555	11740.633789
1270.941406	11679.781250
1269.864258	11484.188477
1268.786133	11167.413086
1267.708984	10949.555664
1266.630859	10790.150391
1265.551758	10612.856445
1264.473633	10265.111328
1263.394531	10105.945313
1262.315430	9756.207031
1261.236328	9413.339844
1260.157227	9523.473633
1259.077148	9070.968750
1257.998047	8965.996094
1256.917969	8708.714844
1255.836914	8429.140625
1254.756836	8516.966797
1253.675781	8239.786133
1252.594727	8157.479980
1251.513672	8211.734375
1250.431641	7896.749023
1249.350586	8056.182129
1248.268555	7931.482422
1247.186523	7965.609863
1246.103516	7928.176758
1245.021484	7720.872559
1243.938477	7958.395020
1242.855469	7686.372070
1241.772461	7671.365723
1240.688477	7692.101074
1239.604492	7744.089355
1238.520508	7704.520996
1237.436523	7682.825195
1236.352539	7710.233887
1235.267578	7748.786133
1234.182617	7852.012207
1233.097656	7622.891602
1232.012695	7541.029785
1230.926758	7800.282715
1229.840820	7707.273438
1228.754883	7794.799316
1227.668945	7699.600586
1226.582031	7773.726074
1225.495117	7836.685059
1224.408203	7961.959473
1223.321289	7768.858398
1222.234375	8047.657715
1221.146484	8121.630859
1220.058594	8133.282715
1218.970703	8218.327148
1217.882813	8249.965820
1216.793945	8174.875488
1215.705078	8448.791992
1214.616211	8442.583008
1213.527344	8331.948242
1212.437500	8381.298828
1211.347656	8423.965820
1210.257813	8431.086914
1209.167969	8380.485352
1208.078125	8301.049805
1206.987305	8297.094727
1205.896484	8259.863281
1204.805664	8289.189453
1203.713867	8149.960449
1202.623047	8192.600586
1201.531250	8197.537109
1200.439453	8096.090332
1199.346680	8251.719727
1198.254883	8046.181152
1197.162109	8068.861328
1196.069336	8122.534180
1194.976563	8204.965820
1193.882813	8101.427246
1192.789063	8177.188477
1191.695313	8013.958496
1190.601563	8012.281250
1189.507813	8010.604004
1188.413086	8095.163574
1187.318359	7993.986328
1186.223633	7914.953125
1185.127930	8087.870117
1184.033203	7863.033203
1182.937500	7976.248047
1181.841797	7961.327148
1180.745117	7851.469727
1179.649414	7776.978027
1178.552734	7934.254395
1177.456055	7769.306641
1176.359375	7862.541016
1175.261719	7702.087402
1174.164063	7696.062988
1173.066406	7760.591309
1171.968750	7717.083984
1170.871094	7832.267090
1169.772461	7830.625488
1168.673828	7989.792969
1167.575195	7767.877441
1166.476563	7865.335938
1165.376953	7997.976563
1164.277344	8093.144043
1163.177734	7831.780762
1162.078125	8036.947266
1160.977539	7960.473633
1159.876953	7901.625000
1158.776367	7941.742676
1157.675781	8078.565918
1156.574219	8015.332520
1155.472656	7888.402832
1154.371094	8033.937500
1153.269531	7997.108398
1152.167969	8056.916504
1151.065430	7791.767090
1149.962891	7711.110352
1148.860352	7779.717285
1147.756836	7916.312012
1146.654297	7780.837402
1145.550781	7869.123535
1144.447266	8001.226563
1143.342773	8058.736816
1142.239258	8175.400879
1141.134766	8112.326172
1140.030273	8139.103027
1138.924805	8185.581543
1137.820313	8354.677734
1136.714844	8521.513672
1135.609375	8353.355469
1134.503906	8233.416992
1133.397461	8306.082031
1132.291016	8415.906250
1131.184570	8390.077148
1130.078125	8230.868164
1128.971680	8246.627930
1127.864258	8148.717773
1126.756836	8136.077148
1125.649414	8162.769531
1124.541992	8075.859375
1123.433594	8056.688965
1122.325195	7961.102539
1121.216797	8064.214355
1120.107422	8217.481445
1118.999023	8106.645508
1117.889648	8070.032715
1116.780273	8079.240234
1115.670898	7999.032227
1114.560547	8221.918945
1113.450195	8427.273438
1112.339844	8549.723633
1111.229492	8624.186523
1110.118164	8901.213867
1109.006836	9304.448242
1107.895508	9478.870117
1106.784180	10147.417969
1105.672852	10645.905273
1104.560547	10959.208008
1103.448242	11818.481445
1102.335938	12185.785156
1101.222656	12787.810547
1100.110352	13343.920898
1098.997070	13684.582031
1097.883789	14070.740234
1096.769531	14006.931641
1095.655273	13725.897461
1094.541992	13505.798828
1093.426758	13029.544922
1092.312500	12592.570313
1091.197266	12127.561523
1090.083008	11384.959961
1088.966797	10725.121094
1087.851563	10325.876953
1086.736328	9909.449219
1085.620117	9317.557617
1084.503906	9042.432617
1083.386719	8568.015625
1082.270508	8457.856445
1081.153320	8352.077148
1080.036133	8062.223145
1078.918945	7991.220703
1077.800781	7944.064941
1076.682617	7899.093262
1075.564453	7793.540527
1074.446289	7893.594238
1073.328125	7891.927246
1072.208984	7864.305664
1071.089844	7784.796875
1069.970703	7748.561035
1068.850586	7731.793457
1067.731445	7782.025879
1066.611328	7901.375977
1065.491211	8037.957031
1064.370117	7913.155273
1063.250000	7887.731445
1062.128906	7834.253418
1061.007813	8106.706055
1059.885742	7934.520020
1058.763672	8049.343750
1057.642578	8041.170898
1056.519531	8011.436035
1055.397461	8154.197754
1054.275391	8146.006348
1053.152344	8075.319336
1052.029297	8174.881348
1050.905273	8186.077637
1049.782227	8115.425293
1048.658203	8107.248535
1047.534180	8043.100098
1046.410156	8045.703125
1045.285156	7975.138184
1044.160156	8145.569824
1043.035156	7988.971191
1041.910156	7985.129395
1040.784180	8075.894531
1039.659180	8108.580078
1038.533203	8074.625000
1037.406250	7903.162598
1036.280273	7987.421387
1035.153320	8015.799805
1034.026367	8155.831055
1032.899414	7978.053711
1031.771484	8079.395508
1030.644531	8043.347168
1029.516602	8065.244629
1028.387695	8172.937012
1027.259766	8214.098633
1026.130859	8148.031738
1025.001953	8304.943359
1023.873047	8054.559082
1022.744141	8260.708984
1021.614258	8063.999023
1020.484375	8154.393066
1019.354492	8092.702637
1018.223633	8157.358887
1017.093750	8162.050781
1015.962891	8260.906250
1014.832031	8122.214355
1013.700195	8225.313477
1012.569336	8229.985352
1011.437500	8303.080078
1010.305664	8331.248047
1009.172852	8179.862305
1008.041016	8178.126465
1006.908203	8110.159180
1005.775391	8283.593750
1004.641602	8247.666016
1003.508789	8397.510742
1002.375000	8517.404297
1001.241211	8677.797852
1000.106445	8475.379883
998.972656	8511.980469
997.837891	8569.893555
996.703125	8363.360352
995.567383	8544.933594
994.432617	8442.937500
993.296875	8556.220703
992.161133	8418.043945
991.025391	8326.789063
989.888672	8369.743164
988.751953	8391.386719
987.615234	8310.837891
986.478516	8240.963867
985.340820	8200.910156
984.203125	8377.872070
983.065430	8388.852539
981.927734	8248.843750
980.789063	8283.233398
979.651367	8217.703125
978.512695	8311.588867
977.373047	8318.319336
976.234375	8412.142578
975.094727	8516.544922
973.955078	8599.667969
972.815430	8464.093750
971.674805	8629.967773
970.534180	8814.869141
969.393555	8730.251953
968.252930	8970.201172
967.111328	8887.707031
965.970703	9091.475586
964.829102	8953.875000
963.686523	9004.952148
962.544922	9036.935547
961.402344	8979.932617
960.259766	9124.160156
959.117188	9300.086914
957.973633	8809.066406
956.830078	8982.868164
955.686523	8834.939453
954.542969	8909.222656
953.399414	8824.829102
952.254883	8734.126953
951.110352	8609.633789
949.964844	8800.164063
948.820313	8453.795898
947.674805	8741.474609
946.529297	8610.745117
945.383789	8435.717773
944.237305	8678.870117
943.091797	8506.012695
941.944336	8685.722656
940.797852	8647.995117
939.651367	8677.798828
938.503906	8749.776367
937.356445	8853.357422
936.208984	9142.440430
935.060547	9290.161133
933.912109	9383.020508
932.763672	9568.554688
931.615234	9515.952148
930.465820	9808.794922
929.317383	10084.666992
928.167969	10351.999023
927.017578	10440.298828
925.868164	10598.007813
924.717773	10656.761719
923.567383	10488.304688
922.416992	10532.333008
921.265625	10258.841797
920.114258	10000.181641
918.962891	9951.806641
917.811523	9684.916016
916.659180	9401.332031
915.507813	9298.503906
914.354492	9252.416992
913.202148	9021.593750
912.049805	8855.938477
910.896484	8776.396484
909.743164	8824.876953
908.588867	8659.368164
907.435547	8720.434570
906.281250	8903.089844
905.126953	8819.427734
903.972656	8765.143555
902.817383	8761.173828
901.662109	8591.697266
900.506836	8698.777344
899.351563	8717.858398
898.195313	8736.929688
897.039063	8770.645508
895.882813	8668.314453
894.726563	8800.369141
893.569336	8633.226563
892.412109	8706.670898
891.254883	8700.625000
890.097656	8489.707031
888.939453	8573.583984
887.781250	8571.748047
886.623047	8663.926758
885.464844	8586.875977
884.305664	8505.681641
883.146484	8735.612305
881.987305	8629.370117
880.828125	8635.869141
879.667969	8629.845703
878.507813	8755.247070
877.347656	8584.435547
876.186523	8691.025391
875.026367	8511.959961
873.865234	8674.793945
872.704102	8889.654297
871.541992	8866.914063
870.380859	8825.437500
869.218750	9000.557617
868.055664	8653.006836
866.893555	8811.434570
865.730469	8905.278320
864.567383	8724.426758
863.404297	8820.328125
862.240234	8764.360352
861.077148	8839.416992
859.913086	8939.387695
858.748047	8796.132813
857.583984	8804.634766
856.418945	8640.693359
855.253906	8574.447266
854.088867	8761.586914
852.922852	8809.535156
851.757813	8801.416992
850.591797	8706.135742
849.424805	8712.566406
848.258789	8665.056641
847.091797	8607.197266
845.924805	8723.541992
844.756836	8877.153320
843.589844	8844.156250
842.421875	8630.887695
841.253906	8608.314453
840.085938	8755.602539
838.916992	8666.743164
837.748047	8660.739258
836.579102	8536.747070
835.410156	8756.355469
834.240234	8688.261719
833.070313	8775.346680
831.900391	8576.977539
830.729492	8690.929688
829.559570	8800.697266
828.388672	8641.719727
827.217773	8648.126953
826.045898	8693.785156
824.874023	8768.340820
823.702148	8898.623047
822.530273	8871.931641
821.358398	8742.040039
820.185547	8750.477539
819.012695	8835.254883
817.839844	8740.522461
816.666016	8652.018555
815.492188	8883.163086
814.318359	8642.108398
813.144531	8879.338867
811.970703	8762.028320
810.795898	8788.985352
809.621094	8785.032227
808.445313	8954.066406
807.270508	8863.604492
806.094727	8911.098633
804.918945	9067.646484
803.742188	9061.577148
802.566406	8944.424805
801.389648	8915.760742
800.212891	8952.908203
799.035156	9138.056641
797.858398	9012.764648
796.680664	9329.334961
795.502930	9206.109375
794.324219	9150.719727
793.145508	9269.908203
791.967773	9200.155273
790.788086	9257.699219
789.609375	9073.051758
788.429688	9175.737305
787.250000	9073.240234
786.070313	9044.620117
784.889648	9112.385742
783.708984	9005.867188
782.528320	9038.766602
781.347656	9129.028320
780.166992	9045.109375
778.985352	8912.066406
777.803711	9078.065430
776.621094	8951.214844
775.439453	9190.822266
774.256836	9094.698242
773.074219	9215.498047
771.890625	9295.333008
770.708008	9221.744141
769.524414	9209.528320
768.339844	9313.842773
767.156250	9266.865234
765.971680	9530.507813
764.787109	9387.483398
763.602539	9452.858398
762.417969	9458.983398
761.232422	9597.813477
760.046875	9781.488281
758.860352	9820.189453
757.674805	9877.236328
756.488281	9987.293945
755.301758	10195.198242
754.115234	10241.929688
752.927734	10294.755859
751.740234	10938.614258
750.552734	11455.857422
749.365234	11659.140625
748.176758	12330.799805
746.988281	13397.221680
745.799805	14265.696289
744.611328	15913.383789
743.421875	17784.210938
742.232422	20223.916016
741.042969	22750.031250
739.852539	25451.986328
738.662109	28378.462891
737.471680	30075.835938
736.281250	31544.843750
735.089844	31857.029297
733.899414	31330.062500
732.708008	29454.685547
731.515625	27354.716797
730.324219	24650.658203
729.131836	22475.507813
727.939453	21066.349609
726.746094	19996.623047
725.553711	19959.833984
724.360352	19959.564453
723.166016	20172.187500
721.972656	20119.164063
720.778320	19340.611328
719.583984	18714.361328
718.389648	17344.914063
717.194336	16160.366211
716.000000	15478.511719
714.804688	14418.374023
713.608398	13984.125977
712.413086	13861.699219
711.216797	13358.969727
710.020508	12959.617188
708.823242	12447.188477
707.626953	12155.362305
706.429688	11613.007813
705.232422	11321.488281
704.034180	11211.942383
702.835938	10952.957031
701.637695	10827.379883
700.439453	10639.260742
699.241211	10719.720703
698.041992	10394.458984
696.842773	10531.436523
695.643555	10448.450195
694.443359	10647.883789
693.243164	10637.503906
692.042969	10822.695313
690.842773	10832.438477
689.641602	10926.817383
688.440430	11083.615234
687.239258	11280.631836
686.037109	11237.901367
684.835938	11322.040039
683.633789	11589.332031
682.430664	11715.622070
681.228516	11835.819336
680.025391	12141.046875
678.822266	12136.395508
677.619141	12153.865234
676.415039	12028.583984
675.210938	12096.318359
674.006836	11932.919922
672.802734	11823.838867
671.597656	11989.998047
670.392578	11800.620117
669.187500	11798.051758
667.982422	12251.164063
666.776367	12190.295898
665.570313	12643.124023
664.363281	12812.895508
663.157227	13068.834961
661.950195	13557.267578
660.743164	14015.414063
659.536133	14615.669922
658.328125	15003.248047
657.120117	15226.373047
655.912109	15108.882813
654.704102	14923.355469
653.495117	14427.572266
652.286133	14084.135742
651.077148	13806.890625
649.867188	13079.572266
648.657227	13052.716797
647.447266	12803.875000
646.237305	12447.164063
645.026367	12158.578125
643.816406	11862.122070
642.604492	11585.777344
641.393555	11333.526367
640.181641	11454.891602
638.969727	11300.625977
637.757813	11224.291016
636.545898	11030.220703
635.333008	10828.251953
634.120117	11015.432617
632.907227	11007.044922
631.693359	10898.944336
630.479492	10908.529297
629.265625	11358.661133
628.051758	11290.412109
626.836914	11546.982422
625.622070	11715.786133
624.407227	11767.003906
623.191406	11509.551758
621.976563	11588.663086
620.760742	11446.803711
619.543945	11412.463867
618.328125	11141.384766
617.111328	11117.070313
615.894531	10854.126953
614.676758	10841.814453
613.459961	10493.569336
612.242188	10523.073242
611.024414	10570.447266
609.805664	10397.297852
608.587891	10363.249023
607.369141	10229.931641
606.149414	10396.436523
604.930664	10203.626953
603.710938	10340.298828
602.491211	10367.795898
601.270508	10472.634766
600.050781	10351.362305
598.830078	10343.150391
597.609375	10350.798828
596.387695	10461.492188
595.166016	10154.084961
593.944336	10472.761719
592.722656	10327.879883
591.500977	10276.119141
590.278320	10406.500000
589.055664	10412.138672
587.832031	10330.711914
586.609375	10344.276367
585.385742	10421.124023
584.161133	10432.683594
582.937500	10651.817383
581.712891	10544.729492
580.488281	10552.299805
579.263672	10678.406250
578.038086	10614.834961
576.812500	10717.172852
575.586914	10783.926758
574.361328	10963.165039
573.134766	11092.985352
571.908203	11135.934570
570.681641	11368.236328
569.454102	11375.605469
568.227539	11568.315430
567.000000	11650.545898
565.771484	11547.475586
564.543945	11816.867188
563.315430	11666.523438
562.086914	11726.992188
560.857422	11694.881836
559.627930	11731.691406
558.398438	11471.269531
557.168945	11590.760742
555.939453	11446.561523
554.708984	11477.489258
553.478516	11390.407227
552.247070	11442.958984
551.016602	11234.047852
549.785156	11292.504883
548.552734	11201.607422
547.321289	11218.792969
546.088867	11224.184570
544.856445	11046.963867
543.624023	11085.762695
542.390625	10965.566406
541.157227	11104.440430
539.923828	10968.596680
538.690430	10938.727539
537.456055	11224.585938
536.221680	11157.421875
534.987305	11064.804688
533.751953	11111.364258
532.517578	11330.317383
531.281250	11478.655273
530.045898	11352.753906
528.809570	11506.893555
527.574219	11494.576172
526.336914	11392.236328
525.100586	11685.186523
523.863281	12056.256836
522.625977	12270.699219
521.388672	12977.799805
520.150391	13930.911133
518.912109	14660.787109
517.673828	14114.327148
516.435547	13409.860352
515.196289	12291.619141
513.957031	11904.213867
512.717773	11526.740234
511.477539	11418.798828
510.237305	11408.478516
508.997070	11201.104492
507.756836	11155.723633
506.515625	11315.134766
505.274414	11263.897461
504.033203	11323.795898
502.791016	11348.586914
501.549805	11057.708984
