1802.297852	13849.577148
1801.329102	14081.819336
1800.359375	14088.993164
1799.390625	14106.148438
1798.420898	14103.330078
1797.451172	14325.083008
1796.480469	14277.315430
1795.510742	13788.088867
1794.540039	13790.321289
1793.569336	13902.253906
1792.598633	14116.342773
1791.627930	14140.935547
1790.656250	14484.460938
1789.684570	14352.020508
1788.712891	14060.225586
1787.741211	14368.694336
1786.769531	14004.808594
1785.797852	14231.018555
1784.825195	14504.423828
1783.852539	15034.008789
1782.879883	15065.830078
1781.907227	15401.083008
1780.933594	15467.631836
1779.959961	15417.298828
1778.986328	15468.900391
1778.012695	15940.491211
1777.039063	15850.334961
1776.064453	15958.955078
1775.090820	15334.817383
1774.116211	15326.781250
1773.141602	15296.403320
1772.166016	15576.321289
1771.191406	15813.936523
1770.215820	16287.177734
1769.240234	16651.074219
1768.264648	16967.697266
1767.289063	17227.158203
1766.312500	17310.484375
1765.336914	17502.841797
1764.360352	17695.123047
1763.383789	18135.107422
1762.406250	18069.541016
1761.429688	18293.789063
1760.452148	18275.265625
1759.474609	18328.546875
1758.497070	18701.125000
1757.519531	19078.501953
1756.541016	19260.251953
1755.563477	19788.269531
1754.584961	19816.455078
1753.606445	19906.451172
1752.626953	19714.560547
1751.648438	19228.595703
1750.668945	19113.529297
1749.689453	18640.230469
1748.709961	19120.685547
1747.730469	19151.429688
1746.750000	19033.996094
1745.769531	18845.011719
1744.789063	18416.667969
1743.808594	18156.312500
1742.828125	18246.431641
1741.846680	18141.626953
1740.866211	18012.199219
1739.884766	18173.800781
1738.903320	18172.619141
1737.920898	17996.427734
1736.939453	17842.484375
1735.957031	17779.767578
1734.974609	17537.244141
1733.992188	17876.074219
1733.009766	17924.195313
1732.026367	18284.966797
1731.042969	18460.982422
1730.059570	18139.808594
1729.076172	17752.332031
1728.092773	17320.728516
1727.108398	17425.466797
1726.125000	17955.568359
1725.140625	17627.437500
1724.155273	18329.343750
1723.170898	18620.562500
1722.185547	18783.898438
1721.201172	18205.296875
1720.215820	17725.167969
1719.230469	18161.144531
1718.244141	17762.232422
1717.258789	17883.843750
1716.272461	18059.394531
1715.286133	18153.906250
1714.299805	18363.671875
1713.312500	18546.375000
1712.326172	18881.033203
1711.338867	19254.781250
1710.351563	19135.705078
1709.364258	19715.099609
1708.375977	19365.667969
1707.388672	19496.501953
1706.400391	19242.767578
1705.412109	19429.888672
1704.422852	19967.017578
1703.434570	20168.601563
1702.445313	20712.705078
1701.457031	21080.427734
1700.466797	21562.972656
1699.477539	22196.953125
1698.488281	22251.167969
1697.498047	22317.583984
1696.507813	22581.953125
1695.517578	22489.431641
1694.527344	22440.925781
1693.536133	22556.099609
1692.545898	23142.576172
1691.554688	23762.998047
1690.563477	23667.884766
1689.572266	24270.865234
1688.580078	23995.105469
1687.587891	24165.935547
1686.595703	24373.283203
1685.603516	24885.394531
1684.611328	24875.501953
1683.618164	24919.244141
1682.625977	24709.486328
1681.632813	24414.523438
1680.639648	24365.748047
1679.645508	24826.080078
1678.652344	24762.626953
1677.658203	24818.503906
1676.664063	25017.986328
1675.669922	24998.337891
1674.675781	25611.375000
1673.680664	24978.521484
1672.685547	25036.726563
1671.690430	24817.666016
1670.695313	24895.328125
1669.700195	24839.255859
1668.704102	24348.154297
1667.708008	24484.177734
1666.711914	23901.025391
1665.715820	24139.097656
1664.719727	24148.796875
1663.722656	24292.029297
1662.725586	24391.507813
1661.728516	24114.757813
1660.731445	23694.953125
1659.733398	23549.458984
1658.736328	23981.300781
1657.738281	24010.408203
1656.740234	23874.632813
1655.741211	24247.964844
1654.743164	24276.996094
1653.744141	24659.787109
1652.745117	24497.335938
1651.746094	24301.039063
1650.747070	23915.933594
1649.747070	24237.953125
1648.748047	24262.103516
1647.748047	24484.693359
1646.748047	24719.291016
1645.747070	24883.636719
1644.747070	25001.958984
1643.746094	24687.375000
1642.745117	24600.181641
1641.744141	24986.796875
1640.742188	24885.074219
1639.741211	24838.964844
1638.739258	24614.107422
1637.737305	24481.121094
1636.735352	24727.304688
1635.732422	25007.187500
1634.730469	24876.611328
1633.727539	25134.628906
1632.724609	25153.669922
1631.721680	25172.703125
1630.717773	24887.835938
1629.713867	24824.925781
1628.710938	25029.646484
1627.707031	25046.273438
1626.702148	25870.205078
1625.698242	26110.726563
1624.693359	25818.779297
1623.688477	26338.589844
1622.683594	26181.554688
1621.678711	25921.062500
1620.672852	25735.289063
1619.666992	25554.404297
1618.661133	25385.619141
1617.655273	25669.138672
1616.649414	25526.851563
1615.642578	25997.775391
1614.635742	25925.195313
1613.628906	26254.035156
1612.622070	26174.218750
1611.615234	26548.521484
1610.607422	27249.357422
1609.599609	27445.568359
1608.591797	27970.650391
1607.583984	27979.384766
1606.576172	27683.292969
1605.567383	27358.525391
1604.558594	27585.697266
1603.549805	27983.082031
1602.541016	28675.283203
1601.531250	28794.146484
1600.521484	28891.386719
1599.511719	28662.628906
1598.501953	28685.568359
1597.492188	28785.162109
1596.481445	28606.861328
1595.471680	28641.767578
1594.460938	28908.906250
1593.449219	28857.554688
1592.438477	29799.460938
1591.426758	29977.660156
1590.415039	30763.449219
1589.403320	30651.958984
1588.391602	30432.902344
1587.379883	30407.595703
1586.367188	30499.427734
1585.354492	30861.283203
1584.341797	31072.455078
1583.329102	31223.816406
1582.315430	30797.099609
1581.302734	31175.310547
1580.289063	31259.703125
1579.274414	31575.599609
1578.260742	31340.076172
1577.247070	31410.060547
1576.232422	31353.580078
1575.217773	31180.251953
1574.203125	31185.835938
1573.187500	30969.695313
1572.172852	30915.726563
1571.157227	30859.394531
1570.141602	31312.974609
1569.125000	31587.703125
1568.109375	31204.972656
1567.092773	31853.458984
1566.076172	31968.396484
1565.059570	31535.830078
1564.042969	31398.529297
1563.025391	31506.345703
1562.008789	31309.632813
1560.991211	31293.750000
1559.973633	31653.566406
1558.955078	31387.994141
1557.937500	31469.550781
1556.918945	31344.326172
1555.900391	31171.634766
1554.881836	31010.886719
1553.862305	31113.820313
1552.842773	31589.496094
1551.824219	31661.404297
1550.804688	31550.523438
1549.784180	31442.060547
1548.764648	31134.349609
1547.744141	31279.816406
1546.723633	31344.591797
1545.703125	31397.482422
1544.682617	31443.238281
1543.661133	31586.148438
1542.639648	31636.582031
1541.618164	31296.089844
1540.596680	31730.277344
1539.575195	31479.890625
1538.552734	31703.138672
1537.530273	31931.029297
1536.507813	32151.722656
1535.485352	31922.744141
1534.461914	32126.785156
1533.439453	32169.906250
1532.416016	32321.785156
1531.392578	32277.365234
1530.368164	31861.841797
1529.344727	31630.826172
1528.320313	31886.650391
1527.295898	31388.773438
1526.271484	31618.558594
1525.246094	31600.300781
1524.221680	31844.109375
1523.196289	31877.738281
1522.170898	31894.833984
1521.145508	31704.285156
1520.119141	31884.173828
1519.092773	32318.707031
1518.067383	31979.626953
1517.040039	31864.650391
1516.013672	32183.419922
1514.987305	31795.082031
1513.959961	32071.320313
1512.932617	32323.890625
1511.905273	32084.128906
1510.876953	32225.919922
1509.849609	32320.566406
1508.821289	32652.896484
1507.792969	32156.755859
1506.763672	32350.167969
1505.735352	32383.546875
1504.706055	32602.699219
1503.676758	32445.552734
1502.647461	32782.140625
1501.618164	32928.210938
1500.587891	32928.531250
1499.557617	32614.029297
1498.527344	32959.695313
1497.497070	32856.671875
1496.466797	32833.519531
1495.435547	32232.898438
1494.404297	32331.919922
1493.373047	32933.046875
1492.341797	32480.568359
1491.309570	32232.333984
1490.278320	32532.943359
1489.246094	32498.152344
1488.213867	32526.664063
1487.180664	32651.250000
1486.148438	32616.451172
1485.115234	32619.146484
1484.082031	32724.894531
1483.047852	33120.968750
1482.014648	33259.343750
1480.980469	33222.105469
1479.946289	33936.101563
1478.912109	34270.761719
1477.877930	34200.582031
1476.842773	34984.101563
1475.808594	35294.949219
1474.773438	36234.554688
1473.738281	36919.000000
1472.702148	36801.601563
1471.666992	37579.101563
1470.630859	38101.660156
1469.594727	38502.562500
1468.557617	39176.488281
1467.521484	39453.269531
1466.484375	40124.390625
1465.447266	40638.882813
1464.410156	40499.898438
1463.373047	41263.687500
1462.334961	41817.269531
1461.296875	42300.671875
1460.258789	42305.984375
1459.220703	42975.539063
1458.182617	43027.308594
1457.143555	43253.789063
1456.104492	43598.960938
1455.065430	43832.210938
1454.026367	43844.171875
1452.986328	43860.785156
1451.946289	44291.652344
1450.906250	44312.812500
1449.866211	45157.503906
1448.826172	45806.468750
1447.785156	46234.246094
1446.744141	46538.625000
1445.703125	46389.605469
1444.662109	46621.777344
1443.620117	46465.820313
1442.578125	46079.949219
1441.537109	45896.292969
1440.494141	45280.800781
1439.452148	44742.171875
1438.409180	44544.972656
1437.367188	43356.925781
1436.323242	42728.527344
1435.280273	42677.996094
1434.237305	42154.355469
1433.193359	41269.207031
1432.149414	41112.355469
1431.105469	40786.367188
1430.061523	40099.007813
1429.016602	39745.554688
1427.971680	39491.851563
1426.926758	38876.964844
1425.881836	38618.906250
1424.835938	38235.945313
1423.791016	38771.984375
1422.745117	38102.210938
1421.699219	38496.925781
1420.652344	38371.042969
1419.606445	38640.656250
1418.559570	38260.460938
1417.512695	38086.156250
1416.465820	38226.230469
1415.417969	38430.949219
1414.371094	38919.730469
1413.323242	38708.464844
1412.275391	38728.210938
1411.226563	38664.828125
1410.178711	38426.042969
1409.129883	38411.207031
1408.081055	38555.585938
1407.032227	38582.250000
1405.982422	38650.414063
1404.933594	38467.207031
1403.883789	38118.082031
1402.833984	37909.699219
1401.783203	37565.433594
1400.733398	37642.945313
1399.682617	37478.550781
1398.631836	37638.953125
1397.581055	37700.273438
1396.529297	37236.687500
1395.478516	37585.769531
1394.426758	37315.691406
1393.375000	36804.148438
1392.322266	36975.980469
1391.270508	36860.269531
1390.217773	36753.800781
1389.165039	36201.410156
1388.112305	36423.777344
1387.058594	37041.281250
1386.005859	36930.261719
1384.952148	36929.535156
1383.898438	36825.468750
1382.843750	37038.281250
1381.790039	37354.304688
1380.735352	37681.667969
1379.680664	37809.273438
1378.625977	38037.757813
1377.570313	38082.660156
1376.515625	38817.769531
1375.459961	39282.042969
1374.404297	39406.878906
1373.347656	39866.250000
1372.291992	39851.144531
1371.235352	39744.417969
1370.178711	40146.167969
1369.122070	40169.937500
1368.064453	40500.460938
1367.007813	40679.785156
1365.950195	40600.441406
1364.892578	40935.242188
1363.833984	41073.183594
1362.776367	40961.785156
1361.717773	40742.964844
1360.659180	41294.621094
1359.600586	41128.382813
1358.541016	41654.593750
1357.482422	41735.082031
1356.422852	42409.410156
1355.363281	42843.675781
1354.302734	43054.003906
1353.243164	43545.015625
1352.182617	43935.406250
1351.122070	44528.707031
1350.060547	45733.148438
1349.000000	45906.156250
1347.938477	46327.648438
1346.876953	46910.835938
1345.815430	47951.941406
1344.753906	48242.839844
1343.691406	49417.664063
1342.628906	49694.464844
1341.566406	50374.273438
1340.503906	51078.843750
1339.441406	51361.949219
1338.377930	52291.351563
1337.314453	53072.453125
1336.250977	54017.035156
1335.186523	54322.035156
1334.123047	54697.406250
1333.058594	55293.175781
1331.994141	55031.664063
1330.928711	55240.730469
1329.864258	54924.796875
1328.798828	54572.640625
1327.733398	53920.800781
1326.667969	53498.589844
1325.601563	52424.933594
1324.536133	52293.761719
1323.469727	51216.250000
1322.403320	50416.007813
1321.335938	49486.785156
1320.269531	49084.148438
1319.202148	48411.824219
1318.134766	47694.429688
1317.067383	47346.804688
1315.999023	46620.859375
1314.930664	46103.664063
1313.863281	45620.660156
1312.793945	45638.375000
1311.725586	45357.187500
1310.656250	45162.144531
1309.587891	45044.132813
1308.517578	44084.351563
1307.448242	43824.074219
1306.378906	43749.382813
1305.308594	43595.566406
1304.238281	42765.753906
1303.167969	42447.175781
1302.096680	41997.644531
1301.026367	41731.324219
1299.955078	41476.410156
1298.883789	40880.535156
1297.811523	40729.777344
1296.740234	40064.308594
1295.667969	39837.027344
1294.595703	39262.289063
1293.523438	38818.656250
1292.450195	38675.238281
1291.376953	38847.640625
1290.303711	38490.050781
1289.230469	38234.058594
1288.157227	38345.578125
1287.083008	37968.027344
1286.008789	38280.078125
1284.934570	37796.816406
1283.860352	37973.636719
1282.785156	38094.093750
1281.710938	38419.355469
1280.635742	38053.496094
1279.559570	38252.613281
1278.484375	39070.343750
1277.408203	38837.285156
1276.332031	39063.089844
1275.255859	39266.320313
1274.179688	39460.468750
1273.102539	39216.273438
1272.025391	39509.214844
1270.948242	39413.382813
1269.871094	39423.148438
1268.793945	39659.718750
1267.715820	39480.835938
1266.637695	39818.300781
1265.559570	39446.449219
1264.480469	39175.722656
1263.401367	39098.027344
1262.323242	39002.417969
1261.243164	38393.351563
1260.164063	38851.667969
1259.083984	37492.007813
1258.004883	37820.343750
1256.924805	37561.531250
1255.843750	36774.187500
1254.763672	37109.175781
1253.682617	36440.921875
1252.601563	36363.933594
1251.520508	36141.496094
1250.438477	36064.597656
1249.357422	36162.230469
1248.275391	36067.460938
1247.193359	35364.460938
1246.110352	35518.070313
1245.028320	35336.308594
1243.945313	34957.953125
1242.862305	34977.476563
1241.779297	34820.511719
1240.695313	34773.046875
1239.611328	34330.359375
1238.527344	34660.312500
1237.443359	34195.507813
1236.359375	34665.941406
1235.274414	34116.539063
1234.189453	34328.031250
1233.104492	33843.601563
1232.019531	33769.648438
1230.933594	33700.179688
1229.847656	34051.988281
1228.761719	33608.125000
1227.675781	34033.320313
1226.588867	33747.789063
1225.502930	33509.136719
1224.416016	33776.003906
1223.328125	33601.996094
1222.241211	33877.628906
1221.153320	33672.519531
1220.065430	33449.699219
1218.977539	33767.441406
1217.889648	33473.527344
1216.800781	33877.835938
1215.711914	33290.613281
1214.623047	33457.000000
1213.534180	33516.664063
1212.444336	33247.535156
1211.355469	32858.589844
1210.265625	33235.863281
1209.174805	32880.375000
1208.084961	33244.164063
1206.994141	33168.425781
1205.903320	33261.328125
1204.812500	32912.777344
1203.720703	33047.828125
1202.629883	32989.921875
1201.538086	32371.199219
1200.446289	32335.617188
1199.353516	32517.199219
1198.261719	32698.701172
1197.168945	32297.609375
1196.076172	32135.841797
1194.983398	32177.826172
1193.889648	32600.511719
1192.795898	32595.902344
1191.702148	32889.992188
1190.608398	33033.531250
1189.514648	32951.421875
1188.419922	33114.785156
1187.325195	33147.644531
1186.230469	33357.308594
1185.135742	33054.210938
1184.040039	32996.476563
1182.944336	32921.089844
1181.848633	33119.578125
1180.752930	33198.750000
1179.656250	33065.968750
1178.559570	32628.671875
1177.462891	32875.589844
1176.366211	32740.748047
1175.268555	32305.992188
1174.171875	32519.740234
1173.074219	32468.830078
1171.975586	32378.263672
1170.877930	32719.675781
1169.779297	32626.886719
1168.680664	32247.761719
1167.582031	32190.343750
1166.483398	31987.621094
1165.383789	32311.136719
1164.284180	32361.585938
1163.184570	32134.742188
1162.084961	32055.398438
1160.984375	31929.894531
1159.883789	31830.830078
1158.783203	32362.835938
1157.682617	31942.775391
1156.581055	32169.037109
1155.480469	31977.710938
1154.378906	32210.457031
1153.276367	32258.607422
1152.174805	32243.050781
1151.072266	32591.951172
1149.969727	32433.652344
1148.867188	32646.298828
1147.764648	32788.640625
1146.661133	33088.867188
1145.557617	33220.085938
1144.454102	33574.906250
1143.349609	33425.359375
1142.246094	33306.554688
1141.141602	33266.687500
1140.037109	33088.808594
1138.932617	33243.949219
1137.827148	33445.007813
1136.721680	33175.238281
1135.616211	32612.251953
1134.510742	32802.367188
1133.404297	32782.343750
1132.298828	32458.242188
1131.192383	32302.689453
1130.084961	32696.068359
1128.978516	32251.937500
1127.871094	32577.400391
1126.763672	32266.783203
1125.656250	32113.609375
1124.548828	32650.779297
1123.440430	31824.917969
1122.332031	32272.394531
1121.223633	32073.494141
1120.115234	32202.066406
1119.005859	32059.998047
1117.896484	32247.419922
1116.787109	32203.552734
1115.677734	32517.345703
1114.567383	32626.056641
1113.457031	32268.232422
1112.346680	32965.378906
1111.236328	33481.382813
1110.125000	33374.121094
1109.014648	34177.312500
1107.903320	34496.746094
1106.791016	34583.093750
1105.679688	35174.382813
1104.567383	35158.269531
1103.455078	36090.769531
1102.342773	36028.785156
1101.230469	36499.648438
1100.117188	36487.605469
1099.003906	36816.867188
1097.890625	36578.726563
1096.776367	36240.722656
1095.663086	36428.609375
1094.548828	35801.894531
1093.434570	35611.933594
1092.319336	35391.652344
1091.205078	34900.128906
1090.089844	34115.832031
1088.974609	33772.320313
1087.858398	33815.093750
1086.743164	33356.839844
1085.626953	33336.792969
1084.510742	32761.759766
1083.394531	32949.917969
1082.277344	32758.769531
1081.160156	32697.693359
1080.042969	32140.601563
1078.925781	32363.375000
1077.807617	32757.103516
1076.690430	32146.228516
1075.572266	32277.955078
1074.453125	31981.187500
1073.334961	32759.734375
1072.215820	32341.865234
1071.096680	32661.562500
1069.977539	32380.091797
1068.858398	32904.988281
1067.738281	32893.714844
1066.618164	33344.816406
1065.498047	33115.273438
1064.376953	33522.941406
1063.256836	33580.632813
1062.135742	33750.558594
1061.014648	33954.941406
1059.892578	34230.445313
1058.771484	34309.507813
1057.649414	34664.625000
1056.527344	34760.804688
1055.404297	34662.902344
1054.282227	35129.804688
1053.159180	35581.421875
1052.036133	35737.652344
1050.912109	35646.078125
1049.789063	35752.687500
1048.665039	35783.882813
1047.541016	35746.171875
1046.416992	35852.683594
1045.291992	35670.789063
1044.166992	35727.785156
1043.041992	35758.941406
1041.916992	35706.210938
1040.791992	35287.976563
1039.666016	35486.875000
1038.540039	34987.191406
1037.413086	35224.742188
1036.287109	35157.132813
1035.160156	34806.027344
1034.033203	34487.285156
1032.906250	34366.191406
1031.779297	34414.718750
1030.651367	34757.234375
1029.523438	35043.816406
1028.395508	35214.433594
1027.266602	34522.820313
1026.137695	34305.371094
1025.009766	34812.605469
1023.879883	34717.351563
1022.750977	34461.421875
1021.621094	34471.253906
1020.491211	34459.664063
1019.361328	34467.347656
1018.231445	34117.472656
1017.100586	34212.984375
1015.969727	33972.457031
1014.838867	34048.699219
1013.708008	33889.589844
1012.576172	33520.949219
1011.444336	33498.871094
1010.312500	33357.078125
1009.180664	33461.144531
1008.047852	33639.957031
1006.915039	33731.097656
1005.782227	33779.476563
1004.649414	34393.765625
1003.515625	34740.898438
1002.381836	34936.316406
1001.248047	34365.460938
1000.114258	34362.433594
998.979492	33783.402344
997.844727	33326.191406
996.709961	33184.773438
995.575195	32587.167969
994.439453	32567.457031
993.303711	32100.228516
992.167969	31984.746094
991.032227	32159.013672
989.895508	32107.457031
988.758789	32524.355469
987.622070	32396.101563
986.485352	32293.439453
985.347656	32105.705078
984.210938	32347.791016
983.073242	31798.529297
981.934570	31772.630859
980.796875	31676.578125
979.658203	32111.974609
978.519531	31688.609375
977.380859	31853.972656
976.241211	31976.777344
975.101563	32224.835938
973.961914	31823.031250
972.822266	32007.324219
971.681641	31962.308594
970.541992	32626.066406
969.400391	32924.628906
968.259766	33613.347656
967.119141	33646.484375
965.977539	33764.414063
964.835938	33831.417969
963.694336	33940.777344
962.551758	34107.296875
961.409180	34142.402344
960.266602	34010.171875
959.124023	33960.578125
957.980469	33813.617188
956.837891	33992.675781
955.694336	33873.281250
954.549805	33309.632813
953.406250	33505.597656
952.261719	33289.093750
951.117188	32734.382813
949.972656	32587.888672
948.827148	32610.531250
947.681641	32301.421875
946.536133	32605.080078
945.390625	32684.724609
944.245117	32622.853516
943.098633	32932.574219
941.952148	33332.925781
940.804688	33450.324219
939.658203	33645.734375
938.510742	33845.281250
937.363281	34529.792969
936.215820	35095.937500
935.067383	35550.113281
933.919922	36767.042969
932.770508	37846.484375
931.622070	38954.957031
930.473633	40056.636719
929.324219	40978.847656
928.174805	42243.835938
927.025391	42984.164063
925.875000	43589.484375
924.724609	43649.609375
923.574219	43699.187500
922.423828	42589.929688
921.272461	42095.121094
920.122070	40906.792969
918.969727	39746.292969
917.818359	38937.203125
916.666992	37416.269531
915.514648	35940.085938
914.362305	35014.726563
913.208984	34534.851563
912.056641	33608.082031
910.903320	33227.343750
909.750000	32731.369141
908.596680	32518.794922
907.442383	32136.431641
906.288086	32058.267578
905.133789	32156.232422
903.979492	31700.828125
902.824219	32048.181641
901.668945	31739.642578
900.513672	31722.380859
899.358398	31328.179688
898.202148	31612.500000
897.045898	31231.046875
895.889648	31285.054688
894.733398	31500.146484
893.576172	31453.658203
892.419922	31350.720703
891.261719	31300.097656
890.104492	30758.216797
888.946289	30609.505859
887.789063	31048.046875
886.629883	30949.472656
885.471680	31053.548828
884.312500	30929.953125
883.153320	30505.755859
881.994141	30883.304688
880.834961	30766.080078
879.674805	30907.630859
878.514648	30873.890625
877.354492	30931.927734
876.194336	30912.789063
875.033203	30866.552734
873.872070	30914.128906
872.710938	30851.238281
871.548828	31055.046875
870.387695	30875.503906
869.225586	31056.310547
868.063477	30937.218750
866.900391	31251.152344
865.737305	31028.009766
864.574219	30913.156250
863.411133	31181.121094
862.248047	30837.500000
861.083984	31005.552734
859.919922	30940.689453
858.755859	30786.478516
857.590820	30819.353516
856.425781	31070.361328
855.260742	31192.474609
854.095703	31414.214844
852.930664	31287.048828
851.764648	31388.273438
850.598633	31064.003906
849.431641	31405.919922
848.265625	30778.908203
847.098633	31062.662109
845.931641	31296.525391
844.764648	31374.800781
843.596680	31341.115234
842.428711	31330.238281
841.260742	31596.984375
840.092773	31973.394531
838.923828	32119.771484
837.754883	31984.498047
836.585938	32008.673828
835.416992	31776.210938
834.247070	32203.896484
833.077148	31799.785156
831.907227	32140.412109
830.737305	32263.771484
829.566406	32058.369141
828.395508	32001.867188
827.224609	32125.171875
826.052734	32440.560547
824.881836	32258.007813
823.709961	32550.511719
822.538086	32386.591797
821.365234	32420.908203
820.192383	32135.318359
819.019531	32080.945313
817.846680	31733.662109
816.673828	31799.015625
815.500000	31680.822266
814.326172	31960.560547
813.151367	32147.425781
811.977539	32008.619141
810.802734	32329.304688
809.627930	32060.748047
808.453125	32506.900391
807.277344	32407.246094
806.101563	32400.265625
804.925781	32257.455078
803.750000	31785.492188
802.573242	31850.642578
801.396484	32123.490234
800.219727	32293.404297
799.042969	32212.433594
797.865234	32174.660156
796.687500	32438.974609
795.509766	32731.933594
794.331055	32568.769531
793.153320	32898.535156
791.974609	33014.628906
790.795898	32915.136719
789.616211	32587.886719
788.436523	32615.738281
787.256836	32723.578125
786.077148	33284.628906
784.897461	32930.914063
783.716797	32595.798828
782.536133	32203.439453
781.354492	32434.191406
780.173828	32552.164063
778.992188	32239.943359
777.810547	32673.269531
776.628906	32451.238281
775.446289	32417.621094
774.263672	32625.505859
773.081055	32510.017578
771.898438	32642.099609
770.714844	32657.546875
769.531250	33055.351563
768.347656	32921.464844
767.163086	33368.089844
765.979492	33217.839844
764.794922	33686.675781
763.609375	33671.226563
762.424805	33659.863281
761.239258	34283.460938
760.053711	34365.863281
758.868164	34811.484375
757.681641	35095.726563
756.495117	35157.496094
755.308594	36106.394531
754.122070	36021.101563
752.934570	36569.839844
751.748047	37093.882813
750.559570	37780.707031
749.372070	38640.402344
748.183594	39850.050781
746.995117	40961.425781
745.806641	43086.210938
744.618164	44988.203125
743.428711	46659.410156
742.239258	48340.062500
741.049805	50365.792969
739.859375	51872.042969
738.669922	52753.421875
737.479492	53835.667969
736.288086	53736.617188
735.097656	53985.070313
733.906250	54024.167969
732.714844	54615.695313
731.523438	54394.710938
730.331055	54719.937500
729.138672	54231.089844
727.946289	53527.339844
726.753906	52872.589844
725.560547	52465.585938
724.367188	51567.976563
723.173828	50524.773438
721.979492	49934.062500
720.786133	49074.058594
719.591797	47383.664063
718.396484	46042.437500
717.202148	44967.113281
716.006836	43955.023438
714.811523	43575.011719
713.616211	42565.679688
712.419922	42315.636719
711.223633	41264.527344
710.027344	40899.574219
708.831055	40668.246094
707.633789	40364.234375
706.436523	40058.324219
705.239258	40225.457031
704.041016	39901.519531
702.843750	39751.453125
701.645508	39466.128906
700.447266	38908.332031
699.248047	38595.050781
698.048828	39250.703125
696.849609	39758.761719
695.650391	40678.160156
694.450195	40945.660156
693.250000	41640.554688
692.049805	42980.312500
690.849609	44333.597656
689.648438	45710.472656
688.447266	47350.691406
687.246094	49282.281250
686.044922	50997.535156
684.842773	52035.496094
683.640625	52980.402344
682.438477	55140.531250
681.235352	56327.820313
680.033203	56836.621094
678.829102	56578.878906
677.625977	55494.765625
676.422852	54286.472656
675.218750	51941.027344
674.014648	51760.921875
672.809570	51586.917969
671.604492	50804.351563
670.400391	50570.375000
669.194336	49888.753906
667.989258	49394.113281
666.783203	49475.683594
665.577148	49826.085938
664.371094	49267.578125
663.164063	50155.386719
661.957031	50359.023438
660.750000	50811.160156
659.542969	50457.355469
658.334961	50594.652344
657.127930	49609.949219
655.918945	49148.457031
654.710938	48270.625000
653.501953	47611.410156
652.292969	46574.152344
651.083984	46802.156250
649.875000	45849.554688
648.665039	45115.410156
647.455078	44125.585938
646.244141	43512.105469
645.034180	42569.035156
643.823242	41982.136719
642.612305	41065.785156
641.400391	40585.347656
640.189453	39655.710938
638.977539	39012.039063
637.765625	38887.734375
636.552734	38985.042969
635.339844	39090.285156
634.126953	38678.730469
632.914063	38702.207031
631.700195	38476.378906
630.487305	39183.789063
629.272461	38892.167969
628.058594	39196.582031
626.843750	39761.886719
625.628906	40040.074219
624.414063	39895.894531
623.199219	39439.148438
621.983398	39247.378906
620.767578	39035.785156
619.551758	38854.132813
618.334961	38439.781250
617.118164	37965.937500
615.901367	37454.507813
614.684570	36885.644531
613.466797	36293.171875
612.249023	36195.812500
611.031250	35569.964844
609.813477	34920.554688
608.594727	34551.460938
607.375977	34809.980469
606.157227	34979.050781
604.937500	35086.519531
603.717773	34483.550781
602.498047	34664.480469
601.278320	33893.269531
600.057617	34464.898438
598.836914	33848.703125
597.616211	33561.816406
596.395508	33310.722656
595.173828	32879.437500
593.952148	33076.269531
592.729492	32710.576172
591.507813	32103.482422
590.285156	32306.287109
589.062500	32119.117188
587.839844	31914.216797
586.616211	32283.097656
585.392578	32321.517578
584.168945	32474.609375
582.944336	32582.160156
581.720703	33328.078125
580.495117	33077.718750
579.270508	33809.367188
578.045898	33756.531250
576.820313	34203.335938
575.594727	34567.019531
574.368164	34529.835938
573.142578	34774.878906
571.916016	35065.187500
570.688477	35227.148438
569.461914	35708.527344
568.234375	35349.726563
567.006836	34949.683594
565.779297	34977.496094
564.550781	34954.062500
563.322266	34587.847656
562.093750	33877.117188
560.865234	34322.593750
559.635742	34210.722656
558.406250	33795.777344
557.176758	34280.328125
555.946289	34144.925781
554.715820	33991.871094
553.485352	34019.808594
552.254883	33796.066406
551.023438	33637.289063
549.791992	33478.578125
548.560547	33086.117188
547.328125	32572.033203
546.096680	32598.267578
544.864258	32253.376953
543.630859	31851.705078
542.398438	32643.525391
541.165039	32620.656250
539.931641	33223.621094
538.697266	33455.613281
537.463867	33312.953125
536.229492	32495.931641
534.994141	32678.919922
533.759766	32971.566406
532.524414	33238.613281
531.289063	33499.667969
530.053711	33122.167969
528.817383	33573.046875
527.581055	33475.617188
526.344727	33814.660156
525.107422	34267.039063
523.871094	34815.074219
522.632813	35593.648438
521.395508	36659.316406
520.158203	36997.277344
518.919922	36326.558594
517.681641	35306.347656
516.442383	34495.628906
515.203125	33679.402344
513.963867	33328.296875
512.724609	32801.632813
511.485352	32934.953125
510.245117	32999.906250
509.004883	33802.335938
507.763672	33810.496094
506.523438	34152.140625
505.282227	34485.832031
504.040039	34452.894531
502.798828	34098.394531
501.556641	33742.101563
