1802.182617	9276.950195
1801.212891	9564.123047
1800.244141	9150.263672
1799.274414	9240.793945
1798.304688	9590.836914
1797.334961	9524.045898
1796.364258	9387.431641
1795.394531	9375.579102
1794.423828	8842.553711
1793.453125	8878.184570
1792.482422	9138.140625
1791.511719	9355.625000
1790.540039	9570.531250
1789.568359	9663.282227
1788.596680	9541.797852
1787.625000	9392.969727
1786.653320	9600.224609
1785.680664	9379.256836
1784.708984	9713.354492
1783.736328	9863.191406
1782.763672	10134.864258
1781.790039	10294.504883
1780.817383	10481.434570
1779.843750	10539.006836
1778.870117	10554.297852
1777.896484	10746.032227
1776.922852	10902.903320
1775.948242	10920.595703
1774.973633	10764.419922
1773.999023	10628.170898
1773.024414	10355.427734
1772.049805	10442.714844
1771.074219	10852.590820
1770.099609	10976.959961
1769.124023	11252.604492
1768.148438	11679.432617
1767.171875	11890.350586
1766.196289	12148.290039
1765.219727	12349.114258
1764.243164	12517.639648
1763.266602	12700.963867
1762.290039	12886.691406
1761.312500	12916.307617
1760.334961	12802.287109
1759.357422	13210.699219
1758.379883	13222.904297
1757.402344	13455.357422
1756.423828	13848.545898
1755.446289	14424.635742
1754.467773	14476.156250
1753.489258	14621.622070
1752.509766	14542.048828
1751.531250	14484.753906
1750.551758	13982.645508
1749.572266	13809.356445
1748.592773	14006.682617
1747.613281	14050.799805
1746.632813	14028.226563
1745.652344	13818.031250
1744.671875	13432.667969
1743.691406	13153.575195
1742.710938	12790.704102
1741.729492	12876.944336
1740.749023	12775.706055
1739.767578	12874.242188
1738.785156	12810.024414
1737.803711	12385.960938
1736.822266	12523.943359
1735.839844	12390.843750
1734.857422	12339.088867
1733.875000	12390.794922
1732.891602	12390.769531
1731.909180	12511.376953
1730.925781	12622.088867
1729.942383	12582.639648
1728.958984	12284.862305
1727.974609	12299.614258
1726.991211	11842.149414
1726.006836	11911.079102
1725.022461	12021.774414
1724.038086	12311.854492
1723.052734	12518.264648
1722.068359	12722.133789
1721.083008	12498.495117
1720.097656	12193.898438
1719.112305	12034.296875
1718.125977	11828.114258
1717.140625	12171.819336
1716.154297	12125.200195
1715.167969	12132.576172
1714.181641	12682.063477
1713.194336	12451.429688
1712.208008	12502.870117
1711.220703	12657.252930
1710.233398	13461.098633
1709.246094	13492.698242
1708.257813	13208.228516
1707.270508	13323.149414
1706.282227	13369.450195
1705.293945	13224.743164
1704.304688	13437.512695
1703.316406	13530.264648
1702.327148	13686.602539
1701.337891	14131.576172
1700.348633	14427.156250
1699.359375	14695.715820
1698.370117	14961.720703
1697.379883	14951.375000
1696.389648	15153.671875
1695.399414	15267.915039
1694.409180	15179.330078
1693.417969	15278.865234
1692.426758	15405.222656
1691.436523	15665.821289
1690.444336	15892.136719
1689.453125	16362.429688
1688.461914	16234.682617
1687.469727	16355.836914
1686.477539	16098.862305
1685.485352	16439.478516
1684.492188	16850.666016
1683.500000	17095.919922
1682.506836	16751.257813
1681.513672	16562.687500
1680.520508	16705.523438
1679.527344	16945.734375
1678.533203	17054.339844
1677.539063	16943.771484
1676.544922	17091.281250
1675.550781	17606.236328
1674.556641	17877.652344
1673.561523	17521.285156
1672.566406	17374.242188
1671.571289	17173.755859
1670.576172	17821.896484
1669.581055	17521.734375
1668.584961	17418.552734
1667.588867	17164.757813
1666.592773	17239.035156
1665.596680	17269.560547
1664.600586	17402.066406
1663.603516	17651.058594
1662.606445	17778.576172
1661.609375	17262.900391
1660.612305	17232.722656
1659.614258	17302.023438
1658.617188	17606.564453
1657.619141	17474.484375
1656.621094	17497.625000
1655.622070	17525.601563
1654.624023	17946.177734
1653.625000	18146.087891
1652.625977	18236.900391
1651.626953	17957.101563
1650.627930	18323.972656
1649.627930	17717.421875
1648.627930	17670.269531
1647.627930	18593.595703
1646.627930	18635.810547
1645.627930	18537.697266
1644.626953	18555.716797
1643.625977	18655.945313
1642.625000	18826.244141
1641.624023	18805.517578
1640.623047	19364.798828
1639.621094	19095.101563
1638.619141	19364.212891
1637.617188	19140.511719
1636.615234	19455.382813
1635.613281	19236.582031
1634.610352	19406.478516
1633.607422	19467.708984
1632.604492	19475.833984
1631.601563	19406.761719
1630.597656	19455.892578
1629.594727	19177.066406
1628.590820	19064.699219
1627.586914	19188.585938
1626.582031	19495.570313
1625.578125	19869.890625
1624.573242	20236.832031
1623.568359	19950.955078
1622.563477	19999.888672
1621.558594	20198.058594
1620.552734	19741.468750
1619.546875	19727.845703
1618.541016	19110.335938
1617.535156	19303.710938
1616.529297	19415.238281
1615.522461	19382.449219
1614.515625	19200.626953
1613.508789	19004.457031
1612.501953	19084.710938
1611.494141	19241.812500
1610.487305	19727.925781
1609.479492	19810.382813
1608.471680	20068.083984
1607.463867	19989.595703
1606.455078	19963.943359
1605.446289	19861.509766
1604.437500	19687.146484
1603.428711	20105.312500
1602.419922	20261.910156
1601.410156	20538.326172
1600.401367	20814.628906
1599.391602	20956.603516
1598.381836	20957.142578
1597.371094	20857.062500
1596.361328	20903.130859
1595.350586	21016.230469
1594.339844	21457.296875
1593.329102	20935.886719
1592.317383	21479.699219
1591.305664	21956.291016
1590.294922	21841.787109
1589.283203	22260.705078
1588.270508	21928.572266
1587.258789	21792.623047
1586.246094	21601.748047
1585.233398	21573.462891
1584.220703	21753.064453
1583.208008	21705.644531
1582.194336	21703.625000
1581.180664	22026.363281
1580.167969	22549.515625
1579.153320	22248.949219
1578.139648	22635.812500
1577.125000	22588.263672
1576.111328	22364.205078
1575.096680	22369.199219
1574.081055	22560.185547
1573.066406	22126.468750
1572.050781	22145.806641
1571.035156	22353.398438
1570.019531	22227.339844
1569.003906	22065.601563
1567.988281	22380.251953
1566.971680	22430.466797
1565.955078	22242.593750
1564.938477	22737.908203
1563.920898	22628.576172
1562.904297	22821.447266
1561.886719	22519.462891
1560.869141	22498.232422
1559.851563	22389.033203
1558.833984	22565.150391
1557.815430	22627.107422
1556.796875	22370.613281
1555.778320	22370.810547
1554.759766	22501.652344
1553.740234	22741.681641
1552.721680	23157.316406
1551.702148	23658.240234
1550.682617	23228.582031
1549.662109	23556.062500
1548.642578	23548.892578
1547.622070	23468.193359
1546.601563	23439.697266
1545.581055	23525.019531
1544.560547	23645.865234
1543.539063	23880.419922
1542.517578	24098.291016
1541.496094	24095.750000
1540.474609	24105.050781
1539.453125	24526.396484
1538.430664	24689.498047
1537.408203	25136.587891
1536.385742	25353.927734
1535.363281	25672.923828
1534.339844	25516.285156
1533.316406	25641.167969
1532.292969	25555.539063
1531.269531	25621.255859
1530.246094	25545.117188
1529.221680	25705.335938
1528.198242	25473.263672
1527.173828	25406.646484
1526.148438	25630.560547
1525.124023	25627.693359
1524.098633	25579.968750
1523.073242	25527.541016
1522.047852	25746.521484
1521.022461	25630.373047
1519.997070	25219.404297
1518.970703	25693.023438
1517.944336	25617.039063
1516.917969	25501.005859
1515.890625	25745.642578
1514.864258	25976.039063
1513.836914	26140.369141
1512.809570	26158.587891
1511.782227	26704.333984
1510.753906	27200.412109
1509.726563	28004.673828
1508.698242	28116.634766
1507.669922	28630.939453
1506.640625	29500.287109
1505.612305	29929.417969
1504.583008	30459.494141
1503.553711	31259.744141
1502.524414	32163.097656
1501.495117	33143.640625
1500.464844	33726.664063
1499.434570	34039.277344
1498.404297	34525.574219
1497.374023	34631.238281
1496.343750	35037.382813
1495.312500	35354.156250
1494.281250	35307.027344
1493.250000	35278.691406
1492.218750	34818.703125
1491.186523	34957.000000
1490.154297	34176.000000
1489.122070	33503.164063
1488.089844	32842.320313
1487.057617	32474.693359
1486.024414	31502.699219
1484.991211	30999.621094
1483.958008	30339.824219
1482.924805	30258.681641
1481.891602	29805.324219
1480.857422	29036.160156
1479.823242	29013.833984
1478.789063	28392.544922
1477.753906	28127.076172
1476.719727	28130.669922
1475.684570	27912.125000
1474.649414	28060.703125
1473.614258	27685.656250
1472.578125	27897.312500
1471.542969	28101.871094
1470.506836	28472.191406
1469.470703	28949.787109
1468.433594	28971.875000
1467.397461	29367.462891
1466.360352	30204.009766
1465.323242	30545.509766
1464.286133	30959.193359
1463.249023	31566.304688
1462.210938	32415.701172
1461.172852	32947.652344
1460.134766	33134.378906
1459.096680	34094.792969
1458.057617	35092.097656
1457.019531	35767.496094
1455.980469	36223.667969
1454.941406	37534.292969
1453.901367	38148.230469
1452.862305	38550.089844
1451.822266	39265.968750
1450.782227	39795.402344
1449.742188	40180.386719
1448.701172	41214.121094
1447.661133	41924.203125
1446.620117	42940.878906
1445.579102	43201.695313
1444.537109	43576.277344
1443.496094	44224.871094
1442.454102	43990.460938
1441.412109	43607.503906
1440.370117	43860.937500
1439.327148	42660.968750
1438.285156	42225.128906
1437.242188	41875.324219
1436.199219	40889.949219
1435.155273	40116.062500
1434.112305	38804.445313
1433.068359	38103.179688
1432.024414	37369.746094
1430.980469	36680.648438
1429.936523	35989.515625
1428.891602	35011.382813
1427.846680	34700.746094
1426.801758	33373.582031
1425.756836	33341.253906
1424.710938	32505.667969
1423.666016	31897.236328
1422.620117	31245.087891
1421.574219	30646.416016
1420.527344	30059.554688
1419.481445	29657.931641
1418.434570	28955.908203
1417.387695	28628.644531
1416.340820	28315.380859
1415.292969	28027.660156
1414.245117	28158.191406
1413.197266	27893.714844
1412.149414	27809.462891
1411.101563	27496.679688
1410.052734	27080.156250
1409.004883	27095.351563
1407.955078	27018.246094
1406.906250	27247.978516
1405.857422	27064.779297
1404.807617	27352.050781
1403.757813	27325.669922
1402.708008	27384.578125
1401.658203	26954.921875
1400.607422	27274.228516
1399.556641	27058.992188
1398.505859	27274.505859
1397.455078	27066.263672
1396.404297	27371.464844
1395.352539	27096.539063
1394.300781	26867.746094
1393.249023	26917.423828
1392.197266	26470.246094
1391.144531	27012.113281
1390.091797	26765.128906
1389.039063	26807.882813
1387.986328	26806.953125
1386.932617	26794.531250
1385.879883	26924.546875
1384.826172	27382.957031
1383.772461	27648.279297
1382.717773	27934.156250
1381.664063	28219.912109
1380.609375	28276.052734
1379.554688	28747.470703
1378.500000	28826.416016
1377.444336	28967.253906
1376.389648	28920.000000
1375.333984	28916.324219
1374.278320	29485.675781
1373.221680	28863.138672
1372.166016	28820.521484
1371.109375	28592.375000
1370.052734	29126.962891
1368.995117	28559.960938
1367.938477	28327.425781
1366.880859	28111.005859
1365.823242	28144.101563
1364.765625	28051.349609
1363.708008	28361.212891
1362.649414	28346.207031
1361.590820	28827.361328
1360.532227	29422.613281
1359.473633	29590.230469
1358.415039	30383.871094
1357.355469	30973.857422
1356.295898	31885.652344
1355.236328	32203.332031
1354.175781	32950.109375
1353.116211	32870.250000
1352.055664	33294.789063
1350.995117	33532.046875
1349.934570	33698.488281
1348.873047	33937.839844
1347.811523	34174.812500
1346.750000	34719.460938
1345.688477	35086.093750
1344.626953	35103.902344
1343.564453	35755.101563
1342.501953	35743.148438
1341.439453	35813.187500
1340.376953	36411.457031
1339.313477	37064.113281
1338.250977	36967.675781
1337.187500	37822.468750
1336.123047	37553.003906
1335.059570	38243.542969
1333.995117	38183.320313
1332.930664	37941.222656
1331.866211	38433.476563
1330.801758	38116.421875
1329.736328	37608.625000
1328.671875	37139.656250
1327.606445	37095.621094
1326.540039	36670.093750
1325.474609	36385.507813
1324.408203	35685.640625
1323.341797	35172.156250
1322.275391	34409.292969
1321.208984	33891.742188
1320.141602	33907.398438
1319.074219	33533.023438
1318.006836	32877.675781
1316.939453	32678.195313
1315.872070	32694.082031
1314.803711	32508.312500
1313.735352	32204.826172
1312.666992	32300.062500
1311.597656	32166.562500
1310.529297	31987.841797
1309.459961	32089.847656
1308.390625	32320.792969
1307.320313	32404.583984
1306.250977	32318.693359
1305.180664	32131.068359
1304.110352	31798.816406
1303.040039	31832.906250
1301.968750	31991.285156
1300.898438	31661.521484
1299.827148	31298.007813
1298.754883	30821.707031
1297.683594	31004.996094
1296.612305	30725.375000
1295.540039	30441.351563
1294.467773	29832.468750
1293.394531	29458.492188
1292.322266	28969.623047
1291.249023	28972.626953
1290.175781	28693.763672
1289.102539	28631.441406
1288.028320	28997.398438
1286.955078	28910.248047
1285.880859	28829.890625
1284.806641	29206.835938
1283.732422	29380.933594
1282.657227	29620.255859
1281.582031	30660.890625
1280.506836	31104.656250
1279.431641	31982.529297
1278.355469	33316.738281
1277.280273	34677.382813
1276.204102	36095.929688
1275.127930	37862.378906
1274.050781	39922.562500
1272.974609	41449.250000
1271.897461	43137.078125
1270.820313	44606.296875
1269.742188	44713.808594
1268.665039	45762.160156
1267.586914	46257.785156
1266.508789	45740.871094
1265.430664	44903.261719
1264.351563	44512.488281
1263.272461	42757.996094
1262.194336	41064.789063
1261.114258	39473.187500
1260.035156	38066.074219
1258.955078	36599.027344
1257.875977	35325.304688
1256.794922	34255.992188
1255.714844	33023.605469
1254.634766	31970.884766
1253.553711	31554.484375
1252.472656	30462.214844
1251.391602	30207.439453
1250.309570	29509.720703
1249.227539	28803.343750
1248.146484	27871.353516
1247.063477	27297.542969
1245.981445	26603.242188
1244.898438	26172.992188
1243.816406	25412.166016
1242.732422	25167.791016
1241.649414	24916.816406
1240.566406	24375.597656
1239.482422	23812.275391
1238.398438	23983.675781
1237.314453	23786.720703
1236.229492	23259.572266
1235.144531	23085.158203
1234.059570	23095.957031
1232.974609	22633.953125
1231.889648	22763.013672
1230.803711	22258.914063
1229.717773	22564.068359
1228.631836	22508.107422
1227.545898	22681.636719
1226.458984	22262.611328
1225.373047	22491.789063
1224.286133	22809.927734
1223.198242	22707.222656
1222.111328	22339.722656
1221.023438	22679.939453
1219.935547	22730.818359
1218.847656	22992.964844
1217.759766	23212.751953
1216.670898	23110.082031
1215.582031	22756.285156
1214.493164	22742.642578
1213.404297	22471.273438
1212.314453	22246.666016
1211.224609	22124.310547
1210.134766	22148.552734
1209.044922	22059.566406
1207.954102	22183.683594
1206.864258	22050.343750
1205.773438	22027.986328
1204.681641	21810.443359
1203.590820	21732.701172
1202.499023	22009.736328
1201.407227	21207.123047
1200.315430	21512.958984
1199.223633	21630.326172
1198.130859	21218.185547
1197.038086	21063.138672
1195.945313	20879.367188
1194.852539	20908.207031
1193.758789	20839.640625
1192.666016	21348.693359
1191.572266	21441.576172
1190.477539	21399.482422
1189.383789	21233.556641
1188.289063	21383.890625
1187.194336	21485.527344
1186.099609	21492.080078
1185.004883	20972.707031
1183.909180	21173.779297
1182.813477	20842.439453
1181.717773	20919.783203
1180.621094	20849.164063
1179.525391	20838.173828
1178.428711	20456.416016
1177.332031	20445.511719
1176.235352	20138.998047
1175.137695	20125.957031
1174.040039	20064.406250
1172.942383	20492.314453
1171.844727	20256.578125
1170.747070	20091.458984
1169.648438	19844.886719
1168.549805	20005.937500
1167.451172	19876.208984
1166.351563	19927.087891
1165.252930	19951.527344
1164.153320	20108.013672
1163.053711	19782.523438
1161.953125	20189.781250
1160.853516	20108.560547
1159.752930	19985.589844
1158.652344	20111.117188
1157.550781	20641.058594
1156.450195	20616.947266
1155.348633	20975.169922
1154.247070	21346.423828
1153.145508	21671.394531
1152.042969	21796.404297
1150.940430	22566.814453
1149.837891	23431.283203
1148.735352	23821.375000
1147.632813	25031.875000
1146.529297	26189.218750
1145.425781	27429.412109
1144.322266	28316.066406
1143.217773	28855.976563
1142.114258	29378.125000
1141.009766	29076.128906
1139.905273	28649.382813
1138.799805	28341.091797
1137.695313	27818.320313
1136.589844	26678.341797
1135.484375	25766.498047
1134.378906	24920.689453
1133.272461	24532.539063
1132.166016	23840.474609
1131.059570	23402.408203
1129.953125	22936.099609
1128.846680	22793.542969
1127.739258	22786.564453
1126.631836	22834.218750
1125.524414	22547.572266
1124.416016	22625.835938
1123.307617	22832.916016
1122.200195	22891.431641
1121.090820	22535.152344
1119.982422	22742.117188
1118.873047	22811.521484
1117.763672	22673.642578
1116.654297	22714.673828
1115.544922	22367.521484
1114.434570	22319.207031
1113.325195	22558.646484
1112.213867	22599.662109
1111.103516	22666.806641
1109.993164	22781.845703
1108.881836	23081.960938
1107.770508	23190.330078
1106.658203	23729.703125
1105.546875	23972.835938
1104.434570	24418.242188
1103.322266	24239.042969
1102.209961	24205.658203
1101.096680	24646.380859
1099.984375	24567.261719
1098.871094	24933.808594
1097.757813	24563.425781
1096.643555	24493.060547
1095.529297	24253.273438
1094.415039	23679.095703
1093.300781	23344.029297
1092.186523	22859.298828
1091.071289	22830.601563
1089.956055	22469.878906
1088.840820	22087.611328
1087.725586	22254.322266
1086.609375	21779.000000
1085.493164	21605.275391
1084.376953	21843.519531
1083.260742	21806.398438
1082.143555	21669.613281
1081.027344	21844.859375
1079.910156	21794.761719
1078.791992	22086.847656
1077.674805	21800.716797
1076.556641	21737.667969
1075.438477	21806.662109
1074.320313	21771.765625
1073.201172	21600.593750
1072.082031	21490.052734
1070.962891	21267.111328
1069.843750	21284.238281
1068.724609	21143.570313
1067.604492	21188.806641
1066.484375	21210.255859
1065.364258	21626.996094
1064.243164	21503.644531
1063.123047	21630.812500
1062.001953	21857.224609
1060.880859	21889.296875
1059.758789	21893.300781
1058.637695	21875.728516
1057.515625	21864.632813
1056.392578	22010.960938
1055.270508	21864.011719
1054.147461	21850.765625
1053.025391	21281.509766
1051.901367	21361.041016
1050.778320	21162.646484
1049.654297	20998.792969
1048.531250	20944.826172
1047.407227	20955.464844
1046.282227	20503.339844
1045.158203	20591.533203
1044.033203	20305.335938
1042.908203	20137.562500
1041.782227	19701.042969
1040.657227	19905.429688
1039.531250	19714.199219
1038.405273	19209.269531
1037.279297	19192.308594
1036.152344	19282.769531
1035.025391	19319.494141
1033.898438	18915.994141
1032.771484	18620.009766
1031.644531	18796.367188
1030.516602	18807.408203
1029.388672	19138.125000
1028.260742	19301.386719
1027.131836	19228.667969
1026.002930	19170.990234
1024.874023	19042.591797
1023.745117	19010.693359
1022.616211	19214.515625
1021.486328	19223.294922
1020.356445	19452.685547
1019.226563	19343.630859
1018.095703	19442.296875
1016.965820	19714.302734
1015.834961	19513.234375
1014.704102	19808.642578
1013.572266	19691.066406
1012.441406	19849.431641
1011.309570	20142.437500
1010.176758	20358.359375
1009.044922	20608.384766
1007.912109	20700.171875
1006.779297	21135.886719
1005.646484	21575.689453
1004.513672	22049.470703
1003.379883	22864.664063
1002.246094	22981.484375
1001.112305	23388.501953
999.978516	23296.052734
998.843750	22785.519531
997.708984	22183.490234
996.574219	21777.892578
995.439453	21289.322266
994.303711	20869.164063
993.167969	20551.472656
992.032227	20063.468750
990.896484	20391.501953
989.759766	20225.316406
988.623047	20412.646484
987.486328	20295.484375
986.349609	20340.121094
985.211914	19865.544922
984.075195	19967.691406
982.936523	19778.402344
981.798828	19533.904297
980.661133	19759.361328
979.522461	19529.847656
978.383789	19525.693359
977.244141	19640.523438
976.105469	19625.724609
974.965820	19653.406250
973.826172	19732.035156
972.685547	19594.095703
971.545898	20116.285156
970.405273	20343.298828
969.264648	20746.300781
968.124023	21147.007813
966.982422	21278.226563
965.840820	21350.023438
964.699219	21330.638672
963.557617	21669.417969
962.415039	21806.763672
961.273438	21857.197266
960.129883	21784.769531
958.987305	21454.041016
957.844727	22158.667969
956.701172	26818.828125
955.557617	21910.109375
954.413086	21029.560547
953.269531	20870.671875
952.125000	20481.339844
950.980469	20608.060547
949.835938	20147.078125
948.690430	20362.576172
947.544922	19956.777344
946.399414	19944.072266
945.253906	20212.273438
944.107422	19973.576172
942.961914	20288.101563
941.815430	20549.720703
940.667969	20996.931641
939.521484	20819.449219
938.374023	21192.580078
937.226563	21495.958984
936.078125	21681.132813
934.930664	21982.166016
933.782227	22137.648438
932.633789	22250.921875
931.485352	22783.367188
930.335938	23144.982422
929.186523	23489.595703
928.037109	24318.277344
926.887695	24477.263672
925.737305	25042.330078
924.587891	25321.015625
923.436523	25654.271484
922.286133	24967.404297
921.135742	25290.078125
919.984375	24626.701172
918.833008	24327.203125
917.680664	23573.958984
916.529297	22982.798828
915.376953	22570.417969
914.224609	22183.412109
913.071289	21758.779297
911.918945	21239.871094
910.765625	21153.488281
909.612305	20748.226563
908.458984	20865.455078
907.304688	20512.857422
906.150391	20378.470703
904.996094	20669.693359
903.841797	20474.548828
902.686523	20084.613281
901.531250	20210.205078
900.375977	19971.294922
899.220703	20090.572266
898.064453	20090.460938
896.908203	20232.685547
895.751953	20274.396484
894.595703	20527.408203
893.438477	20278.269531
892.281250	20403.595703
891.124023	20217.316406
889.966797	20392.769531
888.808594	20116.697266
887.650391	20039.253906
886.492188	19759.195313
885.333008	19867.753906
884.174805	20018.029297
883.015625	19921.876953
881.856445	20155.570313
880.696289	19817.345703
879.536133	19681.652344
878.376953	19389.564453
877.215820	19393.751953
876.055664	19143.550781
874.894531	19237.427734
873.733398	19475.074219
872.572266	19629.267578
871.410156	19529.226563
870.249023	19841.638672
869.086914	19881.115234
867.924805	19610.357422
866.761719	19377.179688
865.598633	19668.541016
864.435547	19368.869141
863.272461	19196.216797
862.109375	18878.052734
860.945313	18959.255859
859.781250	19260.783203
858.616211	19229.628906
857.452148	19115.369141
856.287109	19289.935547
855.122070	19051.083984
853.957031	19246.351563
852.791016	19294.125000
851.625000	19109.392578
850.458984	19045.105469
849.292969	19138.535156
848.125977	19082.564453
846.958984	18667.818359
845.791992	19028.750000
844.625000	19055.759766
843.457031	19010.212891
842.290039	19039.283203
841.121094	19097.345703
839.953125	19157.451172
838.784180	19012.515625
837.615234	19145.078125
836.446289	19263.089844
835.277344	18524.269531
834.107422	19025.142578
832.937500	18936.238281
831.767578	19035.576172
830.597656	19091.447266
829.426758	18946.765625
828.255859	19058.433594
827.084961	18942.748047
825.913086	18868.431641
824.742188	18944.927734
823.570313	19013.128906
822.397461	18821.156250
821.225586	19033.845703
820.052734	18683.041016
818.879883	18724.414063
817.707031	18769.890625
816.533203	18718.416016
815.359375	18334.984375
814.185547	18836.109375
813.011719	19091.750000
811.836914	19312.248047
810.662109	19732.488281
809.487305	19991.884766
808.312500	20012.291016
807.136719	20351.808594
805.961914	20650.011719
804.785156	20505.621094
803.609375	20188.458984
802.432617	20186.166016
801.255859	20078.984375
800.079102	20315.230469
798.902344	20382.804688
797.724609	20793.583984
796.546875	21011.025391
795.369141	21248.917969
794.190430	21716.751953
793.012695	21818.853516
791.833984	21894.218750
790.654297	21561.072266
789.475586	21180.867188
788.295898	21180.402344
787.116211	20946.085938
785.936523	20957.972656
784.755859	20783.263672
783.575195	20577.880859
782.394531	20268.054688
781.213867	19968.609375
780.032227	20294.134766
778.851563	20207.826172
777.668945	20326.330078
776.487305	20360.841797
775.304688	20264.333984
774.123047	20151.496094
772.939453	19885.253906
771.756836	20018.013672
770.573242	20066.863281
769.389648	20070.707031
768.206055	20156.318359
767.022461	20777.369141
765.837891	20781.052734
764.653320	20692.802734
763.468750	20839.474609
762.283203	20790.046875
761.097656	21079.542969
759.912109	20940.269531
758.726563	21709.175781
757.540039	21720.804688
756.353516	21936.410156
755.166992	22506.777344
753.980469	23409.244141
752.792969	23402.142578
751.605469	24122.636719
750.417969	25028.240234
749.230469	26090.314453
748.041992	27339.306641
746.853516	29015.384766
745.665039	31004.257813
744.476563	33250.769531
743.287109	34979.417969
742.097656	36782.593750
740.908203	37708.285156
739.717773	38629.507813
738.527344	39214.847656
737.336914	38992.914063
736.146484	38748.718750
734.955078	38100.277344
733.763672	36779.699219
732.572266	36231.480469
731.380859	35005.277344
730.188477	34281.054688
728.996094	33589.613281
727.803711	32023.859375
726.611328	31219.591797
725.417969	30036.361328
724.224609	29109.164063
723.031250	28304.015625
721.836914	28050.578125
720.643555	28003.964844
719.449219	27898.609375
718.253906	27454.998047
717.059570	27048.033203
715.864258	27129.236328
714.668945	27279.234375
713.473633	27437.259766
712.277344	27109.562500
711.081055	26634.318359
709.884766	26705.402344
708.687500	25730.955078
707.491211	25998.314453
706.293945	26239.279297
705.096680	26328.566406
703.898438	26383.466797
702.700195	26478.742188
701.501953	26042.818359
700.303711	26035.144531
699.105469	25599.501953
697.906250	25906.777344
696.707031	26399.560547
695.506836	26861.867188
694.307617	27662.822266
693.107422	27773.773438
691.907227	28719.337891
690.706055	29876.134766
689.505859	31572.507813
688.304688	32901.449219
687.102539	34155.281250
685.901367	36288.644531
684.699219	37666.023438
683.497070	39370.929688
682.294922	40972.445313
681.091797	42756.371094
679.889648	44038.601563
678.685547	45165.398438
677.482422	44337.160156
676.278320	43531.398438
675.075195	42573.222656
673.870117	41938.996094
672.666016	40569.710938
671.460938	40269.628906
670.255859	39375.238281
669.050781	38834.605469
667.845703	38282.164063
666.639648	37204.148438
665.433594	36604.136719
664.226563	36150.828125
663.020508	35567.351563
661.813477	34496.867188
660.606445	34070.367188
659.398438	33581.917969
658.191406	32446.433594
656.983398	31427.640625
655.775391	30329.167969
654.566406	29613.660156
653.358398	28742.296875
652.149414	27851.294922
650.939453	27064.742188
649.730469	27042.837891
648.520508	26790.898438
647.310547	26355.074219
646.099609	25771.476563
644.889648	24876.277344
643.678711	24930.812500
642.467773	24293.949219
641.255859	23841.156250
640.044922	23312.660156
638.833008	23053.970703
637.620117	22919.173828
636.408203	22864.273438
635.195313	23082.791016
633.982422	23057.802734
632.769531	23158.490234
631.555664	23424.658203
630.341797	24033.646484
629.127930	23920.757813
627.914063	23714.246094
626.699219	23599.480469
625.484375	23528.589844
624.269531	23453.744141
623.053711	23299.281250
621.838867	23337.992188
620.622070	23450.326172
619.406250	23715.832031
618.190430	23577.357422
616.973633	23582.152344
615.756836	23551.146484
614.539063	23726.925781
613.321289	23884.736328
612.104492	23702.646484
610.885742	23562.359375
609.667969	23134.097656
608.449219	22906.607422
607.230469	22947.267578
606.011719	23013.716797
604.791992	22712.962891
603.572266	22376.623047
602.352539	22119.783203
601.132813	22005.857422
599.912109	21659.974609
598.691406	21466.894531
597.470703	21478.054688
596.249023	21491.191406
595.028320	21228.927734
593.805664	20984.605469
592.583984	20526.509766
591.362305	20110.191406
590.139648	19973.162109
588.916992	19899.523438
587.693359	19622.115234
586.469727	19716.728516
585.246094	19643.191406
584.022461	19850.462891
582.798828	20148.582031
581.574219	20324.029297
580.349609	20872.867188
579.125000	21052.025391
577.899414	21276.533203
576.673828	21593.753906
575.448242	21464.640625
574.221680	21598.107422
572.996094	21593.375000
571.769531	21858.943359
570.541992	21885.714844
569.315430	22066.296875
568.087891	22414.396484
566.860352	22314.859375
565.632813	22327.705078
564.404297	22324.779297
563.175781	22136.673828
561.947266	22309.078125
560.717773	22471.560547
559.489258	22728.464844
558.259766	22847.478516
557.029297	23737.824219
555.799805	24078.876953
554.569336	24586.968750
553.338867	24660.232422
552.107422	24639.091797
550.876953	24226.791016
549.645508	24066.218750
548.413086	23948.941406
547.181641	23244.367188
545.949219	22934.853516
544.716797	22272.042969
543.484375	21701.785156
542.250977	21096.449219
541.017578	20893.632813
539.784180	20951.818359
538.550781	20913.873047
537.316406	20658.279297
536.082031	20130.291016
534.847656	19861.257813
533.612305	19839.255859
532.376953	20179.714844
531.141602	20087.132813
529.906250	20008.300781
528.669922	19537.919922
527.433594	19604.093750
526.197266	19973.578125
524.959961	20121.800781
523.722656	20665.105469
522.485352	20850.267578
521.248047	22091.220703
520.009766	22506.662109
518.771484	22574.025391
517.533203	22100.089844
516.294922	21104.751953
515.055664	20713.378906
513.816406	20165.957031
512.577148	20038.523438
511.336914	19879.912109
510.096680	20222.894531
508.856445	20557.919922
507.616211	20978.621094
506.375000	21248.974609
505.133789	21495.810547
503.892578	22130.447266
502.650391	21607.171875
