1802.318359	3586.017578
1801.348633	3823.254150
1800.379883	3697.654053
1799.410156	3761.817383
1798.440430	3631.287842
1797.470703	3715.400391
1796.500977	3764.552734
1795.530273	3773.777344
1794.559570	3685.742432
1793.588867	3837.093506
1792.618164	3739.109619
1791.647461	3538.982910
1790.675781	3907.053711
1789.705078	3906.272705
1788.733398	3838.241455
1787.761719	3964.476807
1786.789063	4013.479004
1785.817383	3995.251709
1784.844727	4059.160400
1783.872070	3901.588379
1782.899414	4040.122559
1781.926758	3929.875000
1780.953125	4016.125488
1779.980469	4040.184814
1779.006836	3999.604004
1778.033203	4100.700195
1777.058594	4077.516602
1776.084961	4111.480469
1775.110352	4016.273926
1774.135742	4020.436523
1773.161133	4218.254883
1772.186523	4192.587402
1771.210938	4298.465332
1770.236328	4245.497559
1769.260742	4480.323242
1768.285156	4447.182129
1767.308594	4533.084961
1766.333008	4693.332031
1765.356445	4737.010742
1764.379883	4733.583496
1763.403320	4762.369141
1762.426758	5011.625000
1761.449219	5013.097656
1760.472656	5239.915527
1759.495117	5253.720703
1758.517578	5153.654297
1757.539063	5226.866699
1756.561523	5332.216309
1755.583008	5407.836914
1754.604492	5451.272949
1753.625977	5502.110352
1752.647461	5488.645508
1751.667969	5477.657715
1750.688477	5385.118652
1749.709961	5307.441406
1748.729492	5358.254883
1747.750000	5186.758301
1746.770508	5217.820313
1745.790039	5108.142090
1744.809570	5099.712402
1743.829102	5009.844727
1742.847656	4984.165527
1741.867188	4919.025391
1740.885742	5063.557129
1739.904297	5003.358887
1738.922852	4980.166016
1737.941406	5008.745605
1736.958984	5000.346680
1735.977539	4974.703613
1734.995117	4939.216309
1734.011719	4888.965820
1733.029297	4833.810059
1732.046875	4852.535156
1731.063477	4967.250000
1730.080078	4843.203125
1729.096680	4913.584473
1728.112305	4831.417969
1727.128906	5005.071777
1726.144531	4954.886230
1725.160156	4980.934082
1724.175781	4962.727539
1723.191406	5084.605957
1722.206055	5108.154297
1721.220703	5040.801758
1720.235352	5049.612793
1719.250000	5080.519531
1718.264648	5246.441895
1717.278320	5240.478027
1716.291992	5580.539063
1715.305664	5473.913574
1714.319336	5445.829102
1713.333008	5667.918945
1712.345703	5620.189453
1711.358398	5699.961914
1710.371094	5867.941406
1709.383789	5928.026367
1708.396484	6083.641113
1707.408203	6474.357422
1706.419922	6206.099121
1705.431641	6486.443848
1704.443359	6715.264648
1703.455078	6855.876953
1702.465820	7001.326660
1701.476563	7418.297852
1700.487305	7546.451660
1699.498047	7916.676270
1698.507813	7880.850098
1697.518555	8194.628906
1696.528320	8405.625000
1695.538086	8491.906250
1694.547852	8646.562500
1693.556641	8622.835938
1692.565430	8677.271484
1691.575195	8804.935547
1690.583008	8602.979492
1689.591797	8894.137695
1688.600586	8928.949219
1687.608398	8792.962891
1686.616211	8600.925781
1685.624023	8582.121094
1684.631836	8638.911133
1683.638672	8539.657227
1682.645508	8430.693359
1681.652344	8312.026367
1680.659180	8317.660156
1679.666016	8099.192383
1678.671875	8141.395508
1677.678711	8134.884277
1676.684570	8065.081055
1675.690430	7975.834961
1674.695313	8139.696777
1673.701172	7829.076660
1672.706055	7808.038086
1671.710938	7577.862305
1670.715820	7693.041992
1669.719727	7749.832031
1668.724609	7680.215820
1667.728516	7644.646484
1666.732422	7616.379395
1665.736328	7517.683105
1664.739258	7535.593750
1663.743164	7762.304199
1662.746094	7522.841309
1661.749023	7623.257324
1660.751953	7704.219727
1659.753906	7836.096191
1658.755859	7633.193359
1657.758789	7786.855469
1656.759766	7671.328125
1655.761719	7517.061523
1654.763672	7682.770508
1653.764648	7540.679199
1652.765625	7534.310059
1651.766602	7721.712891
1650.767578	7524.000977
1649.767578	7621.747070
1648.767578	7540.325195
1647.768555	7441.994629
1646.767578	7435.651367
1645.767578	7521.238770
1644.766602	7343.153809
1643.766602	7416.633301
1642.765625	7427.222168
1641.764648	7590.091797
1640.762695	7528.138672
1639.761719	7236.666016
1638.759766	7430.878906
1637.757813	7448.698242
1636.755859	7273.327148
1635.752930	7189.769531
1634.750977	7152.107910
1633.748047	7288.219727
1632.745117	7163.690918
1631.741211	7191.188965
1630.738281	7170.438965
1629.734375	7224.449219
1628.730469	7213.343262
1627.726563	7134.750488
1626.722656	7236.932129
1625.718750	7300.520996
1624.713867	7212.321289
1623.708984	7222.903320
1622.704102	7202.176758
1621.698242	7224.792969
1620.693359	7189.631836
1619.687500	7361.442871
1618.681641	7294.989258
1617.675781	7411.381836
1616.669922	7409.880371
1615.663086	7319.411133
1614.656250	7385.241211
1613.649414	7487.097656
1612.642578	7548.060547
1611.635742	7421.595703
1610.627930	7429.699707
1609.620117	7617.921387
1608.612305	7878.100098
1607.604492	7540.413086
1606.595703	7810.101563
1605.587891	7827.715332
1604.579102	7768.547363
1603.570313	7908.495117
1602.560547	8072.367188
1601.551758	7960.434570
1600.541992	8148.201172
1599.532227	8244.815430
1598.522461	8355.766602
1597.512695	8493.026367
1596.501953	8342.794922
1595.491211	8721.875977
1594.480469	8763.203125
1593.469727	8933.780273
1592.458984	9298.149414
1591.447266	9569.047852
1590.435547	9562.320313
1589.423828	9699.108398
1588.412109	9962.584961
1587.400391	9989.252930
1586.387695	9824.674805
1585.375000	9844.189453
1584.362305	9777.673828
1583.349609	9823.467773
1582.335938	9525.299805
1581.323242	9678.584961
1580.309570	9368.627930
1579.294922	9128.021484
1578.281250	9214.468750
1577.267578	9172.033203
1576.252930	8938.767578
1575.238281	8920.254883
1574.223633	8796.827148
1573.208008	8992.920898
1572.193359	8800.401367
1571.177734	8717.584961
1570.162109	8768.231445
1569.145508	8837.914063
1568.129883	8731.321289
1567.113281	8760.501953
1566.096680	8608.733398
1565.080078	8916.415039
1564.063477	8983.614258
1563.045898	8791.444336
1562.029297	8599.351563
1561.011719	8649.924805
1559.994141	8721.877930
1558.975586	8522.783203
1557.958008	8414.089844
1556.939453	8592.981445
1555.920898	8180.203125
1554.902344	8373.321289
1553.882813	8435.740234
1552.864258	8227.445313
1551.844727	8349.216797
1550.825195	8197.987305
1549.804688	8049.191895
1548.785156	8092.630371
1547.764648	8216.699219
1546.744141	8264.828125
1545.723633	8208.610352
1544.703125	8297.019531
1543.681641	8399.613281
1542.660156	8241.507813
1541.638672	8277.734375
1540.617188	8188.407715
1539.595703	8456.708984
1538.573242	8587.575195
1537.550781	8462.730469
1536.528320	8510.707031
1535.505859	8329.137695
1534.482422	8443.361328
1533.459961	8701.819336
1532.436523	8432.824219
1531.413086	8260.874023
1530.388672	8467.206055
1529.365234	8460.751953
1528.340820	8340.883789
1527.316406	8386.429688
1526.291992	8483.917969
1525.267578	8340.501953
1524.242188	8199.505859
1523.216797	8070.368164
1522.191406	8370.796875
1521.166016	8321.898438
1520.139648	8426.355469
1519.114258	8228.877930
1518.087891	8208.333984
1517.061523	8107.640625
1516.034180	8320.478516
1515.007813	8137.322266
1513.980469	8246.397461
1512.953125	8360.139648
1511.925781	8205.347656
1510.897461	8408.527344
1509.870117	8545.707031
1508.841797	8553.375977
1507.813477	8862.254883
1506.785156	8759.275391
1505.755859	8980.951172
1504.726563	9063.780273
1503.697266	9198.303711
1502.667969	9393.892578
1501.638672	9652.860352
1500.608398	9834.176758
1499.579102	9803.973633
1498.548828	9778.480469
1497.517578	9844.584961
1496.487305	9739.262695
1495.456055	9720.838867
1494.424805	9676.605469
1493.393555	9852.959961
1492.362305	9719.567383
1491.331055	9464.260742
1490.298828	9399.007813
1489.266602	9225.929688
1488.234375	9132.622070
1487.201172	9008.884766
1486.168945	8852.394531
1485.135742	9070.792969
1484.102539	8930.747070
1483.069336	8830.567383
1482.035156	8929.432617
1481.001953	8941.649414
1479.967773	8988.963867
1478.933594	9204.723633
1477.898438	9280.036133
1476.864258	9467.580078
1475.829102	9680.769531
1474.793945	9765.288086
1473.758789	9868.470703
1472.722656	10167.910156
1471.687500	10532.647461
1470.651367	10974.321289
1469.615234	11231.310547
1468.579102	11726.364258
1467.541992	12083.476563
1466.504883	12585.153320
1465.468750	13240.638672
1464.430664	13632.215820
1463.393555	14161.254883
1462.355469	14715.730469
1461.318359	14906.240234
1460.280273	15336.782227
1459.241211	15536.407227
1458.203125	15763.912109
1457.164063	15982.003906
1456.125000	15897.202148
1455.085938	15714.625000
1454.046875	16111.869141
1453.006836	16266.855469
1451.967773	16207.662109
1450.927734	16057.743164
1449.886719	16280.108398
1448.846680	16532.617188
1447.805664	16543.177734
1446.764648	16955.949219
1445.723633	17117.507813
1444.682617	17104.697266
1443.641602	17064.007813
1442.599609	16928.089844
1441.557617	16557.648438
1440.515625	16301.138672
1439.472656	16035.447266
1438.430664	15679.338867
1437.387695	14914.939453
1436.344727	14422.314453
1435.301758	14115.468750
1434.257813	13641.763672
1433.213867	13627.366211
1432.169922	13021.811523
1431.125977	12982.050781
1430.082031	12520.550781
1429.037109	12318.727539
1427.993164	12059.077148
1426.948242	12160.813477
1425.902344	11929.085938
1424.857422	11662.728516
1423.811523	11968.156250
1422.765625	11826.854492
1421.719727	11613.891602
1420.673828	11724.842773
1419.626953	11696.992188
1418.580078	11951.228516
1417.533203	11796.203125
1416.486328	11983.290039
1415.439453	11675.816406
1414.391602	11721.927734
1413.343750	11735.683594
1412.295898	11567.002930
1411.248047	11938.642578
1410.199219	11735.363281
1409.150391	11933.727539
1408.101563	11589.784180
1407.052734	11658.911133
1406.003906	11598.850586
1404.954102	11531.896484
1403.904297	11169.872070
1402.854492	11351.968750
1401.804688	10925.604492
1400.753906	10831.192383
1399.703125	10969.477539
1398.652344	10630.969727
1397.601563	10656.410156
1396.550781	10601.265625
1395.499023	10571.461914
1394.447266	10757.978516
1393.395508	10514.188477
1392.343750	10516.622070
1391.291016	10291.377930
1390.239258	10286.957031
1389.186523	10167.597656
1388.132813	9942.563477
1387.080078	10142.724609
1386.026367	10053.332031
1384.972656	10085.711914
1383.918945	10072.150391
1382.865234	10184.870117
1381.810547	10100.131836
1380.756836	10194.438477
1379.702148	10352.953125
1378.646484	10632.986328
1377.591797	10341.799805
1376.536133	10903.772461
1375.480469	10773.133789
1374.424805	10809.877930
1373.369141	10670.144531
1372.312500	10947.470703
1371.256836	10924.593750
1370.200195	10812.405273
1369.142578	10723.160156
1368.085938	10835.412109
1367.028320	11023.149414
1365.970703	10762.285156
1364.913086	10906.489258
1363.855469	11066.644531
1362.796875	11080.367188
1361.739258	10863.146484
1360.680664	10924.911133
1359.621094	10902.083984
1358.562500	11132.909180
1357.502930	11228.845703
1356.443359	11493.769531
1355.383789	11438.869141
1354.324219	11678.522461
1353.263672	11876.987305
1352.203125	12121.014648
1351.142578	12367.221680
1350.082031	12715.985352
1349.021484	12815.993164
1347.959961	13289.937500
1346.898438	13316.827148
1345.836914	13749.441406
1344.774414	14336.843750
1343.712891	14589.066406
1342.650391	15187.440430
1341.587891	15398.385742
1340.525391	15745.866211
1339.461914	16261.669922
1338.398438	16715.804688
1337.335938	17222.087891
1336.271484	17628.054688
1335.208008	18340.937500
1334.143555	17986.908203
1333.079102	17962.720703
1332.014648	17872.615234
1330.950195	18014.375000
1329.885742	17660.701172
1328.820313	17009.558594
1327.754883	16603.996094
1326.689453	16069.157227
1325.623047	15566.325195
1324.556641	15274.810547
1323.491211	14661.142578
1322.423828	14197.485352
1321.357422	13990.371094
1320.291016	13234.457031
1319.223633	13016.287109
1318.156250	12938.772461
1317.087891	12568.883789
1316.020508	12287.530273
1314.952148	12239.667969
1313.883789	12180.497070
1312.815430	12177.971680
1311.747070	12041.848633
1310.677734	12025.767578
1309.608398	12109.283203
1308.539063	11932.524414
1307.469727	12011.498047
1306.399414	11956.979492
1305.330078	11949.975586
1304.259766	11615.118164
1303.189453	11700.871094
1302.118164	11574.135742
1301.046875	11420.335938
1299.976563	11140.084961
1298.904297	11137.772461
1297.833008	11255.147461
1296.761719	10753.839844
1295.689453	10767.408203
1294.617188	10756.144531
1293.543945	10625.296875
1292.471680	10810.331055
1291.398438	10679.525391
1290.325195	10722.406250
1289.251953	10686.361328
1288.178711	10823.890625
1287.104492	10956.856445
1286.030273	10945.567383
1284.956055	11006.366211
1283.881836	11236.051758
1282.806641	11492.661133
1281.732422	11618.592773
1280.657227	11692.703125
1279.581055	11681.271484
1278.505859	11858.828125
1277.429688	11973.329102
1276.353516	12121.514648
1275.277344	12213.427734
1274.201172	12327.781250
1273.124023	12388.146484
1272.046875	12464.214844
1270.969727	12623.374023
1269.892578	12542.134766
1268.814453	12647.314453
1267.737305	12413.432617
1266.659180	12365.955078
1265.581055	12370.114258
1264.501953	11961.421875
1263.422852	11999.310547
1262.344727	11774.774414
1261.264648	11474.090820
1260.185547	11274.416016
1259.105469	10790.165039
1258.026367	10944.784180
1256.946289	10608.672852
1255.865234	10268.221680
1254.785156	10263.843750
1253.704102	10096.013672
1252.623047	9973.025391
1251.541992	9780.704102
1250.459961	9711.536133
1249.378906	9608.837891
1248.296875	9548.679688
1247.214844	9551.162109
1246.131836	9365.834961
1245.049805	9307.999023
1243.966797	9120.563477
1242.883789	9216.975586
1241.800781	9286.541016
1240.716797	9172.929688
1239.632813	9200.046875
1238.548828	9023.988281
1237.464844	9095.765625
1236.380859	9024.687500
1235.295898	9087.508789
1234.210938	8929.464844
1233.125977	8907.529297
1232.041016	9019.388672
1230.955078	8943.940430
1229.869141	8730.334961
1228.783203	8877.813477
1227.697266	8889.327148
1226.610352	8998.843750
1225.524414	8809.899414
1224.437500	8961.689453
1223.349609	9031.051758
1222.262695	8911.209961
1221.174805	8884.873047
1220.086914	8885.242188
1218.999023	8801.091797
1217.911133	8910.439453
1216.822266	8966.382813
1215.733398	8953.395508
1214.644531	9055.974609
1213.555664	9071.857422
1212.465820	8956.669922
1211.376953	8961.460938
1210.287109	9170.533203
1209.196289	9073.156250
1208.106445	9071.258789
1207.015625	9089.334961
1205.924805	9058.592773
1204.833984	9107.715820
1203.743164	9001.580078
1202.651367	8957.570313
1201.559570	9044.367188
1200.467773	8876.253906
1199.375977	8925.361328
1198.283203	8792.788086
1197.190430	9012.438477
1196.097656	8780.250977
1195.004883	8820.479492
1193.911133	8761.083008
1192.818359	8644.170898
1191.724609	8713.164063
1190.629883	8706.916016
1189.536133	8698.458984
1188.441406	8665.680664
1187.346680	8666.078125
1186.251953	8635.529297
1185.157227	8574.056641
1184.061523	8464.002930
1182.965820	8444.559570
1181.870117	8396.414063
1180.774414	8562.459961
1179.677734	8390.689453
1178.581055	8428.658203
1177.484375	8190.789063
1176.387695	8259.667969
1175.291016	8211.619141
1174.193359	8192.256836
1173.095703	8139.831055
1171.998047	8243.929688
1170.899414	7990.968262
1169.800781	7982.683105
1168.702148	8095.559082
1167.603516	7961.716797
1166.504883	7953.441895
1165.405273	8061.848145
1164.305664	8088.770996
1163.206055	7959.441406
1162.106445	8219.583984
1161.005859	8094.680176
1159.906250	8132.566895
1158.804688	8223.207031
1157.704102	8164.326660
1156.603516	8336.239258
1155.501953	8316.911133
1154.400391	8176.762695
1153.298828	8344.169922
1152.196289	8206.269531
1151.093750	8336.276367
1149.992188	8466.227539
1148.888672	8611.486328
1147.786133	8653.560547
1146.682617	8732.908203
1145.579102	8932.846680
1144.475586	9005.523438
1143.372070	9086.937500
1142.267578	9067.494141
1141.163086	9010.805664
1140.058594	8965.094727
1138.954102	9031.114258
1137.848633	8847.449219
1136.744141	8880.622070
1135.638672	8635.771484
1134.532227	8605.504883
1133.426758	8527.112305
1132.320313	8468.440430
1131.213867	8486.344727
1130.107422	8364.289063
1129.000000	8358.157227
1127.893555	8411.045898
1126.786133	8612.515625
1125.677734	8492.718750
1124.570313	8455.981445
1123.461914	8384.315430
1122.354492	8563.783203
1121.245117	8520.503906
1120.136719	8621.292969
1119.027344	8514.735352
1117.918945	8574.031250
1116.808594	8620.213867
1115.699219	8856.102539
1114.589844	8915.287109
1113.479492	9161.913086
1112.369141	9541.377930
1111.257813	9855.314453
1110.147461	10184.367188
1109.036133	10624.359375
1107.924805	10789.792969
1106.813477	11405.816406
1105.701172	11867.038086
1104.589844	12090.860352
1103.477539	12599.608398
1102.364258	12881.913086
1101.251953	13053.182617
1100.138672	13213.507813
1099.025391	13499.850586
1097.912109	13147.082031
1096.798828	13061.738281
1095.684570	12846.078125
1094.570313	12404.614258
1093.456055	11958.993164
1092.341797	11530.927734
1091.226563	11035.750977
1090.111328	10710.059570
1088.996094	10336.770508
1087.880859	9714.167969
1086.764648	9625.364258
1085.648438	9272.053711
1084.532227	9168.205078
1083.416016	8921.344727
1082.299805	8945.466797
1081.182617	8828.750977
1080.065430	8675.259766
1078.947266	8536.993164
1077.830078	8507.042969
1076.711914	8537.718750
1075.593750	8561.887695
1074.475586	8358.843750
1073.357422	8484.717773
1072.238281	8459.133789
1071.119141	8632.505859
1070.000000	8440.426758
1068.879883	8434.320313
1067.760742	8551.398438
1066.640625	8575.519531
1065.519531	8647.153320
1064.399414	8524.381836
1063.278320	8479.395508
1062.157227	8451.697266
1061.036133	8661.428711
1059.915039	8616.440430
1058.792969	8942.547852
1057.670898	8660.250977
1056.548828	9025.028320
1055.426758	9077.021484
1054.303711	9066.479492
1053.181641	9262.835938
1052.057617	8961.374023
1050.934570	9269.688477
1049.811523	8966.198242
1048.687500	9278.687500
1047.563477	9016.226563
1046.438477	8992.794922
1045.314453	9199.631836
1044.189453	9083.655273
1043.064453	9038.711914
1041.939453	9167.984375
1040.813477	8888.675781
1039.687500	9127.558594
1038.561523	9129.924805
1037.435547	9014.106445
1036.309570	9177.619141
1035.182617	9396.905273
1034.055664	9212.384766
1032.928711	9143.877930
1031.800781	9616.317383
1030.673828	9309.541992
1029.545898	9359.064453
1028.416992	9432.161133
1027.289063	9228.562500
1026.160156	8973.587891
1025.031250	8988.835938
1023.902344	9201.262695
1022.773438	9057.883789
1021.643555	9113.808594
1020.513672	9356.058594
1019.383789	9107.802734
1018.252930	9240.757813
1017.123047	9123.206055
1015.992188	9294.622070
1014.861328	9245.578125
1013.729492	9187.997070
1012.598633	9224.545898
1011.466797	9333.781250
1010.334961	9199.252930
1009.202148	9165.240234
1008.070313	9323.567383
1006.937500	9571.560547
1005.804688	9947.610352
1004.670898	10498.620117
1003.538086	10611.689453
1002.404297	10474.951172
1001.270508	10024.536133
1000.135742	9608.452148
999.001953	9378.145508
997.867188	9002.899414
996.732422	8821.863281
995.596680	8939.379883
994.461914	8896.981445
993.326172	8950.500000
992.190430	8686.532227
991.054688	8648.473633
989.917969	8670.062500
988.781250	8742.744141
987.644531	8504.588867
986.507813	8579.401367
985.370117	8611.624023
984.232422	8771.480469
983.094727	8729.202148
981.957031	8718.839844
980.819336	8827.542969
979.680664	8927.696289
978.541992	9046.933594
977.402344	9210.739258
976.263672	9213.028320
975.124023	9771.760742
973.984375	9897.084961
972.844727	9918.331055
971.704102	9982.017578
970.563477	10319.417969
969.422852	10185.684570
968.282227	10418.960938
967.141602	10399.778320
966.000000	10562.941406
964.858398	10463.183594
963.715820	10477.910156
962.574219	10397.281250
961.431641	10403.540039
960.289063	10350.494141
959.146484	10373.699219
958.002930	10077.217773
956.860352	10034.855469
955.716797	10005.208008
954.572266	9986.150391
953.428711	9797.879883
952.284180	9842.318359
951.139648	9846.563477
949.995117	9700.719727
948.849609	9867.728516
947.704102	9605.724609
946.558594	9749.443359
945.413086	9819.176758
944.267578	9829.752930
943.121094	9928.995117
941.974609	10336.363281
940.827148	10441.784180
939.680664	10549.269531
938.533203	10901.399414
937.385742	11308.210938
936.238281	11535.625000
935.089844	12096.014648
933.942383	13037.639648
932.792969	13637.503906
931.644531	14441.460938
930.496094	15150.292969
929.346680	15932.524414
928.197266	16438.619141
927.047852	16565.615234
925.897461	16614.689453
924.747070	16667.949219
923.596680	16456.138672
922.446289	15844.824219
921.294922	15025.608398
920.144531	14299.238281
918.992188	13438.665039
917.840820	12574.255859
916.689453	12021.142578
915.537109	11636.298828
914.384766	10875.724609
913.231445	10615.159180
912.079102	10300.128906
910.925781	10012.515625
909.772461	9641.096680
908.619141	9622.253906
907.464844	9395.788086
906.310547	9309.906250
905.156250	9056.349609
904.001953	9192.744141
902.846680	9044.094727
901.691406	9151.101563
900.536133	9048.604492
899.380859	9360.789063
898.224609	8837.458008
897.069336	9034.424805
895.913086	8819.026367
894.755859	8992.896484
893.599609	8867.549805
892.442383	8836.371094
891.285156	8700.655273
890.126953	8847.222656
888.969727	8845.328125
887.811523	8814.178711
886.653320	8780.953125
885.494141	8603.617188
884.335938	8712.455078
883.176758	8808.718750
882.016602	8850.666992
880.857422	8585.812500
879.697266	8819.750977
878.538086	8719.815430
877.376953	8578.208984
876.216797	8697.311523
875.055664	8660.006836
873.894531	8651.898438
872.733398	8739.648438
871.572266	8575.269531
870.410156	8590.094727
869.248047	8546.603516
868.085938	8621.806641
866.922852	8622.039063
865.760742	8539.024414
864.597656	8612.098633
863.433594	8828.680664
862.270508	8595.925781
861.106445	8714.685547
859.942383	8675.394531
858.778320	8727.574219
857.613281	8744.403320
856.449219	8813.165039
855.284180	8892.282227
854.118164	8865.453125
852.953125	8894.693359
851.787109	8772.386719
850.621094	8660.508789
849.455078	8766.544922
848.288086	8845.567383
847.121094	8789.742188
845.954102	8796.148438
844.787109	8752.796875
843.619141	8738.480469
842.452148	8860.937500
841.283203	8948.121094
840.115234	8908.914063
838.947266	8873.865234
837.778320	8880.240234
836.609375	8967.341797
835.439453	8812.265625
834.269531	8982.109375
833.100586	9021.551758
831.929688	9108.546875
830.759766	8872.926758
829.588867	9081.888672
828.417969	8995.192383
827.247070	9299.094727
826.076172	9193.792969
824.904297	9020.373047
823.732422	9177.447266
822.560547	9109.402344
821.387695	8919.596680
820.215820	8816.550781
819.042969	9012.735352
817.869141	9027.298828
816.696289	8984.106445
815.522461	9025.474609
814.348633	8908.083008
813.174805	9025.710938
812.000000	8891.882813
810.825195	8999.161133
809.650391	8999.283203
808.475586	9087.957031
807.300781	9065.410156
806.125000	8927.597656
804.949219	8999.763672
803.772461	9102.761719
802.596680	9106.971680
801.419922	9098.838867
800.243164	9203.802734
799.065430	9084.637695
797.887695	9041.572266
796.710938	9144.424805
795.532227	9257.503906
794.354492	9132.265625
793.175781	9083.063477
791.997070	9031.829102
790.818359	8970.352539
789.639648	9052.560547
788.459961	9120.370117
787.280273	9091.735352
786.100586	8997.481445
784.919922	8827.398438
783.739258	9020.249023
782.558594	9028.550781
781.377930	8934.389648
780.196289	9010.313477
779.014648	9037.043945
777.833008	9014.615234
776.651367	9106.849609
775.468750	9082.366211
774.287109	9280.963867
773.103516	9135.734375
771.920898	9154.217773
770.737305	9344.488281
769.553711	9340.425781
768.370117	9526.484375
767.186523	9573.478516
766.001953	9890.184570
764.817383	10006.541016
763.632813	9853.230469
762.447266	10081.858398
761.262695	10271.595703
760.077148	10418.383789
758.890625	10577.353516
757.705078	10685.245117
756.518555	11125.591797
755.332031	11294.500000
754.145508	11502.076172
752.958008	12135.623047
751.770508	12640.493164
750.583008	13259.254883
749.395508	14313.719727
748.207031	15113.125000
747.018555	16354.077148
745.830078	17950.777344
744.640625	19198.716797
743.452148	20413.554688
742.262695	21251.464844
741.073242	22180.546875
739.882813	22281.498047
738.692383	22219.742188
737.501953	22025.876953
736.311523	21962.167969
735.120117	21975.699219
733.929688	21824.669922
732.738281	22413.019531
731.545898	23031.572266
730.354492	23655.947266
729.162109	23937.017578
727.969727	24587.302734
726.776367	25127.746094
725.583984	24945.826172
724.390625	24670.695313
723.196289	23671.839844
722.002930	21965.949219
720.808594	20082.447266
719.614258	18629.326172
718.419922	17061.361328
717.224609	16136.119141
716.030273	14895.387695
714.834961	14074.262695
713.638672	13656.279297
712.443359	13299.184570
711.247070	13100.051758
710.050781	12799.867188
708.853516	12584.749023
707.657227	12371.745117
706.459961	12441.831055
705.262695	11830.815430
704.064453	11632.255859
702.867188	11605.489258
701.668945	11429.278320
700.469727	11354.104492
699.271484	11472.766602
698.072266	11496.513672
696.873047	11629.217773
695.673828	12076.587891
694.473633	12188.935547
693.273438	12256.869141
692.073242	12846.956055
690.873047	13063.878906
689.671875	13699.883789
688.470703	14202.632813
687.269531	14709.191406
686.068359	15541.791016
684.866211	15856.550781
683.664063	16173.185547
682.461914	16817.744141
681.258789	16622.927734
680.055664	16422.158203
678.852539	16215.441406
677.649414	15793.646484
676.445313	15506.735352
675.242188	15318.439453
674.037109	14895.102539
672.833008	14502.085938
671.627930	14384.433594
670.422852	14331.096680
669.217773	14064.950195
668.012695	14174.303711
666.806641	14275.582031
665.600586	14424.970703
664.394531	14714.720703
663.187500	14537.024414
661.980469	14926.883789
660.773438	14953.705078
659.566406	15174.935547
658.358398	15362.002930
657.150391	15364.666992
655.942383	15425.417969
654.734375	15528.195313
653.525391	15162.419922
652.316406	15169.125000
651.107422	14899.647461
649.897461	14554.252930
648.688477	13860.934570
647.478516	13503.916016
646.267578	13059.071289
645.057617	12836.322266
643.846680	12529.723633
642.635742	12115.353516
641.423828	12172.646484
640.212891	12265.865234
639.000977	11875.784180
637.788086	11839.253906
636.576172	12012.325195
635.363281	11854.044922
634.150391	12280.425781
632.937500	12449.295898
631.723633	12630.056641
630.510742	12910.432617
629.295898	13469.769531
628.082031	13339.276367
626.867188	13306.475586
625.652344	13215.916016
624.437500	12792.778320
623.222656	12799.941406
622.006836	12574.171875
620.791016	12175.334961
619.575195	11756.770508
618.358398	11364.252930
617.141602	11148.935547
615.924805	11070.930664
614.708008	10931.323242
613.490234	10523.423828
612.272461	10495.288086
611.054688	10469.151367
609.836914	10226.497070
608.618164	10214.331055
607.399414	9946.023438
606.180664	10197.954102
604.960938	10064.730469
603.741211	9923.626953
602.521484	10006.763672
601.301758	9887.550781
600.081055	9669.238281
598.860352	9780.131836
597.639648	9776.009766
596.418945	9759.999023
595.197266	9771.732422
593.975586	9716.111328
592.753906	9589.217773
591.531250	9583.159180
590.308594	9695.875977
589.085938	9879.791016
587.863281	9689.653320
586.639648	9717.205078
585.416016	9722.989258
584.192383	9908.711914
582.967773	9738.500977
581.744141	9995.292969
580.519531	9959.509766
579.293945	10089.697266
578.069336	10138.842773
576.843750	10401.244141
575.618164	10387.119141
574.391602	10272.328125
573.166016	10741.743164
571.939453	10579.570313
570.711914	10721.253906
569.485352	10590.710938
568.257813	10643.598633
567.030273	10426.388672
565.802734	10485.201172
564.574219	10469.108398
563.345703	10651.996094
562.117188	10456.637695
560.888672	10190.475586
559.659180	10446.144531
558.429688	10276.546875
557.200195	10156.219727
555.969727	10183.501953
554.739258	10027.840820
553.508789	10106.269531
552.278320	10052.931641
551.046875	10017.307617
549.815430	9887.364258
548.583984	10394.091797
547.352539	10085.359375
546.120117	10047.792969
544.887695	10310.666992
543.655273	10021.785156
542.421875	10347.355469
541.188477	10341.157227
539.955078	10374.199219
538.721680	10381.726563
537.487305	10310.811523
536.252930	10128.175781
535.018555	10082.827148
533.783203	9986.545898
532.547852	9996.106445
531.312500	10084.015625
530.077148	10175.800781
528.840820	10210.764648
527.604492	10267.246094
526.368164	10488.097656
525.131836	10679.500977
523.894531	11328.579102
522.657227	11975.416016
521.419922	12322.794922
520.181641	11993.607422
518.943359	11238.478516
517.705078	10714.264648
516.465820	10491.143555
515.227539	10320.856445
513.988281	10220.945313
512.748047	10203.076172
511.508789	10218.397461
510.268555	10149.796875
509.028320	10217.800781
507.788086	10106.314453
506.546875	10299.110352
505.305664	10265.645508
504.064453	10021.664063
502.822266	10087.668945
501.580078	10134.159180
