1802.297852	7978.615234
1801.329102	8275.784180
1800.359375	8031.949219
1799.390625	8172.629883
1798.420898	8323.236328
1797.451172	8229.250000
1796.480469	8055.469727
1795.510742	7876.770020
1794.540039	7780.434082
1793.569336	7594.380371
1792.598633	7762.368164
1791.627930	7880.443848
1790.656250	8075.715820
1789.684570	7949.539551
1788.712891	7903.117188
1787.741211	7851.731934
1786.769531	7914.895508
1785.797852	8007.904297
1784.825195	8061.055176
1783.852539	8343.103516
1782.879883	8587.722656
1781.907227	8901.885742
1780.933594	8708.625000
1779.959961	8629.808594
1778.986328	8866.714844
1778.012695	9165.658203
1777.039063	9106.674805
1776.064453	9042.745117
1775.090820	8727.980469
1774.116211	8448.106445
1773.141602	8384.345703
1772.166016	8506.781250
1771.191406	8668.875977
1770.215820	8920.232422
1769.240234	9288.083984
1768.264648	9375.514648
1767.289063	9519.945313
1766.312500	9642.003906
1765.336914	9739.224609
1764.360352	10136.282227
1763.383789	10228.408203
1762.406250	10147.084961
1761.429688	9813.158203
1760.452148	9652.708008
1759.474609	9876.074219
1758.497070	9987.959961
1757.519531	10065.153320
1756.541016	10652.028320
1755.563477	10964.071289
1754.584961	11130.061523
1753.606445	11073.426758
1752.626953	10475.369141
1751.648438	10455.965820
1750.668945	10120.235352
1749.689453	10217.041016
1748.709961	10276.750977
1747.730469	10729.147461
1746.750000	10578.833008
1745.769531	10263.162109
1744.789063	9927.870117
1743.808594	9698.832031
1742.828125	9612.995117
1741.846680	9514.856445
1740.866211	9668.331055
1739.884766	9880.925781
1738.903320	9568.299805
1737.920898	9605.818359
1736.939453	9512.706055
1735.957031	9377.743164
1734.974609	9511.350586
1733.992188	9378.904297
1733.009766	9761.164063
1732.026367	9788.747070
1731.042969	10143.694336
1730.059570	9718.370117
1729.076172	9617.999023
1728.092773	9148.670898
1727.108398	9016.480469
1726.125000	9058.930664
1725.140625	9652.067383
1724.155273	9918.050781
1723.170898	9876.737305
1722.185547	10120.454102
1721.201172	10081.572266
1720.215820	9607.988281
1719.230469	9301.571289
1718.244141	9196.589844
1717.258789	9322.376953
1716.272461	9411.302734
1715.286133	9539.449219
1714.299805	9571.874023
1713.312500	9837.280273
1712.326172	9965.261719
1711.338867	10482.995117
1710.351563	10716.191406
1709.364258	10748.343750
1708.375977	10657.977539
1707.388672	10425.569336
1706.400391	10249.583984
1705.412109	10524.216797
1704.422852	10700.813477
1703.434570	10686.421875
1702.445313	11161.465820
1701.457031	11753.757813
1700.466797	12328.687500
1699.477539	12573.218750
1698.488281	12565.797852
1697.498047	12917.748047
1696.507813	12968.918945
1695.517578	12702.386719
1694.527344	12541.019531
1693.536133	12782.766602
1692.545898	12894.976563
1691.554688	13456.420898
1690.563477	13624.597656
1689.572266	13958.676758
1688.580078	13709.397461
1687.587891	13879.859375
1686.595703	14228.318359
1685.603516	14513.227539
1684.611328	14103.107422
1683.618164	14256.284180
1682.625977	14094.985352
1681.632813	13634.021484
1680.639648	13560.619141
1679.645508	13708.907227
1678.652344	14047.091797
1677.658203	13849.470703
1676.664063	14236.175781
1675.669922	14199.230469
1674.675781	14213.400391
1673.680664	14232.429688
1672.685547	14095.776367
1671.690430	13905.675781
1670.695313	13786.161133
1669.700195	13968.130859
1668.704102	13522.971680
1667.708008	12944.344727
1666.711914	13111.794922
1665.715820	12919.688477
1664.719727	12917.080078
1663.722656	13370.934570
1662.725586	13101.210938
1661.728516	12787.908203
1660.731445	12450.466797
1659.733398	12392.154297
1658.736328	12785.014648
1657.738281	12423.525391
1656.740234	12762.878906
1655.741211	12726.363281
1654.743164	12808.618164
1653.744141	13108.916992
1652.745117	12982.715820
1651.746094	12684.594727
1650.747070	12260.669922
1649.747070	12316.298828
1648.748047	12446.945313
1647.748047	12662.243164
1646.748047	12875.034180
1645.747070	12903.880859
1644.747070	12533.631836
1643.746094	12381.169922
1642.745117	12535.817383
1641.744141	12818.514648
1640.742188	12859.422852
1639.741211	12658.690430
1638.739258	12470.117188
1637.737305	12513.485352
1636.735352	12515.783203
1635.732422	12655.694336
1634.730469	12583.133789
1633.727539	12595.067383
1632.724609	12312.630859
1631.721680	12481.415039
1630.717773	12257.000000
1629.713867	12184.589844
1628.710938	12244.805664
1627.707031	12813.586914
1626.702148	12888.110352
1625.698242	13225.226563
1624.693359	13333.359375
1623.688477	13227.096680
1622.683594	13352.039063
1621.678711	12872.659180
1620.672852	12537.890625
1619.666992	12070.900391
1618.661133	12268.152344
1617.655273	11818.243164
1616.649414	12070.780273
1615.642578	12287.147461
1614.635742	12332.738281
1613.628906	12253.325195
1612.622070	12522.388672
1611.615234	12892.250977
1610.607422	13370.056641
1609.599609	13693.964844
1608.591797	13986.526367
1607.583984	13818.046875
1606.576172	13690.437500
1605.567383	13195.731445
1604.558594	13166.664063
1603.549805	13581.365234
1602.541016	14206.939453
1601.531250	14105.750977
1600.521484	14287.476563
1599.511719	14428.382813
1598.501953	14010.903320
1597.492188	14032.017578
1596.481445	14299.837891
1595.471680	14316.093750
1594.460938	14471.212891
1593.449219	14573.604492
1592.438477	14991.874023
1591.426758	15632.507813
1590.415039	15684.358398
1589.403320	15870.132813
1588.391602	15654.076172
1587.379883	15567.215820
1586.367188	15379.992188
1585.354492	15525.043945
1584.341797	15500.385742
1583.329102	15494.848633
1582.315430	15281.514648
1581.302734	15705.861328
1580.289063	16335.361328
1579.274414	16243.722656
1578.260742	16147.346680
1577.247070	15965.110352
1576.232422	16159.868164
1575.217773	16006.323242
1574.203125	15898.147461
1573.187500	15756.636719
1572.172852	15591.346680
1571.157227	15740.698242
1570.141602	16082.983398
1569.125000	15951.076172
1568.109375	16024.045898
1567.092773	16351.775391
1566.076172	16498.435547
1565.059570	16202.309570
1564.042969	16137.139648
1563.025391	16376.542969
1562.008789	16420.787109
1560.991211	16553.009766
1559.973633	16889.669922
1558.955078	16629.480469
1557.937500	16668.878906
1556.918945	16149.813477
1555.900391	16251.065430
1554.881836	16107.608398
1553.862305	16303.822266
1552.842773	16255.388672
1551.824219	16356.532227
1550.804688	16308.106445
1549.784180	16155.287109
1548.764648	15848.316406
1547.744141	15759.695313
1546.723633	15460.042969
1545.703125	15603.899414
1544.682617	15309.140625
1543.661133	15471.926758
1542.639648	15276.836914
1541.618164	15055.764648
1540.596680	15178.234375
1539.575195	15165.667969
1538.552734	15498.786133
1537.530273	15526.400391
1536.507813	15608.436523
1535.485352	15787.454102
1534.461914	15971.128906
1533.439453	15953.680664
1532.416016	15829.824219
1531.392578	15970.817383
1530.368164	15761.908203
1529.344727	15543.630859
1528.320313	15516.831055
1527.295898	15348.299805
1526.271484	15194.007813
1525.246094	15530.950195
1524.221680	15549.029297
1523.196289	15541.135742
1522.170898	15927.356445
1521.145508	15683.439453
1520.119141	15663.725586
1519.092773	15674.678711
1518.067383	15742.219727
1517.040039	15871.029297
1516.013672	15957.357422
1514.987305	16114.346680
1513.959961	15988.538086
1512.932617	16067.719727
1511.905273	16415.355469
1510.876953	16546.216797
1509.849609	16964.236328
1508.821289	16946.648438
1507.792969	17098.498047
1506.763672	17426.742188
1505.735352	17256.169922
1504.706055	17170.332031
1503.676758	17686.458984
1502.647461	17586.460938
1501.618164	17726.236328
1500.587891	18013.994141
1499.557617	17892.843750
1498.527344	17877.441406
1497.497070	18115.671875
1496.466797	17940.568359
1495.435547	18058.966797
1494.404297	17872.210938
1493.373047	17854.476563
1492.341797	17893.050781
1491.309570	17659.529297
1490.278320	17571.494141
1489.246094	17368.611328
1488.213867	17236.130859
1487.180664	17298.224609
1486.148438	17142.380859
1485.115234	17204.466797
1484.082031	17245.447266
1483.047852	17131.857422
1482.014648	16690.542969
1480.980469	17096.755859
1479.946289	17240.691406
1478.912109	17445.400391
1477.877930	17170.470703
1476.842773	17744.642578
1475.808594	18084.744141
1474.773438	18368.597656
1473.738281	18493.390625
1472.702148	18978.015625
1471.666992	18997.492188
1470.630859	19495.830078
1469.594727	19993.960938
1468.557617	20232.703125
1467.521484	20606.746094
1466.484375	21090.335938
1465.447266	21461.716797
1464.410156	21697.625000
1463.373047	22061.726563
1462.334961	22313.736328
1461.296875	22726.525391
1460.258789	23540.105469
1459.220703	23493.324219
1458.182617	23814.736328
1457.143555	23863.435547
1456.104492	23977.332031
1455.065430	23998.031250
1454.026367	24551.898438
1452.986328	24248.900391
1451.946289	23776.128906
1450.906250	24017.898438
1449.866211	24201.406250
1448.826172	24808.154297
1447.785156	25079.789063
1446.744141	25402.458984
1445.703125	25466.978516
1444.662109	25166.603516
1443.620117	25101.023438
1442.578125	25267.775391
1441.537109	25000.136719
1440.494141	24772.082031
1439.452148	24506.972656
1438.409180	24151.447266
1437.367188	23612.734375
1436.323242	22997.673828
1435.280273	22491.892578
1434.237305	22269.263672
1433.193359	21984.119141
1432.149414	21826.593750
1431.105469	21425.765625
1430.061523	21375.015625
1429.016602	20960.539063
1427.971680	20970.128906
1426.926758	20627.697266
1425.881836	20702.179688
1424.835938	20788.207031
1423.791016	20913.541016
1422.745117	20518.175781
1421.699219	20782.324219
1420.652344	20736.416016
1419.606445	21254.789063
1418.559570	21097.820313
1417.512695	21105.037109
1416.465820	21283.275391
1415.417969	21336.662109
1414.371094	21463.953125
1413.323242	21434.128906
1412.275391	21577.507813
1411.226563	21563.832031
1410.178711	21243.158203
1409.129883	21361.099609
1408.081055	21266.714844
1407.032227	21027.037109
1405.982422	20697.507813
1404.933594	21156.732422
1403.883789	20954.109375
1402.833984	20313.623047
1401.783203	20542.193359
1400.733398	20190.056641
1399.682617	20162.861328
1398.631836	20177.130859
1397.581055	19852.914063
1396.529297	19715.300781
1395.478516	19603.060547
1394.426758	19539.191406
1393.375000	19466.142578
1392.322266	19124.000000
1391.270508	19310.935547
1390.217773	19332.246094
1389.165039	18937.464844
1388.112305	18949.648438
1387.058594	18828.550781
1386.005859	18668.447266
1384.952148	18694.457031
1383.898438	18996.025391
1382.843750	18994.404297
1381.790039	19183.304688
1380.735352	19351.472656
1379.680664	19728.373047
1378.625977	19735.771484
1377.570313	19834.910156
1376.515625	19986.748047
1375.459961	20342.568359
1374.404297	20276.480469
1373.347656	20185.210938
1372.291992	20911.941406
1371.235352	20751.853516
1370.178711	20866.664063
1369.122070	20791.371094
1368.064453	20684.058594
1367.007813	20789.652344
1365.950195	20796.798828
1364.892578	20863.429688
1363.833984	21076.425781
1362.776367	21252.742188
1361.717773	21223.199219
1360.659180	21417.697266
1359.600586	21529.833984
1358.541016	21591.652344
1357.482422	21721.982422
1356.422852	21747.185547
1355.363281	22176.585938
1354.302734	22078.390625
1353.243164	22555.478516
1352.182617	22904.562500
1351.122070	22881.572266
1350.060547	23157.439453
1349.000000	23604.253906
1347.938477	24623.250000
1346.876953	24839.306641
1345.815430	25321.960938
1344.753906	25856.832031
1343.691406	25878.824219
1342.628906	26632.041016
1341.566406	26979.546875
1340.503906	27668.464844
1339.441406	28184.076172
1338.377930	28949.843750
1337.314453	29248.787109
1336.250977	30225.605469
1335.186523	30781.197266
1334.123047	31220.574219
1333.058594	31461.949219
1331.994141	31107.621094
1330.928711	31398.917969
1329.864258	30819.785156
1328.798828	30906.546875
1327.733398	30182.382813
1326.667969	29801.427734
1325.601563	29384.298828
1324.536133	28844.763672
1323.469727	28080.767578
1322.403320	27360.197266
1321.335938	26599.089844
1320.269531	25584.269531
1319.202148	25290.976563
1318.134766	24884.445313
1317.067383	24600.482422
1315.999023	24153.466797
1314.930664	23754.216797
1313.863281	23511.435547
1312.793945	23243.841797
1311.725586	23143.917969
1310.656250	22779.160156
1309.587891	22806.123047
1308.517578	22704.085938
1307.448242	22583.990234
1306.378906	22525.015625
1305.308594	22289.666016
1304.238281	22025.019531
1303.167969	21832.818359
1302.096680	21749.183594
1301.026367	21663.320313
1299.955078	21096.287109
1298.883789	21152.892578
1297.811523	20644.912109
1296.740234	20986.066406
1295.667969	20525.730469
1294.595703	20230.335938
1293.523438	19569.529297
1292.450195	19565.464844
1291.376953	19588.466797
1290.303711	19498.708984
1289.230469	19424.767578
1288.157227	19265.205078
1287.083008	19479.796875
1286.008789	19491.521484
1284.934570	19487.470703
1283.860352	19406.847656
1282.785156	19256.453125
1281.710938	19619.400391
1280.635742	19712.103516
1279.559570	19755.261719
1278.484375	19818.648438
1277.408203	19816.777344
1276.332031	20167.980469
1275.255859	20352.652344
1274.179688	20076.417969
1273.102539	20429.589844
1272.025391	20330.966797
1270.948242	20479.501953
1269.871094	20358.445313
1268.793945	20513.648438
1267.715820	20318.541016
1266.637695	20610.611328
1265.559570	20579.390625
1264.480469	20503.306641
1263.401367	20335.281250
1262.323242	20109.009766
1261.243164	20044.279297
1260.164063	19898.869141
1259.083984	19751.275391
1258.004883	19778.535156
1256.924805	19400.257813
1255.843750	19138.615234
1254.763672	19132.390625
1253.682617	18926.888672
1252.601563	18945.330078
1251.520508	19060.005859
1250.438477	18612.974609
1249.357422	18875.324219
1248.275391	18685.740234
1247.193359	17948.347656
1246.110352	18125.707031
1245.028320	18242.638672
1243.945313	17905.837891
1242.862305	18145.656250
1241.779297	17947.519531
1240.695313	17854.437500
1239.611328	17573.820313
1238.527344	17748.759766
1237.443359	17856.662109
1236.359375	17536.048828
1235.274414	17371.748047
1234.189453	17421.660156
1233.104492	17418.025391
1232.019531	16950.601563
1230.933594	16900.250000
1229.847656	16905.638672
1228.761719	16989.015625
1227.675781	16998.837891
1226.588867	17001.970703
1225.502930	17056.322266
1224.416016	17068.347656
1223.328125	16984.646484
1222.241211	16923.234375
1221.153320	17144.437500
1220.065430	16989.580078
1218.977539	16783.632813
1217.889648	16773.455078
1216.800781	16845.542969
1215.711914	16995.394531
1214.623047	16878.505859
1213.534180	16572.806641
1212.444336	16589.335938
1211.355469	17005.625000
1210.265625	16868.843750
1209.174805	16656.636719
1208.084961	16773.009766
1206.994141	16920.400391
1205.903320	16732.718750
1204.812500	16784.673828
1203.720703	16929.750000
1202.629883	16629.101563
1201.538086	16530.304688
1200.446289	16529.062500
1199.353516	16405.951172
1198.261719	16462.333984
1197.168945	15920.670898
1196.076172	15764.543945
1194.983398	15787.813477
1193.889648	16041.276367
1192.795898	16334.466797
1191.702148	16384.150391
1190.608398	16785.537109
1189.514648	16819.623047
1188.419922	16548.546875
1187.325195	16763.945313
1186.230469	16828.953125
1185.135742	16803.332031
1184.040039	16709.230469
1182.944336	16710.148438
1181.848633	16781.734375
1180.752930	16946.023438
1179.656250	16492.146484
1178.559570	16437.929688
1177.462891	16509.507813
1176.366211	16636.208984
1175.268555	16544.498047
1174.171875	16435.181641
1173.074219	16524.335938
1171.975586	16289.424805
1170.877930	16365.346680
1169.779297	16269.376953
1168.680664	16296.805664
1167.582031	15890.348633
1166.483398	16019.132813
1165.383789	16220.511719
1164.284180	16148.877930
1163.184570	16222.510742
1162.084961	16018.899414
1160.984375	16162.914063
1159.883789	16269.482422
1158.783203	16193.510742
1157.682617	16040.631836
1156.581055	16015.288086
1155.480469	16297.580078
1154.378906	16122.803711
1153.276367	16470.843750
1152.174805	16236.812500
1151.072266	16314.636719
1149.969727	16596.564453
1148.867188	16435.072266
1147.764648	19130.365234
1146.661133	17099.423828
1145.557617	16970.820313
1144.454102	17223.804688
1143.349609	17318.837891
1142.246094	17455.474609
1141.141602	17344.431641
1140.037109	17395.560547
1138.932617	17067.722656
1137.827148	17591.916016
1136.721680	17297.015625
1135.616211	17339.349609
1134.510742	17112.470703
1133.404297	16518.082031
1132.298828	17068.085938
1131.192383	16872.025391
1130.084961	17060.910156
1128.978516	16980.802734
1127.871094	17073.408203
1126.763672	16663.339844
1125.656250	16714.458984
1124.548828	16780.843750
1123.440430	16770.761719
1122.332031	16808.720703
1121.223633	16632.722656
1120.115234	16565.927734
1119.005859	16948.679688
1117.896484	16766.214844
1116.787109	16858.660156
1115.677734	16828.941406
1114.567383	17082.675781
1113.457031	17209.869141
1112.346680	17430.722656
1111.236328	17468.451172
1110.125000	17959.285156
1109.014648	17933.722656
1107.903320	18585.388672
1106.791016	18799.183594
1105.679688	19163.074219
1104.567383	19431.058594
1103.455078	19674.996094
1102.342773	19842.695313
1101.230469	20051.644531
1100.117188	20425.753906
1099.003906	20545.361328
1097.890625	20410.625000
1096.776367	20391.111328
1095.663086	20082.662109
1094.548828	19854.707031
1093.434570	19364.083984
1092.319336	18958.341797
1091.205078	18843.638672
1090.089844	18041.023438
1088.974609	17972.126953
1087.858398	17753.574219
1086.743164	17595.841797
1085.626953	17086.894531
1084.510742	16977.060547
1083.394531	16735.056641
1082.277344	16714.189453
1081.160156	16628.332031
1080.042969	16631.320313
1078.925781	16361.436523
1077.807617	16147.958984
1076.690430	16278.763672
1075.572266	16089.199219
1074.453125	16410.375000
1073.334961	16259.800781
1072.215820	16221.760742
1071.096680	16125.349609
1069.977539	16191.126953
1068.858398	16436.283203
1067.738281	16376.623047
1066.618164	16688.613281
1065.498047	16391.304688
1064.376953	16502.304688
1063.256836	16818.386719
1062.135742	16519.078125
1061.014648	16770.269531
1059.892578	16725.724609
1058.771484	17078.164063
1057.649414	17059.455078
1056.527344	17098.978516
1055.404297	17313.125000
1054.282227	17257.728516
1053.159180	17407.093750
1052.036133	17349.544922
1050.912109	17070.134766
1049.789063	17253.902344
1048.665039	17484.962891
1047.541016	17296.117188
1046.416992	17298.916016
1045.291992	17482.474609
1044.166992	17140.990234
1043.041992	17152.417969
1041.916992	17054.162109
1040.791992	16919.394531
1039.666016	16675.048828
1038.540039	16789.724609
1037.413086	16915.095703
1036.287109	16696.683594
1035.160156	16237.801758
1034.033203	16251.541992
1032.906250	16303.919922
1031.779297	16474.332031
1030.651367	17063.148438
1029.523438	16928.654297
1028.395508	17135.289063
1027.266602	17461.937500
1026.137695	17190.210938
1025.009766	17248.736328
1023.879883	17489.417969
1022.750977	17657.138672
1021.621094	17841.927734
1020.491211	17662.505859
1019.361328	17748.703125
1018.231445	17560.810547
1017.100586	17561.367188
1015.969727	17564.062500
1014.838867	17618.109375
1013.708008	17385.474609
1012.576172	17480.169922
1011.444336	17386.652344
1010.312500	17256.830078
1009.180664	17415.611328
1008.047852	17358.492188
1006.915039	17615.460938
1005.782227	17494.240234
1004.649414	17800.187500
1003.515625	17924.517578
1002.381836	18023.177734
1001.248047	17963.861328
1000.114258	17787.210938
998.979492	17533.833984
997.844727	17103.535156
996.709961	17048.724609
995.575195	16778.607422
994.439453	16905.066406
993.303711	16605.255859
992.167969	16329.009766
991.032227	16483.171875
989.895508	16782.087891
988.758789	17076.617188
987.622070	16877.138672
986.485352	16920.375000
985.347656	16814.638672
984.210938	16770.642578
983.073242	16807.490234
981.934570	16899.611328
980.796875	17017.205078
979.658203	16996.580078
978.519531	16901.583984
977.380859	17063.716797
976.241211	17206.664063
975.101563	16854.695313
973.961914	17059.201172
972.822266	16892.105469
971.681641	17181.412109
970.541992	17434.521484
969.400391	17768.140625
968.259766	17953.136719
967.119141	18042.625000
965.977539	17977.298828
964.835938	18285.076172
963.694336	18217.603516
962.551758	18143.802734
961.409180	18241.623047
960.266602	18112.777344
959.124023	18199.972656
957.980469	17952.634766
956.837891	17940.343750
955.694336	17828.599609
954.549805	17689.394531
953.406250	17945.802734
952.261719	17825.664063
951.117188	17665.402344
949.972656	17644.726563
948.827148	17575.449219
947.681641	17415.339844
946.536133	17479.230469
945.390625	17655.031250
944.245117	17661.826172
943.098633	18154.191406
941.952148	18095.439453
940.804688	18321.603516
939.658203	18399.978516
938.510742	19157.546875
937.363281	19630.082031
936.215820	19942.167969
935.067383	20707.351563
933.919922	21368.933594
932.770508	22367.375000
931.622070	23302.189453
930.473633	24607.302734
929.324219	25709.699219
928.174805	27190.587891
927.025391	28058.316406
925.875000	28414.291016
924.724609	29066.777344
923.574219	28675.619141
922.423828	28267.802734
921.272461	27223.054688
920.122070	26063.128906
918.969727	25034.005859
917.818359	24038.943359
916.666992	22781.695313
915.514648	21716.121094
914.362305	20823.199219
913.208984	20121.710938
912.056641	19219.011719
910.903320	18751.109375
909.750000	18207.873047
908.596680	17671.160156
907.442383	17476.531250
906.288086	17665.701172
905.133789	17290.867188
903.979492	17251.537109
902.824219	17193.365234
901.668945	16831.439453
900.513672	16731.488281
899.358398	17000.144531
898.202148	16571.490234
897.045898	16657.953125
895.889648	16721.357422
894.733398	16592.240234
893.576172	16783.234375
892.419922	16564.222656
891.261719	16719.591797
890.104492	16500.687500
888.946289	16668.542969
887.789063	16380.780273
886.629883	16264.456055
885.471680	16146.090820
884.312500	16545.677734
883.153320	16671.580078
881.994141	16653.396484
880.834961	16453.654297
879.674805	16420.917969
878.514648	16500.841797
877.354492	16434.738281
876.194336	16560.496094
875.033203	16456.880859
873.872070	16249.092773
872.710938	16639.455078
871.548828	16615.054688
870.387695	16701.058594
869.225586	16651.662109
868.063477	16670.994141
866.900391	16781.908203
865.737305	16636.791016
864.574219	16520.863281
863.411133	16498.597656
862.248047	16293.315430
861.083984	16287.740234
859.919922	16467.191406
858.755859	16255.808594
857.590820	16206.603516
856.425781	16182.349609
855.260742	16527.835938
854.095703	16615.664063
852.930664	16620.402344
851.764648	16650.046875
850.598633	16488.744141
849.431641	16234.138672
848.265625	15857.247070
847.098633	16069.540039
845.931641	16211.239258
844.764648	16160.075195
843.596680	16108.931641
842.428711	16401.800781
841.260742	16383.774414
840.092773	16338.827148
838.923828	16503.058594
837.754883	16576.119141
836.585938	16506.316406
835.416992	16229.584961
834.247070	16348.174805
833.077148	16623.931641
831.907227	16421.806641
830.737305	16410.003906
829.566406	16513.976563
828.395508	16109.446289
827.224609	16473.810547
826.052734	16594.228516
824.881836	16660.888672
823.709961	16677.955078
822.538086	16802.376953
821.365234	16848.302734
820.192383	16588.767578
819.019531	16259.187500
817.846680	16373.273438
816.673828	16085.129883
815.500000	16061.046875
814.326172	15946.263672
813.151367	16157.188477
811.977539	16326.806641
810.802734	16397.458984
809.627930	16519.576172
808.453125	16571.619141
807.277344	16679.232422
806.101563	16795.029297
804.925781	16552.679688
803.750000	16438.003906
802.573242	16214.348633
801.396484	16122.416992
800.219727	16308.117188
799.042969	16545.130859
797.865234	16531.289063
796.687500	16675.679688
795.509766	17025.455078
794.331055	17120.376953
793.153320	16919.541016
791.974609	16776.277344
790.795898	17006.667969
789.616211	16637.697266
788.436523	16455.599609
787.256836	16847.966797
786.077148	16780.751953
784.897461	16891.958984
783.716797	16640.257813
782.536133	16282.084961
781.354492	16303.161133
780.173828	16463.539063
778.992188	16396.490234
777.810547	16575.207031
776.628906	16440.595703
775.446289	16465.703125
774.263672	16210.426758
773.081055	16360.381836
771.898438	16387.533203
770.714844	16572.150391
769.531250	16705.568359
768.347656	16732.625000
767.163086	17121.429688
765.979492	17140.208984
764.794922	17191.666016
763.609375	17175.695313
762.424805	17323.097656
761.239258	17323.437500
760.053711	17605.462891
758.868164	18195.521484
757.681641	18222.193359
756.495117	18426.320313
755.308594	18522.269531
754.122070	18542.732422
752.934570	18718.115234
751.748047	19490.593750
750.559570	19812.406250
749.372070	19744.966797
748.183594	20630.777344
746.995117	21611.912109
745.806641	23400.882813
744.618164	24535.687500
743.428711	26011.888672
742.239258	27231.085938
741.049805	28081.574219
739.859375	29082.185547
738.669922	29813.968750
737.479492	30502.744141
736.288086	30492.074219
735.097656	30198.964844
733.906250	30767.345703
732.714844	31038.939453
731.523438	30821.029297
730.331055	30662.085938
729.138672	30647.324219
727.946289	30360.638672
726.753906	29988.861328
725.560547	29446.853516
724.367188	28706.335938
723.173828	27913.421875
721.979492	27007.328125
720.786133	26419.816406
719.591797	25020.033203
718.396484	23906.494141
717.202148	22846.097656
716.006836	21508.742188
714.811523	21048.568359
713.616211	20898.271484
712.419922	20217.853516
711.223633	20047.568359
710.027344	19523.376953
708.831055	19452.406250
707.633789	19328.894531
706.436523	19504.605469
705.239258	19506.435547
704.041016	19429.462891
702.843750	19104.048828
701.645508	18879.759766
700.447266	18510.181641
699.248047	18233.626953
698.048828	18288.199219
696.849609	18780.632813
695.650391	19188.117188
694.450195	19286.816406
693.250000	19111.216797
692.049805	19504.248047
690.849609	20116.818359
689.648438	20658.585938
688.447266	21337.126953
687.246094	21817.960938
686.044922	22407.337891
684.842773	22491.062500
683.640625	23422.257813
682.438477	24107.503906
681.235352	24933.304688
680.033203	25334.261719
678.829102	24663.001953
677.625977	23879.419922
676.422852	23124.324219
675.218750	22669.048828
674.014648	22422.966797
672.809570	22488.408203
671.604492	22953.554688
670.400391	22311.937500
669.194336	22680.539063
667.989258	22729.802734
666.783203	22654.611328
665.577148	22858.359375
664.371094	23537.460938
663.164063	24194.201172
661.957031	24880.734375
660.750000	25907.779297
659.542969	26040.435547
658.334961	26491.656250
657.127930	26513.933594
655.918945	26490.130859
654.710938	26512.396484
653.501953	25970.041016
652.292969	26334.703125
651.083984	25604.498047
649.875000	25768.990234
648.665039	24839.181641
647.455078	24049.775391
646.244141	23566.640625
645.034180	23335.603516
643.823242	22403.132813
642.612305	21550.994141
641.400391	20769.150391
640.189453	20433.058594
638.977539	19518.001953
637.765625	19449.855469
636.552734	19553.400391
635.339844	19449.353516
634.126953	19389.244141
632.914063	19149.632813
631.700195	19833.494141
630.487305	19916.896484
629.272461	19541.769531
628.058594	20003.869141
626.843750	20611.222656
625.628906	20835.820313
624.414063	20464.796875
623.199219	20255.226563
621.983398	20037.783203
620.767578	20264.294922
619.551758	19828.044922
618.334961	19491.462891
617.118164	19266.414063
615.901367	19021.576172
614.684570	18788.775391
613.466797	18550.109375
612.249023	18241.990234
611.031250	17628.015625
609.813477	17205.013672
608.594727	17097.976563
607.375977	17288.830078
606.157227	17136.162109
604.937500	17189.972656
603.717773	17126.685547
602.498047	17118.970703
601.278320	17168.781250
600.057617	16992.501953
598.836914	16895.603516
597.616211	16731.353516
596.395508	16642.478516
595.173828	16048.415039
593.952148	16183.562500
592.729492	15952.273438
591.507813	15713.163086
590.285156	15476.136719
589.062500	15445.041992
587.839844	15586.104492
586.616211	15469.931641
585.392578	15642.570313
584.168945	16117.672852
582.944336	16377.077148
581.720703	16282.571289
580.495117	16614.939453
579.270508	17018.285156
578.045898	17170.597656
576.820313	17198.433594
575.594727	17423.689453
574.368164	17781.099609
573.142578	17603.535156
571.916016	17481.294922
570.688477	17946.947266
569.461914	18495.226563
568.234375	18406.386719
567.006836	18362.923828
565.779297	17945.009766
564.550781	17913.488281
563.322266	17974.570313
562.093750	17623.978516
560.865234	17559.068359
559.635742	17685.152344
558.406250	17817.085938
557.176758	18069.000000
555.946289	18259.812500
554.715820	18155.488281
553.485352	17996.142578
552.254883	17811.308594
551.023438	18235.923828
549.791992	17968.572266
548.560547	17650.251953
547.328125	17117.947266
546.096680	16770.490234
544.864258	16546.890625
543.630859	16666.931641
542.398438	16678.972656
541.165039	16859.761719
539.931641	17593.707031
538.697266	17625.146484
537.463867	17409.488281
536.229492	17127.267578
534.994141	17060.779297
533.759766	16988.441406
532.524414	17419.660156
531.289063	17580.371094
530.053711	17339.541016
528.817383	17298.527344
527.581055	17523.753906
526.344727	17506.201172
525.107422	18128.484375
523.871094	18660.503906
522.632813	19350.708984
521.395508	20198.994141
520.158203	20358.765625
518.919922	19588.117188
517.681641	18667.343750
516.442383	18399.492188
515.203125	17911.042969
513.963867	16987.335938
512.724609	16733.695313
511.485352	16784.666016
510.245117	17335.197266
509.004883	17551.851563
507.763672	17737.197266
506.523438	17748.894531
505.282227	17998.457031
504.040039	17951.605469
502.798828	17594.896484
501.556641	16942.171875
