1802.219727	13796.901367
1801.250000	13687.025391
1800.281250	13576.934570
1799.311523	13614.161133
1798.341797	13668.842773
1797.372070	13563.809570
1796.402344	13189.391602
1795.431641	13368.831055
1794.460938	13306.311523
1793.491211	13505.600586
1792.519531	13507.886719
1791.548828	13550.045898
1790.578125	13624.580078
1789.606445	13552.102539
1788.634766	13654.002930
1787.663086	13598.978516
1786.690430	13723.234375
1785.718750	13837.482422
1784.746094	14053.721680
1783.773438	13958.846680
1782.800781	14214.777344
1781.828125	14460.655273
1780.854492	14268.771484
1779.880859	14499.622070
1778.908203	14529.035156
1777.933594	14493.820313
1776.959961	14366.683594
1775.986328	14319.092773
1775.011719	14336.096680
1774.037109	14010.406250
1773.062500	14106.912109
1772.086914	14325.006836
1771.112305	14614.985352
1770.136719	14892.439453
1769.161133	14859.689453
1768.185547	15141.942383
1767.209961	15409.204102
1766.233398	15148.274414
1765.257813	15526.970703
1764.281250	15308.250977
1763.304688	15349.784180
1762.327148	15416.073242
1761.350586	15370.878906
1760.373047	15385.133789
1759.395508	15872.255859
1758.417969	15911.155273
1757.440430	16199.992188
1756.461914	16699.027344
1755.483398	16720.417969
1754.504883	16289.184570
1753.526367	16661.787109
1752.547852	16453.244141
1751.568359	16024.792969
1750.589844	16090.776367
1749.610352	16280.274414
1748.630859	16642.619141
1747.650391	16199.649414
1746.670898	16077.872070
1745.690430	16084.522461
1744.709961	15762.878906
1743.729492	15907.788086
1742.749023	15870.052734
1741.767578	15938.408203
1740.786133	16149.783203
1739.804688	15828.444336
1738.823242	15886.902344
1737.841797	15639.690430
1736.859375	15727.733398
1735.876953	15436.300781
1734.895508	15627.810547
1733.912109	15878.351563
1732.929688	15949.036133
1731.946289	16039.385742
1730.963867	16146.928711
1729.980469	15868.062500
1728.997070	15434.299805
1728.012695	15504.997070
1727.029297	15688.800781
1726.044922	15884.824219
1725.060547	16203.690430
1724.076172	16124.237305
1723.090820	16003.039063
1722.106445	15985.081055
1721.121094	16087.497070
1720.135742	15831.296875
1719.150391	15840.392578
1718.164063	15734.098633
1717.178711	15915.023438
1716.192383	16051.702148
1715.206055	16001.858398
1714.219727	16020.717773
1713.232422	16304.442383
1712.246094	16874.941406
1711.258789	17035.800781
1710.271484	17162.279297
1709.284180	16869.662109
1708.295898	16888.318359
1707.307617	16737.945313
1706.320313	17082.347656
1705.332031	17064.218750
1704.342773	17562.644531
1703.354492	17634.986328
1702.365234	17695.062500
1701.375977	18481.757813
1700.386719	18752.003906
1699.397461	18762.902344
1698.408203	19333.734375
1697.417969	19488.742188
1696.427734	19404.162109
1695.437500	19532.212891
1694.447266	20016.914063
1693.456055	20039.751953
1692.464844	20370.294922
1691.474609	20656.753906
1690.482422	20718.503906
1689.491211	20626.464844
1688.500000	20988.341797
1687.507813	21208.568359
1686.515625	21440.900391
1685.523438	21770.687500
1684.530273	21900.404297
1683.538086	21700.968750
1682.544922	21745.339844
1681.551758	21229.232422
1680.558594	21205.462891
1679.565430	21771.164063
1678.571289	22083.363281
1677.577148	22220.128906
1676.583008	22315.455078
1675.588867	22306.087891
1674.594727	22055.820313
1673.599609	21684.011719
1672.604492	22190.433594
1671.609375	22005.998047
1670.614258	22067.205078
1669.619141	21931.484375
1668.623047	21871.160156
1667.626953	21696.652344
1666.630859	21315.712891
1665.634766	21666.035156
1664.638672	21843.794922
1663.641602	21873.376953
1662.644531	21699.039063
1661.647461	21357.308594
1660.650391	21231.671875
1659.652344	21341.406250
1658.655273	21303.140625
1657.657227	21165.462891
1656.659180	21747.919922
1655.660156	21741.103516
1654.662109	21409.533203
1653.663086	21553.015625
1652.664063	21483.251953
1651.665039	21319.052734
1650.666016	21430.982422
1649.666016	21329.806641
1648.666992	21715.212891
1647.666992	21841.509766
1646.666016	21699.175781
1645.666016	21735.916016
1644.666016	21513.843750
1643.665039	21538.511719
1642.664063	21647.787109
1641.663086	21611.986328
1640.661133	21564.115234
1639.660156	21511.429688
1638.658203	21753.482422
1637.656250	21531.710938
1636.653320	21766.414063
1635.651367	21897.208984
1634.648438	21844.503906
1633.646484	21362.255859
1632.642578	21688.484375
1631.639648	21440.453125
1630.636719	21361.349609
1629.632813	21431.775391
1628.628906	21844.511719
1627.625000	21813.576172
1626.621094	21823.619141
1625.616211	21968.580078
1624.611328	21920.773438
1623.607422	22019.894531
1622.601563	21760.197266
1621.596680	21933.939453
1620.590820	21869.324219
1619.585938	21520.773438
1618.580078	21494.759766
1617.574219	21413.431641
1616.567383	21594.275391
1615.561523	21452.843750
1614.554688	21828.330078
1613.547852	21857.554688
1612.540039	22141.488281
1611.533203	22535.822266
1610.525391	23028.478516
1609.518555	23079.046875
1608.509766	23285.664063
1607.501953	23110.500000
1606.494141	23077.013672
1605.485352	22575.613281
1604.476563	23665.039063
1603.467773	23739.394531
1602.458984	23921.636719
1601.449219	24202.107422
1600.439453	24024.599609
1599.429688	24410.388672
1598.419922	24625.886719
1597.410156	24446.001953
1596.399414	24848.232422
1595.388672	25161.693359
1594.377930	25776.701172
1593.367188	25982.123047
1592.356445	26354.990234
1591.344727	27151.232422
1590.333008	27530.884766
1589.321289	27054.101563
1588.309570	27182.525391
1587.297852	27602.580078
1586.285156	27443.990234
1585.272461	27698.914063
1584.259766	27791.255859
1583.247070	28239.505859
1582.233398	28947.914063
1581.219727	29087.697266
1580.206055	29053.138672
1579.192383	29204.775391
1578.178711	29666.595703
1577.164063	29970.750000
1576.149414	30279.548828
1575.134766	29715.292969
1574.120117	30148.011719
1573.105469	29657.916016
1572.089844	30183.427734
1571.074219	30336.958984
1570.058594	29899.535156
1569.042969	30157.873047
1568.026367	30401.814453
1567.010742	30398.011719
1565.994141	30070.437500
1564.977539	30216.652344
1563.959961	30481.794922
1562.943359	30135.363281
1561.925781	30095.927734
1560.908203	30046.996094
1559.890625	30399.927734
1558.872070	29887.376953
1557.854492	29679.263672
1556.835938	29699.363281
1555.817383	29408.216797
1554.798828	29271.583984
1553.779297	29505.488281
1552.760742	29646.693359
1551.741211	29384.273438
1550.721680	29349.808594
1549.701172	29381.798828
1548.681641	29008.083984
1547.661133	29066.218750
1546.640625	29266.617188
1545.620117	29353.125000
1544.599609	29449.078125
1543.578125	28999.878906
1542.556641	28844.687500
1541.535156	29210.755859
1540.513672	29489.035156
1539.492188	29423.822266
1538.469727	29720.880859
1537.447266	29340.812500
1536.424805	29235.431641
1535.402344	29657.750000
1534.378906	29547.613281
1533.356445	29028.335938
1532.333008	29183.218750
1531.308594	29267.107422
1530.285156	28946.757813
1529.261719	28661.984375
1528.237305	29064.904297
1527.212891	28484.929688
1526.188477	29225.460938
1525.163086	28985.722656
1524.137695	28996.333984
1523.113281	29429.451172
1522.087891	29102.496094
1521.061523	29311.265625
1520.036133	29142.515625
1519.009766	29339.394531
1517.983398	29522.044922
1516.957031	29673.970703
1515.930664	29877.687500
1514.903320	29850.376953
1513.875977	30254.236328
1512.848633	30488.328125
1511.821289	30971.960938
1510.793945	31410.658203
1509.765625	31404.242188
1508.737305	31550.814453
1507.708984	31654.968750
1506.680664	31984.935547
1505.651367	32244.201172
1504.622070	32757.345703
1503.593750	32440.285156
1502.563477	32438.355469
1501.534180	32382.369141
1500.503906	32246.509766
1499.474609	32425.515625
1498.444336	32470.560547
1497.413086	32097.574219
1496.382813	32022.921875
1495.351563	31753.462891
1494.320313	31284.623047
1493.289063	31447.169922
1492.257813	31152.181641
1491.225586	31023.843750
1490.194336	31057.361328
1489.162109	30818.898438
1488.129883	30714.142578
1487.096680	30682.078125
1486.064453	30657.054688
1485.031250	30978.746094
1483.998047	31316.699219
1482.963867	31331.363281
1481.930664	31367.091797
1480.896484	31863.919922
1479.862305	32407.347656
1478.828125	32400.710938
1477.793945	32885.320313
1476.758789	33329.972656
1475.724609	33507.871094
1474.689453	33678.679688
1473.653320	34464.140625
1472.618164	35010.917969
1471.582031	35281.777344
1470.545898	35638.949219
1469.509766	36659.234375
1468.473633	37263.480469
1467.437500	37755.421875
1466.400391	38634.601563
1465.363281	39648.761719
1464.326172	40405.871094
1463.288086	41444.906250
1462.250977	42446.199219
1461.212891	43684.902344
1460.174805	44356.632813
1459.136719	44697.132813
1458.097656	45806.449219
1457.058594	46938.601563
1456.019531	47138.601563
1454.980469	47953.304688
1453.941406	48378.851563
1452.901367	48766.976563
1451.862305	49092.101563
1450.822266	49051.777344
1449.781250	50083.914063
1448.741211	50901.644531
1447.700195	51379.531250
1446.659180	51629.375000
1445.618164	51567.636719
1444.577148	51352.542969
1443.535156	50291.785156
1442.494141	49798.273438
1441.452148	48048.472656
1440.410156	46429.425781
1439.367188	44959.617188
1438.324219	43901.246094
1437.282227	42230.664063
1436.239258	41249.847656
1435.195313	40343.664063
1434.152344	39301.015625
1433.108398	39262.796875
1432.064453	38758.625000
1431.020508	37983.480469
1429.976563	37818.097656
1428.931641	37363.179688
1427.886719	36447.496094
1426.841797	36805.910156
1425.796875	36295.906250
1424.750977	36469.003906
1423.706055	36417.531250
1422.660156	36437.808594
1421.613281	36344.718750
1420.567383	36482.960938
1419.521484	36591.082031
1418.474609	36934.988281
1417.427734	36779.449219
1416.379883	37155.523438
1415.333008	37385.871094
1414.285156	37565.300781
1413.237305	37816.253906
1412.189453	37235.789063
1411.141602	37318.164063
1410.092773	37342.800781
1409.043945	37690.507813
1407.995117	37253.593750
1406.946289	37029.082031
1405.897461	36899.218750
1404.847656	36654.117188
1403.797852	35814.320313
1402.748047	36028.218750
1401.698242	35523.035156
1400.647461	34829.136719
1399.596680	34292.156250
1398.545898	33741.578125
1397.495117	33656.339844
1396.444336	33136.042969
1395.392578	33094.687500
1394.340820	32342.304688
1393.289063	31953.730469
1392.237305	32101.255859
1391.184570	31423.125000
1390.131836	31710.949219
1389.079102	31621.656250
1388.026367	31199.146484
1386.973633	31263.945313
1385.919922	31101.279297
1384.866211	31308.472656
1383.812500	31561.507813
1382.758789	31848.873047
1381.704102	32147.595703
1380.649414	32209.812500
1379.594727	32444.089844
1378.540039	32538.332031
1377.484375	33306.835938
1376.429688	33659.972656
1375.374023	34008.378906
1374.318359	34143.468750
1373.261719	34193.714844
1372.206055	34046.894531
1371.149414	34676.679688
1370.092773	34873.351563
1369.036133	35040.171875
1367.978516	35252.707031
1366.921875	35396.488281
1365.864258	35563.089844
1364.806641	35773.093750
1363.748047	35763.414063
1362.690430	36352.914063
1361.631836	36754.675781
1360.573242	37057.976563
1359.513672	37427.425781
1358.455078	38112.058594
1357.395508	38476.562500
1356.335938	38866.042969
1355.276367	39556.796875
1354.216797	40690.191406
1353.156250	41268.425781
1352.095703	42373.605469
1351.035156	42807.500000
1349.974609	43877.679688
1348.914063	44840.222656
1347.852539	45590.292969
1346.791016	46732.179688
1345.729492	47611.468750
1344.666992	48262.500000
1343.605469	49013.507813
1342.542969	49627.527344
1341.480469	50530.527344
1340.416992	51795.199219
1339.354492	52474.273438
1338.291016	53810.843750
1337.227539	54682.640625
1336.164063	54953.433594
1335.099609	55897.414063
1334.036133	55724.375000
1332.971680	56119.832031
1331.907227	56244.605469
1330.842773	55735.218750
1329.777344	55230.585938
1328.711914	54951.070313
1327.646484	53928.933594
1326.581055	52580.207031
1325.514648	51620.277344
1324.449219	50293.011719
1323.382813	49638.058594
1322.316406	48647.558594
1321.249023	47564.457031
1320.182617	47001.191406
1319.115234	46215.929688
1318.047852	45526.210938
1316.980469	45045.308594
1315.912109	44539.675781
1314.843750	44131.671875
1313.775391	43567.535156
1312.707031	43599.265625
1311.638672	42944.898438
1310.569336	43277.828125
1309.500000	43243.957031
1308.430664	42148.792969
1307.361328	42508.824219
1306.291016	42074.753906
1305.221680	41708.710938
1304.151367	40956.179688
1303.080078	40558.863281
1302.009766	40035.144531
1300.938477	39208.855469
1299.867188	39356.597656
1298.795898	38562.406250
1297.724609	38443.750000
1296.652344	37855.527344
1295.580078	36877.039063
1294.507813	36320.980469
1293.435547	36022.367188
1292.363281	35351.664063
1291.290039	35107.503906
1290.216797	34592.851563
1289.143555	34477.449219
1288.069336	34177.269531
1286.996094	33987.632813
1285.921875	33921.988281
1284.847656	33743.742188
1283.772461	33732.226563
1282.698242	33824.289063
1281.623047	34037.871094
1280.547852	34348.148438
1279.472656	34163.238281
1278.396484	34516.097656
1277.321289	35190.460938
1276.245117	35102.187500
1275.167969	35605.265625
1274.091797	35065.109375
1273.014648	35167.937500
1271.938477	35947.062500
1270.860352	35456.585938
1269.783203	35599.695313
1268.706055	35044.367188
1267.627930	34504.984375
1266.549805	34868.171875
1265.471680	34241.523438
1264.392578	33900.085938
1263.313477	33529.625000
1262.235352	33325.281250
1261.155273	32836.246094
1260.076172	32663.515625
1258.996094	31977.580078
1257.916992	31249.351563
1256.835938	30944.865234
1255.755859	30774.902344
1254.675781	30148.150391
1253.594727	29732.126953
1252.513672	29034.216797
1251.432617	29135.595703
1250.350586	28822.968750
1249.269531	28814.726563
1248.187500	28043.769531
1247.104492	28183.279297
1246.022461	28096.917969
1244.939453	27664.119141
1243.857422	27776.798828
1242.774414	27726.320313
1241.690430	27758.515625
1240.607422	27368.576172
1239.523438	27534.806641
1238.439453	27428.601563
1237.355469	27373.775391
1236.270508	27245.330078
1235.186523	27348.970703
1234.101563	27187.119141
1233.015625	26715.339844
1231.930664	27055.371094
1230.844727	26791.132813
1229.759766	26778.855469
1228.673828	27120.884766
1227.586914	26778.818359
1226.500977	27214.251953
1225.414063	27596.054688
1224.327148	27470.064453
1223.240234	27174.951172
1222.152344	27447.466797
1221.064453	27370.533203
1219.977539	27482.720703
1218.888672	27632.669922
1217.800781	27729.187500
1216.711914	27845.671875
1215.623047	27390.861328
1214.534180	27225.132813
1213.445313	27199.449219
1212.355469	26971.630859
1211.266602	27374.636719
1210.176758	27328.947266
1209.085938	27094.580078
1207.996094	27144.404297
1206.905273	27378.384766
1205.814453	26988.849609
1204.723633	26701.507813
1203.631836	26780.193359
1202.541016	26896.539063
1201.449219	26768.994141
1200.357422	26519.609375
1199.264648	26644.792969
1198.172852	26315.781250
1197.080078	26241.617188
1195.987305	26087.761719
1194.893555	26412.177734
1193.800781	26258.349609
1192.707031	26779.548828
1191.613281	26754.031250
1190.519531	26582.525391
1189.424805	26851.201172
1188.331055	26356.916016
1187.236328	26749.322266
1186.141602	26712.777344
1185.045898	26442.013672
1183.950195	26195.662109
1182.855469	26665.076172
1181.758789	26394.486328
1180.663086	26358.046875
1179.566406	26105.291016
1178.470703	26362.453125
1177.374023	26087.734375
1176.276367	25872.691406
1175.179688	25962.111328
1174.082031	26135.287109
1172.984375	26017.371094
1171.886719	26053.796875
1170.788086	26167.337891
1169.689453	25648.486328
1168.590820	25792.900391
1167.492188	25820.529297
1166.393555	25870.162109
1165.293945	25582.951172
1164.194336	25687.634766
1163.094727	25402.781250
1161.995117	25507.457031
1160.894531	25601.087891
1159.793945	25800.236328
1158.693359	25693.683594
1157.592773	25308.001953
1156.491211	25568.619141
1155.390625	25624.777344
1154.289063	25379.945313
1153.186523	25710.662109
1152.084961	25793.099609
1150.982422	25416.656250
1149.879883	25619.843750
1148.777344	25761.496094
1147.673828	25677.101563
1146.571289	26086.298828
1145.467773	26346.189453
1144.364258	26187.167969
1143.259766	26234.281250
1142.156250	26713.148438
1141.051758	26567.292969
1139.947266	26460.933594
1138.841797	26304.236328
1137.737305	26412.583984
1136.631836	26393.896484
1135.526367	26200.095703
1134.420898	26413.443359
1133.314453	25954.958984
1132.208008	26004.191406
1131.101563	25563.480469
1129.995117	25942.964844
1128.887695	25762.609375
1127.781250	25942.982422
1126.673828	25889.449219
1125.566406	25669.888672
1124.458008	25319.353516
1123.349609	25752.998047
1122.242188	25880.773438
1121.132813	25571.886719
1120.024414	25896.072266
1118.915039	26135.017578
1117.805664	26160.060547
1116.696289	26191.634766
1115.586914	26201.386719
1114.476563	27170.449219
1113.367188	27524.396484
1112.255859	27906.525391
1111.145508	28648.007813
1110.035156	29794.363281
1108.923828	30752.929688
1107.812500	31465.029297
1106.700195	32520.804688
1105.588867	33293.171875
1104.476563	34139.203125
1103.364258	34662.878906
1102.251953	35497.382813
1101.139648	35509.476563
1100.026367	35947.722656
1098.913086	35242.343750
1097.799805	34993.667969
1096.685547	34586.476563
1095.572266	34046.929688
1094.458008	33110.128906
1093.342773	31717.697266
1092.228516	31083.564453
1091.113281	30202.242188
1089.999023	29006.613281
1088.882813	28288.828125
1087.767578	27818.638672
1086.651367	27322.619141
1085.536133	26690.201172
1084.419922	26504.636719
1083.302734	26134.914063
1082.186523	25880.197266
1081.069336	25621.251953
1079.952148	25555.195313
1078.834961	25296.425781
1077.716797	25254.277344
1076.598633	25547.673828
1075.480469	25488.173828
1074.362305	25458.990234
1073.243164	25356.265625
1072.125000	25578.009766
1071.005859	25821.285156
1069.886719	25772.591797
1068.766602	25911.966797
1067.646484	26209.039063
1066.526367	26540.550781
1065.406250	26757.435547
1064.286133	26747.462891
1063.165039	27279.453125
1062.043945	27603.978516
1060.922852	27554.976563
1059.801758	27823.199219
1058.679688	28192.701172
1057.557617	28281.646484
1056.435547	28342.517578
1055.313477	28017.433594
1054.190430	28500.820313
1053.067383	28218.939453
1051.944336	28070.763672
1050.821289	28185.460938
1049.697266	28405.642578
1048.573242	28248.902344
1047.449219	27889.861328
1046.325195	27589.085938
1045.200195	27363.751953
1044.075195	27373.021484
1042.950195	27070.390625
1041.825195	27182.939453
1040.699219	26833.169922
1039.574219	27048.902344
1038.448242	27081.861328
1037.321289	26932.162109
1036.195313	26831.935547
1035.068359	26701.679688
1033.941406	26507.056641
1032.814453	26855.681641
1031.686523	26794.185547
1030.559570	27191.957031
1029.431641	27379.294922
1028.302734	27894.750000
1027.174805	27805.199219
1026.045898	28043.742188
1024.916992	28179.285156
1023.788086	27898.974609
1022.658203	27944.488281
1021.529297	28229.925781
1020.399414	28348.171875
1019.269531	27892.455078
1018.138672	27794.478516
1017.008789	28154.617188
1015.877930	27797.669922
1014.746094	27751.121094
1013.615234	27426.496094
1012.483398	27260.273438
1011.351563	27496.115234
1010.219727	27597.173828
1009.087891	27262.162109
1007.955078	27408.097656
1006.822266	27207.863281
1005.689453	27693.371094
1004.556641	27817.761719
1003.422852	27952.773438
1002.289063	27583.949219
1001.155273	27800.048828
1000.021484	27787.746094
998.886719	27427.718750
997.751953	27052.912109
996.617188	27192.169922
995.482422	27388.927734
994.346680	26805.478516
993.210938	26516.357422
992.075195	26693.953125
990.939453	26752.183594
989.802734	26603.812500
988.666016	26753.591797
987.529297	26524.384766
986.392578	26586.853516
985.254883	26683.339844
984.118164	26586.187500
982.979492	26782.595703
981.841797	26798.166016
980.704102	26628.763672
979.565430	26882.423828
978.426758	26770.449219
977.287109	26677.642578
976.148438	26710.203125
975.008789	27046.451172
973.869141	26737.060547
972.729492	26814.164063
971.588867	27220.210938
970.448242	27590.009766
969.307617	27758.103516
968.166992	27506.150391
967.025391	27699.634766
965.883789	27999.042969
964.742188	27679.363281
963.600586	27578.101563
962.458008	27962.093750
961.316406	27612.962891
960.173828	27643.085938
959.030273	27552.500000
957.887695	27603.791016
956.744141	27269.843750
955.600586	27221.710938
954.457031	27196.871094
953.312500	26770.148438
952.167969	26633.328125
951.023438	26805.253906
949.878906	26528.966797
948.733398	26506.406250
947.588867	26815.585938
946.442383	26759.169922
945.296875	26635.189453
944.151367	27227.095703
943.004883	27455.628906
941.858398	27506.761719
940.710938	27908.175781
939.564453	28524.617188
938.416992	29182.980469
937.269531	30098.347656
936.122070	30718.138672
934.973633	32400.099609
933.825195	33739.917969
932.676758	35296.191406
931.528320	37639.691406
930.378906	39360.855469
929.230469	41367.667969
928.081055	43742.046875
926.930664	44448.363281
925.781250	45768.859375
924.630859	46463.914063
923.480469	45694.625000
922.330078	44513.457031
921.178711	43189.816406
920.027344	41536.695313
918.875977	39218.035156
917.724609	37560.164063
916.572266	35358.882813
915.419922	33494.601563
914.267578	32145.593750
913.115234	30692.185547
911.961914	29642.412109
910.809570	28626.660156
909.655273	28169.443359
908.501953	27567.681641
907.347656	27295.439453
906.194336	27163.794922
905.040039	26807.900391
903.884766	26697.373047
902.730469	26392.015625
901.575195	26459.693359
900.419922	26194.310547
899.263672	26004.427734
898.108398	26181.009766
896.952148	25821.658203
895.795898	25966.810547
894.638672	26113.990234
893.482422	25915.951172
892.325195	25872.759766
891.167969	25869.312500
890.009766	25907.673828
888.851563	25860.326172
887.694336	25810.906250
886.535156	25573.482422
885.376953	25971.128906
884.217773	25976.007813
883.058594	25625.953125
881.899414	25756.142578
880.740234	26151.314453
879.580078	25891.162109
878.419922	25810.515625
877.259766	25809.156250
876.099609	25603.451172
874.938477	26185.847656
873.777344	26017.664063
872.616211	26212.132813
871.454102	26216.929688
870.292969	26011.349609
869.130859	26066.164063
867.967773	26033.507813
866.805664	26306.855469
865.642578	26147.210938
864.479492	25958.501953
863.316406	26092.308594
862.152344	26169.902344
860.989258	25781.691406
859.825195	25913.365234
858.660156	25976.392578
857.496094	25898.089844
856.331055	25884.220703
855.166016	25791.425781
854.000977	25814.962891
852.834961	26187.292969
851.668945	25644.046875
850.502930	25962.291016
849.336914	25680.755859
848.169922	25600.562500
847.002930	25646.914063
845.835938	26161.863281
844.668945	26141.732422
843.500977	25719.513672
842.333008	26198.884766
841.165039	26367.283203
839.997070	25930.783203
838.828125	26014.257813
837.659180	25940.343750
836.490234	26040.335938
835.321289	26014.042969
834.151367	26099.490234
832.981445	26180.763672
831.811523	26216.498047
830.641602	25966.865234
829.470703	26064.646484
828.299805	26228.523438
827.128906	26165.023438
825.957031	26591.183594
824.786133	26674.281250
823.614258	26654.085938
822.441406	26557.507813
821.269531	26227.712891
820.096680	26362.404297
818.923828	26476.402344
817.750977	26072.570313
816.577148	25807.093750
815.403320	25692.253906
814.229492	26096.966797
813.055664	26027.455078
811.881836	26374.220703
810.707031	26203.724609
809.532227	26795.412109
808.356445	26777.283203
807.181641	26707.691406
806.005859	26609.308594
804.830078	26809.373047
803.653320	26815.943359
802.477539	26711.423828
801.300781	26752.970703
800.124023	26991.894531
798.946289	26877.121094
797.768555	27473.537109
796.590820	27405.968750
795.413086	27609.613281
794.235352	27486.582031
793.056641	27708.599609
791.877930	27575.330078
790.699219	27017.216797
789.519531	27294.595703
788.340820	27134.824219
787.161133	27161.792969
785.980469	27172.339844
784.800781	26772.789063
783.620117	26609.162109
782.439453	26664.906250
781.257813	26437.845703
780.077148	26481.308594
778.895508	26690.656250
777.713867	26697.181641
776.532227	26699.607422
775.349609	26282.412109
774.166992	26479.337891
772.984375	26940.115234
771.800781	26670.416016
770.618164	26695.332031
769.434570	26836.785156
768.250977	26912.757813
767.066406	27291.183594
765.881836	27362.935547
764.697266	27336.591797
763.512695	27708.546875
762.328125	28023.162109
761.142578	28198.808594
759.957031	28388.666016
758.770508	29086.582031
757.584961	29590.367188
756.398438	30106.171875
755.211914	30450.439453
754.025391	31161.572266
752.837891	32227.099609
751.650391	33730.351563
750.462891	35137.183594
749.274414	36963.066406
748.086914	39366.597656
746.898438	43379.820313
745.709961	46807.007813
744.520508	51362.378906
743.331055	55836.406250
742.141602	60412.261719
740.952148	63586.652344
739.762695	66448.515625
738.572266	67410.078125
737.381836	66033.507813
736.191406	63921.812500
735.000000	60482.152344
733.808594	56976.937500
732.617188	53627.597656
731.425781	51100.066406
730.233398	49077.105469
729.041016	48059.734375
727.848633	46947.417969
726.656250	46478.726563
725.462891	45918.957031
724.269531	44959.921875
723.076172	44493.984375
721.881836	43178.894531
720.687500	41781.285156
719.493164	40542.320313
718.298828	39026.359375
717.104492	38347.515625
715.909180	37166.789063
714.713867	36630.347656
713.517578	36102.234375
712.322266	35307.234375
711.125977	34340.609375
709.929688	33704.101563
708.732422	33367.160156
707.536133	32791.792969
706.338867	32922.128906
705.141602	32393.582031
703.943359	32352.203125
702.745117	32072.470703
701.546875	31140.523438
700.348633	31533.558594
699.150391	31474.224609
697.951172	31511.792969
696.751953	31910.541016
695.551758	31947.994141
694.352539	31846.255859
693.152344	32004.695313
691.952148	32808.218750
690.750977	33490.453125
689.550781	33898.316406
688.349609	34575.980469
687.147461	34832.347656
685.946289	35573.957031
684.744141	36238.726563
683.541992	37356.144531
682.339844	38185.269531
681.136719	38820.863281
679.934570	38816.445313
678.731445	38671.234375
677.527344	38793.531250
676.324219	37872.363281
675.120117	38507.320313
673.916016	38635.593750
672.710938	38510.656250
671.505859	38192.941406
670.300781	38913.621094
669.095703	38100.027344
667.890625	38599.597656
666.684570	39237.425781
665.478516	39953.230469
664.272461	40598.503906
663.065430	41895.320313
661.858398	43245.710938
660.651367	44176.519531
659.444336	44054.660156
658.236328	44235.429688
657.028320	43590.707031
655.820313	43086.472656
654.612305	42270.054688
653.403320	41363.894531
652.194336	40614.257813
650.985352	40497.339844
649.775391	39706.195313
648.565430	38811.371094
647.355469	38174.929688
646.145508	37582.753906
644.934570	36505.054688
643.723633	35713.632813
642.512695	34764.691406
641.301758	33876.097656
640.089844	33161.656250
638.877930	32836.914063
637.666016	32807.792969
636.453125	32341.550781
635.241211	32112.984375
634.028320	32113.958984
632.814453	32033.148438
631.601563	32434.984375
630.387695	32641.248047
629.173828	32963.035156
627.958984	33378.351563
626.744141	33773.558594
625.530273	34254.253906
624.314453	33796.656250
623.099609	33269.562500
621.883789	33246.371094
620.667969	33061.968750
619.452148	32589.103516
618.235352	32188.064453
617.018555	31838.914063
615.801758	31406.392578
614.584961	31457.189453
613.367188	31096.494141
612.149414	30809.486328
610.931641	30224.568359
609.712891	30110.693359
608.495117	30042.544922
607.276367	30153.126953
606.056641	29680.023438
604.837891	29820.402344
603.618164	29595.611328
602.398438	29390.753906
601.177734	29201.851563
599.958008	29514.724609
598.737305	29070.125000
597.516602	29061.783203
596.294922	28746.283203
595.073242	28874.718750
593.851563	28547.507813
592.629883	28069.929688
591.407227	28346.917969
590.184570	27930.955078
588.961914	27986.191406
587.739258	27873.218750
586.515625	28047.132813
585.291992	28644.214844
584.068359	28786.244141
582.844727	28738.425781
581.620117	29192.650391
580.395508	29385.837891
579.169922	29699.451172
577.945313	29728.498047
576.719727	30191.974609
575.494141	30049.130859
574.267578	30078.076172
573.041992	30178.050781
571.815430	30992.214844
570.587891	31403.609375
569.361328	31130.484375
568.133789	31468.710938
566.906250	31146.404297
565.678711	31218.410156
564.450195	30878.560547
563.221680	30861.939453
561.993164	30605.035156
560.763672	30789.328125
559.535156	30692.013672
558.305664	30799.439453
557.075195	30515.216797
555.845703	30663.945313
554.615234	30309.062500
553.384766	30149.021484
552.153320	30382.267578
550.922852	30251.761719
549.691406	30113.449219
548.459961	29625.458984
547.227539	29506.984375
545.995117	29598.701172
544.762695	29719.830078
543.530273	29318.722656
542.296875	29371.162109
541.063477	29976.925781
539.830078	30046.849609
538.596680	29979.445313
537.362305	30033.646484
536.127930	29870.207031
534.893555	29944.005859
533.658203	30883.929688
532.422852	30743.916016
531.187500	30699.941406
529.952148	30467.980469
528.715820	30950.761719
527.479492	30844.125000
526.243164	30972.378906
525.005859	31343.195313
523.769531	31803.832031
522.532227	31996.324219
521.293945	32047.945313
520.056641	32103.453125
518.818359	31494.410156
517.580078	31034.142578
516.340820	30544.769531
515.101563	29983.341797
513.862305	29871.294922
512.623047	29648.009766
511.382813	29776.164063
510.143555	29994.027344
508.902344	30131.798828
507.662109	30415.804688
506.420898	30370.103516
505.179688	30168.439453
503.938477	30230.021484
502.697266	30046.011719
