1802.298828	16768.820313
1801.329102	16853.724609
1800.360352	16715.535156
1799.390625	16564.919922
1798.420898	16843.626953
1797.451172	16523.369141
1796.481445	16462.689453
1795.510742	16032.886719
1794.540039	16401.248047
1793.570313	16395.476563
1792.598633	16611.560547
1791.627930	16553.412109
1790.657227	16679.671875
1789.685547	16389.845703
1788.713867	16463.781250
1787.742188	16288.664063
1786.769531	16566.748047
1785.797852	16715.279297
1784.825195	17162.400391
1783.852539	16940.001953
1782.879883	17299.824219
1781.907227	17415.751953
1780.933594	17384.914063
1779.960938	17525.638672
1778.987305	17641.449219
1778.013672	17898.873047
1777.039063	17579.724609
1776.065430	17327.781250
1775.090820	17247.316406
1774.116211	17122.183594
1773.141602	17113.791016
1772.166992	17390.861328
1771.191406	17553.660156
1770.216797	18036.478516
1769.241211	18040.308594
1768.265625	18495.550781
1767.289063	18211.630859
1766.313477	18379.054688
1765.336914	18608.380859
1764.360352	18847.527344
1763.383789	18392.791016
1762.407227	18339.560547
1761.429688	18472.111328
1760.453125	18119.248047
1759.475586	18439.951172
1758.498047	18743.197266
1757.519531	19076.017578
1756.541992	19411.179688
1755.563477	19607.669922
1754.584961	19405.871094
1753.606445	19389.617188
1752.627930	19116.242188
1751.648438	18840.505859
1750.668945	19091.279297
1749.689453	19255.468750
1748.709961	19441.826172
1747.730469	19309.494141
1746.750977	19280.925781
1745.770508	19062.265625
1744.790039	18688.183594
1743.809570	18864.589844
1742.828125	18646.142578
1741.847656	18659.669922
1740.866211	19245.396484
1739.884766	18785.339844
1738.903320	19062.628906
1737.921875	18898.582031
1736.939453	18522.660156
1735.957031	18716.056641
1734.975586	18781.275391
1733.992188	18804.595703
1733.009766	19276.074219
1732.026367	19099.867188
1731.043945	19295.410156
1730.060547	18836.255859
1729.077148	18362.521484
1728.092773	18063.634766
1727.109375	18463.361328
1726.125000	18806.371094
1725.140625	19358.212891
1724.156250	19528.841797
1723.170898	19077.650391
1722.186523	19267.921875
1721.201172	19092.091797
1720.215820	18827.916016
1719.230469	18637.511719
1718.245117	18768.791016
1717.258789	18801.837891
1716.272461	18999.289063
1715.286133	19010.191406
1714.299805	19234.503906
1713.313477	19301.759766
1712.326172	20043.310547
1711.338867	19909.345703
1710.351563	20079.369141
1709.364258	19835.171875
1708.376953	19941.435547
1707.388672	19763.500000
1706.400391	20293.433594
1705.412109	20203.648438
1704.423828	20547.216797
1703.434570	20726.656250
1702.446289	20969.646484
1701.457031	21442.525391
1700.467773	21692.609375
1699.478516	21959.712891
1698.488281	22290.281250
1697.499023	22410.472656
1696.508789	22476.841797
1695.518555	22648.263672
1694.527344	22633.929688
1693.537109	23066.617188
1692.545898	23638.337891
1691.554688	23711.710938
1690.563477	23821.673828
1689.572266	24305.025391
1688.580078	24261.083984
1687.588867	24141.527344
1686.596680	24629.396484
1685.604492	24797.585938
1684.611328	24607.277344
1683.619141	24334.160156
1682.625977	24470.619141
1681.632813	24036.804688
1680.639648	24424.208984
1679.646484	24541.076172
1678.652344	24333.994141
1677.658203	24601.791016
1676.664063	24679.597656
1675.669922	24930.177734
1674.675781	24881.347656
1673.680664	24406.781250
1672.686523	24484.558594
1671.691406	24253.451172
1670.695313	24501.425781
1669.700195	24204.771484
1668.704102	24034.617188
1667.708984	24097.804688
1666.712891	24083.224609
1665.715820	24095.365234
1664.719727	23881.652344
1663.722656	23920.535156
1662.725586	23745.781250
1661.728516	23733.707031
1660.731445	23546.925781
1659.734375	23661.046875
1658.736328	23639.289063
1657.738281	24088.000000
1656.740234	23622.468750
1655.742188	24187.351563
1654.743164	24129.148438
1653.745117	24039.464844
1652.746094	24022.494141
1651.747070	23753.630859
1650.747070	23373.480469
1649.748047	23484.970703
1648.748047	23690.820313
1647.748047	24218.466797
1646.748047	23947.408203
1645.748047	23690.972656
1644.747070	23974.005859
1643.746094	23790.212891
1642.745117	24090.033203
1641.744141	24053.738281
1640.743164	24022.291016
1639.741211	23739.564453
1638.739258	23911.113281
1637.737305	24000.472656
1636.735352	23918.343750
1635.733398	24000.419922
1634.730469	24017.287109
1633.727539	24212.732422
1632.724609	23855.562500
1631.721680	23954.464844
1630.718750	23860.378906
1629.714844	23628.880859
1628.710938	24137.613281
1627.707031	24207.449219
1626.703125	24913.466797
1625.698242	24575.925781
1624.693359	24575.767578
1623.688477	24556.339844
1622.683594	24669.355469
1621.678711	24235.833984
1620.672852	23855.437500
1619.667969	23833.759766
1618.662109	23872.240234
1617.656250	23913.109375
1616.649414	24054.970703
1615.643555	24124.636719
1614.636719	24134.171875
1613.629883	24261.476563
1612.623047	24182.064453
1611.615234	24977.222656
1610.607422	25351.691406
1609.600586	25817.265625
1608.592773	25612.740234
1607.583984	25170.630859
1606.576172	25419.943359
1605.567383	25222.816406
1604.558594	25637.556641
1603.549805	25841.042969
1602.541016	26082.816406
1601.531250	26240.570313
1600.522461	26381.478516
1599.512695	26443.234375
1598.502930	26488.191406
1597.492188	26432.505859
1596.482422	26807.992188
1595.471680	26812.130859
1594.460938	27046.119141
1593.450195	27873.681641
1592.438477	28418.490234
1591.427734	28541.935547
1590.416016	28387.814453
1589.404297	28590.144531
1588.392578	28474.335938
1587.379883	28095.572266
1586.367188	28429.306641
1585.355469	28234.728516
1584.341797	28417.759766
1583.329102	27893.582031
1582.316406	28301.123047
1581.302734	28620.140625
1580.289063	28876.953125
1579.275391	28482.000000
1578.260742	28889.083984
1577.247070	28615.974609
1576.232422	28832.017578
1575.217773	28222.730469
1574.203125	28269.455078
1573.188477	28361.457031
1572.172852	28243.660156
1571.157227	28419.037109
1570.141602	28916.000000
1569.125977	28669.519531
1568.109375	28704.179688
1567.093750	28462.601563
1566.077148	28823.443359
1565.060547	28936.593750
1564.042969	28892.630859
1563.026367	29150.851563
1562.008789	29378.042969
1560.991211	29410.117188
1559.973633	29461.201172
1558.956055	29738.107422
1557.937500	29541.908203
1556.918945	29557.281250
1555.900391	29603.535156
1554.881836	29716.279297
1553.862305	29885.972656
1552.843750	29222.169922
1551.824219	29681.513672
1550.804688	29796.517578
1549.785156	29861.638672
1548.764648	29385.800781
1547.744141	29474.697266
1546.723633	29772.250000
1545.703125	29818.347656
1544.682617	29788.566406
1543.661133	29673.474609
1542.640625	29591.599609
1541.619141	29976.474609
1540.596680	30046.162109
1539.575195	30790.744141
1538.552734	30685.025391
1537.531250	30981.771484
1536.507813	31018.056641
1535.485352	31047.226563
1534.462891	31069.285156
1533.439453	31271.091797
1532.416016	31799.154297
1531.392578	31454.576172
1530.369141	31263.783203
1529.344727	31351.939453
1528.320313	31340.818359
1527.295898	31497.427734
1526.271484	31106.015625
1525.247070	31130.367188
1524.221680	31251.503906
1523.196289	31325.382813
1522.170898	31016.914063
1521.145508	31338.550781
1520.119141	31122.203125
1519.093750	31153.587891
1518.067383	31543.376953
1517.041016	31440.277344
1516.013672	31297.148438
1514.987305	31533.486328
1513.959961	31687.261719
1512.932617	31833.906250
1511.905273	31872.150391
1510.876953	32553.203125
1509.849609	32579.511719
1508.821289	33165.988281
1507.792969	33502.781250
1506.764648	33486.527344
1505.735352	33860.750000
1504.706055	34380.628906
1503.677734	34194.902344
1502.647461	35248.132813
1501.618164	35384.296875
1500.587891	35069.234375
1499.558594	35705.792969
1498.528320	35825.332031
1497.497070	35738.160156
1496.466797	35709.722656
1495.435547	35552.183594
1494.405273	35242.152344
1493.373047	35307.683594
1492.341797	34526.277344
1491.310547	34535.632813
1490.278320	34064.246094
1489.246094	33628.222656
1488.213867	33328.328125
1487.180664	33012.152344
1486.148438	32436.013672
1485.115234	32494.970703
1484.082031	32101.859375
1483.048828	31844.726563
1482.014648	31749.242188
1480.981445	31775.511719
1479.947266	31614.548828
1478.913086	31966.062500
1477.877930	31257.726563
1476.843750	31501.578125
1475.808594	31476.419922
1474.773438	32402.781250
1473.738281	32905.691406
1472.702148	33085.906250
1471.666992	33371.179688
1470.630859	33745.101563
1469.594727	34177.253906
1468.558594	34569.535156
1467.521484	35262.804688
1466.484375	35587.007813
1465.447266	36725.492188
1464.410156	37408.554688
1463.373047	37725.113281
1462.334961	38197.796875
1461.297852	39127.285156
1460.259766	39937.500000
1459.220703	40311.542969
1458.182617	41060.593750
1457.143555	41229.230469
1456.104492	41309.285156
1455.065430	41736.292969
1454.026367	41941.933594
1452.986328	42391.910156
1451.947266	42599.656250
1450.907227	43154.015625
1449.866211	44271.128906
1448.826172	44445.789063
1447.785156	44850.593750
1446.744141	45478.425781
1445.703125	45759.648438
1444.662109	45436.515625
1443.620117	45689.742188
1442.579102	45285.445313
1441.537109	44964.921875
1440.495117	44409.996094
1439.452148	43620.812500
1438.410156	42931.757813
1437.367188	42113.031250
1436.324219	41656.582031
1435.280273	40662.148438
1434.237305	40106.457031
1433.193359	40056.476563
1432.149414	39287.851563
1431.105469	38762.906250
1430.061523	38546.382813
1429.016602	38503.707031
1427.971680	38071.894531
1426.926758	37614.785156
1425.881836	37384.769531
1424.836914	37015.953125
1423.791016	36591.738281
1422.745117	36632.804688
1421.699219	36493.402344
1420.653320	36196.765625
1419.606445	35689.808594
1418.559570	35747.203125
1417.512695	35568.789063
1416.465820	35517.562500
1415.417969	35135.925781
1414.371094	35398.988281
1413.323242	35264.667969
1412.275391	35389.039063
1411.226563	35058.527344
1410.178711	35182.882813
1409.129883	35272.566406
1408.081055	34789.996094
1407.032227	34962.765625
1405.982422	35363.796875
1404.933594	34918.394531
1403.883789	34392.480469
1402.833984	34581.316406
1401.783203	34620.285156
1400.733398	34163.871094
1399.682617	34048.566406
1398.631836	34027.734375
1397.581055	33739.808594
1396.529297	33477.320313
1395.478516	33224.148438
1394.426758	33256.417969
1393.375000	32589.267578
1392.323242	32361.728516
1391.270508	32720.716797
1390.217773	32500.140625
1389.165039	32702.628906
1388.112305	31930.546875
1387.059570	32011.279297
1386.005859	32438.880859
1384.952148	32565.412109
1383.898438	32838.859375
1382.844727	32503.763672
1381.790039	33449.683594
1380.735352	33311.964844
1379.680664	33637.800781
1378.625977	33782.265625
1377.571289	33651.441406
1376.515625	34107.707031
1375.459961	33969.984375
1374.404297	34281.585938
1373.348633	34350.132813
1372.291992	34228.480469
1371.235352	34006.085938
1370.178711	34548.730469
1369.122070	34145.460938
1368.065430	34225.402344
1367.007813	33918.496094
1365.950195	34215.843750
1364.892578	34318.597656
1363.834961	34627.175781
1362.776367	34389.039063
1361.717773	34942.121094
1360.659180	34765.738281
1359.600586	35343.652344
1358.541016	35292.933594
1357.482422	35683.160156
1356.422852	36034.390625
1355.363281	36412.878906
1354.302734	36866.554688
1353.243164	37162.535156
1352.182617	36798.824219
1351.122070	37868.207031
1350.061523	38348.574219
1349.000000	38739.789063
1347.938477	39292.742188
1346.877930	39699.554688
1345.815430	40477.738281
1344.753906	41077.839844
1343.691406	41431.617188
1342.629883	42067.718750
1341.567383	42523.625000
1340.503906	43742.156250
1339.441406	44222.570313
1338.377930	44495.656250
1337.314453	45130.449219
1336.250977	45969.746094
1335.186523	46606.242188
1334.123047	47269.761719
1333.058594	47523.730469
1331.994141	47291.109375
1330.929688	47240.406250
1329.864258	47410.136719
1328.798828	47336.703125
1327.733398	47127.015625
1326.667969	46520.000000
1325.602539	45801.976563
1324.536133	45159.160156
1323.469727	44291.925781
1322.403320	43983.234375
1321.336914	43284.468750
1320.269531	43062.296875
1319.202148	42688.281250
1318.134766	42427.777344
1317.067383	42033.640625
1315.999023	41836.832031
1314.931641	41406.726563
1313.863281	41665.445313
1312.794922	41790.425781
1311.725586	41779.496094
1310.657227	41779.886719
1309.587891	41796.117188
1308.518555	41635.832031
1307.448242	41498.230469
1306.378906	40953.527344
1305.308594	40730.183594
1304.238281	39756.257813
1303.167969	39598.808594
1302.096680	39323.894531
1301.026367	38748.562500
1299.955078	38207.351563
1298.883789	38140.691406
1297.811523	37310.769531
1296.740234	36813.085938
1295.667969	36453.300781
1294.595703	36344.171875
1293.523438	35966.582031
1292.450195	35480.859375
1291.377930	35543.406250
1290.304688	35204.542969
1289.230469	35348.281250
1288.157227	35002.832031
1287.083008	35198.378906
1286.009766	35046.867188
1284.934570	35134.195313
1283.860352	35498.500000
1282.786133	35756.820313
1281.710938	36116.335938
1280.635742	36718.781250
1279.560547	37413.238281
1278.484375	37522.449219
1277.408203	38495.363281
1276.333008	38921.394531
1275.255859	39727.222656
1274.179688	39898.796875
1273.102539	40695.097656
1272.026367	41255.125000
1270.949219	41071.312500
1269.871094	41184.054688
1268.793945	41449.449219
1267.715820	40834.636719
1266.637695	40718.394531
1265.559570	39812.238281
1264.480469	38758.367188
1263.402344	38402.593750
1262.323242	37401.035156
1261.244141	36969.445313
1260.164063	36571.664063
1259.084961	35748.175781
1258.004883	35232.039063
1256.924805	34695.949219
1255.844727	33864.402344
1254.763672	34213.433594
1253.682617	33303.960938
1252.601563	32885.121094
1251.520508	32674.599609
1250.439453	32520.103516
1249.357422	32012.193359
1248.275391	31857.896484
1247.193359	31764.042969
1246.111328	31609.859375
1245.028320	31355.146484
1243.945313	31234.632813
1242.862305	30602.486328
1241.779297	30830.669922
1240.695313	30542.822266
1239.612305	30456.064453
1238.528320	30639.480469
1237.443359	30333.990234
1236.359375	30392.380859
1235.274414	30124.996094
1234.189453	30344.009766
1233.104492	29909.476563
1232.019531	29889.857422
1230.933594	29859.099609
1229.847656	29850.638672
1228.761719	30002.623047
1227.675781	29864.914063
1226.589844	29671.576172
1225.502930	29937.072266
1224.416016	29748.250000
1223.329102	29797.689453
1222.241211	29684.640625
1221.153320	29567.185547
1220.065430	29643.322266
1218.977539	29552.613281
1217.889648	29628.716797
1216.800781	29842.628906
1215.711914	29758.597656
1214.623047	29543.482422
1213.534180	29459.544922
1212.444336	29508.923828
1211.355469	29573.826172
1210.265625	29083.585938
1209.174805	29388.306641
1208.084961	29268.966797
1206.994141	29060.914063
1205.903320	29272.259766
1204.812500	29556.716797
1203.721680	29455.175781
1202.629883	28750.595703
1201.538086	28950.740234
1200.446289	29093.175781
1199.354492	29060.500000
1198.261719	28363.230469
1197.168945	28206.683594
1196.076172	28395.652344
1194.983398	28396.351563
1193.889648	28618.402344
1192.796875	29015.185547
1191.703125	28816.619141
1190.608398	28952.162109
1189.514648	29156.208984
1188.419922	28661.433594
1187.325195	28960.513672
1186.230469	28994.234375
1185.135742	29001.421875
1184.040039	29320.121094
1182.944336	29276.429688
1181.848633	29471.263672
1180.752930	29392.228516
1179.656250	29348.542969
1178.559570	29435.089844
1177.462891	28914.794922
1176.366211	29135.964844
1175.268555	29012.958984
1174.171875	28876.773438
1173.074219	28903.792969
1171.975586	28575.914063
1170.877930	28651.464844
1169.779297	28508.851563
1168.680664	28110.763672
1167.582031	28173.144531
1166.483398	28026.312500
1165.383789	28533.380859
1164.284180	27827.472656
1163.184570	27997.679688
1162.084961	28134.814453
1160.984375	28219.097656
1159.883789	28191.185547
1158.783203	28123.707031
1157.682617	28258.494141
1156.582031	28391.023438
1155.480469	28567.443359
1154.378906	28932.718750
1153.276367	29247.320313
1152.174805	29493.714844
1151.072266	30216.423828
1149.969727	30565.671875
1148.867188	31364.658203
1147.764648	32542.886719
1146.661133	33165.625000
1145.557617	33595.101563
1144.454102	33607.781250
1143.350586	33990.945313
1142.246094	33992.570313
1141.141602	33606.328125
1140.037109	33237.773438
1138.932617	32654.708984
1137.827148	32481.410156
1136.721680	33019.769531
1135.616211	35381.363281
1134.510742	31721.195313
1133.405273	33823.871094
1132.298828	30662.162109
1131.192383	30213.902344
1130.085938	29846.738281
1128.978516	29803.294922
1127.871094	29630.904297
1126.763672	29506.664063
1125.656250	29382.472656
1124.548828	29520.464844
1123.440430	29496.783203
1122.332031	29770.068359
1121.223633	29381.769531
1120.115234	29305.744141
1119.005859	29371.585938
1117.896484	29683.929688
1116.787109	29952.515625
1115.677734	29782.654297
1114.567383	30670.308594
1113.457031	30594.097656
1112.346680	30971.226563
1111.236328	31367.806641
1110.125977	32036.525391
1109.014648	32715.851563
1107.903320	33281.656250
1106.791016	33572.906250
1105.679688	34168.761719
1104.567383	34588.093750
1103.455078	34791.851563
1102.342773	35010.746094
1101.230469	35190.402344
1100.117188	35054.699219
1099.003906	35192.960938
1097.890625	34979.066406
1096.776367	34217.675781
1095.663086	33669.507813
1094.548828	33104.195313
1093.434570	32758.445313
1092.319336	31943.876953
1091.205078	31394.470703
1090.089844	30810.572266
1088.974609	30474.269531
1087.858398	30166.308594
1086.743164	29418.201172
1085.626953	29312.248047
1084.510742	29236.691406
1083.394531	29089.636719
1082.277344	28988.148438
1081.160156	29151.021484
1080.042969	28893.601563
1078.925781	28961.134766
1077.807617	28983.169922
1076.690430	28890.460938
1075.572266	28704.726563
1074.454102	28731.123047
1073.334961	28716.402344
1072.215820	28751.433594
1071.096680	28771.310547
1069.977539	28587.951172
1068.858398	28843.457031
1067.738281	28804.947266
1066.618164	28986.835938
1065.498047	29417.062500
1064.376953	29518.832031
1063.256836	29631.353516
1062.135742	29778.365234
1061.014648	29867.037109
1059.892578	29832.671875
1058.771484	29986.013672
1057.649414	29964.576172
1056.527344	30046.658203
1055.404297	30143.794922
1054.282227	29857.193359
1053.159180	29643.984375
1052.036133	29295.119141
1050.913086	29797.322266
1049.789063	29515.333984
1048.665039	29248.539063
1047.541016	29182.070313
1046.416992	29074.732422
1045.291992	28821.105469
1044.166992	28604.160156
1043.041992	28692.751953
1041.916992	28441.511719
1040.791992	28390.337891
1039.666016	28175.808594
1038.540039	28109.666016
1037.414063	27768.505859
1036.287109	27680.990234
1035.160156	27254.148438
1034.033203	27572.632813
1032.906250	27463.740234
1031.779297	28011.716797
1030.651367	27947.839844
1029.523438	28216.552734
1028.395508	28356.443359
1027.266602	28382.605469
1026.138672	28389.455078
1025.009766	28250.525391
1023.879883	28696.777344
1022.750977	28611.408203
1021.621094	28622.482422
1020.491211	28603.562500
1019.361328	28552.525391
1018.231445	28552.894531
1017.100586	28810.132813
1015.969727	28555.767578
1014.838867	29161.658203
1013.708008	28552.210938
1012.576172	28614.595703
1011.444336	28961.345703
1010.312500	28805.550781
1009.180664	28756.691406
1008.047852	28936.503906
1006.915039	29075.644531
1005.782227	29428.330078
1004.649414	29441.304688
1003.515625	29123.324219
1002.381836	29371.169922
1001.248047	29469.509766
1000.114258	29077.039063
998.979492	28812.732422
997.844727	28823.675781
996.709961	28536.074219
995.575195	28655.798828
994.439453	28308.669922
993.303711	28142.826172
992.167969	27998.357422
991.032227	27781.523438
989.895508	28122.761719
988.758789	28204.083984
987.622070	28157.642578
986.485352	28304.900391
985.348633	27894.582031
984.210938	27871.632813
983.073242	28069.898438
981.934570	27870.416016
980.796875	28415.146484
979.658203	28028.615234
978.519531	28194.792969
977.380859	28339.652344
976.241211	28337.873047
975.101563	28421.044922
973.961914	28434.109375
972.822266	28538.451172
971.681641	28850.750000
970.541992	29131.082031
969.401367	29540.710938
968.259766	29521.697266
967.119141	29369.085938
965.977539	29551.533203
964.835938	29854.728516
963.694336	29365.167969
962.551758	29924.652344
961.409180	29570.859375
960.266602	29276.519531
959.124023	28961.128906
957.980469	28993.068359
956.837891	28584.736328
955.694336	28868.560547
954.549805	28697.384766
953.406250	28357.060547
952.261719	28073.978516
951.117188	28501.437500
949.972656	28229.011719
948.827148	28248.355469
947.681641	28252.900391
946.536133	28411.656250
945.390625	28564.005859
944.245117	28490.341797
943.098633	28537.046875
941.952148	28710.375000
940.804688	29219.164063
939.658203	29535.738281
938.510742	29847.957031
937.363281	30343.519531
936.215820	31296.410156
935.067383	31759.828125
933.919922	32950.164063
932.770508	33897.671875
931.622070	35371.445313
930.473633	36943.582031
929.324219	38194.960938
928.174805	39323.695313
927.025391	40047.804688
925.875000	40872.617188
924.724609	40790.250000
923.574219	40815.195313
922.423828	40198.683594
921.272461	39212.363281
920.122070	38165.500000
918.969727	37325.050781
917.818359	35675.957031
916.666992	34384.710938
915.514648	33079.312500
914.362305	31961.367188
913.208984	30988.761719
912.056641	30390.203125
910.903320	29890.533203
909.750000	29495.984375
908.596680	28912.806641
907.442383	28688.509766
906.288086	28495.757813
905.133789	28355.496094
903.979492	28139.839844
902.824219	28188.304688
901.668945	28138.279297
900.513672	27784.560547
899.358398	28034.099609
898.202148	28111.849609
897.045898	27798.128906
895.889648	27737.767578
894.733398	27819.708984
893.576172	27922.533203
892.419922	27724.144531
891.261719	27760.029297
890.104492	27695.550781
888.946289	27593.476563
887.789063	27276.210938
886.629883	27462.576172
885.471680	27565.310547
884.312500	27427.843750
883.153320	27334.279297
881.994141	27689.546875
880.834961	27303.787109
879.674805	27370.964844
878.514648	27517.382813
877.354492	27494.800781
876.194336	27722.449219
875.033203	27893.710938
873.872070	27733.494141
872.710938	27904.675781
871.548828	27594.517578
870.387695	28040.601563
869.225586	27634.748047
868.063477	27947.376953
866.900391	27858.119141
865.737305	27481.699219
864.574219	27494.531250
863.411133	27280.605469
862.248047	27170.761719
861.083984	27065.123047
859.919922	27391.945313
858.755859	27377.751953
857.590820	27180.699219
856.425781	27517.666016
855.260742	27642.621094
854.095703	27574.386719
852.930664	27481.263672
851.764648	27736.916016
850.598633	27573.232422
849.431641	27507.138672
848.265625	27847.667969
847.098633	27783.615234
845.931641	27897.914063
844.764648	28213.257813
843.596680	28070.400391
842.428711	28739.919922
841.260742	28553.498047
840.092773	28739.998047
838.923828	28433.541016
837.754883	28619.982422
836.585938	28228.808594
835.416992	28562.150391
834.247070	28624.291016
833.077148	28328.521484
831.907227	28533.390625
830.737305	28268.781250
829.566406	28392.945313
828.395508	28376.503906
827.224609	28525.384766
826.052734	28841.546875
824.881836	28711.408203
823.709961	28769.250000
822.537109	28711.443359
821.365234	28042.646484
820.192383	27982.953125
819.019531	27813.925781
817.846680	27362.351563
816.672852	27438.960938
815.500000	27375.316406
814.326172	27297.267578
813.151367	27322.308594
811.977539	27677.044922
810.802734	27547.470703
809.627930	27539.476563
808.453125	27959.832031
807.277344	27731.447266
806.101563	27317.896484
804.925781	27569.263672
803.750000	27369.912109
802.573242	27287.900391
801.396484	27557.615234
800.219727	27424.189453
799.042969	27568.351563
797.865234	27782.333984
796.687500	28146.230469
795.509766	27965.531250
794.331055	28086.851563
793.153320	28049.992188
791.974609	28327.277344
790.795898	27701.250000
789.616211	27399.750000
788.436523	27441.031250
787.256836	27625.890625
786.077148	27607.625000
784.896484	27546.304688
783.716797	27497.310547
782.536133	27222.876953
781.354492	27042.822266
780.173828	27364.781250
778.992188	27381.406250
777.810547	27602.804688
776.627930	26978.533203
775.446289	27181.496094
774.263672	27241.115234
773.081055	27392.779297
771.897461	27264.126953
770.714844	27268.462891
769.531250	27473.181641
768.347656	27812.734375
767.163086	27620.734375
765.978516	28094.970703
764.794922	27772.238281
763.609375	28209.466797
762.424805	28135.980469
761.239258	28736.269531
760.053711	28940.302734
758.868164	29042.207031
757.681641	29441.955078
756.495117	29855.806641
755.308594	29996.189453
754.122070	30460.712891
752.934570	31124.814453
751.747070	32263.507813
750.559570	32943.226563
749.372070	34643.312500
748.183594	36927.218750
746.995117	39222.351563
745.806641	42186.308594
744.618164	44092.566406
743.428711	46494.546875
742.239258	48240.339844
741.049805	48893.035156
739.859375	49098.023438
738.669922	48408.281250
737.479492	47188.257813
736.288086	45726.910156
735.097656	44698.996094
733.906250	43474.468750
732.714844	42506.382813
731.522461	41695.074219
730.331055	41960.117188
729.138672	41930.730469
727.946289	42359.976563
726.752930	42592.234375
725.560547	42150.949219
724.367188	41253.546875
723.173828	40172.027344
721.979492	39747.761719
720.785156	38140.093750
719.590820	36792.480469
718.396484	35052.441406
717.202148	34566.855469
716.006836	33773.687500
714.811523	32573.943359
713.616211	32494.011719
712.419922	31703.828125
711.223633	31433.937500
710.027344	31097.414063
708.831055	31114.933594
707.633789	31310.367188
706.436523	30947.802734
705.239258	31034.050781
704.041016	30473.689453
702.843750	30279.205078
701.645508	29680.873047
700.446289	29278.662109
699.248047	29351.037109
698.048828	30168.146484
696.849609	29943.662109
695.650391	30425.384766
694.450195	30469.201172
693.250000	30853.800781
692.049805	31195.892578
690.849609	32134.482422
689.648438	32899.351563
688.447266	33559.113281
687.246094	33773.402344
686.044922	34104.406250
684.842773	34888.308594
683.640625	36068.445313
682.438477	36656.347656
681.235352	37036.734375
680.032227	37203.707031
678.829102	36489.636719
677.625977	36170.011719
676.421875	35965.121094
675.218750	36003.527344
674.013672	36031.867188
672.809570	36407.777344
671.604492	37120.980469
670.399414	37297.664063
669.194336	37163.054688
667.989258	38325.281250
666.783203	38359.085938
665.577148	39424.226563
664.371094	40581.183594
663.164063	41615.289063
661.957031	42404.304688
660.750000	42525.382813
659.542969	42466.011719
658.334961	41512.921875
657.126953	40810.679688
655.918945	39970.531250
654.710938	39106.714844
653.501953	38551.605469
652.292969	38022.757813
651.083984	37640.230469
649.874023	37115.808594
648.665039	36073.503906
647.455078	35445.648438
646.244141	34862.054688
645.034180	34214.738281
643.823242	33531.726563
642.612305	32677.164063
641.400391	31896.890625
640.189453	31268.753906
638.977539	30563.007813
637.764648	30544.363281
636.552734	30545.683594
635.339844	30395.335938
634.126953	29973.705078
632.914063	29991.101563
631.700195	30245.812500
630.486328	30484.458984
629.272461	30978.162109
628.058594	31288.289063
626.843750	31468.761719
625.628906	31181.000000
624.414063	31389.294922
623.199219	31344.607422
621.983398	31057.054688
620.767578	30789.529297
619.551758	30370.880859
618.334961	29910.634766
617.118164	29719.115234
615.901367	29790.179688
614.684570	29294.566406
613.466797	29363.701172
612.249023	29013.470703
611.031250	28518.347656
609.812500	28524.033203
608.594727	28811.734375
607.375977	29049.667969
606.156250	28604.589844
604.937500	28475.281250
603.717773	28056.316406
602.498047	28133.503906
601.278320	27948.839844
600.057617	28127.148438
598.836914	27770.078125
597.616211	27688.679688
596.394531	27476.523438
595.173828	27549.763672
593.952148	27266.416016
592.729492	27183.212891
591.507813	27167.363281
590.285156	26739.773438
589.062500	26840.792969
587.838867	26858.660156
586.616211	27232.603516
585.392578	27335.421875
584.168945	27859.375000
582.944336	28135.978516
581.719727	28171.322266
580.495117	28360.785156
579.270508	28593.625000
578.044922	29014.009766
576.820313	29053.072266
575.593750	29556.089844
574.368164	29786.484375
573.141602	29912.179688
571.915039	29897.732422
570.688477	30173.263672
569.461914	30123.261719
568.234375	29962.859375
567.006836	30108.082031
565.778320	29581.164063
564.550781	29582.558594
563.322266	29648.962891
562.093750	29807.906250
560.864258	29588.697266
559.635742	29844.048828
558.406250	29408.410156
557.175781	29984.449219
555.946289	29989.673828
554.715820	29825.732422
553.485352	29614.662109
552.254883	29342.732422
551.023438	29379.537109
549.791992	28985.927734
548.560547	28826.304688
547.328125	28436.914063
546.095703	28299.082031
544.863281	28328.212891
543.630859	28058.931641
542.398438	28533.628906
541.165039	28645.095703
539.931641	28662.345703
538.697266	28197.080078
537.462891	28481.107422
536.228516	28153.322266
534.994141	28584.238281
533.759766	28673.980469
532.524414	28804.824219
531.289063	28453.740234
530.052734	28200.728516
528.817383	28423.609375
527.581055	28628.771484
526.344727	28818.185547
525.107422	29173.830078
523.870117	29697.552734
522.632813	30046.976563
521.395508	30384.511719
520.157227	29949.695313
518.918945	29667.519531
517.680664	29770.419922
516.442383	29156.283203
515.203125	28677.185547
513.963867	28616.195313
512.724609	28299.470703
511.484375	28584.080078
510.245117	28810.015625
509.003906	29076.822266
507.763672	29138.691406
506.522461	29319.494141
505.281250	29586.005859
504.040039	29242.251953
502.798828	28844.076172
501.556641	28381.773438
