1802.298828	15255.504883
1801.329102	15680.032227
1800.360352	15419.738281
1799.390625	15127.096680
1798.420898	15216.416016
1797.451172	14983.815430
1796.481445	15028.221680
1795.510742	14613.671875
1794.540039	14842.667969
1793.570313	14867.126953
1792.598633	15240.558594
1791.627930	15117.884766
1790.657227	15174.665039
1789.685547	15002.227539
1788.713867	15238.338867
1787.742188	15108.290039
1786.769531	14943.435547
1785.797852	15179.415039
1784.825195	15654.218750
1783.852539	15661.041016
1782.879883	15730.053711
1781.907227	15756.753906
1780.933594	15800.850586
1779.960938	16013.994141
1778.987305	16319.024414
1778.013672	16246.171875
1777.039063	16165.892578
1776.065430	16038.444336
1775.090820	15896.143555
1774.116211	15711.682617
1773.141602	15768.124023
1772.166992	16000.785156
1771.191406	16297.876953
1770.216797	16443.492188
1769.241211	16598.970703
1768.265625	16873.439453
1767.289063	17085.802734
1766.313477	17575.761719
1765.336914	17361.542969
1764.360352	17291.150391
1763.383789	17307.509766
1762.407227	17353.589844
1761.429688	17421.939453
1760.453125	17193.103516
1759.475586	17414.958984
1758.498047	17626.822266
1757.519531	17999.464844
1756.541992	18431.341797
1755.563477	18514.230469
1754.584961	18676.234375
1753.606445	18459.826172
1752.627930	18199.000000
1751.648438	17856.707031
1750.668945	18142.275391
1749.689453	18146.048828
1748.709961	18189.347656
1747.730469	18375.880859
1746.750977	17972.154297
1745.770508	17798.197266
1744.790039	17750.195313
1743.809570	17541.798828
1742.828125	17745.541016
1741.847656	17988.671875
1740.866211	18115.781250
1739.884766	17547.451172
1738.903320	17696.785156
1737.921875	17853.453125
1736.939453	17445.703125
1735.957031	17454.521484
1734.975586	17613.603516
1733.992188	17688.882813
1733.009766	18032.535156
1732.026367	18105.236328
1731.043945	17690.535156
1730.060547	17640.224609
1729.077148	17636.681641
1728.092773	17342.861328
1727.109375	17270.511719
1726.125000	17387.533203
1725.140625	18057.667969
1724.156250	18088.451172
1723.170898	18495.220703
1722.186523	17914.105469
1721.201172	17851.548828
1720.215820	17494.292969
1719.230469	17719.140625
1718.245117	17688.574219
1717.258789	17793.017578
1716.272461	17686.371094
1715.286133	17915.902344
1714.299805	18209.121094
1713.313477	18328.087891
1712.326172	18748.611328
1711.338867	18923.806641
1710.351563	18878.332031
1709.364258	18982.361328
1708.376953	18662.478516
1707.388672	18947.779297
1706.400391	18978.253906
1705.412109	19211.953125
1704.423828	19315.804688
1703.434570	19566.472656
1702.446289	19834.167969
1701.457031	20273.021484
1700.467773	20748.388672
1699.478516	21040.138672
1698.488281	21405.125000
1697.499023	21224.798828
1696.508789	21467.388672
1695.518555	21621.906250
1694.527344	21507.607422
1693.537109	21947.851563
1692.545898	22409.896484
1691.554688	22861.986328
1690.563477	22903.765625
1689.572266	22943.083984
1688.580078	23187.369141
1687.588867	23412.035156
1686.596680	23665.880859
1685.604492	24090.337891
1684.611328	23585.632813
1683.619141	23693.017578
1682.625977	23581.000000
1681.632813	23668.845703
1680.639648	23649.455078
1679.646484	23824.939453
1678.652344	23766.558594
1677.658203	23866.464844
1676.664063	24002.843750
1675.669922	24000.437500
1674.675781	24511.474609
1673.680664	23800.990234
1672.686523	24173.212891
1671.691406	23915.416016
1670.695313	23988.396484
1669.700195	23764.773438
1668.704102	23696.785156
1667.708984	23781.912109
1666.712891	23492.865234
1665.715820	23551.277344
1664.719727	23864.654297
1663.722656	24075.927734
1662.725586	23500.605469
1661.728516	23114.820313
1660.731445	23384.349609
1659.734375	23309.271484
1658.736328	23112.947266
1657.738281	23321.683594
1656.740234	23552.156250
1655.742188	23700.115234
1654.743164	23705.021484
1653.745117	23961.925781
1652.746094	24012.804688
1651.747070	23424.224609
1650.747070	23380.744141
1649.748047	23405.074219
1648.748047	23446.335938
1647.748047	23736.855469
1646.748047	23954.666016
1645.748047	23867.572266
1644.747070	23761.162109
1643.746094	23785.376953
1642.745117	24215.753906
1641.744141	24382.480469
1640.743164	24131.042969
1639.741211	23749.230469
1638.739258	23437.625000
1637.737305	24031.871094
1636.735352	23971.468750
1635.733398	24101.820313
1634.730469	23870.046875
1633.727539	24053.455078
1632.724609	23908.644531
1631.721680	23918.279297
1630.718750	23906.203125
1629.714844	23778.384766
1628.710938	24072.519531
1627.707031	24303.865234
1626.703125	24226.648438
1625.698242	24607.248047
1624.693359	24717.892578
1623.688477	24886.294922
1622.683594	24630.828125
1621.678711	24373.058594
1620.672852	24575.121094
1619.667969	24100.878906
1618.662109	24002.164063
1617.656250	24168.091797
1616.649414	24754.830078
1615.643555	24442.033203
1614.636719	24756.818359
1613.629883	24802.277344
1612.623047	25330.730469
1611.615234	25664.361328
1610.607422	26002.658203
1609.600586	26326.406250
1608.592773	26268.244141
1607.583984	26066.068359
1606.576172	25659.958984
1605.567383	25448.384766
1604.558594	26095.798828
1603.549805	26575.041016
1602.541016	26831.054688
1601.531250	27027.019531
1600.522461	27115.029297
1599.512695	26975.310547
1598.502930	26969.837891
1597.492188	27395.603516
1596.482422	27428.369141
1595.471680	27513.804688
1594.460938	27833.847656
1593.450195	28362.021484
1592.438477	28423.277344
1591.427734	29233.470703
1590.416016	29215.574219
1589.404297	29168.980469
1588.392578	29256.322266
1587.379883	29269.507813
1586.367188	29614.957031
1585.355469	29150.074219
1584.341797	28866.976563
1583.329102	29018.785156
1582.316406	29559.853516
1581.302734	29558.623047
1580.289063	29851.056641
1579.275391	29472.615234
1578.260742	29504.810547
1577.247070	29446.322266
1576.232422	29521.447266
1575.217773	29229.236328
1574.203125	29032.527344
1573.188477	29362.785156
1572.172852	29144.673828
1571.157227	29131.597656
1570.141602	29661.773438
1569.125977	29758.175781
1568.109375	30014.111328
1567.093750	29900.851563
1566.077148	29782.876953
1565.060547	30079.109375
1564.042969	30268.130859
1563.026367	30304.798828
1562.008789	30672.103516
1560.991211	30642.080078
1559.973633	30807.046875
1558.956055	30617.722656
1557.937500	30521.171875
1556.918945	30438.916016
1555.900391	30622.791016
1554.881836	30459.779297
1553.862305	30719.570313
1552.843750	30620.712891
1551.824219	30533.763672
1550.804688	30337.667969
1549.785156	30241.316406
1548.764648	30598.150391
1547.744141	30539.732422
1546.723633	30469.480469
1545.703125	30913.773438
1544.682617	30881.400391
1543.661133	30993.611328
1542.640625	30598.681641
1541.619141	30554.541016
1540.596680	31256.537109
1539.575195	31380.414063
1538.552734	31909.111328
1537.531250	31888.404297
1536.507813	32099.640625
1535.485352	32384.142578
1534.462891	32408.294922
1533.439453	32872.371094
1532.416016	32182.248047
1531.392578	32736.023438
1530.369141	32445.689453
1529.344727	32190.921875
1528.320313	32770.339844
1527.295898	32477.810547
1526.271484	32560.935547
1525.247070	32610.966797
1524.221680	32698.748047
1523.196289	32767.609375
1522.170898	32480.087891
1521.145508	32709.406250
1520.119141	31969.082031
1519.093750	32686.621094
1518.067383	32698.812500
1517.041016	32609.621094
1516.013672	32763.244141
1514.987305	32770.695313
1513.959961	32822.902344
1512.932617	33047.050781
1511.905273	33388.863281
1510.876953	33553.933594
1509.849609	33841.351563
1508.821289	34116.882813
1507.792969	34444.070313
1506.764648	34778.179688
1505.735352	34324.144531
1504.706055	34890.960938
1503.677734	35255.335938
1502.647461	35407.988281
1501.618164	35501.812500
1500.587891	35872.882813
1499.558594	35823.261719
1498.528320	36074.316406
1497.497070	35860.277344
1496.466797	35885.816406
1495.435547	35693.027344
1494.405273	36077.671875
1493.373047	36119.570313
1492.341797	36184.910156
1491.310547	35816.292969
1490.278320	35682.335938
1489.246094	35510.914063
1488.213867	35163.753906
1487.180664	34976.101563
1486.148438	34828.355469
1485.115234	34673.640625
1484.082031	34572.855469
1483.048828	34170.031250
1482.014648	33580.074219
1480.981445	33556.812500
1479.947266	33325.277344
1478.913086	33290.378906
1477.877930	33206.363281
1476.843750	33625.226563
1475.808594	33704.859375
1474.773438	34249.691406
1473.738281	34394.605469
1472.702148	34649.292969
1471.666992	35847.792969
1470.630859	35611.523438
1469.594727	36134.378906
1468.558594	36243.722656
1467.521484	36759.226563
1466.484375	37538.261719
1465.447266	38104.621094
1464.410156	38689.410156
1463.373047	38924.070313
1462.334961	39207.605469
1461.297852	40059.941406
1460.259766	40387.414063
1459.220703	41043.378906
1458.182617	41587.222656
1457.143555	41974.746094
1456.104492	43046.910156
1455.065430	43534.105469
1454.026367	43553.117188
1452.986328	43809.550781
1451.947266	44899.066406
1450.907227	45276.113281
1449.866211	46129.910156
1448.826172	47018.246094
1447.785156	47296.949219
1446.744141	48459.015625
1445.703125	48709.410156
1444.662109	48355.457031
1443.620117	49260.996094
1442.579102	48307.726563
1441.537109	48088.777344
1440.495117	47078.078125
1439.452148	46081.722656
1438.410156	45269.144531
1437.367188	44517.234375
1436.324219	43380.480469
1435.280273	42947.062500
1434.237305	42293.492188
1433.193359	41542.800781
1432.149414	40637.089844
1431.105469	40508.210938
1430.061523	39990.074219
1429.016602	39699.199219
1427.971680	39084.148438
1426.926758	38823.683594
1425.881836	38695.296875
1424.836914	38168.796875
1423.791016	37820.718750
1422.745117	37074.777344
1421.699219	37229.101563
1420.653320	36971.636719
1419.606445	36691.148438
1418.559570	36098.640625
1417.512695	36553.539063
1416.465820	36374.992188
1415.417969	36221.937500
1414.371094	36371.574219
1413.323242	36213.960938
1412.275391	36640.644531
1411.226563	36607.707031
1410.178711	36503.222656
1409.129883	35934.910156
1408.081055	36236.695313
1407.032227	35961.636719
1405.982422	36039.570313
1404.933594	35988.335938
1403.883789	35612.054688
1402.833984	35475.640625
1401.783203	35346.199219
1400.733398	35341.222656
1399.682617	34974.589844
1398.631836	34875.261719
1397.581055	34983.203125
1396.529297	33979.179688
1395.478516	34418.695313
1394.426758	34038.816406
1393.375000	33937.472656
1392.323242	33776.363281
1391.270508	33401.441406
1390.217773	33435.941406
1389.165039	33077.332031
1388.112305	33401.468750
1387.059570	33525.558594
1386.005859	33091.335938
1384.952148	33004.121094
1383.898438	33821.726563
1382.844727	33975.468750
1381.790039	34241.621094
1380.735352	34457.171875
1379.680664	34704.753906
1378.625977	35296.343750
1377.571289	35181.261719
1376.515625	35430.828125
1375.459961	35863.703125
1374.404297	36280.351563
1373.348633	36238.488281
1372.291992	36542.609375
1371.235352	36056.300781
1370.178711	36733.648438
1369.122070	37099.300781
1368.065430	36874.152344
1367.007813	37132.042969
1365.950195	36451.589844
1364.892578	36595.062500
1363.834961	36566.917969
1362.776367	36733.171875
1361.717773	36894.785156
1360.659180	37015.175781
1359.600586	37190.371094
1358.541016	37500.312500
1357.482422	37394.324219
1356.422852	38238.574219
1355.363281	38475.019531
1354.302734	38588.078125
1353.243164	39484.050781
1352.182617	39733.781250
1351.122070	39992.531250
1350.061523	40732.527344
1349.000000	41358.171875
1347.938477	42184.226563
1346.877930	42604.121094
1345.815430	43559.496094
1344.753906	44149.847656
1343.691406	45047.542969
1342.629883	45534.824219
1341.567383	46404.527344
1340.503906	47141.796875
1339.441406	47626.058594
1338.377930	49143.468750
1337.314453	49536.085938
1336.250977	49739.695313
1335.186523	50527.816406
1334.123047	50610.601563
1333.058594	50541.003906
1331.994141	51119.316406
1330.929688	50531.437500
1329.864258	50418.714844
1328.798828	49826.675781
1327.733398	49096.320313
1326.667969	48293.593750
1325.602539	47729.597656
1324.536133	47195.339844
1323.469727	46037.183594
1322.403320	44927.156250
1321.336914	44130.648438
1320.269531	43606.640625
1319.202148	43407.121094
1318.134766	43169.140625
1317.067383	42756.718750
1315.999023	42260.617188
1314.931641	41995.824219
1313.863281	41767.382813
1312.794922	41824.398438
1311.725586	41960.644531
1310.657227	42001.746094
1309.587891	41818.750000
1308.518555	41685.613281
1307.448242	41224.472656
1306.378906	41573.316406
1305.308594	41125.953125
1304.238281	40959.144531
1303.167969	40588.949219
1302.096680	40232.464844
1301.026367	39928.101563
1299.955078	39208.167969
1298.883789	38454.652344
1297.811523	38024.378906
1296.740234	37734.261719
1295.667969	37642.902344
1294.595703	36879.046875
1293.523438	36505.855469
1292.450195	36311.031250
1291.377930	35902.023438
1290.304688	35781.816406
1289.230469	35889.363281
1288.157227	35573.101563
1287.083008	35527.402344
1286.009766	35378.074219
1284.934570	35226.554688
1283.860352	35521.019531
1282.786133	35759.074219
1281.710938	35846.191406
1280.635742	36354.160156
1279.560547	36753.906250
1278.484375	37823.925781
1277.408203	37759.828125
1276.333008	38320.941406
1275.255859	39156.128906
1274.179688	39552.613281
1273.102539	39845.550781
1272.026367	40531.585938
1270.949219	40408.582031
1269.871094	40045.292969
1268.793945	40225.593750
1267.715820	40598.894531
1266.637695	40049.480469
1265.559570	39616.992188
1264.480469	39238.527344
1263.402344	39113.710938
1262.323242	38683.921875
1261.244141	37801.355469
1260.164063	37138.855469
1259.084961	36256.976563
1258.004883	36300.968750
1256.924805	35887.882813
1255.844727	34599.125000
1254.763672	34654.625000
1253.682617	34199.589844
1252.601563	33514.167969
1251.520508	33299.039063
1250.439453	33229.445313
1249.357422	32775.082031
1248.275391	32625.099609
1247.193359	32193.408203
1246.111328	31811.082031
1245.028320	31545.152344
1243.945313	31643.615234
1242.862305	31507.421875
1241.779297	31217.142578
1240.695313	30911.345703
1239.612305	31186.259766
1238.528320	30876.128906
1237.443359	30458.986328
1236.359375	30608.847656
1235.274414	30495.367188
1234.189453	30647.382813
1233.104492	30607.535156
1232.019531	30471.824219
1230.933594	29954.958984
1229.847656	30200.564453
1228.761719	30065.015625
1227.675781	30150.085938
1226.589844	30268.527344
1225.502930	30380.238281
1224.416016	30100.037109
1223.329102	30069.265625
1222.241211	29682.414063
1221.153320	30159.064453
1220.065430	29961.445313
1218.977539	30021.914063
1217.889648	29726.560547
1216.800781	29875.978516
1215.711914	30116.464844
1214.623047	30061.283203
1213.534180	29817.263672
1212.444336	29882.117188
1211.355469	30095.744141
1210.265625	29798.574219
1209.174805	29668.025391
1208.084961	29890.435547
1206.994141	29859.777344
1205.903320	29651.642578
1204.812500	29550.062500
1203.721680	29639.244141
1202.629883	29615.308594
1201.538086	29482.759766
1200.446289	29232.802734
1199.354492	29290.945313
1198.261719	29092.082031
1197.168945	28833.498047
1196.076172	28360.220703
1194.983398	28870.142578
1193.889648	28921.652344
1192.796875	29216.572266
1191.703125	29652.974609
1190.608398	29275.130859
1189.514648	29284.486328
1188.419922	29335.845703
1187.325195	29696.685547
1186.230469	29327.984375
1185.135742	29259.968750
1184.040039	29666.986328
1182.944336	29448.722656
1181.848633	29866.568359
1180.752930	29908.888672
1179.656250	29849.642578
1178.559570	29404.191406
1177.462891	29450.988281
1176.366211	29506.587891
1175.268555	29791.548828
1174.171875	29480.992188
1173.074219	29212.453125
1171.975586	28985.904297
1170.877930	28933.548828
1169.779297	28735.794922
1168.680664	28264.964844
1167.582031	28587.197266
1166.483398	28330.181641
1165.383789	28544.388672
1164.284180	28300.691406
1163.184570	28219.937500
1162.084961	28489.029297
1160.984375	28630.427734
1159.883789	28503.466797
1158.783203	28708.562500
1157.682617	28834.433594
1156.582031	28744.867188
1155.480469	28681.705078
1154.378906	29356.712891
1153.276367	29666.833984
1152.174805	29412.464844
1151.072266	29867.341797
1149.969727	30649.083984
1148.867188	31219.816406
1147.764648	31831.998047
1146.661133	32176.294922
1145.557617	32880.128906
1144.454102	32934.617188
1143.350586	33212.691406
1142.246094	33199.140625
1141.141602	33163.679688
1140.037109	32495.066406
1138.932617	31811.398438
1137.827148	31563.820313
1136.721680	31193.730469
1135.616211	30863.197266
1134.510742	30677.246094
1133.405273	30228.798828
1132.298828	30174.314453
1131.192383	29695.537109
1130.085938	29606.197266
1128.978516	29416.324219
1127.871094	29504.128906
1126.763672	29486.996094
1125.656250	29271.042969
1124.548828	29326.050781
1123.440430	29429.080078
1122.332031	29294.060547
1121.223633	29589.160156
1120.115234	29360.308594
1119.005859	29456.689453
1117.896484	29727.564453
1116.787109	30133.558594
1115.677734	30369.279297
1114.567383	30982.091797
1113.457031	30953.771484
1112.346680	31967.205078
1111.236328	32038.916016
1110.125977	33095.261719
1109.014648	33441.128906
1107.903320	34037.265625
1106.791016	34452.453125
1105.679688	35659.753906
1104.567383	35874.210938
1103.455078	36164.726563
1102.342773	36100.550781
1101.230469	36247.351563
1100.117188	35991.839844
1099.003906	36082.078125
1097.890625	35322.468750
1096.776367	35049.921875
1095.663086	34334.296875
1094.548828	33321.398438
1093.434570	32686.783203
1092.319336	32056.775391
1091.205078	31381.447266
1090.089844	30337.464844
1088.974609	30224.748047
1087.858398	29840.914063
1086.743164	29483.265625
1085.626953	29396.816406
1084.510742	28948.355469
1083.394531	28842.544922
1082.277344	28366.214844
1081.160156	28709.044922
1080.042969	28323.917969
1078.925781	28218.320313
1077.807617	28431.046875
1076.690430	28299.490234
1075.572266	28490.464844
1074.454102	28183.677734
1073.334961	28599.582031
1072.215820	28524.328125
1071.096680	28864.294922
1069.977539	28564.167969
1068.858398	29239.017578
1067.738281	29278.222656
1066.618164	29263.394531
1065.498047	29840.455078
1064.376953	29657.052734
1063.256836	30520.962891
1062.135742	30546.894531
1061.014648	30512.378906
1059.892578	30546.929688
1058.771484	31000.003906
1057.649414	30956.781250
1056.527344	31155.103516
1055.404297	31062.273438
1054.282227	30760.388672
1053.159180	30518.972656
1052.036133	30404.783203
1050.913086	30316.490234
1049.789063	30200.234375
1048.665039	29941.908203
1047.541016	29728.898438
1046.416992	29944.304688
1045.291992	29369.853516
1044.166992	29400.212891
1043.041992	29419.802734
1041.916992	28953.351563
1040.791992	28828.964844
1039.666016	28693.880859
1038.540039	28702.849609
1037.414063	28391.648438
1036.287109	28220.216797
1035.160156	27977.976563
1034.033203	27826.027344
1032.906250	28180.820313
1031.779297	27863.609375
1030.651367	28505.810547
1029.523438	28671.417969
1028.395508	28781.179688
1027.266602	28524.154297
1026.138672	28520.253906
1025.009766	28473.476563
1023.879883	28681.773438
1022.750977	28746.408203
1021.621094	28954.554688
1020.491211	28479.328125
1019.361328	28740.976563
1018.231445	28788.408203
1017.100586	28840.099609
1015.969727	28587.869141
1014.838867	28671.671875
1013.708008	28565.046875
1012.576172	28541.876953
1011.444336	28730.408203
1010.312500	28891.066406
1009.180664	28795.164063
1008.047852	28643.742188
1006.915039	28810.718750
1005.782227	28966.943359
1004.649414	29229.880859
1003.515625	29439.324219
1002.381836	29166.238281
1001.248047	29392.677734
1000.114258	28848.724609
998.979492	28458.599609
997.844727	28576.261719
996.709961	28237.535156
995.575195	28284.837891
994.439453	28035.835938
993.303711	28046.927734
992.167969	27836.431641
991.032227	28107.437500
989.895508	27566.908203
988.758789	27682.417969
987.622070	27719.109375
986.485352	27813.251953
985.348633	27511.560547
984.210938	27556.771484
983.073242	27497.738281
981.934570	27451.488281
980.796875	27562.585938
979.658203	27660.878906
978.519531	27859.013672
977.380859	28059.187500
976.241211	28099.953125
975.101563	28469.892578
973.961914	27928.746094
972.822266	28387.724609
971.681641	28672.462891
970.541992	29203.232422
969.401367	29370.984375
968.259766	29330.796875
967.119141	29415.742188
965.977539	29704.189453
964.835938	29695.746094
963.694336	29583.457031
962.551758	29581.396484
961.409180	29655.595703
960.266602	29617.511719
959.124023	29293.578125
957.980469	29050.228516
956.837891	29005.941406
955.694336	28800.843750
954.549805	28595.830078
953.406250	28437.439453
952.261719	28076.093750
951.117188	28344.976563
949.972656	27945.750000
948.827148	27686.179688
947.681641	28206.414063
946.536133	27978.583984
945.390625	28306.330078
944.245117	28171.484375
943.098633	28775.613281
941.952148	28566.843750
940.804688	29122.089844
939.658203	29508.310547
938.510742	29826.863281
937.363281	30465.837891
936.215820	32706.994141
935.067383	32210.949219
933.919922	33177.785156
932.770508	34702.601563
931.622070	35565.261719
930.473633	37097.335938
929.324219	38460.292969
928.174805	39551.074219
927.025391	40422.476563
925.875000	40782.125000
924.724609	40924.906250
923.574219	40182.027344
922.423828	39475.214844
921.272461	38682.496094
920.122070	37438.136719
918.969727	36114.441406
917.818359	34856.449219
916.666992	33370.000000
915.514648	32104.724609
914.362305	31375.478516
913.208984	30214.042969
912.056641	29720.603516
910.903320	29271.443359
909.750000	28698.681641
908.596680	28430.332031
907.442383	28315.195313
906.288086	28548.177734
905.133789	28250.677734
903.979492	27739.519531
902.824219	27951.515625
901.668945	27943.441406
900.513672	27891.382813
899.358398	27952.427734
898.202148	27747.548828
897.045898	27718.585938
895.889648	27762.880859
894.733398	27746.478516
893.576172	27514.615234
892.419922	27274.484375
891.261719	27607.386719
890.104492	27404.964844
888.946289	27175.457031
887.789063	27109.039063
886.629883	27429.150391
885.471680	27331.371094
884.312500	27471.697266
883.153320	27432.408203
881.994141	27416.095703
880.834961	27130.568359
879.674805	27220.734375
878.514648	27442.285156
877.354492	27492.716797
876.194336	27730.789063
875.033203	27305.816406
873.872070	27483.380859
872.710938	27377.464844
871.548828	27569.517578
870.387695	27546.943359
869.225586	27547.283203
868.063477	28009.837891
866.900391	27412.656250
865.737305	27581.593750
864.574219	27303.105469
863.411133	27494.873047
862.248047	27335.068359
861.083984	27532.982422
859.919922	27315.023438
858.755859	27317.476563
857.590820	27513.183594
856.425781	27706.728516
855.260742	27675.855469
854.095703	27836.050781
852.930664	27844.607422
851.764648	28033.755859
850.598633	28328.664063
849.431641	27917.972656
848.265625	28376.658203
847.098633	28152.791016
845.931641	28190.289063
844.764648	28451.667969
843.596680	28153.306641
842.428711	28723.341797
841.260742	28835.261719
840.092773	28626.074219
838.923828	28611.638672
837.754883	28588.925781
836.585938	28591.060547
835.416992	28413.140625
834.247070	28663.605469
833.077148	29106.345703
831.907227	28684.373047
830.737305	28858.101563
829.566406	29006.947266
828.395508	28694.806641
827.224609	29085.394531
826.052734	29287.806641
824.881836	29083.210938
823.709961	28703.166016
822.537109	28905.523438
821.365234	28666.044922
820.192383	28600.025391
819.019531	28094.541016
817.846680	27882.203125
816.672852	27705.017578
815.500000	27841.332031
814.326172	27816.785156
813.151367	27781.939453
811.977539	27984.085938
810.802734	27850.324219
809.627930	27860.804688
808.453125	28221.369141
807.277344	28178.230469
806.101563	27991.015625
804.925781	27917.070313
803.750000	27542.748047
802.573242	28030.525391
801.396484	27693.357422
800.219727	27874.507813
799.042969	28129.587891
797.865234	28053.640625
796.687500	28466.796875
795.509766	28830.466797
794.331055	28466.847656
793.153320	28657.853516
791.974609	28325.224609
790.795898	28087.160156
789.616211	27843.039063
788.436523	27783.685547
787.256836	27785.898438
786.077148	27851.685547
784.896484	28081.482422
783.716797	27786.367188
782.536133	27696.335938
781.354492	27719.046875
780.173828	27907.693359
778.992188	27946.730469
777.810547	27838.306641
776.627930	27924.429688
775.446289	27562.230469
774.263672	28014.697266
773.081055	28133.457031
771.897461	28194.886719
770.714844	28078.357422
769.531250	28417.853516
768.347656	28624.322266
767.163086	28354.480469
765.978516	28846.947266
764.794922	29163.505859
763.609375	28873.291016
762.424805	28973.238281
761.239258	29544.765625
760.053711	29530.212891
758.868164	30201.365234
757.681641	30586.580078
756.495117	30824.751953
755.308594	31270.843750
754.122070	32250.960938
752.934570	32690.431641
751.747070	33891.968750
750.559570	35243.773438
749.372070	36992.250000
748.183594	39691.156250
746.995117	42370.566406
745.806641	45107.855469
744.618164	47736.074219
743.428711	50247.156250
742.239258	52006.382813
741.049805	53593.976563
739.859375	53913.867188
738.669922	52960.789063
737.479492	51365.742188
736.288086	50129.082031
735.097656	48139.101563
733.906250	46475.019531
732.714844	45904.375000
731.522461	44848.652344
730.331055	44177.093750
729.138672	44114.750000
727.946289	44064.605469
726.752930	43606.675781
725.560547	42933.925781
724.367188	42123.558594
723.173828	41007.382813
721.979492	40617.394531
720.785156	39398.660156
719.590820	38075.089844
718.396484	36972.902344
717.202148	36478.796875
716.006836	35851.257813
714.811523	35246.261719
713.616211	34285.292969
712.419922	33816.472656
711.223633	33390.339844
710.027344	33057.437500
708.831055	32995.664063
707.633789	32735.771484
706.436523	32819.628906
705.239258	32559.886719
704.041016	32562.921875
702.843750	32002.345703
701.645508	31650.037109
700.446289	31334.226563
699.248047	31603.994141
698.048828	31796.947266
696.849609	32280.392578
695.650391	32793.886719
694.450195	33137.726563
693.250000	33303.957031
692.049805	34248.343750
690.849609	35244.726563
689.648438	36583.273438
688.447266	37770.121094
687.246094	38281.625000
686.044922	38744.574219
684.842773	39422.761719
683.640625	40575.742188
682.438477	41438.398438
681.235352	41976.710938
680.032227	41746.285156
678.829102	41115.707031
677.625977	41293.777344
676.421875	40235.335938
675.218750	40453.718750
674.013672	40402.714844
672.809570	40703.335938
671.604492	40965.656250
670.399414	41537.132813
669.194336	42204.734375
667.989258	42261.792969
666.783203	43155.726563
665.577148	44159.628906
664.371094	45307.531250
663.164063	46043.769531
661.957031	46099.917969
660.750000	46196.132813
659.542969	46228.164063
658.334961	44991.703125
657.126953	43613.535156
655.918945	42416.234375
654.710938	41531.859375
653.501953	40439.644531
652.292969	39702.203125
651.083984	39129.191406
649.874023	38412.363281
648.665039	38145.937500
647.455078	36695.636719
646.244141	36113.769531
645.034180	35512.160156
643.823242	34798.886719
642.612305	33850.128906
641.400391	33287.359375
640.189453	32557.054688
638.977539	32454.099609
637.764648	32484.955078
636.552734	31924.960938
635.339844	31462.994141
634.126953	31617.740234
632.914063	31961.917969
631.700195	31747.533203
630.486328	31894.134766
629.272461	32182.203125
628.058594	32659.480469
626.843750	32600.544922
625.628906	32571.513672
624.414063	32502.660156
623.199219	32145.099609
621.983398	31946.958984
620.767578	31649.382813
619.551758	31517.103516
618.334961	31235.664063
617.118164	31081.646484
615.901367	30579.679688
614.684570	30674.396484
613.466797	30399.341797
612.249023	30076.708984
611.031250	29476.044922
609.812500	29596.738281
608.594727	29449.259766
607.375977	29685.066406
606.156250	29533.658203
604.937500	29146.128906
603.717773	29669.568359
602.498047	29218.689453
601.278320	29063.541016
600.057617	28864.830078
598.836914	28497.685547
597.616211	28602.453125
596.394531	28376.224609
595.173828	28322.464844
593.952148	28389.558594
592.729492	28201.148438
591.507813	28309.814453
590.285156	28115.560547
589.062500	28042.117188
587.838867	28235.824219
586.616211	28071.382813
585.392578	28520.134766
584.168945	28942.982422
582.944336	29003.859375
581.719727	29205.041016
580.495117	29455.535156
579.270508	29666.406250
578.044922	29879.156250
576.820313	30249.792969
575.593750	30403.087891
574.368164	30530.652344
573.141602	30721.310547
571.915039	31059.863281
570.688477	31058.972656
569.461914	31184.300781
568.234375	31076.904297
567.006836	31016.865234
565.778320	30864.216797
564.550781	30335.275391
563.322266	30470.464844
562.093750	30449.996094
560.864258	30283.814453
559.635742	30267.326172
558.406250	30508.691406
557.175781	30338.666016
555.946289	30040.826172
554.715820	30187.660156
553.485352	29870.316406
552.254883	30188.173828
551.023438	29935.833984
549.791992	29842.789063
548.560547	29572.947266
547.328125	29018.382813
546.095703	28705.628906
544.863281	28913.351563
543.630859	28828.476563
542.398438	28829.996094
541.165039	28966.908203
539.931641	29180.269531
538.697266	29183.664063
537.462891	28573.273438
536.228516	28651.298828
534.994141	28856.693359
533.759766	29306.955078
532.524414	29169.244141
531.289063	29076.644531
530.052734	28813.703125
528.817383	29236.160156
527.581055	29280.626953
526.344727	29563.837891
525.107422	29692.345703
523.870117	30458.527344
522.632813	30860.589844
521.395508	30767.763672
520.157227	30614.375000
518.918945	30384.824219
517.680664	30262.847656
516.442383	29906.484375
515.203125	29614.732422
513.963867	29383.642578
512.724609	29310.794922
511.484375	29372.660156
510.245117	29891.146484
509.003906	29906.027344
507.763672	30256.408203
506.522461	29912.359375
505.281250	30063.703125
504.040039	29715.945313
502.798828	29510.609375
501.556641	29278.082031
