1802.298828	12725.823242
1801.329102	12865.667969
1800.360352	12625.909180
1799.390625	12650.845703
1798.420898	12910.369141
1797.451172	12630.820313
1796.481445	12590.875977
1795.510742	12356.396484
1794.540039	12543.451172
1793.570313	12508.532227
1792.598633	12747.827148
1791.627930	12912.258789
1790.657227	12660.503906
1789.685547	12568.289063
1788.713867	12575.739258
1787.742188	12879.524414
1786.769531	12812.215820
1785.797852	12884.331055
1784.825195	12946.461914
1783.852539	13182.745117
1782.879883	13237.326172
1781.907227	13314.270508
1780.933594	13373.776367
1779.960938	13388.503906
1778.987305	13355.996094
1778.013672	13231.545898
1777.039063	13338.228516
1776.065430	13365.370117
1775.090820	13258.376953
1774.116211	13228.407227
1773.141602	13531.141602
1772.166992	13605.383789
1771.191406	13729.230469
1770.216797	13706.631836
1769.241211	13996.620117
1768.265625	14179.839844
1767.289063	13976.136719
1766.313477	14290.688477
1765.336914	14332.444336
1764.360352	14522.881836
1763.383789	14581.917969
1762.407227	14519.541016
1761.429688	14635.519531
1760.453125	14568.203125
1759.475586	14810.390625
1758.498047	15218.327148
1757.519531	15138.557617
1756.541992	15541.314453
1755.563477	15708.894531
1754.584961	15913.506836
1753.606445	15438.002930
1752.627930	15293.983398
1751.648438	15392.263672
1750.668945	15287.850586
1749.689453	15628.236328
1748.709961	15420.060547
1747.730469	15525.642578
1746.750977	15228.672852
1745.770508	14978.729492
1744.790039	14864.646484
1743.809570	15096.115234
1742.828125	15144.901367
1741.847656	15050.586914
1740.866211	15188.152344
1739.884766	14879.331055
1738.903320	15228.899414
1737.921875	14947.306641
1736.939453	15138.996094
1735.957031	14933.915039
1734.975586	14921.062500
1733.992188	15048.603516
1733.009766	15338.613281
1732.026367	15416.778320
1731.043945	15253.686523
1730.060547	15351.523438
1729.077148	14908.014648
1728.092773	14816.460938
1727.109375	15049.595703
1726.125000	14871.983398
1725.140625	15323.818359
1724.156250	15433.807617
1723.170898	15627.306641
1722.186523	15363.722656
1721.201172	15522.765625
1720.215820	15239.658203
1719.230469	15418.304688
1718.245117	15353.829102
1717.258789	15620.743164
1716.272461	15516.986328
1715.286133	15604.648438
1714.299805	15807.568359
1713.313477	15831.367188
1712.326172	16306.339844
1711.338867	16231.963867
1710.351563	16228.699219
1709.364258	16480.296875
1708.376953	16119.265625
1707.388672	16231.155273
1706.400391	16573.214844
1705.412109	16435.205078
1704.423828	16684.056641
1703.434570	16908.330078
1702.446289	16980.789063
1701.457031	17031.197266
1700.467773	17323.755859
1699.478516	17748.261719
1698.488281	17240.980469
1697.499023	17741.115234
1696.508789	17529.785156
1695.518555	17482.269531
1694.527344	17652.216797
1693.537109	17954.001953
1692.545898	17608.472656
1691.554688	17912.585938
1690.563477	18062.775391
1689.572266	18513.117188
1688.580078	18470.341797
1687.588867	18215.324219
1686.596680	18453.142578
1685.604492	18515.271484
1684.611328	18650.521484
1683.619141	18559.001953
1682.625977	18650.316406
1681.632813	18592.947266
1680.639648	18818.212891
1679.646484	18855.828125
1678.652344	19032.242188
1677.658203	19052.751953
1676.664063	19453.015625
1675.669922	19819.041016
1674.675781	19785.843750
1673.680664	19730.761719
1672.686523	19897.048828
1671.691406	20238.367188
1670.695313	20158.908203
1669.700195	20193.736328
1668.704102	20252.853516
1667.708984	20280.355469
1666.712891	20324.851563
1665.715820	20704.525391
1664.719727	20739.203125
1663.722656	20875.839844
1662.725586	21005.136719
1661.728516	21328.542969
1660.731445	21467.400391
1659.734375	21603.775391
1658.736328	21982.646484
1657.738281	21963.658203
1656.740234	22325.330078
1655.742188	22657.765625
1654.743164	22769.519531
1653.745117	23099.306641
1652.746094	23239.996094
1651.747070	23433.912109
1650.747070	23443.707031
1649.748047	23550.341797
1648.748047	23836.058594
1647.748047	24421.757813
1646.748047	24431.339844
1645.748047	24665.900391
1644.747070	25011.623047
1643.746094	24900.166016
1642.745117	25117.558594
1641.744141	25296.189453
1640.743164	25641.500000
1639.741211	25341.531250
1638.739258	25884.783203
1637.737305	25683.910156
1636.735352	25893.628906
1635.733398	25898.048828
1634.730469	25747.980469
1633.727539	25800.691406
1632.724609	25988.496094
1631.721680	25910.867188
1630.718750	25912.857422
1629.714844	25987.187500
1628.710938	25878.259766
1627.707031	26304.480469
1626.703125	26431.699219
1625.698242	26679.335938
1624.693359	26608.892578
1623.688477	26605.912109
1622.683594	26147.832031
1621.678711	26368.837891
1620.672852	26284.066406
1619.667969	26018.841797
1618.662109	26184.396484
1617.656250	26527.890625
1616.649414	26330.115234
1615.643555	26130.013672
1614.636719	26305.021484
1613.629883	26143.458984
1612.623047	26724.509766
1611.615234	26848.832031
1610.607422	27045.166016
1609.600586	27219.804688
1608.592773	27533.634766
1607.583984	27434.427734
1606.576172	27220.052734
1605.567383	27447.300781
1604.558594	28231.062500
1603.549805	28376.453125
1602.541016	28982.238281
1601.531250	28774.953125
1600.522461	29478.695313
1599.512695	29590.154297
1598.502930	29703.962891
1597.492188	29949.492188
1596.482422	30314.683594
1595.471680	30895.255859
1594.460938	30908.140625
1593.450195	31476.384766
1592.438477	31955.843750
1591.427734	32226.927734
1590.416016	32249.093750
1589.404297	32625.246094
1588.392578	32374.701172
1587.379883	32518.753906
1586.367188	32426.093750
1585.355469	32390.830078
1584.341797	32527.619141
1583.329102	32571.179688
1582.316406	32664.878906
1581.302734	32990.175781
1580.289063	32587.144531
1579.275391	32914.707031
1578.260742	33084.625000
1577.247070	32908.488281
1576.232422	32813.535156
1575.217773	32594.593750
1574.203125	33184.117188
1573.188477	33034.324219
1572.172852	33518.636719
1571.157227	33075.707031
1570.141602	33566.957031
1569.125977	33410.054688
1568.109375	33207.960938
1567.093750	33317.886719
1566.077148	33661.078125
1565.060547	33687.554688
1564.042969	32957.253906
1563.026367	33645.296875
1562.008789	34035.710938
1560.991211	33981.218750
1559.973633	33681.832031
1558.956055	33812.863281
1557.937500	33713.285156
1556.918945	33929.800781
1555.900391	33777.964844
1554.881836	34027.632813
1553.862305	34205.949219
1552.843750	34277.339844
1551.824219	35060.886719
1550.804688	35243.625000
1549.785156	35039.492188
1548.764648	35241.136719
1547.744141	36102.117188
1546.723633	36602.269531
1545.703125	36563.988281
1544.682617	36838.640625
1543.661133	37627.480469
1542.640625	37598.488281
1541.619141	38491.093750
1540.596680	38774.589844
1539.575195	39370.566406
1538.552734	39076.054688
1537.531250	39408.964844
1536.507813	39583.167969
1535.485352	40112.230469
1534.462891	40510.960938
1533.439453	40668.265625
1532.416016	40972.125000
1531.392578	40812.453125
1530.369141	41390.355469
1529.344727	41625.335938
1528.320313	42169.750000
1527.295898	41627.253906
1526.271484	41495.945313
1525.247070	42240.765625
1524.221680	41970.082031
1523.196289	42093.703125
1522.170898	41797.199219
1521.145508	42149.667969
1520.119141	42070.292969
1519.093750	41660.757813
1518.067383	41213.660156
1517.041016	41476.363281
1516.013672	41357.113281
1514.987305	41150.714844
1513.959961	40600.406250
1512.932617	41018.484375
1511.905273	40854.667969
1510.876953	40434.257813
1509.849609	40729.687500
1508.821289	41133.261719
1507.792969	40762.464844
1506.764648	40772.957031
1505.735352	40040.128906
1504.706055	40711.609375
1503.677734	40505.781250
1502.647461	40466.941406
1501.618164	40677.250000
1500.587891	40119.070313
1499.558594	40317.613281
1498.528320	40577.144531
1497.497070	40197.796875
1496.466797	39982.960938
1495.435547	39986.519531
1494.405273	39738.953125
1493.373047	39571.261719
1492.341797	39687.507813
1491.310547	39625.441406
1490.278320	39743.968750
1489.246094	39731.148438
1488.213867	39978.523438
1487.180664	39063.363281
1486.148438	39531.027344
1485.115234	39515.906250
1484.082031	39725.640625
1483.048828	39680.042969
1482.014648	39945.843750
1480.981445	40436.242188
1479.947266	40465.406250
1478.913086	40384.585938
1477.877930	41225.484375
1476.843750	41493.023438
1475.808594	42090.156250
1474.773438	42125.953125
1473.738281	42528.703125
1472.702148	43006.066406
1471.666992	43198.187500
1470.630859	43231.386719
1469.594727	43292.589844
1468.558594	43965.535156
1467.521484	44241.335938
1466.484375	45144.875000
1465.447266	45000.277344
1464.410156	45240.691406
1463.373047	45469.343750
1462.334961	46008.066406
1461.297852	46304.082031
1460.259766	46187.351563
1459.220703	46513.500000
1458.182617	46016.945313
1457.143555	45835.109375
1456.104492	46023.691406
1455.065430	46002.609375
1454.026367	46286.535156
1452.986328	45976.750000
1451.947266	46037.136719
1450.907227	45662.371094
1449.866211	45057.449219
1448.826172	45080.761719
1447.785156	45215.687500
1446.744141	45111.082031
1445.703125	45043.710938
1444.662109	44183.878906
1443.620117	44713.863281
1442.579102	44107.660156
1441.537109	43720.023438
1440.495117	43437.039063
1439.452148	42949.867188
1438.410156	42383.972656
1437.367188	42099.105469
1436.324219	41658.902344
1435.280273	41033.304688
1434.237305	41217.367188
1433.193359	40784.566406
1432.149414	40523.492188
1431.105469	39706.253906
1430.061523	40006.296875
1429.016602	39747.855469
1427.971680	39577.539063
1426.926758	39782.464844
1425.881836	39128.281250
1424.836914	39347.101563
1423.791016	39463.992188
1422.745117	39337.863281
1421.699219	39350.593750
1420.653320	39640.882813
1419.606445	39364.472656
1418.559570	38884.707031
1417.512695	39244.253906
1416.465820	39451.117188
1415.417969	39722.589844
1414.371094	39550.390625
1413.323242	39281.257813
1412.275391	39511.023438
1411.226563	39609.093750
1410.178711	39829.460938
1409.129883	39479.707031
1408.081055	39397.742188
1407.032227	39318.117188
1405.982422	39642.140625
1404.933594	39348.046875
1403.883789	39088.652344
1402.833984	39292.656250
1401.783203	39328.347656
1400.733398	38995.382813
1399.682617	39233.828125
1398.631836	39260.289063
1397.581055	39035.757813
1396.529297	38898.796875
1395.478516	38660.617188
1394.426758	38951.800781
1393.375000	38925.367188
1392.323242	38542.406250
1391.270508	38930.019531
1390.217773	38436.847656
1389.165039	38628.917969
1388.112305	38524.421875
1387.059570	38233.843750
1386.005859	38618.808594
1384.952148	38888.769531
1383.898438	39160.914063
1382.844727	39343.398438
1381.790039	39555.648438
1380.735352	39953.703125
1379.680664	39894.980469
1378.625977	40808.960938
1377.571289	40963.382813
1376.515625	41115.445313
1375.459961	41127.593750
1374.404297	41426.257813
1373.348633	42031.878906
1372.291992	41890.308594
1371.235352	42078.664063
1370.178711	41829.500000
1369.122070	42690.984375
1368.065430	42068.628906
1367.007813	42062.230469
1365.950195	42595.890625
1364.892578	42674.031250
1363.834961	42880.234375
1362.776367	43392.804688
1361.717773	43253.507813
1360.659180	43843.507813
1359.600586	44113.285156
1358.541016	44561.183594
1357.482422	44954.062500
1356.422852	45081.820313
1355.363281	45928.871094
1354.302734	45967.324219
1353.243164	46745.355469
1352.182617	47027.816406
1351.122070	47809.867188
1350.061523	49134.539063
1349.000000	49491.589844
1347.938477	50952.179688
1346.877930	51475.132813
1345.815430	52624.707031
1344.753906	54354.925781
1343.691406	54585.199219
1342.629883	55414.484375
1341.567383	56844.691406
1340.503906	57896.308594
1339.441406	59279.871094
1338.377930	60410.207031
1337.314453	60877.863281
1336.250977	61388.550781
1335.186523	62417.652344
1334.123047	62691.281250
1333.058594	62585.078125
1331.994141	62999.496094
1330.929688	62250.058594
1329.864258	62798.433594
1328.798828	61965.281250
1327.733398	61452.738281
1326.667969	60247.769531
1325.602539	59272.613281
1324.536133	58454.484375
1323.469727	57430.167969
1322.403320	57189.093750
1321.336914	55707.203125
1320.269531	54711.296875
1319.202148	53797.437500
1318.134766	53171.882813
1317.067383	52963.660156
1315.999023	52143.636719
1314.931641	51838.273438
1313.863281	51138.878906
1312.794922	50435.238281
1311.725586	49553.003906
1310.657227	48693.773438
1309.587891	48631.613281
1308.518555	47422.167969
1307.448242	46529.964844
1306.378906	46251.132813
1305.308594	45364.062500
1304.238281	44477.355469
1303.167969	43593.277344
1302.096680	43127.683594
1301.026367	41930.156250
1299.955078	41227.882813
1298.883789	40620.761719
1297.811523	39758.710938
1296.740234	38854.117188
1295.667969	38604.519531
1294.595703	37896.878906
1293.523438	37419.683594
1292.450195	37156.996094
1291.377930	36447.835938
1290.304688	36298.203125
1289.230469	35560.203125
1288.157227	35539.292969
1287.083008	35074.433594
1286.009766	35103.195313
1284.934570	35120.679688
1283.860352	34356.656250
1282.786133	34225.671875
1281.710938	34533.730469
1280.635742	34616.578125
1279.560547	34694.894531
1278.484375	34588.687500
1277.408203	34498.269531
1276.333008	35066.808594
1275.255859	34681.785156
1274.179688	34499.230469
1273.102539	34795.464844
1272.026367	34967.988281
1270.949219	35340.378906
1269.871094	35169.062500
1268.793945	35188.691406
1267.715820	35208.312500
1266.637695	35230.164063
1265.559570	34883.957031
1264.480469	35215.500000
1263.402344	34930.003906
1262.323242	34947.406250
1261.244141	34978.250000
1260.164063	34547.253906
1259.084961	34448.160156
1258.004883	33842.656250
1256.924805	33683.257813
1255.844727	33611.281250
1254.763672	33373.609375
1253.682617	32871.820313
1252.601563	32802.292969
1251.520508	32520.167969
1250.439453	32179.978516
1249.357422	32448.449219
1248.275391	31985.390625
1247.193359	31911.636719
1246.111328	31779.781250
1245.028320	31594.328125
1243.945313	31339.671875
1242.862305	31616.908203
1241.779297	31527.660156
1240.695313	31183.830078
1239.612305	31494.416016
1238.528320	30916.316406
1237.443359	31304.945313
1236.359375	31329.658203
1235.274414	31483.765625
1234.189453	30832.531250
1233.104492	30846.169922
1232.019531	30728.246094
1230.933594	30683.935547
1229.847656	30713.193359
1228.761719	30608.736328
1227.675781	30101.072266
1226.589844	30270.755859
1225.502930	30239.939453
1224.416016	30013.203125
1223.329102	30033.648438
1222.241211	29575.587891
1221.153320	29829.748047
1220.065430	29056.017578
1218.977539	29221.210938
1217.889648	29081.683594
1216.800781	29266.808594
1215.711914	29200.679688
1214.623047	28994.570313
1213.534180	29059.611328
1212.444336	29144.615234
1211.355469	28807.607422
1210.265625	28788.263672
1209.174805	29255.105469
1208.084961	28951.574219
1206.994141	28989.902344
1205.903320	28835.195313
1204.812500	28871.310547
1203.721680	28953.982422
1202.629883	28987.835938
1201.538086	29108.128906
1200.446289	28594.511719
1199.354492	28836.703125
1198.261719	28675.595703
1197.168945	28501.263672
1196.076172	28315.931641
1194.983398	28137.318359
1193.889648	28385.984375
1192.796875	28262.751953
1191.703125	28197.097656
1190.608398	28027.498047
1189.514648	28039.326172
1188.419922	27834.449219
1187.325195	28060.748047
1186.230469	28001.826172
1185.135742	28210.312500
1184.040039	28330.337891
1182.944336	28516.576172
1181.848633	28415.642578
1180.752930	28392.027344
1179.656250	28436.851563
1178.559570	28686.908203
1177.462891	28656.626953
1176.366211	28776.369141
1175.268555	28779.162109
1174.171875	28620.974609
1173.074219	28187.261719
1171.975586	27744.910156
1170.877930	27650.943359
1169.779297	27074.484375
1168.680664	27181.154297
1167.582031	26913.369141
1166.483398	26570.830078
1165.383789	26576.265625
1164.284180	26377.001953
1163.184570	26318.656250
1162.084961	26374.738281
1160.984375	26470.388672
1159.883789	26467.035156
1158.783203	26410.910156
1157.682617	26308.646484
1156.582031	26540.486328
1155.480469	26600.835938
1154.378906	26169.062500
1153.276367	26207.496094
1152.174805	26173.447266
1151.072266	26088.916016
1149.969727	25942.957031
1148.867188	25970.427734
1147.764648	26160.250000
1146.661133	25830.097656
1145.557617	26090.046875
1144.454102	25779.779297
1143.350586	25671.328125
1142.246094	25562.921875
1141.141602	25638.630859
1140.037109	25889.576172
1138.932617	25557.763672
1137.827148	24967.675781
1136.721680	25032.492188
1135.616211	24919.968750
1134.510742	25076.683594
1133.405273	24528.759766
1132.298828	25035.515625
1131.192383	24912.142578
1130.085938	24928.771484
1128.978516	24656.804688
1127.871094	24800.253906
1126.763672	24646.433594
1125.656250	25023.607422
1124.548828	24915.675781
1123.440430	25061.126953
1122.332031	25003.451172
1121.223633	25039.667969
1120.115234	25403.257813
1119.005859	25603.033203
1117.896484	25418.748047
1116.787109	25810.378906
1115.677734	25911.802734
1114.567383	25971.757813
1113.457031	25975.009766
1112.346680	26289.910156
1111.236328	26330.130859
1110.125977	26298.445313
1109.014648	26373.494141
1107.903320	26483.349609
1106.791016	26199.103516
1105.679688	26337.242188
1104.567383	26305.578125
1103.455078	25969.328125
1102.342773	26274.917969
1101.230469	25958.384766
1100.117188	26157.302734
1099.003906	26256.136719
1097.890625	26196.265625
1096.776367	26416.732422
1095.663086	26148.291016
1094.548828	26399.080078
1093.434570	26384.826172
1092.319336	26520.386719
1091.205078	26401.917969
1090.089844	26524.394531
1088.974609	26212.863281
1087.858398	26597.808594
1086.743164	26639.912109
1085.626953	26705.847656
1084.510742	26385.863281
1083.394531	26852.804688
1082.277344	27083.343750
1081.160156	26958.466797
1080.042969	27089.242188
1078.925781	27209.130859
1077.807617	27729.527344
1076.690430	27431.433594
1075.572266	27527.363281
1074.454102	28183.677734
1073.334961	28253.445313
1072.215820	28898.511719
1071.096680	28989.716797
1069.977539	29474.365234
1068.858398	29647.546875
1067.738281	30559.738281
1066.618164	30933.550781
1065.498047	31527.539063
1064.376953	32330.767578
1063.256836	33075.351563
1062.135742	33685.777344
1061.014648	34185.867188
1059.892578	34349.113281
1058.771484	34579.167969
1057.649414	35072.273438
1056.527344	34409.277344
1055.404297	34766.375000
1054.282227	34571.484375
1053.159180	34139.613281
1052.036133	34022.500000
1050.913086	33569.378906
1049.789063	33547.203125
1048.665039	33350.613281
1047.541016	33083.058594
1046.416992	32542.261719
1045.291992	32302.964844
1044.166992	31930.375000
1043.041992	31930.070313
1041.916992	31914.708984
1040.791992	31845.599609
1039.666016	31522.855469
1038.540039	31443.107422
1037.414063	31732.980469
1036.287109	31174.144531
1035.160156	30937.720703
1034.033203	30621.943359
1032.906250	30931.058594
1031.779297	30817.181641
1030.651367	30988.775391
1029.523438	30643.207031
1028.395508	30501.572266
1027.266602	30387.875000
1026.138672	30278.511719
1025.009766	29995.550781
1023.879883	30083.498047
1022.750977	29847.835938
1021.621094	29867.216797
1020.491211	29820.187500
1019.361328	29706.791016
1018.231445	28895.460938
1017.100586	29030.611328
1015.969727	28478.722656
1014.838867	28603.201172
1013.708008	28291.226563
1012.576172	27949.437500
1011.444336	28005.519531
1010.312500	27845.652344
1009.180664	27955.164063
1008.047852	27667.152344
1006.915039	27712.556641
1005.782227	27916.007813
1004.649414	28134.320313
1003.515625	27970.347656
1002.381836	27853.406250
1001.248047	27868.833984
1000.114258	27636.736328
998.979492	27300.201172
997.844727	27366.921875
996.709961	26695.794922
995.575195	26304.238281
994.439453	26678.060547
993.303711	26546.660156
992.167969	26683.771484
991.032227	26639.757813
989.895508	26685.210938
988.758789	26783.873047
987.622070	26526.982422
986.485352	26612.863281
985.348633	26500.810547
984.210938	26467.521484
983.073242	26319.384766
981.934570	26458.394531
980.796875	26397.490234
979.658203	26277.091797
978.519531	26328.882813
977.380859	26561.253906
976.241211	26372.916016
975.101563	26235.626953
973.961914	26049.558594
972.822266	26360.332031
971.681641	26516.031250
970.541992	26397.921875
969.401367	26721.146484
968.259766	26620.009766
967.119141	26434.085938
965.977539	26506.908203
964.835938	26505.503906
963.694336	26849.546875
962.551758	26979.437500
961.409180	26772.443359
960.266602	26828.162109
959.124023	26631.873047
957.980469	26696.062500
956.837891	26540.097656
955.694336	26769.335938
954.549805	26376.458984
953.406250	26571.789063
952.261719	26483.648438
951.117188	26454.746094
949.972656	26373.007813
948.827148	26375.839844
947.681641	26488.546875
946.536133	26573.738281
945.390625	26760.273438
944.245117	27043.863281
943.098633	27120.433594
941.952148	27918.845703
940.804688	28362.382813
939.658203	29204.492188
938.510742	29746.705078
937.363281	30841.230469
936.215820	32080.771484
935.067383	33553.773438
933.919922	35367.578125
932.770508	36936.175781
931.622070	38295.539063
930.473633	40039.765625
929.324219	41656.894531
928.174805	42315.398438
927.025391	43076.753906
925.875000	42703.488281
924.724609	42212.554688
923.574219	41248.527344
922.423828	39485.730469
921.272461	37589.117188
920.122070	35342.242188
918.969727	33892.886719
917.818359	32053.308594
916.666992	30517.037109
915.514648	29380.496094
914.362305	28788.330078
913.208984	28047.349609
912.056641	27096.777344
910.903320	26853.841797
909.750000	26342.443359
908.596680	26234.023438
907.442383	25962.062500
906.288086	25709.085938
905.133789	25542.167969
903.979492	25454.964844
902.824219	25512.384766
901.668945	25052.306641
900.513672	25344.378906
899.358398	25324.296875
898.202148	25082.292969
897.045898	24997.382813
895.889648	25211.777344
894.733398	25248.228516
893.576172	25395.531250
892.419922	25122.392578
891.261719	25052.193359
890.104492	25071.916016
888.946289	24880.529297
887.789063	24831.320313
886.629883	24569.031250
885.471680	24651.496094
884.312500	24696.335938
883.153320	24640.937500
881.994141	24479.103516
880.834961	24555.250000
879.674805	24262.050781
878.514648	24674.066406
877.354492	24447.703125
876.194336	24440.378906
875.033203	24599.833984
873.872070	24688.353516
872.710938	24810.175781
871.548828	24729.855469
870.387695	24303.798828
869.225586	24794.220703
868.063477	24541.140625
866.900391	24544.205078
865.737305	25036.337891
864.574219	24849.945313
863.411133	24867.498047
862.248047	24912.078125
861.083984	24925.447266
859.919922	24920.099609
858.755859	25259.781250
857.590820	25395.666016
856.425781	25489.939453
855.260742	25725.417969
854.095703	25391.777344
852.930664	25938.609375
851.764648	25926.812500
850.598633	26020.863281
849.431641	25965.478516
848.265625	26132.082031
847.098633	26375.353516
845.931641	26481.662109
844.764648	26502.923828
843.596680	26569.773438
842.428711	26564.066406
841.260742	26417.476563
840.092773	26401.443359
838.923828	26399.910156
837.754883	26189.261719
836.585938	25949.720703
835.416992	26256.648438
834.247070	26166.169922
833.077148	26456.365234
831.907227	26403.107422
830.737305	26533.904297
829.566406	26749.404297
828.395508	26826.328125
827.224609	26793.693359
826.052734	26911.890625
824.881836	27191.150391
823.709961	27311.273438
822.537109	26766.515625
821.365234	26870.160156
820.192383	26882.951172
819.019531	26743.048828
817.846680	26302.019531
816.672852	26378.855469
815.500000	26278.324219
814.326172	25870.660156
813.151367	26522.589844
811.977539	26708.523438
810.802734	26694.531250
809.627930	26559.013672
808.453125	26845.722656
807.277344	27391.726563
806.101563	27299.371094
804.925781	27581.611328
803.750000	27647.683594
802.573242	27830.984375
801.396484	28211.644531
800.219727	28411.189453
799.042969	28849.119141
797.865234	29432.789063
796.687500	29500.421875
795.509766	29734.435547
794.331055	29699.267578
793.153320	29729.828125
791.974609	29456.507813
790.795898	29329.044922
789.616211	28834.281250
788.436523	28635.191406
787.256836	28050.525391
786.077148	27804.513672
784.896484	27529.900391
783.716797	26867.945313
782.536133	26964.626953
781.354492	27057.167969
780.173828	26920.208984
778.992188	26736.197266
777.810547	26888.109375
776.627930	26610.001953
775.446289	26334.058594
774.263672	26647.626953
773.081055	26793.281250
771.897461	26955.236328
770.714844	26859.425781
769.531250	26508.062500
768.347656	26876.443359
767.163086	26846.111328
765.978516	26985.392578
764.794922	26926.445313
763.609375	26953.306641
762.424805	27343.648438
761.239258	27641.943359
760.053711	27966.644531
758.868164	27683.054688
757.681641	27870.900391
756.495117	28109.662109
755.308594	28911.205078
754.122070	28992.628906
752.934570	29477.652344
751.747070	30433.271484
750.559570	30901.468750
749.372070	31514.105469
748.183594	32269.052734
746.995117	33253.777344
745.806641	34555.679688
744.618164	35177.164063
743.428711	36319.347656
742.239258	37206.710938
741.049805	38490.347656
739.859375	40104.921875
738.669922	41645.597656
737.479492	43888.964844
736.288086	45483.023438
735.097656	46913.828125
733.906250	47338.414063
732.714844	48175.121094
731.522461	46936.148438
730.331055	45687.562500
729.138672	42740.601563
727.946289	40949.601563
726.752930	38319.417969
725.560547	36629.539063
724.367188	34684.859375
723.173828	33951.476563
721.979492	33331.925781
720.785156	32483.628906
719.590820	32188.859375
718.396484	31871.933594
717.202148	31852.869141
716.006836	31971.507813
714.811523	31903.837891
713.616211	32022.410156
712.419922	32268.414063
711.223633	32502.169922
710.027344	32810.664063
708.831055	33117.000000
707.633789	33609.210938
706.436523	33895.019531
705.239258	34590.964844
704.041016	34937.046875
702.843750	35066.832031
701.645508	35307.636719
700.446289	35752.273438
699.248047	35992.820313
698.048828	37325.183594
696.849609	37726.710938
695.650391	38509.363281
694.450195	39265.453125
693.250000	40243.035156
692.049805	41441.968750
690.849609	42025.582031
689.648438	42639.171875
688.447266	43169.882813
687.246094	44141.511719
686.044922	44367.550781
684.842773	44796.855469
683.640625	45352.792969
682.438477	45803.832031
681.235352	46482.046875
680.032227	46166.152344
678.829102	45600.984375
677.625977	44997.851563
676.421875	44718.664063
675.218750	43758.195313
674.013672	43545.707031
672.809570	43373.492188
671.604492	42851.835938
670.399414	42597.500000
669.194336	42190.679688
667.989258	41976.742188
666.783203	41634.449219
665.577148	42004.621094
664.371094	42264.292969
663.164063	42062.550781
661.957031	41578.156250
660.750000	41851.773438
659.542969	41024.890625
658.334961	40685.308594
657.126953	40253.714844
655.918945	39632.019531
654.710938	39459.171875
653.501953	39164.265625
652.292969	38489.160156
651.083984	37854.371094
649.874023	37415.937500
648.665039	36673.628906
647.455078	35497.648438
646.244141	35223.972656
645.034180	34256.718750
643.823242	34153.316406
642.612305	33464.468750
641.400391	33307.335938
640.189453	32612.980469
638.977539	32382.210938
637.764648	32536.863281
636.552734	32174.468750
635.339844	32093.611328
634.126953	31907.042969
632.914063	32332.941406
631.700195	32168.333984
630.486328	32394.599609
629.272461	32682.558594
628.058594	32992.312500
626.843750	33030.941406
625.628906	32822.523438
624.414063	32432.949219
623.199219	32312.365234
621.983398	31907.142578
620.767578	31746.912109
619.551758	31722.070313
618.334961	31659.433594
617.118164	31483.445313
615.901367	31212.074219
614.684570	31586.994141
613.466797	30969.839844
612.249023	30517.902344
611.031250	30326.449219
609.812500	30580.050781
608.594727	30237.722656
607.375977	30290.681641
606.156250	30266.193359
604.937500	30078.962891
603.717773	29943.404297
602.498047	29873.373047
601.278320	29864.855469
600.057617	29691.750000
598.836914	29669.394531
597.616211	29651.011719
596.394531	29131.259766
595.173828	29430.001953
593.952148	29162.089844
592.729492	28803.195313
591.507813	28971.128906
590.285156	29047.929688
589.062500	28631.892578
587.838867	28692.900391
586.616211	28658.923828
585.392578	28830.652344
584.168945	29018.123047
582.944336	28918.851563
581.719727	29066.685547
580.495117	29303.376953
579.270508	29632.818359
578.044922	29920.634766
576.820313	29815.339844
575.593750	29676.525391
574.368164	29731.214844
573.141602	30147.025391
571.915039	29978.626953
570.688477	30192.990234
569.461914	30290.896484
568.234375	30199.470703
567.006836	30299.300781
565.778320	30223.675781
564.550781	30061.382813
563.322266	29970.078125
562.093750	30373.181641
560.864258	30106.587891
559.635742	29975.953125
558.406250	30026.458984
557.175781	29706.978516
555.946289	29983.771484
554.715820	29809.996094
553.485352	29421.937500
552.254883	29610.128906
551.023438	29696.017578
549.791992	29367.191406
548.560547	29494.353516
547.328125	29507.521484
546.095703	29320.355469
544.863281	29325.699219
543.630859	29331.037109
542.398438	29330.482422
541.165039	29675.283203
539.931641	29929.687500
538.697266	29656.361328
537.462891	29532.187500
536.228516	29504.132813
534.994141	29801.464844
533.759766	29916.414063
532.524414	30513.287109
531.289063	30428.226563
530.052734	30164.988281
528.817383	30432.468750
527.581055	30525.611328
526.344727	30806.591797
525.107422	31062.009766
523.870117	32416.714844
522.632813	34009.429688
521.395508	35161.484375
520.157227	35126.378906
518.918945	33713.355469
517.680664	31951.173828
516.442383	31254.503906
515.203125	30802.291016
513.963867	30014.394531
512.724609	29900.408203
511.484375	30416.943359
510.245117	30299.009766
509.003906	30491.347656
507.763672	30673.845703
506.522461	30778.253906
505.281250	30839.716797
504.040039	30840.720703
502.798828	30777.408203
501.556641	30560.191406
