1802.298828	7514.129395
1801.329102	7693.928711
1800.360352	7470.184082
1799.390625	7778.223145
1798.420898	7734.242188
1797.451172	7595.459473
1796.481445	7287.090820
1795.510742	7278.152344
1794.540039	7555.995117
1793.570313	7462.235840
1792.598633	7615.293945
1791.627930	7872.963867
1790.657227	7579.856934
1789.685547	7595.780762
1788.713867	7551.919434
1787.742188	7505.584961
1786.769531	7767.997070
1785.797852	7736.572754
1784.825195	7949.058105
1783.852539	8111.692871
1782.879883	8115.045898
1781.907227	8086.062500
1780.933594	7711.431641
1779.960938	8159.901855
1778.987305	8207.984375
1778.013672	8310.723633
1777.039063	8145.065430
1776.065430	8049.033203
1775.090820	7900.879883
1774.116211	7842.183105
1773.141602	7850.544922
1772.166992	8154.293945
1771.191406	8053.390137
1770.216797	8277.575195
1769.241211	8464.458008
1768.265625	8723.193359
1767.289063	8771.042969
1766.313477	8719.700195
1765.336914	8901.384766
1764.360352	8857.470703
1763.383789	8714.460938
1762.407227	8891.082031
1761.429688	8862.055664
1760.453125	8736.463867
1759.475586	8863.457031
1758.498047	9158.719727
1757.519531	9189.057617
1756.541992	9704.352539
1755.563477	9447.601563
1754.584961	9487.754883
1753.606445	9236.094727
1752.627930	9461.700195
1751.648438	9155.763672
1750.668945	9233.011719
1749.689453	9520.251953
1748.709961	9496.109375
1747.730469	9467.036133
1746.750977	9309.566406
1745.770508	9055.873047
1744.790039	9004.688477
1743.809570	9296.561523
1742.828125	9154.053711
1741.847656	9302.698242
1740.866211	9236.705078
1739.884766	9185.533203
1738.903320	9220.670898
1737.921875	9110.363281
1736.939453	9165.216797
1735.957031	8998.292969
1734.975586	9063.000000
1733.992188	9228.660156
1733.009766	9487.827148
1732.026367	9402.215820
1731.043945	9065.568359
1730.060547	9110.506836
1729.077148	8852.787109
1728.092773	8816.569336
1727.109375	9033.692383
1726.125000	8985.157227
1725.140625	9268.537109
1724.156250	9414.155273
1723.170898	9586.747070
1722.186523	9243.294922
1721.201172	9258.632813
1720.215820	9271.508789
1719.230469	9132.134766
1718.245117	9299.697266
1717.258789	9091.645508
1716.272461	9553.633789
1715.286133	9556.620117
1714.299805	9370.718750
1713.313477	9452.221680
1712.326172	9563.116211
1711.338867	9732.803711
1710.351563	10056.841797
1709.364258	9787.703125
1708.376953	9763.683594
1707.388672	10036.076172
1706.400391	9901.804688
1705.412109	10095.702148
1704.423828	10103.462891
1703.434570	10258.079102
1702.446289	10371.031250
1701.457031	10620.949219
1700.467773	10545.426758
1699.478516	10592.216797
1698.488281	10680.556641
1697.499023	10829.976563
1696.508789	10947.561523
1695.518555	10815.840820
1694.527344	10667.069336
1693.537109	10867.666992
1692.545898	11012.011719
1691.554688	10897.473633
1690.563477	11075.930664
1689.572266	11408.083008
1688.580078	11298.413086
1687.588867	11144.870117
1686.596680	11447.534180
1685.604492	11567.166992
1684.611328	11542.890625
1683.619141	11625.887695
1682.625977	11496.803711
1681.632813	11552.969727
1680.639648	11363.042969
1679.646484	11752.922852
1678.652344	11847.966797
1677.658203	12013.582031
1676.664063	12098.796875
1675.669922	12271.595703
1674.675781	12354.289063
1673.680664	12232.584961
1672.686523	12344.440430
1671.691406	12577.845703
1670.695313	12728.487305
1669.700195	12356.417969
1668.704102	12492.458984
1667.708984	12543.397461
1666.712891	12672.056641
1665.715820	12708.362305
1664.719727	12929.216797
1663.722656	13079.570313
1662.725586	12982.257813
1661.728516	12979.636719
1660.731445	12870.249023
1659.734375	13197.589844
1658.736328	13415.648438
1657.738281	13752.445313
1656.740234	13822.405273
1655.742188	13814.764648
1654.743164	14034.943359
1653.745117	14085.416016
1652.746094	14278.800781
1651.747070	14329.202148
1650.747070	14299.668945
1649.748047	14451.731445
1648.748047	14778.017578
1647.748047	15087.230469
1646.748047	14895.447266
1645.748047	15502.068359
1644.747070	15561.820313
1643.746094	15602.201172
1642.745117	15756.197266
1641.744141	15905.295898
1640.743164	15795.743164
1639.741211	15753.889648
1638.739258	15912.558594
1637.737305	15882.771484
1636.735352	15997.882813
1635.733398	16192.618164
1634.730469	16095.203125
1633.727539	16207.786133
1632.724609	16025.957031
1631.721680	16203.639648
1630.718750	15913.350586
1629.714844	15992.115234
1628.710938	15861.102539
1627.707031	16096.519531
1626.703125	15878.780273
1625.698242	16227.338867
1624.693359	16009.659180
1623.688477	15919.713867
1622.683594	15617.905273
1621.678711	15689.374023
1620.672852	15387.732422
1619.667969	15377.395508
1618.662109	15333.378906
1617.656250	15537.146484
1616.649414	15497.922852
1615.643555	15550.086914
1614.636719	15626.269531
1613.629883	15637.524414
1612.623047	15653.579102
1611.615234	15972.352539
1610.607422	16317.417969
1609.600586	16410.175781
1608.592773	16584.531250
1607.583984	16434.730469
1606.576172	16685.812500
1605.567383	16872.001953
1604.558594	16587.878906
1603.549805	17412.060547
1602.541016	17655.542969
1601.531250	17678.337891
1600.522461	18226.113281
1599.512695	18133.736328
1598.502930	18187.566406
1597.492188	19034.375000
1596.482422	19248.482422
1595.471680	19529.556641
1594.460938	19549.537109
1593.450195	19844.796875
1592.438477	20127.968750
1591.427734	20401.455078
1590.416016	20871.000000
1589.404297	20589.304688
1588.392578	20695.128906
1587.379883	20540.298828
1586.367188	20373.580078
1585.355469	20527.177734
1584.341797	20807.353516
1583.329102	20540.339844
1582.316406	20700.972656
1581.302734	21071.683594
1580.289063	20957.576172
1579.275391	21476.076172
1578.260742	21280.789063
1577.247070	21390.996094
1576.232422	21575.109375
1575.217773	21730.523438
1574.203125	21695.107422
1573.188477	21969.638672
1572.172852	22151.095703
1571.157227	22168.041016
1570.141602	21663.173828
1569.125977	22170.937500
1568.109375	22406.978516
1567.093750	22721.503906
1566.077148	22169.316406
1565.060547	22440.914063
1564.042969	22307.843750
1563.026367	22198.617188
1562.008789	22367.751953
1560.991211	22453.576172
1559.973633	22444.251953
1558.956055	22242.365234
1557.937500	22116.619141
1556.918945	22121.623047
1555.900391	21860.523438
1554.881836	22226.636719
1553.862305	22046.367188
1552.843750	22198.591797
1551.824219	22186.949219
1550.804688	22044.771484
1549.785156	21902.648438
1548.764648	22023.929688
1547.744141	21734.802734
1546.723633	22171.480469
1545.703125	22081.605469
1544.682617	22553.591797
1543.661133	22217.183594
1542.640625	22120.242188
1541.619141	22134.687500
1540.596680	22530.476563
1539.575195	22677.447266
1538.552734	22850.400391
1537.531250	23155.843750
1536.507813	23248.158203
1535.485352	23444.546875
1534.462891	23548.591797
1533.439453	23479.927734
1532.416016	23586.285156
1531.392578	23862.826172
1530.369141	24101.431641
1529.344727	23999.619141
1528.320313	24049.068359
1527.295898	24351.271484
1526.271484	24313.236328
1525.247070	24327.166016
1524.221680	24419.000000
1523.196289	24789.326172
1522.170898	24798.427734
1521.145508	24573.935547
1520.119141	24743.484375
1519.093750	24929.472656
1518.067383	24863.076172
1517.041016	24822.636719
1516.013672	24963.707031
1514.987305	25017.523438
1513.959961	25160.849609
1512.932617	25572.656250
1511.905273	25699.322266
1510.876953	25679.943359
1509.849609	26173.785156
1508.821289	26102.533203
1507.792969	26353.701172
1506.764648	26167.156250
1505.735352	26293.535156
1504.706055	26546.857422
1503.677734	26327.464844
1502.647461	26813.404297
1501.618164	26384.863281
1500.587891	26257.277344
1499.558594	26244.861328
1498.528320	26392.173828
1497.497070	26238.826172
1496.466797	26045.626953
1495.435547	25838.419922
1494.405273	25654.765625
1493.373047	25806.732422
1492.341797	25465.974609
1491.310547	25479.529297
1490.278320	25518.873047
1489.246094	25178.376953
1488.213867	25360.753906
1487.180664	25111.828125
1486.148438	24945.011719
1485.115234	25230.396484
1484.082031	24866.878906
1483.048828	25072.541016
1482.014648	24866.064453
1480.981445	25427.431641
1479.947266	25600.085938
1478.913086	25466.156250
1477.877930	25666.798828
1476.843750	25736.384766
1475.808594	26163.707031
1474.773438	26261.214844
1473.738281	26611.117188
1472.702148	26916.474609
1471.666992	26859.558594
1470.630859	27384.316406
1469.594727	27546.857422
1468.558594	27751.363281
1467.521484	28084.179688
1466.484375	28470.541016
1465.447266	28919.748047
1464.410156	28920.820313
1463.373047	28833.250000
1462.334961	29324.080078
1461.297852	29532.578125
1460.259766	30013.736328
1459.220703	30019.234375
1458.182617	30222.796875
1457.143555	30088.462891
1456.104492	29835.390625
1455.065430	29638.310547
1454.026367	29508.830078
1452.986328	29083.769531
1451.947266	29606.107422
1450.907227	28950.837891
1449.866211	29459.027344
1448.826172	28945.933594
1447.785156	28765.585938
1446.744141	28675.982422
1445.703125	28623.607422
1444.662109	28369.062500
1443.620117	28572.355469
1442.579102	28050.771484
1441.537109	27469.015625
1440.495117	27426.220703
1439.452148	27007.339844
1438.410156	26546.849609
1437.367188	26302.369141
1436.324219	26132.232422
1435.280273	25676.839844
1434.237305	25592.710938
1433.193359	25343.982422
1432.149414	25192.722656
1431.105469	25055.431641
1430.061523	24966.857422
1429.016602	24915.388672
1427.971680	25002.921875
1426.926758	24831.039063
1425.881836	25205.662109
1424.836914	25036.119141
1423.791016	25165.208984
1422.745117	25342.839844
1421.699219	25205.757813
1420.653320	25480.451172
1419.606445	25845.220703
1418.559570	25802.910156
1417.512695	25645.035156
1416.465820	25933.273438
1415.417969	25819.335938
1414.371094	25795.542969
1413.323242	26078.947266
1412.275391	26184.423828
1411.226563	26174.416016
1410.178711	26113.630859
1409.129883	26036.712891
1408.081055	25837.535156
1407.032227	25989.082031
1405.982422	25981.425781
1404.933594	25482.609375
1403.883789	25809.345703
1402.833984	25896.228516
1401.783203	25648.923828
1400.733398	25639.031250
1399.682617	25767.355469
1398.631836	25665.318359
1397.581055	25671.542969
1396.529297	25601.792969
1395.478516	25292.701172
1394.426758	25476.183594
1393.375000	25220.158203
1392.323242	25076.947266
1391.270508	25278.753906
1390.217773	25342.521484
1389.165039	24654.554688
1388.112305	25058.572266
1387.059570	24938.513672
1386.005859	24763.365234
1384.952148	25148.730469
1383.898438	25141.246094
1382.844727	25395.503906
1381.790039	25500.447266
1380.735352	25910.582031
1379.680664	26008.490234
1378.625977	26184.353516
1377.571289	26548.216797
1376.515625	26597.773438
1375.459961	26853.644531
1374.404297	27359.253906
1373.348633	27378.814453
1372.291992	27267.767578
1371.235352	27411.035156
1370.178711	27515.308594
1369.122070	27573.742188
1368.065430	27835.898438
1367.007813	27880.503906
1365.950195	27872.458984
1364.892578	27663.078125
1363.834961	28190.335938
1362.776367	28177.650391
1361.717773	28533.093750
1360.659180	28792.376953
1359.600586	28946.414063
1358.541016	28853.599609
1357.482422	29363.957031
1356.422852	29364.740234
1355.363281	29710.353516
1354.302734	30085.501953
1353.243164	30903.341797
1352.182617	31252.982422
1351.122070	32166.072266
1350.061523	32613.398438
1349.000000	33128.960938
1347.938477	34314.734375
1346.877930	34524.226563
1345.815430	35912.082031
1344.753906	36563.265625
1343.691406	37647.085938
1342.629883	38785.128906
1341.567383	39988.746094
1340.503906	41360.363281
1339.441406	42016.562500
1338.377930	42979.765625
1337.314453	44206.542969
1336.250977	44711.578125
1335.186523	45211.855469
1334.123047	45707.371094
1333.058594	45988.949219
1331.994141	45363.363281
1330.929688	45267.605469
1329.864258	45096.890625
1328.798828	43747.148438
1327.733398	43347.406250
1326.667969	42164.355469
1325.602539	41622.062500
1324.536133	40598.753906
1323.469727	38931.324219
1322.403320	38374.144531
1321.336914	37254.589844
1320.269531	36616.332031
1319.202148	36368.375000
1318.134766	35739.632813
1317.067383	35394.484375
1315.999023	34877.246094
1314.931641	34770.320313
1313.863281	34445.968750
1312.794922	34370.882813
1311.725586	33655.011719
1310.657227	33118.285156
1309.587891	33000.507813
1308.518555	32701.744141
1307.448242	32176.853516
1306.378906	31561.699219
1305.308594	30930.968750
1304.238281	30388.677734
1303.167969	30079.451172
1302.096680	29352.230469
1301.026367	28975.554688
1299.955078	28214.970703
1298.883789	27698.644531
1297.811523	26995.093750
1296.740234	26646.306641
1295.667969	26259.289063
1294.595703	25784.412109
1293.523438	25075.070313
1292.450195	24688.613281
1291.377930	24471.474609
1290.304688	24570.119141
1289.230469	23778.195313
1288.157227	23680.839844
1287.083008	23759.300781
1286.009766	22952.263672
1284.934570	23355.218750
1283.860352	23152.173828
1282.786133	23091.070313
1281.710938	22964.705078
1280.635742	22950.927734
1279.560547	22842.642578
1278.484375	22921.136719
1277.408203	22959.107422
1276.333008	22895.863281
1275.255859	23363.267578
1274.179688	23228.027344
1273.102539	23117.564453
1272.026367	23270.046875
1270.949219	23391.011719
1269.871094	23258.119141
1268.793945	23639.525391
1267.715820	23565.005859
1266.637695	23331.146484
1265.559570	23384.640625
1264.480469	23653.507813
1263.402344	23439.960938
1262.323242	23365.554688
1261.244141	23174.576172
1260.164063	23059.898438
1259.084961	23041.648438
1258.004883	22983.068359
1256.924805	22657.894531
1255.844727	22655.416016
1254.763672	22699.966797
1253.682617	22453.417969
1252.601563	22339.048828
1251.520508	22081.484375
1250.439453	22179.816406
1249.357422	22029.775391
1248.275391	22170.574219
1247.193359	22065.320313
1246.111328	21866.207031
1245.028320	21850.470703
1243.945313	21667.126953
1242.862305	21758.689453
1241.779297	21845.744141
1240.695313	21644.642578
1239.612305	21407.896484
1238.528320	21251.617188
1237.443359	21151.207031
1236.359375	21416.820313
1235.274414	21082.142578
1234.189453	21211.585938
1233.104492	20857.015625
1232.019531	20866.041016
1230.933594	20690.033203
1229.847656	20734.750000
1228.761719	20581.121094
1227.675781	20625.839844
1226.589844	20686.128906
1225.502930	20127.296875
1224.416016	20223.287109
1223.329102	19980.878906
1222.241211	19789.759766
1221.153320	19538.640625
1220.065430	19336.568359
1218.977539	19365.890625
1217.889648	19439.675781
1216.800781	19262.203125
1215.711914	18893.642578
1214.623047	19016.367188
1213.534180	18743.548828
1212.444336	18704.089844
1211.355469	18553.601563
1210.265625	18614.117188
1209.174805	18568.046875
1208.084961	18852.703125
1206.994141	18950.839844
1205.903320	18554.185547
1204.812500	18565.832031
1203.721680	18976.656250
1202.629883	18699.970703
1201.538086	18846.798828
1200.446289	18754.205078
1199.354492	18847.779297
1198.261719	18717.560547
1197.168945	18631.693359
1196.076172	18494.929688
1194.983398	18597.330078
1193.889648	19098.117188
1192.796875	18939.208984
1191.703125	18944.095703
1190.608398	19015.341797
1189.514648	19157.330078
1188.419922	18852.597656
1187.325195	18928.238281
1186.230469	18906.591797
1185.135742	19033.011719
1184.040039	19386.939453
1182.944336	19223.839844
1181.848633	19096.142578
1180.752930	19487.365234
1179.656250	19911.535156
1178.559570	19861.015625
1177.462891	19859.062500
1176.366211	19954.175781
1175.268555	19967.638672
1174.171875	19676.781250
1173.074219	19286.832031
1171.975586	19040.322266
1170.877930	18802.730469
1169.779297	18505.746094
1168.680664	18239.724609
1167.582031	18083.935547
1166.483398	17857.746094
1165.383789	17860.605469
1164.284180	17570.728516
1163.184570	17454.814453
1162.084961	17446.751953
1160.984375	17209.931641
1159.883789	17351.466797
1158.783203	17339.031250
1157.682617	17333.195313
1156.582031	17498.787109
1155.480469	17396.234375
1154.378906	17451.898438
1153.276367	17711.804688
1152.174805	17765.181641
1151.072266	17638.503906
1149.969727	17636.996094
1148.867188	17705.714844
1147.764648	17651.531250
1146.661133	17452.591797
1145.557617	17606.833984
1144.454102	17861.876953
1143.350586	17575.324219
1142.246094	17560.671875
1141.141602	17725.716797
1140.037109	17717.609375
1138.932617	17729.220703
1137.827148	17559.058594
1136.721680	17487.494141
1135.616211	17529.787109
1134.510742	17324.753906
1133.405273	17561.804688
1132.298828	17363.412109
1131.192383	17392.568359
1130.085938	17345.177734
1128.978516	17286.873047
1127.871094	17410.015625
1126.763672	17677.337891
1125.656250	17632.105469
1124.548828	17573.785156
1123.440430	17729.519531
1122.332031	17813.130859
1121.223633	17820.296875
1120.115234	17982.425781
1119.005859	17967.730469
1117.896484	18053.396484
1116.787109	18256.814453
1115.677734	18303.128906
1114.567383	18421.371094
1113.457031	18500.328125
1112.346680	18596.683594
1111.236328	18501.253906
1110.125977	18584.496094
1109.014648	18874.613281
1107.903320	18635.462891
1106.791016	18646.777344
1105.679688	18684.205078
1104.567383	18379.957031
1103.455078	18423.951172
1102.342773	18407.017578
1101.230469	18316.146484
1100.117188	18060.062500
1099.003906	17821.476563
1097.890625	18030.716797
1096.776367	18076.894531
1095.663086	17936.214844
1094.548828	17784.734375
1093.434570	17861.333984
1092.319336	17801.117188
1091.205078	17927.603516
1090.089844	17882.589844
1088.974609	17614.107422
1087.858398	17907.585938
1086.743164	17899.470703
1085.626953	18279.498047
1084.510742	18152.070313
1083.394531	18486.365234
1082.277344	18610.318359
1081.160156	18721.216797
1080.042969	19020.519531
1078.925781	19144.279297
1077.807617	19079.611328
1076.690430	19545.330078
1075.572266	20062.792969
1074.454102	19868.140625
1073.334961	20324.740234
1072.215820	20532.412109
1071.096680	21276.281250
1069.977539	21325.837891
1068.858398	22114.613281
1067.738281	22466.519531
1066.618164	23153.169922
1065.498047	23804.966797
1064.376953	24149.808594
1063.256836	24641.332031
1062.135742	24903.814453
1061.014648	25448.925781
1059.892578	25594.597656
1058.771484	25638.808594
1057.649414	25486.714844
1056.527344	25019.832031
1055.404297	25113.720703
1054.282227	24591.066406
1053.159180	24338.023438
1052.036133	23947.187500
1050.913086	23438.031250
1049.789063	23004.472656
1048.665039	22889.787109
1047.541016	22549.097656
1046.416992	22232.226563
1045.291992	22403.982422
1044.166992	21902.244141
1043.041992	21751.337891
1041.916992	21800.498047
1040.791992	21677.626953
1039.666016	21572.001953
1038.540039	21558.837891
1037.414063	21728.324219
1036.287109	21493.853516
1035.160156	21491.449219
1034.033203	21720.964844
1032.906250	21600.429688
1031.779297	22160.380859
1030.651367	22078.429688
1029.523438	21921.414063
1028.395508	21959.671875
1027.266602	22441.861328
1026.138672	22106.894531
1025.009766	22044.328125
1023.879883	22028.939453
1022.750977	22086.412109
1021.621094	21728.234375
1020.491211	21627.240234
1019.361328	21357.109375
1018.231445	21136.335938
1017.100586	20917.794922
1015.969727	20423.269531
1014.838867	20243.484375
1013.708008	20217.798828
1012.576172	20200.675781
1011.444336	20042.431641
1010.312500	19584.953125
1009.180664	19570.111328
1008.047852	19501.849609
1006.915039	19401.568359
1005.782227	19546.972656
1004.649414	19450.994141
1003.515625	19671.054688
1002.381836	19997.755859
1001.248047	19807.830078
1000.114258	19607.316406
998.979492	18950.355469
997.844727	19200.142578
996.709961	18961.498047
995.575195	18678.183594
994.439453	18844.736328
993.303711	18955.810547
992.167969	18642.845703
991.032227	18832.728516
989.895508	18871.320313
988.758789	18992.935547
987.622070	19033.605469
986.485352	19112.564453
985.348633	19242.558594
984.210938	19187.410156
983.073242	19313.078125
981.934570	19553.523438
980.796875	19455.816406
979.658203	19606.851563
978.519531	19859.828125
977.380859	19728.121094
976.241211	19524.242188
975.101563	19277.972656
973.961914	18917.144531
972.822266	19065.970703
971.681641	19136.199219
970.541992	19393.134766
969.401367	19278.687500
968.259766	19238.525391
967.119141	18971.466797
965.977539	19346.947266
964.835938	19385.222656
963.694336	19406.527344
962.551758	19156.607422
961.409180	19069.910156
960.266602	19146.332031
959.124023	19385.767578
957.980469	19413.394531
956.837891	19110.816406
955.694336	19358.568359
954.549805	19142.873047
953.406250	19762.792969
952.261719	19348.310547
951.117188	19369.560547
949.972656	19469.013672
948.827148	19521.925781
947.681641	19602.285156
946.536133	19786.123047
945.390625	19910.742188
944.245117	20208.462891
943.098633	20322.380859
941.952148	21008.259766
940.804688	21113.515625
939.658203	22058.443359
938.510742	22346.943359
937.363281	22795.599609
936.215820	23724.800781
935.067383	24706.304688
933.919922	26170.027344
932.770508	27319.158203
931.622070	28366.677734
930.473633	29729.683594
929.324219	31146.857422
928.174805	32192.880859
927.025391	32004.988281
925.875000	32183.345703
924.724609	31528.441406
923.574219	30448.898438
922.423828	29441.318359
921.272461	28196.568359
920.122070	26706.390625
918.969727	25410.207031
917.818359	24251.162109
916.666992	23145.132813
915.514648	22098.384766
914.362305	21579.171875
913.208984	20808.240234
912.056641	20358.791016
910.903320	20016.562500
909.750000	19861.216797
908.596680	19380.789063
907.442383	19445.855469
906.288086	19265.564453
905.133789	19177.589844
903.979492	19041.445313
902.824219	18823.634766
901.668945	19001.875000
900.513672	18639.638672
899.358398	18801.085938
898.202148	18778.220703
897.045898	18577.439453
895.889648	18768.091797
894.733398	18617.613281
893.576172	18688.935547
892.419922	18565.722656
891.261719	18655.843750
890.104492	18357.083984
888.946289	18973.912109
887.789063	18434.898438
886.629883	18541.679688
885.471680	18374.785156
884.312500	18494.060547
883.153320	18586.140625
881.994141	18759.589844
880.834961	18448.787109
879.674805	18449.005859
878.514648	18601.509766
877.354492	18349.333984
876.194336	18560.173828
875.033203	18483.230469
873.872070	18591.820313
872.710938	18346.109375
871.548828	18552.599609
870.387695	18546.539063
869.225586	18411.365234
868.063477	18592.720703
866.900391	18584.568359
865.737305	18582.664063
864.574219	18684.794922
863.411133	18391.630859
862.248047	18462.558594
861.083984	18876.550781
859.919922	18810.132813
858.755859	18862.214844
857.590820	18770.890625
856.425781	18812.568359
855.260742	19147.105469
854.095703	19035.007813
852.930664	18960.328125
851.764648	19045.517578
850.598633	19244.812500
849.431641	19294.628906
848.265625	19319.527344
847.098633	19448.115234
845.931641	19557.984375
844.764648	19466.712891
843.596680	19396.205078
842.428711	19648.996094
841.260742	19456.240234
840.092773	19659.195313
838.923828	19777.152344
837.754883	19586.560547
836.585938	19692.062500
835.416992	19576.072266
834.247070	19826.367188
833.077148	19937.951172
831.907227	19780.613281
830.737305	19904.564453
829.566406	19660.470703
828.395508	19854.666016
827.224609	19875.191406
826.052734	19996.943359
824.881836	19945.134766
823.709961	19831.390625
822.537109	19911.775391
821.365234	19566.892578
820.192383	19587.447266
819.019531	19632.751953
817.846680	19383.041016
816.672852	19508.804688
815.500000	19302.527344
814.326172	19424.126953
813.151367	19434.373047
811.977539	19650.681641
810.802734	19910.160156
809.627930	20045.937500
808.453125	20107.519531
807.277344	20531.441406
806.101563	20712.281250
804.925781	20623.439453
803.750000	20845.330078
802.573242	21048.607422
801.396484	21009.109375
800.219727	21331.523438
799.042969	21783.316406
797.865234	22534.994141
796.687500	22460.267578
795.509766	22769.761719
794.331055	22842.904297
793.153320	22644.941406
791.974609	22344.404297
790.795898	22023.468750
789.616211	21643.156250
788.436523	21462.031250
787.256836	20950.710938
786.077148	20810.828125
784.896484	20570.531250
783.716797	20270.886719
782.536133	19899.632813
781.354492	19893.289063
780.173828	19932.017578
778.992188	19772.046875
777.810547	19833.308594
776.627930	19728.705078
775.446289	19548.406250
774.263672	19662.882813
773.081055	19906.210938
771.897461	19760.763672
770.714844	19738.089844
769.531250	19760.408203
768.347656	20099.582031
767.163086	19894.941406
765.978516	20282.978516
764.794922	20131.501953
763.609375	20143.490234
762.424805	20647.619141
761.239258	20577.824219
760.053711	20687.683594
758.868164	20564.845703
757.681641	20821.562500
756.495117	20590.632813
755.308594	20863.544922
754.122070	21097.597656
752.934570	21470.169922
751.747070	21657.109375
750.559570	22019.207031
749.372070	22489.121094
748.183594	23101.406250
746.995117	23603.462891
745.806641	24622.421875
744.618164	24653.732422
743.428711	25936.578125
742.239258	27308.386719
741.049805	28327.691406
739.859375	29566.195313
738.669922	31074.585938
737.479492	32734.783203
736.288086	33617.886719
735.097656	35262.585938
733.906250	35299.644531
732.714844	35838.355469
731.522461	34571.597656
730.331055	33752.031250
729.138672	32348.244141
727.946289	30102.898438
726.752930	28592.976563
725.560547	26568.484375
724.367188	25526.419922
723.173828	24480.748047
721.979492	23887.576172
720.785156	23596.636719
719.590820	22730.369141
718.396484	22978.666016
717.202148	22761.019531
716.006836	22875.552734
714.811523	23071.015625
713.616211	23082.205078
712.419922	23457.634766
711.223633	23288.669922
710.027344	23409.025391
708.831055	23535.396484
707.633789	24041.816406
706.436523	24523.759766
705.239258	24520.457031
704.041016	24759.619141
702.843750	25233.007813
701.645508	25023.544922
700.446289	25232.148438
699.248047	25733.382813
698.048828	26042.656250
696.849609	26466.814453
695.650391	26499.398438
694.450195	26895.031250
693.250000	27147.310547
692.049805	27881.341797
690.849609	28500.154297
689.648438	28689.443359
688.447266	29124.457031
687.246094	29780.865234
686.044922	30173.156250
684.842773	30734.412109
683.640625	30886.763672
682.438477	31739.449219
681.235352	31517.242188
680.032227	31703.519531
678.829102	31284.302734
677.625977	30742.599609
676.421875	30321.757813
675.218750	29854.867188
674.013672	29569.041016
672.809570	29618.863281
671.604492	29299.060547
670.399414	29097.882813
669.194336	29065.449219
667.989258	28794.146484
666.783203	28878.193359
665.577148	28877.925781
664.371094	28987.992188
663.164063	29055.890625
661.957031	28865.085938
660.750000	28918.943359
659.542969	29062.970703
658.334961	28645.839844
657.126953	28633.591797
655.918945	27978.371094
654.710938	27780.027344
653.501953	27539.722656
652.292969	27267.492188
651.083984	27077.431641
649.874023	26445.263672
648.665039	25963.402344
647.455078	25671.746094
646.244141	24832.339844
645.034180	24842.917969
643.823242	24517.714844
642.612305	24080.750000
641.400391	23635.982422
640.189453	23151.460938
638.977539	22852.863281
637.764648	22873.832031
636.552734	22850.878906
635.339844	22728.152344
634.126953	22491.751953
632.914063	22831.935547
631.700195	22791.056641
630.486328	22977.494141
629.272461	22649.541016
628.058594	23106.976563
626.843750	23492.476563
625.628906	23228.371094
624.414063	23022.136719
623.199219	23142.558594
621.983398	22805.035156
620.767578	22696.554688
619.551758	22536.380859
618.334961	22453.865234
617.118164	22355.472656
615.901367	22630.990234
614.684570	22546.517578
613.466797	22173.847656
612.249023	22008.027344
611.031250	21744.916016
609.812500	21626.933594
608.594727	21793.007813
607.375977	21953.050781
606.156250	21636.576172
604.937500	21439.324219
603.717773	21752.126953
602.498047	21435.900391
601.278320	21639.474609
600.057617	21412.644531
598.836914	21302.882813
597.616211	21151.542969
596.394531	21164.751953
595.173828	21128.419922
593.952148	20965.328125
592.729492	20631.992188
591.507813	20667.076172
590.285156	20789.242188
589.062500	20699.589844
587.838867	20336.916016
586.616211	20599.529297
585.392578	20711.708984
584.168945	20893.048828
582.944336	20795.556641
581.719727	21166.539063
580.495117	21323.943359
579.270508	21380.517578
578.044922	21417.312500
576.820313	21406.695313
575.593750	21719.876953
574.368164	21626.291016
573.141602	21858.369141
571.915039	21928.554688
570.688477	21886.267578
569.461914	22218.714844
568.234375	22306.517578
567.006836	22088.722656
565.778320	22068.113281
564.550781	21850.462891
563.322266	21873.251953
562.093750	22171.771484
560.864258	22220.076172
559.635742	22118.734375
558.406250	22243.789063
557.175781	22282.201172
555.946289	22064.828125
554.715820	22254.720703
553.485352	21968.615234
552.254883	22178.103516
551.023438	22145.714844
549.791992	22384.548828
548.560547	22114.378906
547.328125	21740.212891
546.095703	21876.847656
544.863281	21748.337891
543.630859	21808.345703
542.398438	21913.464844
541.165039	21987.142578
539.931641	21923.457031
538.697266	21985.328125
537.462891	21931.472656
536.228516	22112.904297
534.994141	21931.634766
533.759766	22375.582031
532.524414	22529.361328
531.289063	22710.496094
530.052734	22762.296875
528.817383	22798.410156
527.581055	23130.089844
526.344727	23222.857422
525.107422	23965.195313
523.870117	25020.203125
522.632813	26266.412109
521.395508	27576.597656
520.157227	27793.394531
518.918945	26243.216797
517.680664	24392.789063
516.442383	23402.781250
515.203125	22758.927734
513.963867	22072.394531
512.724609	22020.679688
511.484375	22074.388672
510.245117	22375.914063
509.003906	22470.492188
507.763672	22368.011719
506.522461	22327.982422
505.281250	22192.429688
504.040039	22497.488281
502.798828	22126.134766
501.556641	22195.302734
