1802.298828	12266.334961
1801.329102	12643.415039
1800.360352	12436.159180
1799.390625	12446.155273
1798.420898	12436.182617
1797.451172	12486.097656
1796.481445	12441.192383
1795.510742	12241.662109
1794.540039	12229.241211
1793.570313	12481.106445
1792.598633	12361.454102
1791.627930	12538.423828
1790.657227	12643.062500
1789.685547	12501.025391
1788.713867	12284.323242
1787.742188	12605.597656
1786.769531	12329.206055
1785.797852	12555.750977
1784.825195	12707.541992
1783.852539	12607.958984
1782.879883	12901.479492
1781.907227	13000.876953
1780.933594	13120.126953
1779.960938	13259.218750
1778.987305	13191.936523
1778.013672	13373.206055
1777.039063	13030.117188
1776.065430	13256.062500
1775.090820	13074.578125
1774.116211	13360.020508
1773.141602	13034.585938
1772.166992	13103.962891
1771.191406	13354.481445
1770.216797	13738.888672
1769.241211	13867.619141
1768.265625	13907.007813
1767.289063	14010.853516
1766.313477	14141.930664
1765.336914	14044.903320
1764.360352	14262.659180
1763.383789	14373.782227
1762.407227	14306.492188
1761.429688	14382.883789
1760.453125	14741.544922
1759.475586	14698.978516
1758.498047	14894.059570
1757.519531	14841.577148
1756.541992	15197.381836
1755.563477	15248.760742
1754.584961	15448.518555
1753.606445	15472.622070
1752.627930	15239.591797
1751.648438	15088.224609
1750.668945	15114.855469
1749.689453	14958.630859
1748.709961	15074.208984
1747.730469	15325.583008
1746.750977	15013.835938
1745.770508	14944.165039
1744.790039	14876.989258
1743.809570	14782.692383
1742.828125	14718.041016
1741.847656	14732.356445
1740.866211	14832.989258
1739.884766	14908.921875
1738.903320	14829.501953
1737.921875	14769.832031
1736.939453	14860.515625
1735.957031	14490.406250
1734.975586	14637.766602
1733.992188	14721.031250
1733.009766	14870.747070
1732.026367	14963.777344
1731.043945	14886.928711
1730.060547	14854.407227
1729.077148	14723.479492
1728.092773	14612.283203
1727.109375	14579.833984
1726.125000	14707.231445
1725.140625	15048.465820
1724.156250	15119.182617
1723.170898	14983.439453
1722.186523	15007.455078
1721.201172	15122.352539
1720.215820	15089.840820
1719.230469	15035.241211
1718.245117	14965.932617
1717.258789	14950.651367
1716.272461	15094.888672
1715.286133	15477.062500
1714.299805	15454.326172
1713.313477	15752.884766
1712.326172	15661.442383
1711.338867	15874.032227
1710.351563	15814.463867
1709.364258	15774.523438
1708.376953	15957.558594
1707.388672	15961.697266
1706.400391	16200.948242
1705.412109	15989.555664
1704.423828	16253.184570
1703.434570	16482.439453
1702.446289	16679.789063
1701.457031	16779.191406
1700.467773	17225.908203
1699.478516	16887.382813
1698.488281	16927.996094
1697.499023	17222.841797
1696.508789	17292.699219
1695.518555	17482.269531
1694.527344	17381.019531
1693.537109	17235.841797
1692.545898	17691.509766
1691.554688	17702.595703
1690.563477	17681.941406
1689.572266	17937.099609
1688.580078	17870.037109
1687.588867	18220.203125
1686.596680	18165.308594
1685.604492	18320.167969
1684.611328	18438.390625
1683.619141	18285.968750
1682.625977	18289.593750
1681.632813	18288.343750
1680.639648	18674.470703
1679.646484	18546.476563
1678.652344	18837.414063
1677.658203	18833.615234
1676.664063	19082.992188
1675.669922	19234.910156
1674.675781	19325.933594
1673.680664	19246.615234
1672.686523	19629.484375
1671.691406	19479.609375
1670.695313	19808.785156
1669.700195	19668.656250
1668.704102	19973.351563
1667.708984	19813.804688
1666.712891	20106.199219
1665.715820	20342.609375
1664.719727	20595.921875
1663.722656	21060.367188
1662.725586	20925.029297
1661.728516	20687.812500
1660.731445	20751.578125
1659.734375	21099.162109
1658.736328	21575.156250
1657.738281	21541.699219
1656.740234	21835.568359
1655.742188	22279.611328
1654.743164	22374.476563
1653.745117	22677.689453
1652.746094	23099.484375
1651.747070	23300.697266
1650.747070	23138.583984
1649.748047	23581.816406
1648.748047	24024.869141
1647.748047	24242.667969
1646.748047	24317.615234
1645.748047	24457.851563
1644.747070	24602.865234
1643.746094	24445.544922
1642.745117	24895.130859
1641.744141	24957.779297
1640.743164	25247.572266
1639.741211	25095.076172
1638.739258	25032.021484
1637.737305	25307.128906
1636.735352	25555.560547
1635.733398	25325.863281
1634.730469	25364.187500
1633.727539	25400.082031
1632.724609	25754.451172
1631.721680	25691.343750
1630.718750	25563.140625
1629.714844	25902.791016
1628.710938	25736.019531
1627.707031	25711.527344
1626.703125	26041.296875
1625.698242	25915.554688
1624.693359	26076.521484
1623.688477	25760.554688
1622.683594	25757.746094
1621.678711	25533.451172
1620.672852	25679.917969
1619.667969	25462.945313
1618.662109	25554.027344
1617.656250	25594.554688
1616.649414	25534.054688
1615.643555	25762.121094
1614.636719	25862.677734
1613.629883	25751.679688
1612.623047	26219.865234
1611.615234	26327.472656
1610.607422	26944.279297
1609.600586	26919.603516
1608.592773	27231.093750
1607.583984	26939.898438
1606.576172	27212.851563
1605.567383	27168.939453
1604.558594	27592.882813
1603.549805	28338.074219
1602.541016	28497.802734
1601.531250	29033.906250
1600.522461	29203.013672
1599.512695	29499.078125
1598.502930	29842.947266
1597.492188	29836.890625
1596.482422	30518.283203
1595.471680	30818.623047
1594.460938	31398.974609
1593.450195	31392.601563
1592.438477	31845.750000
1591.427734	32030.712891
1590.416016	32617.517578
1589.404297	32328.654297
1588.392578	32408.179688
1587.379883	32473.326172
1586.367188	32481.074219
1585.355469	32706.300781
1584.341797	32623.197266
1583.329102	32516.232422
1582.316406	32626.664063
1581.302734	33111.960938
1580.289063	33203.125000
1579.275391	32685.552734
1578.260742	33144.285156
1577.247070	33256.855469
1576.232422	33517.277344
1575.217773	33336.355469
1574.203125	33360.578125
1573.188477	33420.554688
1572.172852	33778.453125
1571.157227	33337.855469
1570.141602	33281.039063
1569.125977	33726.886719
1568.109375	33698.589844
1567.093750	34029.871094
1566.077148	33699.171875
1565.060547	33889.875000
1564.042969	33314.218750
1563.026367	33621.503906
1562.008789	33847.785156
1560.991211	33581.664063
1559.973633	33715.121094
1558.956055	33665.468750
1557.937500	34119.726563
1556.918945	34272.000000
1555.900391	34303.035156
1554.881836	34372.066406
1553.862305	34614.437500
1552.843750	34358.074219
1551.824219	34370.066406
1550.804688	34882.859375
1549.785156	34923.214844
1548.764648	35165.214844
1547.744141	35656.175781
1546.723633	35670.257813
1545.703125	36540.281250
1544.682617	36234.144531
1543.661133	36506.429688
1542.640625	37219.351563
1541.619141	37225.980469
1540.596680	37732.390625
1539.575195	37999.406250
1538.552734	38505.445313
1537.531250	38802.964844
1536.507813	39542.933594
1535.485352	39650.816406
1534.462891	40087.492188
1533.439453	40363.148438
1532.416016	40388.023438
1531.392578	40831.367188
1530.369141	40711.941406
1529.344727	40800.535156
1528.320313	40978.875000
1527.295898	41421.726563
1526.271484	40858.234375
1525.247070	41308.011719
1524.221680	40926.554688
1523.196289	40955.972656
1522.170898	41174.167969
1521.145508	40764.656250
1520.119141	40595.921875
1519.093750	40821.128906
1518.067383	40440.226563
1517.041016	40464.976563
1516.013672	40501.496094
1514.987305	40297.632813
1513.959961	39893.578125
1512.932617	40523.804688
1511.905273	40136.347656
1510.876953	39916.230469
1509.849609	40390.683594
1508.821289	40168.246094
1507.792969	40023.550781
1506.764648	40420.046875
1505.735352	40103.640625
1504.706055	40213.035156
1503.677734	40538.699219
1502.647461	39841.625000
1501.618164	40026.207031
1500.587891	40302.359375
1499.558594	39915.871094
1498.528320	40198.972656
1497.497070	39796.218750
1496.466797	39316.148438
1495.435547	39470.082031
1494.405273	39513.644531
1493.373047	39838.761719
1492.341797	39370.796875
1491.310547	39463.597656
1490.278320	39162.394531
1489.246094	38987.917969
1488.213867	39603.468750
1487.180664	39489.902344
1486.148438	39481.820313
1485.115234	39445.628906
1484.082031	38994.882813
1483.048828	39469.289063
1482.014648	39880.289063
1480.981445	39865.101563
1479.947266	40100.328125
1478.913086	40344.812500
1477.877930	40448.835938
1476.843750	40915.332031
1475.808594	41379.296875
1474.773438	41684.097656
1473.738281	41860.210938
1472.702148	42512.980469
1471.666992	42763.613281
1470.630859	43287.449219
1469.594727	43397.687500
1468.558594	44159.339844
1467.521484	45042.074219
1466.484375	45429.628906
1465.447266	45464.656250
1464.410156	46523.882813
1463.373047	46535.339844
1462.334961	46959.574219
1461.297852	47381.296875
1460.259766	47215.394531
1459.220703	47667.187500
1458.182617	47676.054688
1457.143555	47598.714844
1456.104492	47696.097656
1455.065430	47141.378906
1454.026367	46982.695313
1452.986328	47301.281250
1451.947266	46232.632813
1450.907227	46123.093750
1449.866211	45997.308594
1448.826172	46139.050781
1447.785156	46173.765625
1446.744141	45899.242188
1445.703125	45538.824219
1444.662109	45301.722656
1443.620117	45311.011719
1442.579102	45025.265625
1441.537109	44730.343750
1440.495117	44321.757813
1439.452148	43553.484375
1438.410156	43363.492188
1437.367188	42593.406250
1436.324219	42394.402344
1435.280273	41761.691406
1434.237305	41226.644531
1433.193359	40789.203125
1432.149414	40551.312500
1431.105469	40355.238281
1430.061523	40235.710938
1429.016602	39666.765625
1427.971680	39130.476563
1426.926758	39652.773438
1425.881836	39297.308594
1424.836914	39057.734375
1423.791016	39359.839844
1422.745117	39032.417969
1421.699219	39047.523438
1420.653320	39476.656250
1419.606445	39609.605469
1418.559570	39659.257813
1417.512695	39098.625000
1416.465820	39566.671875
1415.417969	39320.535156
1414.371094	39642.800781
1413.323242	39588.449219
1412.275391	39827.386719
1411.226563	39740.691406
1410.178711	39780.988281
1409.129883	39551.246094
1408.081055	39626.167969
1407.032227	39770.261719
1405.982422	39907.375000
1404.933594	39640.898438
1403.883789	39531.292969
1402.833984	39617.656250
1401.783203	39803.074219
1400.733398	39836.347656
1399.682617	39425.019531
1398.631836	39101.378906
1397.581055	39583.773438
1396.529297	39030.015625
1395.478516	39031.179688
1394.426758	38526.085938
1393.375000	38699.898438
1392.323242	38721.824219
1391.270508	38545.960938
1390.217773	38360.972656
1389.165039	38424.324219
1388.112305	38216.449219
1387.059570	38341.843750
1386.005859	38547.593750
1384.952148	38659.082031
1383.898438	38809.558594
1382.844727	38670.687500
1381.790039	38958.824219
1380.735352	39304.218750
1379.680664	39709.125000
1378.625977	39783.515625
1377.571289	40110.171875
1376.515625	40448.152344
1375.459961	40928.136719
1374.404297	41087.015625
1373.348633	41367.289063
1372.291992	41585.578125
1371.235352	41771.707031
1370.178711	41854.691406
1369.122070	41962.828125
1368.065430	42139.597656
1367.007813	42581.800781
1365.950195	42941.433594
1364.892578	43156.781250
1363.834961	43012.906250
1362.776367	43637.507813
1361.717773	43388.410156
1360.659180	44197.839844
1359.600586	44929.222656
1358.541016	44764.554688
1357.482422	44730.171875
1356.422852	45888.117188
1355.363281	45951.707031
1354.302734	46757.304688
1353.243164	47096.894531
1352.182617	47771.828125
1351.122070	48640.429688
1350.061523	49164.195313
1349.000000	49637.562500
1347.938477	51079.878906
1346.877930	51890.070313
1345.815430	53292.570313
1344.753906	54247.816406
1343.691406	55097.851563
1342.629883	56883.789063
1341.567383	57778.472656
1340.503906	59497.078125
1339.441406	60955.433594
1338.377930	61955.687500
1337.314453	62550.457031
1336.250977	63440.750000
1335.186523	64069.082031
1334.123047	64942.765625
1333.058594	64663.289063
1331.994141	65056.816406
1330.929688	64809.246094
1329.864258	64959.429688
1328.798828	64307.582031
1327.733398	63651.453125
1326.667969	62296.148438
1325.602539	60968.644531
1324.536133	60615.515625
1323.469727	59152.734375
1322.403320	58098.980469
1321.336914	57222.613281
1320.269531	56267.222656
1319.202148	55298.613281
1318.134766	54752.101563
1317.067383	53265.128906
1315.999023	52828.035156
1314.931641	51999.144531
1313.863281	51863.769531
1312.794922	50924.441406
1311.725586	50506.296875
1310.657227	49547.253906
1309.587891	48903.222656
1308.518555	47759.343750
1307.448242	47622.738281
1306.378906	46493.167969
1305.308594	45766.617188
1304.238281	44307.777344
1303.167969	43600.058594
1302.096680	42766.066406
1301.026367	41857.847656
1299.955078	40706.007813
1298.883789	40236.781250
1297.811523	40020.667969
1296.740234	38883.468750
1295.667969	38209.488281
1294.595703	37253.679688
1293.523438	37194.046875
1292.450195	36534.367188
1291.377930	35960.664063
1290.304688	35860.738281
1289.230469	35506.097656
1288.157227	35158.359375
1287.083008	34934.714844
1286.009766	34557.949219
1284.934570	34703.945313
1283.860352	34633.671875
1282.786133	34065.800781
1281.710938	34414.414063
1280.635742	34330.734375
1279.560547	34285.343750
1278.484375	34122.976563
1277.408203	34572.500000
1276.333008	34563.058594
1275.255859	34598.593750
1274.179688	34706.042969
1273.102539	35004.480469
1272.026367	35316.273438
1270.949219	34846.140625
1269.871094	35029.804688
1268.793945	35141.535156
1267.715820	34826.636719
1266.637695	35131.398438
1265.559570	34765.015625
1264.480469	34791.433594
1263.402344	34566.593750
1262.323242	34931.707031
1261.244141	34440.085938
1260.164063	34372.386719
1259.084961	34125.398438
1258.004883	33835.933594
1256.924805	33533.144531
1255.844727	32984.082031
1254.763672	32567.375000
1253.682617	32768.824219
1252.601563	32323.230469
1251.520508	32119.541016
1250.439453	32497.726563
1249.357422	31247.068359
1248.275391	31618.566406
1247.193359	31153.541016
1246.111328	31113.509766
1245.028320	30362.656250
1243.945313	30973.152344
1242.862305	30544.390625
1241.779297	30647.486328
1240.695313	30623.226563
1239.612305	30594.511719
1238.528320	30447.480469
1237.443359	30320.597656
1236.359375	30597.689453
1235.274414	30707.326172
1234.189453	30136.556641
1233.104492	30270.773438
1232.019531	30286.753906
1230.933594	30612.599609
1229.847656	30283.031250
1228.761719	30047.189453
1227.675781	30085.476563
1226.589844	29537.931641
1225.502930	29322.429688
1224.416016	29405.369141
1223.329102	29497.173828
1222.241211	28945.750000
1221.153320	28759.472656
1220.065430	28911.416016
1218.977539	28049.070313
1217.889648	28296.714844
1216.800781	28101.828125
1215.711914	28160.417969
1214.623047	28221.203125
1213.534180	28101.992188
1212.444336	27896.195313
1211.355469	27943.667969
1210.265625	27793.498047
1209.174805	27476.888672
1208.084961	27508.878906
1206.994141	27969.130859
1205.903320	27679.302734
1204.812500	27378.503906
1203.721680	27501.404297
1202.629883	27389.226563
1201.538086	27693.843750
1200.446289	27528.478516
1199.354492	27715.496094
1198.261719	27346.380859
1197.168945	27291.931641
1196.076172	27191.001953
1194.983398	27052.474609
1193.889648	27500.582031
1192.796875	27331.060547
1191.703125	27424.908203
1190.608398	27175.833984
1189.514648	27245.341797
1188.419922	26941.128906
1187.325195	27468.273438
1186.230469	27166.345703
1185.135742	27096.574219
1184.040039	27188.109375
1182.944336	27655.115234
1181.848633	27364.437500
1180.752930	27641.324219
1179.656250	27635.533203
1178.559570	27751.130859
1177.462891	27884.330078
1176.366211	27836.570313
1175.268555	27627.818359
1174.171875	27657.312500
1173.074219	27316.398438
1171.975586	26834.554688
1170.877930	26668.052734
1169.779297	26585.345703
1168.680664	26297.806641
1167.582031	26113.898438
1166.483398	25661.427734
1165.383789	25865.187500
1164.284180	25404.152344
1163.184570	25363.615234
1162.084961	25283.490234
1160.984375	25374.970703
1159.883789	25486.203125
1158.783203	25263.183594
1157.682617	25341.416016
1156.582031	25514.119141
1155.480469	25537.330078
1154.378906	25542.955078
1153.276367	25388.238281
1152.174805	25382.908203
1151.072266	25443.445313
1149.969727	25479.808594
1148.867188	24945.568359
1147.764648	25420.837891
1146.661133	25143.488281
1145.557617	25383.843750
1144.454102	25150.470703
1143.350586	24752.773438
1142.246094	24631.408203
1141.141602	24849.750000
1140.037109	24886.154297
1138.932617	24276.371094
1137.827148	24312.878906
1136.721680	24235.515625
1135.616211	24326.740234
1134.510742	24529.541016
1133.405273	23935.781250
1132.298828	24029.193359
1131.192383	24231.925781
1130.085938	23918.500000
1128.978516	24263.275391
1127.871094	24063.634766
1126.763672	24427.898438
1125.656250	24448.980469
1124.548828	24251.605469
1123.440430	24410.302734
1122.332031	24536.177734
1121.223633	24376.017578
1120.115234	24453.828125
1119.005859	24684.353516
1117.896484	24585.345703
1116.787109	25134.201172
1115.677734	24906.472656
1114.567383	25566.222656
1113.457031	25277.458984
1112.346680	25599.044922
1111.236328	25696.064453
1110.125977	25420.523438
1109.014648	25944.425781
1107.903320	25797.419922
1106.791016	25613.464844
1105.679688	25305.517578
1104.567383	25465.576172
1103.455078	25338.371094
1102.342773	25298.228516
1101.230469	25271.148438
1100.117188	25183.199219
1099.003906	25245.281250
1097.890625	25339.937500
1096.776367	24954.328125
1095.663086	25062.037109
1094.548828	24924.257813
1093.434570	25060.156250
1092.319336	24985.396484
1091.205078	24737.011719
1090.089844	24757.835938
1088.974609	25130.152344
1087.858398	25061.943359
1086.743164	24987.251953
1085.626953	24988.486328
1084.510742	25269.380859
1083.394531	25329.072266
1082.277344	25676.951172
1081.160156	25686.697266
1080.042969	25661.781250
1078.925781	26461.984375
1077.807617	26328.652344
1076.690430	26487.613281
1075.572266	26741.732422
1074.454102	26811.820313
1073.334961	26987.880859
1072.215820	27211.449219
1071.096680	27737.662109
1069.977539	28562.005859
1068.858398	28741.865234
1067.738281	29226.357422
1066.618164	29496.740234
1065.498047	30317.849609
1064.376953	31026.304688
1063.256836	31833.785156
1062.135742	32163.828125
1061.014648	32599.490234
1059.892578	33345.699219
1058.771484	33293.343750
1057.649414	33297.089844
1056.527344	33870.148438
1055.404297	33440.402344
1054.282227	33478.597656
1053.159180	33260.312500
1052.036133	33050.738281
1050.913086	32800.320313
1049.789063	32681.384766
1048.665039	32385.925781
1047.541016	32103.507813
1046.416992	31976.179688
1045.291992	31640.164063
1044.166992	31383.894531
1043.041992	30841.642578
1041.916992	31000.708984
1040.791992	31080.152344
1039.666016	30974.687500
1038.540039	30955.234375
1037.414063	30415.785156
1036.287109	30271.853516
1035.160156	30291.216797
1034.033203	30151.662109
1032.906250	30226.859375
1031.779297	30198.992188
1030.651367	30072.416016
1029.523438	30169.033203
1028.395508	29819.421875
1027.266602	30203.433594
1026.138672	29866.822266
1025.009766	29899.080078
1023.879883	29380.492188
1022.750977	29466.408203
1021.621094	29113.091797
1020.491211	29346.818359
1019.361328	28633.902344
1018.231445	28460.830078
1017.100586	28232.173828
1015.969727	28080.658203
1014.838867	27875.710938
1013.708008	27737.167969
1012.576172	27470.353516
1011.444336	27468.802734
1010.312500	26896.441406
1009.180664	26965.542969
1008.047852	26947.000000
1006.915039	26857.957031
1005.782227	26892.841797
1004.649414	26923.437500
1003.515625	26665.777344
1002.381836	26771.119141
1001.248047	26387.675781
1000.114258	26584.783203
998.979492	26259.138672
997.844727	26330.345703
996.709961	26237.324219
995.575195	25963.123047
994.439453	26111.076172
993.303711	25417.195313
992.167969	26087.199219
991.032227	25964.498047
989.895508	25543.687500
988.758789	25742.667969
987.622070	25769.128906
986.485352	25787.064453
985.348633	25707.105469
984.210938	25776.101563
983.073242	25700.431641
981.934570	25714.105469
980.796875	25476.894531
979.658203	25616.019531
978.519531	25774.210938
977.380859	26055.566406
976.241211	26039.404297
975.101563	25925.548828
973.961914	25788.384766
972.822266	25746.808594
971.681641	25567.287109
970.541992	25808.000000
969.401367	25897.978516
968.259766	25975.189453
967.119141	25787.283203
965.977539	26046.820313
964.835938	25784.785156
963.694336	26042.089844
962.551758	25936.958984
961.409180	25749.251953
960.266602	25887.789063
959.124023	26094.025391
957.980469	26075.765625
956.837891	26057.511719
955.694336	26318.595703
954.549805	25845.417969
953.406250	25814.527344
952.261719	25935.916016
951.117188	25744.326172
949.972656	25878.355469
948.827148	26128.566406
947.681641	25704.623047
946.536133	26060.390625
945.390625	26255.482422
944.245117	26524.398438
943.098633	26666.527344
941.952148	27258.181641
940.804688	27946.656250
939.658203	28438.619141
938.510742	29691.861328
937.363281	30322.429688
936.215820	31342.796875
935.067383	32948.765625
933.919922	34332.750000
932.770508	36114.390625
931.622070	38244.980469
930.473633	40244.070313
929.324219	41517.910156
928.174805	42890.156250
927.025391	43160.953125
925.875000	43231.707031
924.724609	42946.851563
923.574219	41774.414063
922.423828	40276.496094
921.272461	38833.886719
920.122070	36458.511719
918.969727	34422.527344
917.818359	32851.804688
916.666992	30890.988281
915.514648	29535.927734
914.362305	28317.939453
913.208984	27532.968750
912.056641	26721.044922
910.903320	25980.818359
909.750000	25973.167969
908.596680	25720.083984
907.442383	25515.343750
906.288086	25260.367188
905.133789	24978.244141
903.979492	24784.269531
902.824219	24747.537109
901.668945	24727.578125
900.513672	24424.859375
899.358398	24530.623047
898.202148	24393.472656
897.045898	24432.210938
895.889648	24709.507813
894.733398	24233.445313
893.576172	24466.732422
892.419922	24382.021484
891.261719	24435.349609
890.104492	24273.328125
888.946289	24157.355469
887.789063	23934.859375
886.629883	23946.447266
885.471680	23901.632813
884.312500	23856.835938
883.153320	24091.830078
881.994141	23867.490234
880.834961	23630.724609
879.674805	24109.734375
878.514648	23555.931641
877.354492	24063.947266
876.194336	23994.150391
875.033203	23897.279297
873.872070	24211.052734
872.710938	23941.214844
871.548828	24071.503906
870.387695	23953.863281
869.225586	24544.322266
868.063477	24318.361328
866.900391	24354.777344
865.737305	24226.765625
864.574219	24173.712891
863.411133	24316.226563
862.248047	24352.607422
861.083984	24214.302734
859.919922	24633.208984
858.755859	24752.630859
857.590820	24389.896484
856.425781	24804.335938
855.260742	24990.109375
854.095703	25069.888672
852.930664	25203.615234
851.764648	25194.052734
850.598633	25035.066406
849.431641	25013.091797
848.265625	25119.742188
847.098633	25410.931641
845.931641	25762.128906
844.764648	25437.333984
843.596680	25547.939453
842.428711	25789.046875
841.260742	25731.710938
840.092773	25726.181641
838.923828	25660.597656
837.754883	25686.138672
836.585938	25475.687500
835.416992	25644.054688
834.247070	25574.398438
833.077148	25620.617188
831.907227	25824.001953
830.737305	26052.109375
829.566406	26060.978516
828.395508	25735.001953
827.224609	26380.402344
826.052734	26240.435547
824.881836	26575.611328
823.709961	26367.509766
822.537109	26440.294922
821.365234	26137.355469
820.192383	25921.224609
819.019531	25690.740234
817.846680	25563.500000
816.672852	25586.871094
815.500000	25239.068359
814.326172	25534.625000
813.151367	25871.273438
811.977539	25632.845703
810.802734	26119.722656
809.627930	26147.054688
808.453125	26549.175781
807.277344	26547.574219
806.101563	26578.908203
804.925781	26696.662109
803.750000	26882.265625
802.573242	27413.384766
801.396484	27512.369141
800.219727	27551.677734
799.042969	28442.070313
797.865234	28686.693359
796.687500	28986.691406
795.509766	29512.552734
794.331055	29654.080078
793.153320	29489.558594
791.974609	29228.609375
790.795898	29023.193359
789.616211	28473.083984
788.436523	27599.021484
787.256836	27716.150391
786.077148	27324.595703
784.896484	26806.076172
783.716797	26597.337891
782.536133	25945.972656
781.354492	25981.355469
780.173828	25805.705078
778.992188	26240.513672
777.810547	25929.720703
776.627930	25711.195313
775.446289	25932.855469
774.263672	25992.744141
773.081055	25733.417969
771.897461	25999.927734
770.714844	25900.234375
769.531250	25958.027344
768.347656	26101.652344
767.163086	26059.224609
765.978516	26302.890625
764.794922	26284.949219
763.609375	26232.291016
762.424805	26857.628906
761.239258	26631.326172
760.053711	27064.429688
758.868164	27048.375000
757.681641	27462.835938
756.495117	27303.906250
755.308594	28111.740234
754.122070	28238.197266
752.934570	28943.548828
751.747070	29130.910156
750.559570	29717.574219
749.372070	30499.558594
748.183594	31702.820313
746.995117	32591.960938
745.806641	33452.210938
744.618164	34723.253906
743.428711	35924.550781
742.239258	37928.992188
741.049805	38878.871094
739.859375	40584.878906
738.669922	42658.167969
737.479492	44100.378906
736.288086	46176.070313
735.097656	47373.050781
733.906250	48045.382813
732.714844	47825.773438
731.522461	47179.824219
730.331055	45184.070313
729.138672	42825.851563
727.946289	40348.921875
726.752930	37885.238281
725.560547	36018.976563
724.367188	34589.546875
723.173828	32980.277344
721.979492	32561.621094
720.785156	31974.931641
719.590820	31287.183594
718.396484	31243.935547
717.202148	31291.843750
716.006836	31110.914063
714.811523	30766.078125
713.616211	31032.652344
712.419922	31378.027344
711.223633	31529.027344
710.027344	31890.322266
708.831055	32188.769531
707.633789	32390.035156
706.436523	32718.560547
705.239258	32790.277344
704.041016	33955.070313
702.843750	33862.855469
701.645508	34425.046875
700.446289	34581.128906
699.248047	35017.750000
698.048828	35427.945313
696.849609	36400.949219
695.650391	36762.242188
694.450195	37778.906250
693.250000	38506.753906
692.049805	39534.687500
690.849609	39999.792969
689.648438	40760.933594
688.447266	41761.511719
687.246094	41810.851563
686.044922	42202.542969
684.842773	43343.089844
683.640625	43504.781250
682.438477	44149.433594
681.235352	43962.761719
680.032227	43929.058594
678.829102	44084.437500
677.625977	43537.941406
676.421875	42513.187500
675.218750	41941.132813
674.013672	42392.207031
672.809570	41748.093750
671.604492	41516.042969
670.399414	41396.554688
669.194336	41124.519531
667.989258	41358.464844
666.783203	40917.964844
665.577148	41049.515625
664.371094	41191.035156
663.164063	41075.769531
661.957031	40709.894531
660.750000	40853.394531
659.542969	40676.132813
658.334961	40148.261719
657.126953	39440.308594
655.918945	39349.593750
654.710938	38303.675781
653.501953	38033.046875
652.292969	37532.335938
651.083984	36931.777344
649.874023	36295.460938
648.665039	35577.402344
647.455078	35165.652344
646.244141	34294.183594
645.034180	34296.703125
643.823242	33537.722656
642.612305	32771.082031
641.400391	32404.332031
640.189453	32159.578125
638.977539	31761.166016
637.764648	31400.859375
636.552734	31112.564453
635.339844	31257.445313
634.126953	31428.197266
632.914063	31429.318359
631.700195	31368.613281
630.486328	31417.595703
629.272461	31978.871094
628.058594	32240.949219
626.843750	32198.044922
625.628906	32113.322266
624.414063	31628.300781
623.199219	31575.595703
621.983398	31041.128906
620.767578	30948.761719
619.551758	31031.550781
618.334961	30977.023438
617.118164	30755.433594
615.901367	30297.289063
614.684570	30435.810547
613.466797	30268.148438
612.249023	29993.240234
611.031250	29710.501953
609.812500	29133.886719
608.594727	29415.496094
607.375977	29446.792969
606.156250	29090.960938
604.937500	28854.369141
603.717773	29123.880859
602.498047	29258.367188
601.278320	29111.142578
600.057617	29075.031250
598.836914	29193.574219
597.616211	29107.902344
596.394531	28709.152344
595.173828	28522.574219
593.952148	28647.070313
592.729492	28347.699219
591.507813	28181.115234
590.285156	28608.468750
589.062500	28006.492188
587.838867	28002.339844
586.616211	27992.251953
585.392578	28144.349609
584.168945	28300.332031
582.944336	28304.019531
581.719727	28280.031250
580.495117	28609.771484
579.270508	28876.144531
578.044922	28654.519531
576.820313	28782.527344
575.593750	28977.603516
574.368164	29225.890625
573.141602	29476.039063
571.915039	29568.230469
570.688477	29435.501953
569.461914	29746.572266
568.234375	29803.146484
567.006836	29595.537109
565.778320	29259.908203
564.550781	29446.597656
563.322266	29377.097656
562.093750	29254.449219
560.864258	29645.802734
559.635742	29651.113281
558.406250	29430.062500
557.175781	29244.529297
555.946289	29149.576172
554.715820	29383.154297
553.485352	29012.890625
552.254883	29183.474609
551.023438	29277.320313
549.791992	29198.177734
548.560547	29091.560547
547.328125	29206.966797
546.095703	28784.187500
544.863281	29131.306641
543.630859	29085.646484
542.398438	29102.808594
541.165039	29237.699219
539.931641	29443.154297
538.697266	29448.453125
537.462891	29310.597656
536.228516	29237.498047
534.994141	29425.125000
533.759766	29693.011719
532.524414	29943.146484
531.289063	30212.755859
530.052734	29702.810547
528.817383	30258.210938
527.581055	30046.017578
526.344727	30485.628906
525.107422	31114.837891
523.870117	31874.837891
522.632813	33231.019531
521.395508	34449.726563
520.157227	34668.921875
518.918945	32913.960938
517.680664	31966.806641
516.442383	30822.746094
515.203125	29886.230469
513.963867	29643.363281
512.724609	29517.744141
511.484375	29456.591797
510.245117	29867.728516
509.003906	30017.238281
507.763672	30125.716797
506.522461	30177.587891
505.281250	30200.187500
504.040039	29930.373047
502.798828	30260.943359
501.556641	29693.111328
