1802.298828	14476.373047
1801.329102	14726.094727
1800.360352	14808.041992
1799.390625	14722.708984
1798.420898	15041.715820
1797.451172	14651.951172
1796.481445	14334.688477
1795.510742	14476.489258
1794.540039	14376.340820
1793.570313	14430.812500
1792.598633	14874.126953
1791.627930	14913.521484
1790.657227	14835.789063
1789.685547	14705.769531
1788.713867	14590.747070
1787.742188	14430.944336
1786.769531	14470.384766
1785.797852	14878.215820
1784.825195	15059.408203
1783.852539	15354.986328
1782.879883	15302.160156
1781.907227	15373.716797
1780.933594	15465.138672
1779.960938	15827.524414
1778.987305	16015.761719
1778.013672	15736.692383
1777.039063	15614.274414
1776.065430	15489.420898
1775.090820	15208.138672
1774.116211	15224.960938
1773.141602	15296.396484
1772.166992	15529.151367
1771.191406	15967.799805
1770.216797	15994.378906
1769.241211	16303.755859
1768.265625	16464.191406
1767.289063	16488.171875
1766.313477	16502.224609
1765.336914	16585.677734
1764.360352	16907.013672
1763.383789	17091.941406
1762.407227	17041.447266
1761.429688	16773.013672
1760.453125	16685.458984
1759.475586	16897.511719
1758.498047	17052.546875
1757.519531	17754.457031
1756.541992	17847.398438
1755.563477	17918.035156
1754.584961	17958.964844
1753.606445	18014.712891
1752.627930	17590.800781
1751.648438	17480.984375
1750.668945	17171.029297
1749.689453	17404.789063
1748.709961	17828.673828
1747.730469	17926.363281
1746.750977	17567.175781
1745.770508	17546.371094
1744.790039	17296.011719
1743.809570	17309.816406
1742.828125	17108.951172
1741.847656	17458.287109
1740.866211	17474.513672
1739.884766	17308.257813
1738.903320	17021.259766
1737.921875	17072.072266
1736.939453	16982.390625
1735.957031	16978.980469
1734.975586	16992.816406
1733.992188	17297.273438
1733.009766	17276.562500
1732.026367	17374.035156
1731.043945	17028.402344
1730.060547	17056.974609
1729.077148	16561.453125
1728.092773	16683.585938
1727.109375	16603.990234
1726.125000	17080.158203
1725.140625	17349.621094
1724.156250	17572.271484
1723.170898	17944.738281
1722.186523	17579.951172
1721.201172	17313.570313
1720.215820	16985.894531
1719.230469	17220.667969
1718.245117	17430.794922
1717.258789	17545.109375
1716.272461	17521.949219
1715.286133	17415.376953
1714.299805	17527.167969
1713.313477	17896.435547
1712.326172	18287.621094
1711.338867	18306.007813
1710.351563	18625.869141
1709.364258	18570.660156
1708.376953	18446.869141
1707.388672	18587.685547
1706.400391	18348.830078
1705.412109	18874.041016
1704.423828	19095.472656
1703.434570	19475.910156
1702.446289	20203.687500
1701.457031	20270.574219
1700.467773	20635.865234
1699.478516	21159.976563
1698.488281	21145.935547
1697.499023	21109.898438
1696.508789	21369.621094
1695.518555	21455.734375
1694.527344	21519.824219
1693.537109	21715.792969
1692.545898	22392.800781
1691.554688	22659.322266
1690.563477	22903.765625
1689.572266	23048.037109
1688.580078	23243.494141
1687.588867	23263.208984
1686.596680	23539.039063
1685.604492	24041.562500
1684.611328	23688.041016
1683.619141	23519.933594
1682.625977	23368.953125
1681.632813	23179.044922
1680.639648	23354.660156
1679.646484	23535.074219
1678.652344	23564.423828
1677.658203	23734.982422
1676.664063	23662.033203
1675.669922	23871.441406
1674.675781	23703.589844
1673.680664	23710.974609
1672.686523	23467.814453
1671.691406	23526.310547
1670.695313	23541.015625
1669.700195	23249.416016
1668.704102	23135.353516
1667.708984	23033.488281
1666.712891	23045.845703
1665.715820	23420.113281
1664.719727	22910.261719
1663.722656	22798.806641
1662.725586	22789.347656
1661.728516	22236.244141
1660.731445	22760.734375
1659.734375	22581.464844
1658.736328	22659.373047
1657.738281	22601.445313
1656.740234	22783.570313
1655.742188	23106.218750
1654.743164	22888.275391
1653.745117	22876.382813
1652.746094	22840.267578
1651.747070	22692.748047
1650.747070	22569.501953
1649.748047	22681.156250
1648.748047	22983.994141
1647.748047	23245.564453
1646.748047	23030.355469
1645.748047	22851.519531
1644.747070	22858.992188
1643.746094	22992.208984
1642.745117	22627.320313
1641.744141	23057.845703
1640.743164	22787.341797
1639.741211	22956.703125
1638.739258	22741.888672
1637.737305	22838.730469
1636.735352	22800.302734
1635.733398	23124.033203
1634.730469	23073.492188
1633.727539	22834.732422
1632.724609	23054.505859
1631.721680	23148.746094
1630.718750	22767.812500
1629.714844	22608.876953
1628.710938	22838.156250
1627.707031	23554.236328
1626.703125	23756.718750
1625.698242	23715.767578
1624.693359	23744.691406
1623.688477	23735.066406
1622.683594	23624.310547
1621.678711	23321.000000
1620.672852	23082.802734
1619.667969	23229.734375
1618.662109	23066.234375
1617.656250	23148.158203
1616.649414	23316.630859
1615.643555	23283.050781
1614.636719	23218.232422
1613.629883	23336.107422
1612.623047	23900.906250
1611.615234	24482.291016
1610.607422	24741.558594
1609.600586	24465.162109
1608.592773	24789.156250
1607.583984	24767.326172
1606.576172	24440.683594
1605.567383	24654.097656
1604.558594	24752.261719
1603.549805	25620.363281
1602.541016	25787.837891
1601.531250	25825.765625
1600.522461	26220.863281
1599.512695	25774.542969
1598.502930	25824.427734
1597.492188	26315.113281
1596.482422	26316.958984
1595.471680	26385.857422
1594.460938	27003.021484
1593.450195	27411.673828
1592.438477	27635.869141
1591.427734	28127.972656
1590.416016	28241.880859
1589.404297	28171.566406
1588.392578	27840.615234
1587.379883	28014.281250
1586.367188	27848.433594
1585.355469	28174.978516
1584.341797	27753.492188
1583.329102	27697.685547
1582.316406	27816.261719
1581.302734	28517.457031
1580.289063	28315.886719
1579.275391	28269.554688
1578.260742	28175.507813
1577.247070	28057.636719
1576.232422	28233.238281
1575.217773	27714.707031
1574.203125	27809.226563
1573.188477	27853.638672
1572.172852	27936.171875
1571.157227	28028.201172
1570.141602	28182.140625
1569.125977	28121.619141
1568.109375	28370.742188
1567.093750	28807.876953
1566.077148	28542.517578
1565.060547	27996.398438
1564.042969	28445.236328
1563.026367	28503.689453
1562.008789	29021.224609
1560.991211	29060.505859
1559.973633	29206.773438
1558.956055	29177.056641
1557.937500	28524.615234
1556.918945	29036.857422
1555.900391	28579.529297
1554.881836	29143.806641
1553.862305	28993.003906
1552.843750	29112.945313
1551.824219	29042.921875
1550.804688	28498.230469
1549.785156	29230.423828
1548.764648	28749.970703
1547.744141	28872.205078
1546.723633	29146.164063
1545.703125	29033.529297
1544.682617	29416.388672
1543.661133	29353.511719
1542.640625	29120.048828
1541.619141	29213.619141
1540.596680	29366.363281
1539.575195	30030.566406
1538.552734	30071.798828
1537.531250	30148.521484
1536.507813	30724.583984
1535.485352	30304.230469
1534.462891	30255.468750
1533.439453	30388.849609
1532.416016	30692.439453
1531.392578	30506.494141
1530.369141	30337.167969
1529.344727	30876.910156
1528.320313	30504.371094
1527.295898	30304.433594
1526.271484	30491.925781
1525.247070	30381.802734
1524.221680	30649.468750
1523.196289	31058.652344
1522.170898	30887.117188
1521.145508	30623.630859
1520.119141	30513.583984
1519.093750	30585.185547
1518.067383	30859.546875
1517.041016	30985.269531
1516.013672	30915.302734
1514.987305	31441.578125
1513.959961	31216.041016
1512.932617	31117.794922
1511.905273	31601.310547
1510.876953	31484.185547
1509.849609	32061.591797
1508.821289	32222.154297
1507.792969	32210.865234
1506.764648	32538.371094
1505.735352	32759.892578
1504.706055	33007.187500
1503.677734	33423.675781
1502.647461	33574.351563
1501.618164	33999.949219
1500.587891	33995.347656
1499.558594	34068.277344
1498.528320	34303.250000
1497.497070	34209.343750
1496.466797	34200.000000
1495.435547	33751.683594
1494.405273	33676.718750
1493.373047	33773.078125
1492.341797	33139.785156
1491.310547	32889.070313
1490.278320	32171.789063
1489.246094	32008.121094
1488.213867	31736.689453
1487.180664	31439.585938
1486.148438	31583.113281
1485.115234	31103.433594
1484.082031	30773.845703
1483.048828	30575.527344
1482.014648	31159.255859
1480.981445	31010.091797
1479.947266	30655.042969
1478.913086	31048.869141
1477.877930	30932.564453
1476.843750	30891.146484
1475.808594	31513.833984
1474.773438	31731.814453
1473.738281	31947.365234
1472.702148	32805.476563
1471.666992	33371.179688
1470.630859	33509.171875
1469.594727	33974.070313
1468.558594	34417.761719
1467.521484	35190.433594
1466.484375	35813.410156
1465.447266	36737.160156
1464.410156	37098.253906
1463.373047	37830.082031
1462.334961	38148.824219
1461.297852	38952.414063
1460.259766	39813.949219
1459.220703	39961.941406
1458.182617	40065.593750
1457.143555	40753.968750
1456.104492	41665.664063
1455.065430	41517.386719
1454.026367	42405.265625
1452.986328	42056.703125
1451.947266	43356.039063
1450.907227	43389.027344
1449.866211	44289.738281
1448.826172	45290.093750
1447.785156	45415.675781
1446.744141	45862.042969
1445.703125	45980.472656
1444.662109	46015.191406
1443.620117	45917.449219
1442.579102	45438.765625
1441.537109	45162.339844
1440.495117	44468.046875
1439.452148	44017.808594
1438.410156	42845.878906
1437.367188	41843.832031
1436.324219	41183.265625
1435.280273	40191.250000
1434.237305	39932.515625
1433.193359	39488.382813
1432.149414	38835.789063
1431.105469	38350.339844
1430.061523	37999.492188
1429.016602	37620.988281
1427.971680	37203.253906
1426.926758	36730.113281
1425.881836	37215.746094
1424.836914	36129.328125
1423.791016	36216.792969
1422.745117	35850.675781
1421.699219	35831.738281
1420.653320	35380.261719
1419.606445	34841.097656
1418.559570	34965.718750
1417.512695	34715.804688
1416.465820	34463.683594
1415.417969	34669.171875
1414.371094	34629.695313
1413.323242	34846.609375
1412.275391	34811.726563
1411.226563	34465.175781
1410.178711	34762.773438
1409.129883	34388.675781
1408.081055	34365.445313
1407.032227	34217.652344
1405.982422	34076.835938
1404.933594	34339.609375
1403.883789	33977.500000
1402.833984	34207.914063
1401.783203	33652.402344
1400.733398	33451.933594
1399.682617	33147.882813
1398.631836	32986.750000
1397.581055	32959.230469
1396.529297	32729.134766
1395.478516	32257.458984
1394.426758	32400.386719
1393.375000	32370.701172
1392.323242	31768.273438
1391.270508	31908.908203
1390.217773	31748.279297
1389.165039	31730.240234
1388.112305	31581.201172
1387.059570	31452.904297
1386.005859	31570.474609
1384.952148	31743.123047
1383.898438	31901.917969
1382.844727	32340.751953
1381.790039	32494.763672
1380.735352	32781.820313
1379.680664	32871.425781
1378.625977	33188.105469
1377.571289	33087.222656
1376.515625	33412.894531
1375.459961	33749.894531
1374.404297	33467.867188
1373.348633	33829.921875
1372.291992	33914.585938
1371.235352	33795.335938
1370.178711	34161.671875
1369.122070	33614.226563
1368.065430	33829.351563
1367.007813	33776.585938
1365.950195	33973.277344
1364.892578	34364.355469
1363.834961	33979.832031
1362.776367	34437.062500
1361.717773	34704.328125
1360.659180	34516.562500
1359.600586	34895.687500
1358.541016	35263.226563
1357.482422	35530.089844
1356.422852	35819.683594
1355.363281	35928.746094
1354.302734	36371.105469
1353.243164	36945.675781
1352.182617	37458.390625
1351.122070	37715.328125
1350.061523	38298.386719
1349.000000	38917.691406
1347.938477	39534.460938
1346.877930	39729.191406
1345.815430	40454.941406
1344.753906	40745.113281
1343.691406	41577.437500
1342.629883	42432.195313
1341.567383	43220.550781
1340.503906	43860.566406
1339.441406	44167.933594
1338.377930	45610.949219
1337.314453	46011.121094
1336.250977	46370.175781
1335.186523	47097.578125
1334.123047	47287.957031
1333.058594	47453.246094
1331.994141	47891.253906
1330.929688	47449.503906
1329.864258	47639.640625
1328.798828	46991.378906
1327.733398	46234.355469
1326.667969	45332.300781
1325.602539	44625.878906
1324.536133	44444.113281
1323.469727	43261.562500
1322.403320	42551.464844
1321.336914	41603.453125
1320.269531	41454.207031
1319.202148	41187.105469
1318.134766	40888.371094
1317.067383	40378.953125
1315.999023	39677.117188
1314.931641	39467.238281
1313.863281	39456.789063
1312.794922	39437.281250
1311.725586	39234.367188
1310.657227	39436.773438
1309.587891	38858.210938
1308.518555	39209.957031
1307.448242	38783.265625
1306.378906	38809.152344
1305.308594	38174.652344
1304.238281	38022.023438
1303.167969	37812.941406
1302.096680	37515.796875
1301.026367	36692.273438
1299.955078	36587.511719
1298.883789	35985.875000
1297.811523	36360.046875
1296.740234	35413.261719
1295.667969	34943.160156
1294.595703	34680.882813
1293.523438	34141.175781
1292.450195	33924.285156
1291.377930	33605.988281
1290.304688	33278.800781
1289.230469	33116.328125
1288.157227	33406.980469
1287.083008	33194.964844
1286.009766	33746.832031
1284.934570	33753.335938
1283.860352	33807.128906
1282.786133	33829.375000
1281.710938	34290.597656
1280.635742	34877.667969
1279.560547	35293.468750
1278.484375	35805.839844
1277.408203	36628.402344
1276.333008	36526.335938
1275.255859	37011.140625
1274.179688	37940.835938
1273.102539	38144.207031
1272.026367	38475.570313
1270.949219	38815.781250
1269.871094	38652.726563
1268.793945	38092.265625
1267.715820	38757.878906
1266.637695	38053.964844
1265.559570	37514.167969
1264.480469	37156.335938
1263.402344	36491.324219
1262.323242	35597.820313
1261.244141	35119.515625
1260.164063	34293.921875
1259.084961	33997.640625
1258.004883	33022.472656
1256.924805	33017.835938
1255.844727	32533.839844
1254.763672	31714.109375
1253.682617	31671.677734
1252.601563	31302.425781
1251.520508	31163.855469
1250.439453	30900.029297
1249.357422	30244.800781
1248.275391	29990.218750
1247.193359	30196.414063
1246.111328	29749.666016
1245.028320	29564.638672
1243.945313	29133.847656
1242.862305	29112.132813
1241.779297	29137.339844
1240.695313	29070.958984
1239.612305	28725.480469
1238.528320	28723.953125
1237.443359	28787.158203
1236.359375	28734.289063
1235.274414	28563.189453
1234.189453	28401.083984
1233.104492	28299.257813
1232.019531	28362.476563
1230.933594	28149.234375
1229.847656	28381.843750
1228.761719	28097.375000
1227.675781	28269.742188
1226.589844	28036.644531
1225.502930	27984.025391
1224.416016	28329.968750
1223.329102	28012.410156
1222.241211	28059.974609
1221.153320	27887.232422
1220.065430	27816.894531
1218.977539	27764.376953
1217.889648	27927.578125
1216.800781	28030.683594
1215.711914	27693.632813
1214.623047	27652.291016
1213.534180	27708.724609
1212.444336	27745.140625
1211.355469	27614.970703
1210.265625	27684.695313
1209.174805	27483.548828
1208.084961	27440.072266
1206.994141	27456.527344
1205.903320	27488.503906
1204.812500	27334.140625
1203.721680	27703.212891
1202.629883	27280.583984
1201.538086	27489.902344
1200.446289	27016.517578
1199.354492	27090.634766
1198.261719	27118.199219
1197.168945	26709.414063
1196.076172	26615.250000
1194.983398	26496.767578
1193.889648	26539.919922
1192.796875	27103.119141
1191.703125	27028.855469
1190.608398	27007.712891
1189.514648	27176.781250
1188.419922	27106.966797
1187.325195	27260.464844
1186.230469	27142.033203
1185.135742	27337.441406
1184.040039	27322.878906
1182.944336	27701.501953
1181.848633	27591.904297
1180.752930	27910.693359
1179.656250	27551.648438
1178.559570	27583.396484
1177.462891	27544.519531
1176.366211	27110.763672
1175.268555	26948.482422
1174.171875	27315.509766
1173.074219	27153.250000
1171.975586	26832.351563
1170.877930	26597.533203
1169.779297	26580.939453
1168.680664	26255.951172
1167.582031	26036.812500
1166.483398	26374.857422
1165.383789	26173.394531
1164.284180	26042.447266
1163.184570	25841.134766
1162.084961	26172.330078
1160.984375	26030.460938
1159.883789	26203.132813
1158.783203	26309.769531
1157.682617	26352.611328
1156.582031	26245.982422
1155.480469	26807.384766
1154.378906	26817.136719
1153.276367	27026.755859
1152.174805	27734.763672
1151.072266	28339.285156
1149.969727	28820.630859
1148.867188	29345.662109
1147.764648	30008.701172
1146.661133	30671.458984
1145.557617	30950.130859
1144.454102	31353.667969
1143.350586	31261.583984
1142.246094	31634.197266
1141.141602	31176.136719
1140.037109	30661.302734
1138.932617	30586.957031
1137.827148	30144.728516
1136.721680	29805.589844
1135.616211	29335.250000
1134.510742	28803.826172
1133.405273	28447.673828
1132.298828	28251.367188
1131.192383	28044.205078
1130.085938	27664.376953
1128.978516	28113.304688
1127.871094	27727.060547
1126.763672	27406.537109
1125.656250	27735.062500
1124.548828	27320.738281
1123.440430	27111.880859
1122.332031	27387.851563
1121.223633	27589.478516
1120.115234	27422.162109
1119.005859	27721.890625
1117.896484	27788.050781
1116.787109	28043.949219
1115.677734	28243.037109
1114.567383	28402.794922
1113.457031	28630.058594
1112.346680	29408.609375
1111.236328	29862.169922
1110.125977	30576.953125
1109.014648	30886.324219
1107.903320	31676.802734
1106.791016	32088.130859
1105.679688	32666.886719
1104.567383	33236.691406
1103.455078	33495.125000
1102.342773	34038.406250
1101.230469	33865.949219
1100.117188	33889.253906
1099.003906	33953.847656
1097.890625	33742.390625
1096.776367	32900.859375
1095.663086	32424.662109
1094.548828	32120.255859
1093.434570	31095.007813
1092.319336	30491.388672
1091.205078	29634.054688
1090.089844	29452.015625
1088.974609	28532.335938
1087.858398	28198.751953
1086.743164	27717.828125
1085.626953	27668.611328
1084.510742	27324.578125
1083.394531	27303.638672
1082.277344	26795.130859
1081.160156	26776.476563
1080.042969	26941.947266
1078.925781	26715.363281
1077.807617	26478.050781
1076.690430	26955.195313
1075.572266	26475.527344
1074.454102	26541.343750
1073.334961	26624.437500
1072.215820	26679.375000
1071.096680	26556.968750
1069.977539	26864.847656
1068.858398	26764.064453
1067.738281	27201.431641
1066.618164	27534.900391
1065.498047	27488.041016
1064.376953	27940.087891
1063.256836	27808.947266
1062.135742	27908.851563
1061.014648	28282.820313
1059.892578	28635.048828
1058.771484	28650.570313
1057.649414	28899.035156
1056.527344	28513.378906
1055.404297	28638.869141
1054.282227	28725.503906
1053.159180	28430.638672
1052.036133	28504.349609
1050.913086	28295.822266
1049.789063	28373.833984
1048.665039	28077.132813
1047.541016	27903.269531
1046.416992	28020.052734
1045.291992	27734.369141
1044.166992	27367.048828
1043.041992	27305.328125
1041.916992	27215.675781
1040.791992	27190.564453
1039.666016	27042.929688
1038.540039	26811.535156
1037.414063	26919.744141
1036.287109	26570.312500
1035.160156	26663.488281
1034.033203	26483.900391
1032.906250	26639.312500
1031.779297	26921.298828
1030.651367	26731.037109
1029.523438	27225.294922
1028.395508	26985.707031
1027.266602	27063.630859
1026.138672	27047.175781
1025.009766	27163.636719
1023.879883	27132.160156
1022.750977	27182.123047
1021.621094	27073.525391
1020.491211	27333.386719
1019.361328	26995.660156
1018.231445	26972.808594
1017.100586	27059.132813
1015.969727	27530.644531
1014.838867	26927.835938
1013.708008	26986.300781
1012.576172	27147.398438
1011.444336	27167.298828
1010.312500	27210.707031
1009.180664	27211.345703
1008.047852	27156.419922
1006.915039	27441.222656
1005.782227	27762.212891
1004.649414	27946.388672
1003.515625	27825.158203
1002.381836	27405.121094
1001.248047	27377.960938
1000.114258	27425.492188
998.979492	27033.535156
997.844727	26500.974609
996.709961	26540.126953
995.575195	26380.988281
994.439453	26258.150391
993.303711	26254.703125
992.167969	26336.480469
991.032227	26209.466797
989.895508	26235.841797
988.758789	25849.130859
987.622070	26248.109375
986.485352	25997.769531
985.348633	26032.673828
984.210938	26363.275391
983.073242	26300.242188
981.934570	26147.919922
980.796875	26278.429688
979.658203	26359.992188
978.519531	26146.117188
977.380859	26278.664063
976.241211	26496.123047
975.101563	26375.800781
973.961914	26331.968750
972.822266	26891.062500
971.681641	27358.652344
970.541992	27408.003906
969.401367	27815.875000
968.259766	27966.917969
967.119141	27912.189453
965.977539	28109.789063
964.835938	27991.457031
963.694336	27987.617188
962.551758	28176.591797
961.409180	27757.501953
960.266602	27734.648438
959.124023	27370.882813
957.980469	27354.466797
956.837891	27441.771484
955.694336	27323.767578
954.549805	27066.177734
953.406250	26874.269531
952.261719	26468.845703
951.117188	26816.300781
949.972656	26472.361328
948.827148	26331.458984
947.681641	26456.851563
946.536133	26408.960938
945.390625	26751.826172
944.245117	26896.048828
943.098633	26791.087891
941.952148	27289.841797
940.804688	27587.904297
939.658203	27702.281250
938.510742	28474.740234
937.363281	28974.812500
936.215820	29774.076172
935.067383	30665.751953
933.919922	31721.437500
932.770508	33259.207031
931.622070	34446.605469
930.473633	35882.031250
929.324219	37283.152344
928.174805	38576.296875
927.025391	39544.734375
925.875000	39982.433594
924.724609	40148.531250
923.574219	39769.730469
922.423828	38848.492188
921.272461	37748.917969
920.122070	36366.011719
918.969727	34931.152344
917.818359	33717.542969
916.666992	32336.378906
915.514648	30880.187500
914.362305	30052.503906
913.208984	29006.824219
912.056641	28299.539063
910.903320	27722.667969
909.750000	27322.287109
908.596680	26800.408203
907.442383	26645.771484
906.288086	26566.685547
905.133789	26313.632813
903.979492	26157.097656
902.824219	26115.880859
901.668945	26229.710938
900.513672	26087.953125
899.358398	25885.523438
898.202148	26271.503906
897.045898	26521.255859
895.889648	26082.375000
894.733398	25848.728516
893.576172	25987.537109
892.419922	25885.767578
891.261719	25846.771484
890.104492	25385.498047
888.946289	25480.388672
887.789063	25385.078125
886.629883	25425.603516
885.471680	25716.761719
884.312500	25711.253906
883.153320	25542.894531
881.994141	25337.031250
880.834961	24964.296875
879.674805	25697.576172
878.514648	25487.634766
877.354492	25546.828125
876.194336	25818.681641
875.033203	25617.183594
873.872070	25678.388672
872.710938	25987.544922
871.548828	26134.060547
870.387695	25893.085938
869.225586	25887.533203
868.063477	25798.699219
866.900391	25699.496094
865.737305	25914.585938
864.574219	26158.712891
863.411133	25545.664063
862.248047	25388.357422
861.083984	25420.339844
859.919922	25928.378906
858.755859	25575.708984
857.590820	25778.025391
856.425781	25629.138672
855.260742	25945.593750
854.095703	25863.187500
852.930664	26044.498047
851.764648	25937.191406
850.598633	26305.187500
849.431641	25998.675781
848.265625	26161.125000
847.098633	26452.091797
845.931641	26259.789063
844.764648	26529.875000
843.596680	26401.886719
842.428711	26615.871094
841.260742	26649.517578
840.092773	26971.064453
838.923828	26714.689453
837.754883	26597.142578
836.585938	26897.787109
835.416992	26649.867188
834.247070	26784.837891
833.077148	26520.494141
831.907227	27095.966797
830.737305	26997.089844
829.566406	26821.761719
828.395508	26830.460938
827.224609	27066.466797
826.052734	26767.269531
824.881836	26889.576172
823.709961	26929.224609
822.537109	27036.988281
821.365234	26766.947266
820.192383	26523.851563
819.019531	26287.048828
817.846680	25854.369141
816.672852	26176.734375
815.500000	25826.744141
814.326172	25812.937500
813.151367	25739.361328
811.977539	26098.560547
810.802734	26059.976563
809.627930	25971.972656
808.453125	26314.408203
807.277344	26193.441406
806.101563	26276.312500
804.925781	25766.437500
803.750000	25944.009766
802.573242	25856.132813
801.396484	25961.623047
800.219727	26089.683594
799.042969	26211.521484
797.865234	26491.566406
796.687500	26321.460938
795.509766	26640.394531
794.331055	26577.136719
793.153320	26764.443359
791.974609	26438.380859
790.795898	26260.251953
789.616211	26063.728516
788.436523	26031.431641
787.256836	26224.800781
786.077148	26200.683594
784.896484	26336.513672
783.716797	25613.314453
782.536133	25343.388672
781.354492	25751.849609
780.173828	25904.042969
778.992188	25990.623047
777.810547	25882.621094
776.627930	26055.156250
775.446289	25857.117188
774.263672	25655.068359
773.081055	26058.742188
771.897461	25918.103516
770.714844	26006.583984
769.531250	25733.105469
768.347656	26244.753906
767.163086	26517.048828
765.978516	26930.220703
764.794922	26530.107422
763.609375	26614.246094
762.424805	27127.185547
761.239258	27556.195313
760.053711	27952.357422
758.868164	28281.000000
757.681641	28217.757813
756.495117	28992.933594
755.308594	29225.279297
754.122070	29877.558594
752.934570	30509.167969
751.747070	31521.630859
750.559570	32723.158203
749.372070	34254.199219
748.183594	36122.679688
746.995117	39144.972656
745.806641	41508.347656
744.618164	44591.257813
743.428711	46767.242188
742.239258	48698.125000
741.049805	49995.546875
739.859375	50631.449219
738.669922	49809.207031
737.479492	48788.101563
736.288086	47005.289063
735.097656	45391.894531
733.906250	44484.132813
732.714844	43442.710938
731.522461	43037.324219
730.331055	42802.648438
729.138672	43243.984375
727.946289	43350.285156
726.752930	43032.500000
725.560547	43053.601563
724.367188	42245.238281
723.173828	41114.843750
721.979492	39932.226563
720.785156	38322.496094
719.590820	37355.773438
718.396484	35850.605469
717.202148	34793.695313
716.006836	33897.207031
714.811523	32970.742188
713.616211	32396.857422
712.419922	31863.693359
711.223633	31263.992188
710.027344	30638.253906
708.831055	30847.992188
707.633789	30608.785156
706.436523	30662.785156
705.239258	30417.654297
704.041016	30176.669922
702.843750	29802.462891
701.645508	29299.158203
700.446289	28856.644531
699.248047	29060.332031
698.048828	29653.468750
696.849609	29852.855469
695.650391	30241.794922
694.450195	30352.212891
693.250000	31065.542969
692.049805	31778.558594
690.849609	32962.941406
689.648438	33900.941406
688.447266	34187.742188
687.246094	35098.875000
686.044922	35916.972656
684.842773	36746.789063
683.640625	37703.070313
682.438477	38375.148438
681.235352	39002.664063
680.032227	38984.125000
678.829102	38609.582031
677.625977	38142.703125
676.421875	37688.082031
675.218750	37486.925781
674.013672	38047.480469
672.809570	38011.078125
671.604492	38504.984375
670.399414	38934.410156
669.194336	39092.585938
667.989258	39525.707031
666.783203	40247.640625
665.577148	41292.304688
664.371094	42651.468750
663.164063	43251.902344
661.957031	43886.160156
660.750000	44119.179688
659.542969	43562.386719
658.334961	43114.042969
657.126953	41884.539063
655.918945	40541.398438
654.710938	39425.128906
653.501953	39336.453125
652.292969	37994.734375
651.083984	37504.144531
649.874023	36525.558594
648.665039	35961.480469
647.455078	35261.648438
646.244141	34182.207031
645.034180	33593.015625
643.823242	32920.132813
642.612305	32015.748047
641.400391	31141.720703
640.189453	30759.425781
638.977539	30267.462891
637.764648	30242.892578
636.552734	29783.189453
635.339844	29535.222656
634.126953	29397.095703
632.914063	29747.742188
631.700195	29872.875000
630.486328	30057.769531
629.272461	30523.656250
628.058594	30867.763672
626.843750	30749.441406
625.628906	31167.054688
624.414063	30849.542969
623.199219	30830.859375
621.983398	29960.103516
620.767578	29997.349609
619.551758	29803.740234
618.334961	29484.875000
617.118164	28861.812500
615.901367	28917.156250
614.684570	28960.544922
613.466797	28620.265625
612.249023	27691.876953
611.031250	27644.099609
609.812500	27624.152344
608.594727	27892.189453
607.375977	27699.443359
606.156250	27234.808594
604.937500	27119.693359
603.717773	27252.666016
602.498047	26816.203125
601.278320	27056.285156
600.057617	27270.482422
598.836914	26602.333984
597.616211	26745.175781
596.394531	26564.933594
595.173828	26446.187500
593.952148	26367.109375
592.729492	25998.923828
591.507813	25949.673828
590.285156	25971.707031
589.062500	25966.021484
587.838867	25683.322266
586.616211	26221.718750
585.392578	26192.242188
584.168945	26633.396484
582.944336	26775.833984
581.719727	27283.865234
580.495117	27560.468750
579.270508	27625.556641
578.044922	27655.058594
576.820313	28126.896484
575.593750	28414.912109
574.368164	28521.199219
573.141602	28629.412109
571.915039	28852.011719
570.688477	29127.773438
569.461914	29176.609375
568.234375	29024.302734
567.006836	28678.871094
565.778320	28741.562500
564.550781	28713.585938
563.322266	28618.636719
562.093750	28588.724609
560.864258	28513.533203
559.635742	28448.214844
558.406250	28585.660156
557.175781	28240.914063
555.946289	28451.136719
554.715820	28311.136719
553.485352	27998.136719
552.254883	28377.355469
551.023438	28227.628906
549.791992	27781.210938
548.560547	27482.347656
547.328125	27154.150391
546.095703	27061.771484
544.863281	26934.087891
543.630859	26965.472656
542.398438	27204.884766
541.165039	27200.871094
539.931641	27510.750000
538.697266	26967.283203
537.462891	27039.796875
536.228516	26992.683594
534.994141	27078.876953
533.759766	27086.642578
532.524414	27568.541016
531.289063	27407.734375
530.052734	27090.326172
528.817383	27360.441406
527.581055	27485.578125
526.344727	27201.626953
525.107422	28066.359375
523.870117	28298.847656
522.632813	28865.671875
521.395508	29070.501953
520.157227	28747.406250
518.918945	28522.175781
517.680664	28242.328125
516.442383	28189.224609
515.203125	27663.464844
513.963867	27415.230469
512.724609	27565.384766
511.484375	27662.767578
510.245117	28146.503906
509.003906	28124.699219
507.763672	27929.292969
506.522461	28098.662109
505.281250	28156.816406
504.040039	28250.031250
502.798828	27809.197266
501.556641	27364.660156
