1802.298828	8752.749023
1801.329102	8682.827148
1800.360352	8716.046875
1799.390625	8636.922852
1798.420898	8715.060547
1797.451172	8878.004883
1796.481445	8609.294922
1795.510742	8330.715820
1794.540039	8286.657227
1793.570313	8663.972656
1792.598633	8624.849609
1791.627930	8498.514648
1790.657227	8808.282227
1789.685547	8719.328125
1788.713867	8764.909180
1787.742188	8773.117188
1786.769531	8875.932617
1785.797852	8819.394531
1784.825195	8862.427734
1783.852539	8905.444336
1782.879883	8838.981445
1781.907227	8993.910156
1780.933594	9138.830078
1779.960938	9263.800781
1778.987305	9276.862305
1778.013672	9175.594727
1777.039063	9305.452148
1776.065430	9353.275391
1775.090820	9160.152344
1774.116211	8895.091797
1773.141602	9171.382813
1772.166992	9097.560547
1771.191406	9343.917969
1770.216797	9366.860352
1769.241211	9553.524414
1768.265625	9896.372070
1767.289063	9753.041992
1766.313477	9701.502930
1765.336914	10163.096680
1764.360352	9950.404297
1763.383789	10035.134766
1762.407227	10189.195313
1761.429688	10088.081055
1760.453125	10091.012695
1759.475586	10131.079102
1758.498047	10317.174805
1757.519531	10619.511719
1756.541992	10553.049805
1755.563477	10917.063477
1754.584961	10895.088867
1753.606445	10855.811523
1752.627930	10648.429688
1751.648438	10334.840820
1750.668945	10337.710938
1749.689453	10642.025391
1748.709961	10610.247070
1747.730469	10990.950195
1746.750977	10519.562500
1745.770508	10319.942383
1744.790039	10382.049805
1743.809570	10281.250977
1742.828125	10271.786133
1741.847656	10254.923828
1740.866211	10649.958008
1739.884766	10450.547852
1738.903320	10455.846680
1737.921875	10347.755859
1736.939453	10252.030273
1735.957031	10326.354492
1734.975586	10250.377930
1733.992188	10437.967773
1733.009766	10571.306641
1732.026367	10628.270508
1731.043945	10274.147461
1730.060547	10365.600586
1729.077148	10100.248047
1728.092773	9886.661133
1727.109375	10162.596680
1726.125000	10133.505859
1725.140625	10293.731445
1724.156250	10419.478516
1723.170898	10582.038086
1722.186523	10437.405273
1721.201172	10474.611328
1720.215820	10349.705078
1719.230469	10362.358398
1718.245117	10497.756836
1717.258789	10230.555664
1716.272461	10567.158203
1715.286133	10623.918945
1714.299805	10891.620117
1713.313477	10656.435547
1712.326172	10894.596680
1711.338867	11166.983398
1710.351563	11142.676758
1709.364258	10932.134766
1708.376953	11358.704102
1707.388672	11050.216797
1706.400391	11062.688477
1705.412109	11266.147461
1704.423828	11452.386719
1703.434570	11442.739258
1702.446289	11616.630859
1701.457031	11702.373047
1700.467773	11951.972656
1699.478516	11942.229492
1698.488281	11881.140625
1697.499023	12079.212891
1696.508789	12264.984375
1695.518555	11851.971680
1694.527344	12071.916992
1693.537109	12071.928711
1692.545898	12286.855469
1691.554688	12408.909180
1690.563477	12499.176758
1689.572266	12699.241211
1688.580078	12552.707031
1687.588867	12803.914063
1686.596680	12850.119141
1685.604492	12947.520508
1684.611328	13025.375000
1683.619141	12869.167969
1682.625977	12847.075195
1681.632813	13000.441406
1680.639648	13027.056641
1679.646484	12985.457031
1678.652344	13119.217773
1677.658203	13325.969727
1676.664063	13625.144531
1675.669922	13666.206055
1674.675781	13758.351563
1673.680664	13916.147461
1672.686523	13901.177734
1671.691406	14151.291992
1670.695313	14046.317383
1669.700195	13766.357422
1668.704102	14118.423828
1667.708984	14229.782227
1666.712891	14156.456055
1665.715820	14425.642578
1664.719727	14461.586914
1663.722656	14699.038086
1662.725586	14628.100586
1661.728516	14836.296875
1660.731445	14549.399414
1659.734375	14978.293945
1658.736328	14992.248047
1657.738281	15231.724609
1656.740234	15337.753906
1655.742188	15581.910156
1654.743164	15758.107422
1653.745117	16033.579102
1652.746094	15751.741211
1651.747070	16160.317383
1650.747070	16111.041016
1649.748047	16332.950195
1648.748047	16673.380859
1647.748047	16655.490234
1646.748047	16976.357422
1645.748047	17420.472656
1644.747070	17281.505859
1643.746094	17321.539063
1642.745117	17310.783203
1641.744141	17872.912109
1640.743164	17627.625000
1639.741211	17672.384766
1638.739258	17852.406250
1637.737305	18056.507813
1636.735352	17630.269531
1635.733398	17914.003906
1634.730469	17799.345703
1633.727539	17667.837891
1632.724609	17760.775391
1631.721680	17856.087891
1630.718750	17777.707031
1629.714844	17923.611328
1628.710938	17558.353516
1627.707031	18000.720703
1626.703125	17876.582031
1625.698242	17940.425781
1624.693359	18083.736328
1623.688477	17834.416016
1622.683594	17695.958984
1621.678711	17350.515625
1620.672852	17209.804688
1619.667969	17256.855469
1618.662109	17284.636719
1617.656250	17105.535156
1616.649414	17433.960938
1615.643555	17473.708984
1614.636719	17554.310547
1613.629883	17440.189453
1612.623047	17583.242188
1611.615234	18004.935547
1610.607422	17979.666016
1609.600586	18384.294922
1608.592773	18310.935547
1607.583984	18415.251953
1606.576172	18711.537109
1605.567383	18626.154297
1604.558594	19150.193359
1603.549805	19518.107422
1602.541016	19897.859375
1601.531250	19992.130859
1600.522461	20172.660156
1599.512695	20401.052734
1598.502930	20674.878906
1597.492188	21322.332031
1596.482422	21576.697266
1595.471680	21620.212891
1594.460938	22173.699219
1593.450195	22250.589844
1592.438477	22521.306641
1591.427734	23275.269531
1590.416016	23052.837891
1589.404297	23155.792969
1588.392578	22995.650391
1587.379883	23112.917969
1586.367188	23117.785156
1585.355469	23438.123047
1584.341797	23287.605469
1583.329102	23782.169922
1582.316406	23923.035156
1581.302734	24137.871094
1580.289063	24089.992188
1579.275391	24364.378906
1578.260742	24679.224609
1577.247070	24516.730469
1576.232422	24528.445313
1575.217773	24766.740234
1574.203125	24699.705078
1573.188477	24534.949219
1572.172852	25152.087891
1571.157227	24949.173828
1570.141602	24927.421875
1569.125977	24972.378906
1568.109375	25164.980469
1567.093750	25267.017578
1566.077148	24719.072266
1565.060547	25311.486328
1564.042969	24825.625000
1563.026367	25420.152344
1562.008789	25598.146484
1560.991211	25309.919922
1559.973633	24819.693359
1558.956055	25273.468750
1557.937500	25118.583984
1556.918945	24588.292969
1555.900391	24854.140625
1554.881836	24654.296875
1553.862305	24646.902344
1552.843750	24798.597656
1551.824219	24544.283203
1550.804688	24669.826172
1549.785156	24256.648438
1548.764648	24289.667969
1547.744141	24434.158203
1546.723633	24460.011719
1545.703125	24580.693359
1544.682617	24452.416016
1543.661133	25127.650391
1542.640625	24954.287109
1541.619141	25373.275391
1540.596680	25569.437500
1539.575195	25533.441406
1538.552734	25665.562500
1537.531250	26200.048828
1536.507813	26410.078125
1535.485352	26579.794922
1534.462891	26969.455078
1533.439453	27032.546875
1532.416016	27410.128906
1531.392578	27369.074219
1530.369141	27606.964844
1529.344727	27681.687500
1528.320313	27676.041016
1527.295898	27379.824219
1526.271484	28016.669922
1525.247070	27956.642578
1524.221680	28071.343750
1523.196289	27931.070313
1522.170898	28109.447266
1521.145508	28139.101563
1520.119141	28291.412109
1519.093750	28356.392578
1518.067383	28527.455078
1517.041016	28106.703125
1516.013672	28381.455078
1514.987305	28764.496094
1513.959961	28709.144531
1512.932617	28627.900391
1511.905273	28824.595703
1510.876953	29174.261719
1509.849609	29210.677734
1508.821289	29157.636719
1507.792969	29363.468750
1506.764648	29369.234375
1505.735352	29624.332031
1504.706055	29583.001953
1503.677734	29555.794922
1502.647461	29298.216797
1501.618164	29346.285156
1500.587891	29584.671875
1499.558594	29129.892578
1498.528320	28950.119141
1497.497070	28657.693359
1496.466797	29060.373047
1495.435547	28897.150391
1494.405273	28473.480469
1493.373047	28188.423828
1492.341797	28464.179688
1491.310547	28242.568359
1490.278320	28112.501953
1489.246094	28041.101563
1488.213867	28190.074219
1487.180664	27959.318359
1486.148438	28283.978516
1485.115234	27912.736328
1484.082031	27946.839844
1483.048828	27760.808594
1482.014648	28307.654297
1480.981445	28311.220703
1479.947266	28146.287109
1478.913086	28821.398438
1477.877930	28752.335938
1476.843750	28814.273438
1475.808594	28951.011719
1474.773438	29524.871094
1473.738281	29799.310547
1472.702148	30244.228516
1471.666992	30167.939453
1470.630859	31084.457031
1469.594727	31241.570313
1468.558594	31246.843750
1467.521484	31555.599609
1466.484375	31838.550781
1465.447266	31974.373047
1464.410156	32567.417969
1463.373047	32677.373047
1462.334961	33092.785156
1461.297852	33337.820313
1460.259766	33543.117188
1459.220703	33463.988281
1458.182617	33468.777344
1457.143555	33545.781250
1456.104492	33501.632813
1455.065430	33790.515625
1454.026367	33150.285156
1452.986328	33062.011719
1451.947266	33145.996094
1450.907227	32855.316406
1449.866211	32401.906250
1448.826172	32967.429688
1447.785156	31958.402344
1446.744141	32277.335938
1445.703125	32263.736328
1444.662109	32259.437500
1443.620117	31971.667969
1442.579102	31628.261719
1441.537109	31298.929688
1440.495117	31006.884766
1439.452148	30334.212891
1438.410156	29933.388672
1437.367188	29743.908203
1436.324219	29496.500000
1435.280273	28868.757813
1434.237305	28612.349609
1433.193359	27917.800781
1432.149414	28183.300781
1431.105469	27927.187500
1430.061523	27900.591797
1429.016602	28175.195313
1427.971680	27539.349609
1426.926758	27811.595703
1425.881836	28046.681641
1424.836914	28003.876953
1423.791016	27944.884766
1422.745117	28138.142578
1421.699219	27970.408203
1420.653320	28404.134766
1419.606445	28583.296875
1418.559570	28367.017578
1417.512695	28640.886719
1416.465820	28824.505859
1415.417969	29222.941406
1414.371094	29050.595703
1413.323242	29171.650391
1412.275391	28937.033203
1411.226563	28845.652344
1410.178711	28936.662109
1409.129883	29256.107422
1408.081055	28848.607422
1407.032227	29073.353516
1405.982422	28804.439453
1404.933594	28992.205078
1403.883789	28444.457031
1402.833984	28855.796875
1401.783203	28227.642578
1400.733398	28583.556641
1399.682617	28455.582031
1398.631836	28325.353516
1397.581055	28450.765625
1396.529297	28175.554688
1395.478516	28096.097656
1394.426758	28398.662109
1393.375000	28036.203125
1392.323242	27664.689453
1391.270508	27826.867188
1390.217773	27816.533203
1389.165039	27826.888672
1388.112305	27651.076172
1387.059570	27900.435547
1386.005859	27573.048828
1384.952148	27663.832031
1383.898438	27933.697266
1382.844727	28077.171875
1381.790039	28344.542969
1380.735352	28299.679688
1379.680664	28603.601563
1378.625977	28710.109375
1377.571289	29172.076172
1376.515625	29328.865234
1375.459961	29728.609375
1374.404297	29550.560547
1373.348633	30291.552734
1372.291992	30067.632813
1371.235352	30508.121094
1370.178711	30515.562500
1369.122070	30996.988281
1368.065430	30768.523438
1367.007813	30684.347656
1365.950195	30879.388672
1364.892578	31554.806641
1363.834961	31557.437500
1362.776367	31393.117188
1361.717773	31670.156250
1360.659180	32308.269531
1359.600586	32566.716797
1358.541016	32806.773438
1357.482422	33094.707031
1356.422852	33750.265625
1355.363281	34186.316406
1354.302734	34229.480469
1353.243164	34936.890625
1352.182617	35066.601563
1351.122070	35771.261719
1350.061523	36080.964844
1349.000000	36785.121094
1347.938477	37849.281250
1346.877930	38858.277344
1345.815430	40062.882813
1344.753906	40975.289063
1343.691406	42582.242188
1342.629883	44186.250000
1341.567383	44477.742188
1340.503906	45916.742188
1339.441406	47432.546875
1338.377930	48223.921875
1337.314453	48780.574219
1336.250977	50008.167969
1335.186523	50662.023438
1334.123047	50726.585938
1333.058594	51175.378906
1331.994141	51446.671875
1330.929688	50888.269531
1329.864258	50193.753906
1328.798828	49740.343750
1327.733398	48771.507813
1326.667969	47587.335938
1325.602539	46458.140625
1324.536133	45794.757813
1323.469727	44416.750000
1322.403320	43341.093750
1321.336914	42617.507813
1320.269531	41971.335938
1319.202148	41125.878906
1318.134766	40598.171875
1317.067383	40000.414063
1315.999023	39994.386719
1314.931641	39791.238281
1313.863281	38537.082031
1312.794922	38352.433594
1311.725586	38000.296875
1310.657227	37030.269531
1309.587891	36597.066406
1308.518555	36127.835938
1307.448242	35572.820313
1306.378906	35101.730469
1305.308594	34239.589844
1304.238281	33319.015625
1303.167969	32873.542969
1302.096680	32161.564453
1301.026367	31718.775391
1299.955078	30862.736328
1298.883789	30440.726563
1297.811523	29689.183594
1296.740234	29493.367188
1295.667969	28390.189453
1294.595703	27826.853516
1293.523438	27667.642578
1292.450195	27707.013672
1291.377930	27121.611328
1290.304688	26407.917969
1289.230469	25852.333984
1288.157227	26099.414063
1287.083008	25737.927734
1286.009766	25563.597656
1284.934570	25416.371094
1283.860352	25255.689453
1282.786133	25002.753906
1281.710938	25378.013672
1280.635742	24924.837891
1279.560547	25187.439453
1278.484375	25170.953125
1277.408203	25134.228516
1276.333008	25297.667969
1275.255859	25377.847656
1274.179688	25597.363281
1273.102539	25493.150391
1272.026367	25582.220703
1270.949219	25743.144531
1269.871094	26014.054688
1268.793945	25642.607422
1267.715820	25309.482422
1266.637695	25899.052734
1265.559570	25723.103516
1264.480469	25702.042969
1263.402344	25497.042969
1262.323242	25601.632813
1261.244141	25396.734375
1260.164063	25209.853516
1259.084961	24935.636719
1258.004883	24997.671875
1256.924805	24869.240234
1255.844727	24716.220703
1254.763672	24341.548828
1253.682617	24443.953125
1252.601563	24141.126953
1251.520508	23943.617188
1250.439453	23833.457031
1249.357422	23862.048828
1248.275391	23731.818359
1247.193359	23726.873047
1246.111328	23777.822266
1245.028320	23325.796875
1243.945313	23446.087891
1242.862305	23213.291016
1241.779297	23293.339844
1240.695313	23069.601563
1239.612305	23196.539063
1238.528320	22934.958984
1237.443359	22945.800781
1236.359375	22869.601563
1235.274414	22992.007813
1234.189453	22893.521484
1233.104492	22812.917969
1232.019531	22669.914063
1230.933594	22526.966797
1229.847656	22265.951172
1228.761719	22080.806641
1227.675781	21869.003906
1226.589844	21960.218750
1225.502930	21855.421875
1224.416016	21788.515625
1223.329102	21677.117188
1222.241211	21447.808594
1221.153320	21269.771484
1220.065430	21027.292969
1218.977539	21096.298828
1217.889648	21054.089844
1216.800781	20782.902344
1215.711914	20651.861328
1214.623047	20578.656250
1213.534180	20269.962891
1212.444336	20272.390625
1211.355469	20197.083984
1210.265625	19886.439453
1209.174805	20228.603516
1208.084961	20208.837891
1206.994141	20268.966797
1205.903320	20169.328125
1204.812500	20276.019531
1203.721680	20313.914063
1202.629883	20136.724609
1201.538086	20394.089844
1200.446289	20232.466797
1199.354492	20066.480469
1198.261719	20095.513672
1197.168945	20272.931641
1196.076172	20005.171875
1194.983398	20025.339844
1193.889648	20277.916016
1192.796875	20176.298828
1191.703125	20265.003906
1190.608398	20229.792969
1189.514648	20371.527344
1188.419922	20325.250000
1187.325195	20148.558594
1186.230469	20228.330078
1185.135742	20482.640625
1184.040039	20427.537109
1182.944336	20644.146484
1181.848633	20845.205078
1180.752930	20558.220703
1179.656250	21094.748047
1178.559570	21002.048828
1177.462891	21207.271484
1176.366211	21189.591797
1175.268555	20991.054688
1174.171875	20949.167969
1173.074219	20913.912109
1171.975586	20325.400391
1170.877930	19906.828125
1169.779297	19918.078125
1168.680664	19521.792969
1167.582031	19742.343750
1166.483398	19308.826172
1165.383789	19201.306641
1164.284180	19027.802734
1163.184570	18779.548828
1162.084961	18872.414063
1160.984375	18941.042969
1159.883789	18486.240234
1158.783203	19071.615234
1157.682617	18625.765625
1156.582031	18714.164063
1155.480469	18732.208984
1154.378906	18759.035156
1153.276367	18840.755859
1152.174805	18918.050781
1151.072266	18938.230469
1149.969727	19098.880859
1148.867188	19033.423828
1147.764648	18768.328125
1146.661133	18972.783203
1145.557617	19106.968750
1144.454102	18940.693359
1143.350586	18732.835938
1142.246094	18671.914063
1141.141602	18770.984375
1140.037109	18657.496094
1138.932617	18675.480469
1137.827148	18570.816406
1136.721680	18431.166016
1135.616211	18615.548828
1134.510742	18644.464844
1133.405273	18596.783203
1132.298828	18684.753906
1131.192383	18663.328125
1130.085938	18491.025391
1128.978516	18329.726563
1127.871094	18489.806641
1126.763672	18702.269531
1125.656250	18523.542969
1124.548828	18502.171875
1123.440430	18773.460938
1122.332031	18413.597656
1121.223633	18774.292969
1120.115234	18901.298828
1119.005859	19211.548828
1117.896484	19312.226563
1116.787109	19386.685547
1115.677734	19567.968750
1114.567383	19417.769531
1113.457031	19603.328125
1112.346680	19488.052734
1111.236328	19863.082031
1110.125977	19571.341797
1109.014648	19978.863281
1107.903320	19615.359375
1106.791016	19837.644531
1105.679688	19744.224609
1104.567383	19407.111328
1103.455078	19522.685547
1102.342773	19566.427734
1101.230469	19457.914063
1100.117188	19192.892578
1099.003906	19367.107422
1097.890625	19326.076172
1096.776367	19126.435547
1095.663086	19020.296875
1094.548828	18868.585938
1093.434570	18966.673828
1092.319336	19040.833984
1091.205078	18717.730469
1090.089844	18681.228516
1088.974609	19113.410156
1087.858398	18990.066406
1086.743164	19101.009766
1085.626953	19096.980469
1084.510742	19342.261719
1083.394531	19550.593750
1082.277344	19565.970703
1081.160156	19648.503906
1080.042969	19791.652344
1078.925781	19982.382813
1077.807617	20417.697266
1076.690430	20456.679688
1075.572266	20590.875000
1074.454102	20530.267578
1073.334961	20962.931641
1072.215820	21399.736328
1071.096680	21669.845703
1069.977539	22335.484375
1068.858398	22817.111328
1067.738281	23151.580078
1066.618164	23615.542969
1065.498047	24213.236328
1064.376953	24856.031250
1063.256836	25176.826172
1062.135742	25482.371094
1061.014648	25990.667969
1059.892578	26248.435547
1058.771484	26143.644531
1057.649414	26563.041016
1056.527344	26236.103516
1055.404297	26109.816406
1054.282227	25817.601563
1053.159180	25460.853516
1052.036133	25255.082031
1050.913086	24782.271484
1049.789063	24456.117188
1048.665039	24112.871094
1047.541016	24056.101563
1046.416992	23812.093750
1045.291992	23680.089844
1044.166992	23580.412109
1043.041992	23233.406250
1041.916992	23144.615234
1040.791992	22920.402344
1039.666016	23014.435547
1038.540039	23022.458984
1037.414063	23125.021484
1036.287109	22986.929688
1035.160156	23151.742188
1034.033203	23020.142578
1032.906250	23199.904297
1031.779297	22976.046875
1030.651367	23514.126953
1029.523438	23425.468750
1028.395508	23319.683594
1027.266602	23490.605469
1026.138672	23356.974609
1025.009766	23547.107422
1023.879883	23484.246094
1022.750977	23226.412109
1021.621094	23077.947266
1020.491211	22970.240234
1019.361328	22374.318359
1018.231445	22487.332031
1017.100586	22075.851563
1015.969727	21807.933594
1014.838867	21490.916016
1013.708008	21315.218750
1012.576172	21167.400391
1011.444336	20692.480469
1010.312500	20871.945313
1009.180664	20593.929688
1008.047852	20790.431641
1006.915039	20841.570313
1005.782227	20694.031250
1004.649414	20777.197266
1003.515625	20736.490234
1002.381836	20648.833984
1001.248047	20390.476563
1000.114258	20428.822266
998.979492	20066.085938
997.844727	19880.529297
996.709961	20072.490234
995.575195	19799.599609
994.439453	19597.162109
993.303711	19582.343750
992.167969	19435.431641
991.032227	19657.099609
989.895508	19729.591797
988.758789	19716.882813
987.622070	20053.300781
986.485352	20089.476563
985.348633	20297.996094
984.210938	20074.554688
983.073242	20608.414063
981.934570	20106.423828
980.796875	20499.726563
979.658203	20567.638672
978.519531	20631.269531
977.380859	20418.658203
976.241211	20611.873047
975.101563	20312.275391
973.961914	20380.148438
972.822266	20218.716797
971.681641	20199.556641
970.541992	20269.529297
969.401367	20350.078125
968.259766	20091.212891
967.119141	20235.382813
965.977539	20377.371094
964.835938	19993.595703
963.694336	20309.353516
962.551758	20313.505859
961.409180	20215.968750
960.266602	20237.080078
959.124023	20213.712891
957.980469	20109.904297
956.837891	20490.843750
955.694336	20274.863281
954.549805	20606.939453
953.406250	20350.833984
952.261719	20393.023438
951.117188	20426.734375
949.972656	20361.078125
948.827148	20341.945313
947.681641	20610.185547
946.536133	20660.716797
945.390625	20837.953125
944.245117	20922.199219
943.098633	21462.425781
941.952148	21633.041016
940.804688	21826.794922
939.658203	22389.689453
938.510742	23000.857422
937.363281	24176.958984
936.215820	25124.841797
935.067383	25648.601563
933.919922	27253.332031
932.770508	28214.695313
931.622070	29670.722656
930.473633	31151.400391
929.324219	32437.710938
928.174805	33611.886719
927.025391	34147.773438
925.875000	33662.773438
924.724609	33226.371094
923.574219	32546.138672
922.423828	31062.810547
921.272461	29769.351563
920.122070	28175.830078
918.969727	26702.787109
917.818359	25501.439453
916.666992	24313.208984
915.514648	23295.617188
914.362305	22219.660156
913.208984	21515.775391
912.056641	21378.935547
910.903320	20874.896484
909.750000	20096.210938
908.596680	20595.365234
907.442383	20127.466797
906.288086	19955.417969
905.133789	19980.500000
903.979492	19609.439453
902.824219	19894.421875
901.668945	19751.894531
900.513672	19552.873047
899.358398	19477.490234
898.202148	19215.800781
897.045898	19372.867188
895.889648	19511.031250
894.733398	19316.453125
893.576172	19527.783203
892.419922	19379.294922
891.261719	19477.603516
890.104492	19619.773438
888.946289	19356.400391
887.789063	19323.000000
886.629883	19391.984375
885.471680	19068.251953
884.312500	19158.142578
883.153320	19183.269531
881.994141	19070.613281
880.834961	18976.789063
879.674805	18872.570313
878.514648	18903.990234
877.354492	19006.304688
876.194336	19156.535156
875.033203	19010.667969
873.872070	19279.634766
872.710938	19375.525391
871.548828	19367.205078
870.387695	19452.621094
869.225586	19494.263672
868.063477	19475.509766
866.900391	19388.068359
865.737305	19554.566406
864.574219	19410.962891
863.411133	19248.699219
862.248047	19325.683594
861.083984	19338.171875
859.919922	19458.757813
858.755859	19529.408203
857.590820	19622.884766
856.425781	19851.363281
855.260742	19764.017578
854.095703	19801.308594
852.930664	19859.345703
851.764648	19863.384766
850.598633	19884.023438
849.431641	19917.103516
848.265625	19827.771484
847.098633	20350.316406
845.931641	20107.482422
844.764648	20517.791016
843.596680	20357.931641
842.428711	20432.302734
841.260742	20566.722656
840.092773	20313.742188
838.923828	20692.494141
837.754883	20538.972656
836.585938	20433.128906
835.416992	20474.265625
834.247070	20372.615234
833.077148	20643.371094
831.907227	20496.224609
830.737305	20828.867188
829.566406	20737.558594
828.395508	20423.062500
827.224609	20736.906250
826.052734	20790.292969
824.881836	20915.951172
823.709961	20843.302734
822.537109	20950.310547
821.365234	20528.826172
820.192383	20611.087891
819.019531	20666.490234
817.846680	20076.175781
816.672852	20300.789063
815.500000	20044.851563
814.326172	20246.693359
813.151367	20502.037109
811.977539	20697.507813
810.802734	20495.267578
809.627930	20793.644531
808.453125	21093.949219
807.277344	21285.001953
806.101563	21465.679688
804.925781	21415.777344
803.750000	21530.503906
802.573242	22099.804688
801.396484	22016.888672
800.219727	22289.736328
799.042969	22735.154297
797.865234	22921.402344
796.687500	23442.519531
795.509766	23640.859375
794.331055	23683.003906
793.153320	23712.808594
791.974609	23469.529297
790.795898	23168.878906
789.616211	22808.839844
788.436523	22531.027344
787.256836	22351.800781
786.077148	21850.652344
784.896484	21284.103516
783.716797	21105.255859
782.536133	21158.089844
781.354492	20715.003906
780.173828	21052.667969
778.992188	20949.806641
777.810547	20674.970703
776.627930	20682.791016
775.446289	20856.410156
774.263672	20634.976563
773.081055	20610.058594
771.897461	20677.205078
770.714844	20599.113281
769.531250	20596.707031
768.347656	20541.150391
767.163086	20988.406250
765.978516	20953.220703
764.794922	21012.025391
763.609375	21322.035156
762.424805	21297.005859
761.239258	21451.650391
760.053711	21320.458984
758.868164	21719.921875
757.681641	21715.226563
756.495117	21879.841797
755.308594	22521.615234
754.122070	22614.617188
752.934570	22670.884766
751.747070	23134.748047
750.559570	23298.873047
749.372070	23786.845703
748.183594	24282.751953
746.995117	25085.933594
745.806641	26112.716797
744.618164	26953.826172
743.428711	27503.558594
742.239258	29074.417969
741.049805	30369.986328
739.859375	31848.027344
738.669922	33471.820313
737.479492	35062.382813
736.288086	36400.238281
735.097656	37804.566406
733.906250	38334.730469
732.714844	38631.089844
731.522461	37820.617188
730.331055	36157.816406
729.138672	34444.984375
727.946289	32308.767578
726.752930	30076.085938
725.560547	28385.964844
724.367188	27211.685547
723.173828	26025.748047
721.979492	25407.916016
720.785156	24847.097656
719.590820	24529.669922
718.396484	24186.042969
717.202148	24233.457031
716.006836	24045.958984
714.811523	23955.714844
713.616211	24067.914063
712.419922	24208.392578
711.223633	24749.396484
710.027344	24879.548828
708.831055	25052.113281
707.633789	25368.150391
706.436523	25306.044922
705.239258	25876.529297
704.041016	26658.921875
702.843750	26449.105469
701.645508	26819.019531
700.446289	26847.523438
699.248047	27348.408203
698.048828	27725.953125
696.849609	27742.128906
695.650391	28056.880859
694.450195	28563.111328
693.250000	28994.505859
692.049805	29627.326172
690.849609	30517.880859
689.648438	30751.068359
688.447266	30931.765625
687.246094	31662.312500
686.044922	32497.267578
684.842773	32856.664063
683.640625	33282.335938
682.438477	33738.007813
681.235352	33575.734375
680.032227	33868.187500
678.829102	33378.101563
677.625977	32970.671875
676.421875	32300.050781
675.218750	32065.892578
674.013672	31876.044922
672.809570	31467.281250
671.604492	31392.136719
670.399414	31116.197266
669.194336	31223.873047
667.989258	31044.441406
666.783203	31238.380859
665.577148	31524.535156
664.371094	31479.556641
663.164063	31304.228516
661.957031	31874.914063
660.750000	31515.132813
659.542969	31193.587891
658.334961	30595.642578
657.126953	30811.363281
655.918945	30692.482422
654.710938	30305.302734
653.501953	29650.000000
652.292969	29091.062500
651.083984	29058.707031
649.874023	28300.054688
648.665039	27929.810547
647.455078	27251.730469
646.244141	26965.853516
645.034180	26424.212891
643.823242	26154.626953
642.612305	25701.320313
641.400391	25519.908203
640.189453	24949.089844
638.977539	24959.623047
637.764648	24734.564453
636.552734	24523.576172
635.339844	24312.675781
634.126953	24644.558594
632.914063	24619.234375
631.700195	24749.474609
630.486328	25021.222656
629.272461	25183.212891
628.058594	24968.449219
626.843750	25212.070313
625.628906	25003.369141
624.414063	24661.310547
623.199219	25028.292969
621.983398	24409.650391
620.767578	24682.976563
619.551758	24299.492188
618.334961	24463.292969
617.118164	24336.615234
615.901367	23949.474609
614.684570	23653.960938
613.466797	23797.876953
612.249023	23605.865234
611.031250	23163.582031
609.812500	23339.289063
608.594727	23240.843750
607.375977	23478.009766
606.156250	23147.304688
604.937500	23156.136719
603.717773	23151.074219
602.498047	23197.591797
601.278320	23051.693359
600.057617	23294.529297
598.836914	22930.585938
597.616211	22497.423828
596.394531	22567.808594
595.173828	22535.132813
593.952148	22637.166016
592.729492	22307.423828
591.507813	22415.402344
590.285156	22553.023438
589.062500	21898.935547
587.838867	22161.263672
586.616211	22112.890625
585.392578	22321.652344
584.168945	22650.943359
582.944336	22638.074219
581.719727	22941.453125
580.495117	22655.824219
579.270508	22856.330078
578.044922	23191.060547
576.820313	23432.828125
575.593750	23550.103516
574.368164	23071.201172
573.141602	23241.785156
571.915039	23432.023438
570.688477	23667.548828
569.461914	23944.382813
568.234375	23745.902344
567.006836	23620.445313
565.778320	23510.806641
564.550781	23416.980469
563.322266	23782.210938
562.093750	23987.742188
560.864258	23578.800781
559.635742	23762.626953
558.406250	23777.097656
557.175781	23665.615234
555.946289	23766.664063
554.715820	24072.236328
553.485352	23852.595703
552.254883	23739.222656
551.023438	23897.166016
549.791992	23439.904297
548.560547	23878.814453
547.328125	23459.080078
546.095703	23489.279297
544.863281	23539.101563
543.630859	23406.328125
542.398438	23491.470703
541.165039	23808.121094
539.931641	23732.265625
538.697266	24058.527344
537.462891	23747.330078
536.228516	23683.294922
534.994141	24060.312500
533.759766	24162.806641
532.524414	24490.566406
531.289063	24193.318359
530.052734	24507.216797
528.817383	24764.195313
527.581055	25420.392578
526.344727	25164.294922
525.107422	25835.765625
523.870117	26884.492188
522.632813	27866.257813
521.395508	29508.505859
520.157227	29118.843750
518.918945	28004.230469
517.680664	26227.669922
516.442383	25299.775391
515.203125	24557.843750
513.963867	24197.031250
512.724609	24119.466797
511.484375	23995.089844
510.245117	24317.658203
509.003906	24154.267578
507.763672	24287.443359
506.522461	24358.154297
505.281250	24362.537109
504.040039	24244.109375
502.798828	24077.007813
501.556641	24200.304688
