1802.298828	14558.781250
1801.329102	14920.877930
1800.360352	14668.225586
1799.390625	14757.656250
1798.420898	14844.553711
1797.451172	14604.541992
1796.481445	14521.792969
1795.510742	14366.743164
1794.540039	14264.123047
1793.570313	14326.096680
1792.598633	14490.246094
1791.627930	14768.972656
1790.657227	14696.251953
1789.685547	14329.592773
1788.713867	14289.367188
1787.742188	14555.456055
1786.769531	14624.748047
1785.797852	14776.157227
1784.825195	15161.447266
1783.852539	15327.615234
1782.879883	15496.205078
1781.907227	15328.946289
1780.933594	15524.820313
1779.960938	15631.110352
1778.987305	15714.984375
1778.013672	15985.218750
1777.039063	15554.640625
1776.065430	15285.710938
1775.090820	15374.550781
1774.116211	15346.641602
1773.141602	15348.535156
1772.166992	15454.682617
1771.191406	15714.658203
1770.216797	16304.540039
1769.241211	16085.446289
1768.265625	16506.355469
1767.289063	16584.882813
1766.313477	16760.072266
1765.336914	16719.533203
1764.360352	16986.320313
1763.383789	16866.458984
1762.407227	17110.812500
1761.429688	17097.476563
1760.453125	16757.271484
1759.475586	17162.425781
1758.498047	17196.115234
1757.519531	17853.449219
1756.541992	17916.679688
1755.563477	18170.367188
1754.584961	18255.765625
1753.606445	18125.990234
1752.627930	17652.609375
1751.648438	17545.251953
1750.668945	17630.703125
1749.689453	17646.933594
1748.709961	17994.187500
1747.730469	18077.025391
1746.750977	17579.523438
1745.770508	17610.560547
1744.790039	16970.183594
1743.809570	17129.660156
1742.828125	17390.236328
1741.847656	17394.146484
1740.866211	17148.947266
1739.884766	17480.871094
1738.903320	17294.921875
1737.921875	17471.390625
1736.939453	17283.050781
1735.957031	17062.755859
1734.975586	16963.255859
1733.992188	17353.921875
1733.009766	17522.808594
1732.026367	17361.724609
1731.043945	17328.701172
1730.060547	17239.085938
1729.077148	16765.673828
1728.092773	16895.144531
1727.109375	16967.994141
1726.125000	17156.386719
1725.140625	17597.927734
1724.156250	17800.865234
1723.170898	17679.328125
1722.186523	17899.363281
1721.201172	17699.244141
1720.215820	17381.314453
1719.230469	17259.955078
1718.245117	17168.105469
1717.258789	17346.291016
1716.272461	17440.964844
1715.286133	17638.650391
1714.299805	17752.851563
1713.313477	18041.136719
1712.326172	18248.388672
1711.338867	18568.328125
1710.351563	18596.457031
1709.364258	18769.158203
1708.376953	18726.181641
1707.388672	18795.902344
1706.400391	18806.816406
1705.412109	19062.585938
1704.423828	19423.523438
1703.434570	19475.910156
1702.446289	20034.833984
1701.457031	20539.707031
1700.467773	20437.726563
1699.478516	20898.289063
1698.488281	20842.734375
1697.499023	21281.025391
1696.508789	21215.636719
1695.518555	21489.947266
1694.527344	21273.058594
1693.537109	22218.994141
1692.545898	22622.371094
1691.554688	22754.550781
1690.563477	22881.794922
1689.572266	22874.744141
1688.580078	23114.160156
1687.588867	23338.841797
1686.596680	23504.888672
1685.604492	23644.041016
1684.611328	23651.466797
1683.619141	23632.072266
1682.625977	23332.394531
1681.632813	23393.484375
1680.639648	23344.914063
1679.646484	23710.455078
1678.652344	23720.287109
1677.658203	23881.074219
1676.664063	24163.513672
1675.669922	23715.673828
1674.675781	23959.095703
1673.680664	23664.748047
1672.686523	23895.917969
1671.691406	24139.152344
1670.695313	23905.728516
1669.700195	23786.650391
1668.704102	23431.867188
1667.708984	23446.578125
1666.712891	23298.509766
1665.715820	23225.794922
1664.719727	23347.388672
1663.722656	23180.000000
1662.725586	23131.625000
1661.728516	22974.052734
1660.731445	22547.201172
1659.734375	22782.824219
1658.736328	22797.626953
1657.738281	22788.173828
1656.740234	23329.095703
1655.742188	23191.060547
1654.743164	23293.013672
1653.745117	23629.962891
1652.746094	23223.037109
1651.747070	23138.416016
1650.747070	23005.394531
1649.748047	22753.789063
1648.748047	23063.875000
1647.748047	23565.025391
1646.748047	23669.146484
1645.748047	23337.773438
1644.747070	23183.095703
1643.746094	23062.335938
1642.745117	23536.378906
1641.744141	23621.056641
1640.743164	23285.187500
1639.741211	23229.738281
1638.739258	23290.265625
1637.737305	23563.308594
1636.735352	23469.195313
1635.733398	23708.291016
1634.730469	23336.597656
1633.727539	23314.982422
1632.724609	23257.181641
1631.721680	23438.224609
1630.718750	23197.121094
1629.714844	23180.369141
1628.710938	23301.042969
1627.707031	23956.769531
1626.703125	24190.500000
1625.698242	24161.507813
1624.693359	24236.109375
1623.688477	24139.681641
1622.683594	24373.179688
1621.678711	24125.089844
1620.672852	23402.927734
1619.667969	23362.089844
1618.662109	23155.255859
1617.656250	23468.089844
1616.649414	23990.035156
1615.643555	23581.212891
1614.636719	23759.140625
1613.629883	24174.949219
1612.623047	24383.921875
1611.615234	24588.003906
1610.607422	24940.933594
1609.600586	24878.238281
1608.592773	25266.978516
1607.583984	25004.988281
1606.576172	24853.509766
1605.567383	25126.830078
1604.558594	25450.421875
1603.549805	26085.708984
1602.541016	25823.810547
1601.531250	26199.808594
1600.522461	26112.988281
1599.512695	26637.371094
1598.502930	26114.375000
1597.492188	26700.832031
1596.482422	27291.837891
1595.471680	27473.093750
1594.460938	27182.595703
1593.450195	28148.970703
1592.438477	27865.628906
1591.427734	28379.222656
1590.416016	28722.746094
1589.404297	28456.199219
1588.392578	28058.232422
1587.379883	28167.298828
1586.367188	28610.978516
1585.355469	28650.576172
1584.341797	28403.423828
1583.329102	28354.652344
1582.316406	28654.617188
1581.302734	28598.648438
1580.289063	28829.201172
1579.275391	28992.822266
1578.260742	28932.041016
1577.247070	28737.664063
1576.232422	29051.490234
1575.217773	28780.839844
1574.203125	28634.298828
1573.188477	28628.478516
1572.172852	28837.183594
1571.157227	28967.160156
1570.141602	29187.623047
1569.125977	29100.695313
1568.109375	28870.898438
1567.093750	28841.212891
1566.077148	28944.861328
1565.060547	29379.318359
1564.042969	29225.796875
1563.026367	29374.503906
1562.008789	29423.240234
1560.991211	29091.423828
1559.973633	29646.669922
1558.956055	29538.412109
1557.937500	29451.587891
1556.918945	29393.312500
1555.900391	29594.031250
1554.881836	29903.935547
1553.862305	29624.732422
1552.843750	29744.544922
1551.824219	29831.072266
1550.804688	29528.314453
1549.785156	29873.503906
1548.764648	29497.308594
1547.744141	29249.355469
1546.723633	29608.613281
1545.703125	29974.837891
1544.682617	29757.750000
1543.661133	29929.443359
1542.640625	30153.197266
1541.619141	30004.904297
1540.596680	30292.500000
1539.575195	30658.126953
1538.552734	30926.529297
1537.531250	31246.896484
1536.507813	31008.589844
1535.485352	31499.173828
1534.462891	31258.542969
1533.439453	31439.025391
1532.416016	31959.958984
1531.392578	31863.599609
1530.369141	31807.460938
1529.344727	31685.169922
1528.320313	31499.128906
1527.295898	31839.970703
1526.271484	31370.546875
1525.247070	31430.265625
1524.221680	31641.056641
1523.196289	31783.306641
1522.170898	31755.580078
1521.145508	31395.177734
1520.119141	31518.515625
1519.093750	31500.289063
1518.067383	31592.894531
1517.041016	31619.451172
1516.013672	31504.570313
1514.987305	31787.996094
1513.959961	31986.486328
1512.932617	31831.548828
1511.905273	32321.984375
1510.876953	32616.779297
1509.849609	32902.035156
1508.821289	32930.617188
1507.792969	33702.804688
1506.764648	33524.167969
1505.735352	33985.417969
1504.706055	34545.250000
1503.677734	34223.117188
1502.647461	34996.593750
1501.618164	34754.406250
1500.587891	35078.632813
1499.558594	35144.292969
1498.528320	35031.406250
1497.497070	34852.808594
1496.466797	34582.714844
1495.435547	34725.878906
1494.405273	34024.070313
1493.373047	33927.945313
1492.341797	33658.253906
1491.310547	33494.214844
1490.278320	33513.160156
1489.246094	32706.804688
1488.213867	32383.658203
1487.180664	31985.648438
1486.148438	31728.386719
1485.115234	31860.111328
1484.082031	31574.871094
1483.048828	31641.000000
1482.014648	31629.839844
1480.981445	31625.705078
1479.947266	31701.138672
1478.913086	31933.304688
1477.877930	32010.980469
1476.843750	31868.773438
1475.808594	32423.449219
1474.773438	32498.632813
1473.738281	33408.230469
1472.702148	33889.800781
1471.666992	34006.687500
1470.630859	34280.035156
1469.594727	34964.308594
1468.558594	35671.648438
1467.521484	36049.535156
1466.484375	36560.300781
1465.447266	36930.843750
1464.410156	37819.175781
1463.373047	38518.199219
1462.334961	38794.820313
1461.297852	39654.238281
1460.259766	39907.195313
1459.220703	40616.863281
1458.182617	41270.312500
1457.143555	41399.300781
1456.104492	42629.972656
1455.065430	42614.242188
1454.026367	43110.738281
1452.986328	43621.000000
1451.947266	43791.253906
1450.907227	44412.847656
1449.866211	45178.417969
1448.826172	46360.011719
1447.785156	46424.910156
1446.744141	47119.843750
1445.703125	47423.972656
1444.662109	47467.691406
1443.620117	47174.476563
1442.579102	47106.710938
1441.537109	46126.207031
1440.495117	45508.343750
1439.452148	44818.765625
1438.410156	43727.910156
1437.367188	42992.562500
1436.324219	41976.769531
1435.280273	41390.539063
1434.237305	40753.523438
1433.193359	40311.542969
1432.149414	39783.964844
1431.105469	39386.398438
1430.061523	38968.136719
1429.016602	38079.722656
1427.971680	38210.878906
1426.926758	37846.375000
1425.881836	37681.144531
1424.836914	36856.222656
1423.791016	36918.078125
1422.745117	36443.058594
1421.699219	36153.316406
1420.653320	35953.898438
1419.606445	35527.925781
1418.559570	35791.132813
1417.512695	35115.714844
1416.465820	35330.359375
1415.417969	35094.332031
1414.371094	34858.402344
1413.323242	34881.257813
1412.275391	35340.542969
1411.226563	35143.949219
1410.178711	34862.031250
1409.129883	34951.781250
1408.081055	34810.761719
1407.032227	34990.449219
1405.982422	34646.511719
1404.933594	34657.824219
1403.883789	34726.769531
1402.833984	34249.402344
1401.783203	34157.082031
1400.733398	34041.757813
1399.682617	33458.863281
1398.631836	33516.453125
1397.581055	33207.910156
1396.529297	33348.402344
1395.478516	33040.015625
1394.426758	32653.513672
1393.375000	32557.056641
1392.323242	32633.154297
1391.270508	32598.830078
1390.217773	32086.271484
1389.165039	32431.371094
1388.112305	31838.613281
1387.059570	32181.320313
1386.005859	32206.847656
1384.952148	32046.312500
1383.898438	32480.617188
1382.844727	32485.396484
1381.790039	33114.542969
1380.735352	33495.566406
1379.680664	33651.566406
1378.625977	33835.031250
1377.571289	34169.792969
1376.515625	34018.273438
1375.459961	34329.929688
1374.404297	34270.125000
1373.348633	34808.472656
1372.291992	34503.429688
1371.235352	34679.562500
1370.178711	34512.085938
1369.122070	34527.855469
1368.065430	34816.050781
1367.007813	34678.394531
1365.950195	35019.066406
1364.892578	35032.425781
1363.834961	35029.761719
1362.776367	35324.406250
1361.717773	35166.199219
1360.659180	35588.703125
1359.600586	35665.914063
1358.541016	35923.613281
1357.482422	36265.730469
1356.422852	36646.539063
1355.363281	37079.707031
1354.302734	37327.757813
1353.243164	37767.453125
1352.182617	38578.968750
1351.122070	38634.882813
1350.061523	39172.121094
1349.000000	39554.042969
1347.938477	40227.687500
1346.877930	40907.890625
1345.815430	41715.457031
1344.753906	42570.542969
1343.691406	43008.316406
1342.629883	43849.109375
1341.567383	44004.015625
1340.503906	45015.031250
1339.441406	45645.433594
1338.377930	46489.527344
1337.314453	47269.550781
1336.250977	47289.343750
1335.186523	47911.917969
1334.123047	48243.132813
1333.058594	48471.886719
1331.994141	48741.464844
1330.929688	48397.265625
1329.864258	47850.968750
1328.798828	47997.816406
1327.733398	47469.996094
1326.667969	45977.246094
1325.602539	45193.492188
1324.536133	44571.234375
1323.469727	43542.984375
1322.403320	43202.679688
1321.336914	42649.269531
1320.269531	42057.523438
1319.202148	41073.722656
1318.134766	41058.406250
1317.067383	40968.292969
1315.999023	40730.910156
1314.931641	40457.371094
1313.863281	40328.921875
1312.794922	40023.871094
1311.725586	40285.027344
1310.657227	40629.835938
1309.587891	40225.312500
1308.518555	39992.937500
1307.448242	40122.648438
1306.378906	39985.390625
1305.308594	39823.308594
1304.238281	39464.582031
1303.167969	38959.062500
1302.096680	38865.089844
1301.026367	38240.136719
1299.955078	37547.667969
1298.883789	37413.382813
1297.811523	37157.210938
1296.740234	36361.531250
1295.667969	35349.476563
1294.595703	35294.742188
1293.523438	34888.035156
1292.450195	34923.652344
1291.377930	34853.246094
1290.304688	34108.628906
1289.230469	33921.183594
1288.157227	33625.621094
1287.083008	33776.382813
1286.009766	34129.859375
1284.934570	34429.125000
1283.860352	34280.082031
1282.786133	34673.757813
1281.710938	34680.058594
1280.635742	35222.031250
1279.560547	35925.800781
1278.484375	36143.312500
1277.408203	36936.566406
1276.333008	37551.824219
1275.255859	37903.761719
1274.179688	38617.468750
1273.102539	39027.464844
1272.026367	39356.398438
1270.949219	39193.199219
1269.871094	39524.203125
1268.793945	39394.718750
1267.715820	39170.988281
1266.637695	38437.804688
1265.559570	38173.964844
1264.480469	37519.824219
1263.402344	37224.875000
1262.323242	36151.792969
1261.244141	35724.949219
1260.164063	35226.539063
1259.084961	34728.335938
1258.004883	33939.019531
1256.924805	33743.750000
1255.844727	32697.359375
1254.763672	32858.515625
1253.682617	32665.826172
1252.601563	32273.980469
1251.520508	31826.343750
1250.439453	31996.488281
1249.357422	31374.589844
1248.275391	31296.474609
1247.193359	30860.587891
1246.111328	30740.128906
1245.028320	30543.718750
1243.945313	30041.208984
1242.862305	30336.589844
1241.779297	30126.976563
1240.695313	29658.365234
1239.612305	29518.199219
1238.528320	29534.369141
1237.443359	29443.390625
1236.359375	29336.826172
1235.274414	29270.464844
1234.189453	29442.814453
1233.104492	29153.433594
1232.019531	28850.792969
1230.933594	28994.134766
1229.847656	29173.076172
1228.761719	28988.718750
1227.675781	29131.937500
1226.589844	28669.234375
1225.502930	29233.351563
1224.416016	29084.751953
1223.329102	28720.289063
1222.241211	28903.464844
1221.153320	28590.365234
1220.065430	28947.009766
1218.977539	28667.390625
1217.889648	28752.576172
1216.800781	28735.453125
1215.711914	28687.216797
1214.623047	28796.783203
1213.534180	28817.429688
1212.444336	28331.587891
1211.355469	28598.839844
1210.265625	28726.091797
1209.174805	28633.507813
1208.084961	28629.742188
1206.994141	28905.578125
1205.903320	28899.535156
1204.812500	28614.007813
1203.721680	28497.140625
1202.629883	28398.058594
1201.538086	28405.419922
1200.446289	28111.361328
1199.354492	28349.222656
1198.261719	27802.744141
1197.168945	27794.712891
1196.076172	27501.021484
1194.983398	28037.689453
1193.889648	27980.912109
1192.796875	28118.904297
1191.703125	28177.183594
1190.608398	28124.832031
1189.514648	28293.666016
1188.419922	28687.966797
1187.325195	28235.394531
1186.230469	28779.837891
1185.135742	28199.263672
1184.040039	28906.974609
1182.944336	28660.154297
1181.848633	28872.783203
1180.752930	28506.839844
1179.656250	28858.482422
1178.559570	28291.851563
1177.462891	28402.871094
1176.366211	28174.103516
1175.268555	27938.814453
1174.171875	28250.503906
1173.074219	27898.443359
1171.975586	27522.281250
1170.877930	27542.957031
1169.779297	27407.187500
1168.680664	27430.078125
1167.582031	26981.644531
1166.483398	27160.949219
1165.383789	26807.419922
1164.284180	27374.062500
1163.184570	27174.671875
1162.084961	27360.380859
1160.984375	27471.220703
1159.883789	27095.998047
1158.783203	27184.857422
1157.682617	27319.839844
1156.582031	27489.931641
1155.480469	27956.587891
1154.378906	27878.222656
1153.276367	27995.369141
1152.174805	28534.087891
1151.072266	29259.193359
1149.969727	29834.730469
1148.867188	30065.478516
1147.764648	30816.128906
1146.661133	31478.718750
1145.557617	31980.923828
1144.454102	32221.984375
1143.350586	32346.751953
1142.246094	32107.625000
1141.141602	31848.876953
1140.037109	31572.707031
1138.932617	31099.513672
1137.827148	30727.255859
1136.721680	30129.634766
1135.616211	30081.710938
1134.510742	29234.976563
1133.405273	29408.255859
1132.298828	29104.552734
1131.192383	28895.023438
1130.085938	28705.261719
1128.978516	28456.548828
1127.871094	28216.683594
1126.763672	28440.210938
1125.656250	28148.007813
1124.548828	28528.732422
1123.440430	28479.050781
1122.332031	28464.324219
1121.223633	28574.037109
1120.115234	28513.460938
1119.005859	28455.087891
1117.896484	28911.615234
1116.787109	28672.140625
1115.677734	29073.906250
1114.567383	29444.978516
1113.457031	30053.496094
1112.346680	30727.136719
1111.236328	30960.347656
1110.125977	31995.134766
1109.014648	32169.171875
1107.903320	32776.464844
1106.791016	33799.324219
1105.679688	34131.757813
1104.567383	34768.714844
1103.455078	34935.449219
1102.342773	35306.582031
1101.230469	35025.117188
1100.117188	35206.902344
1099.003906	34964.703125
1097.890625	34748.683594
1096.776367	34448.011719
1095.663086	33708.613281
1094.548828	33234.515625
1093.434570	32298.068359
1092.319336	31720.250000
1091.205078	31149.185547
1090.089844	30402.572266
1088.974609	29636.744141
1087.858398	29027.425781
1086.743164	28628.742188
1085.626953	28605.355469
1084.510742	28087.687500
1083.394531	27979.890625
1082.277344	27906.808594
1081.160156	28117.574219
1080.042969	27845.210938
1078.925781	27835.001953
1077.807617	27738.187500
1076.690430	27353.503906
1075.572266	27492.736328
1074.454102	27727.113281
1073.334961	27403.246094
1072.215820	27609.421875
1071.096680	27586.291016
1069.977539	27846.388672
1068.858398	28212.291016
1067.738281	28657.994141
1066.618164	28721.080078
1065.498047	28591.882813
1064.376953	28743.498047
1063.256836	29184.388672
1062.135742	29448.070313
1061.014648	29292.919922
1059.892578	29692.410156
1058.771484	29675.345703
1057.649414	29641.031250
1056.527344	29703.771484
1055.404297	30035.992188
1054.282227	29747.257813
1053.159180	29622.433594
1052.036133	29553.681641
1050.913086	29310.464844
1049.789063	29250.419922
1048.665039	29265.765625
1047.541016	28934.490234
1046.416992	28682.994141
1045.291992	28928.703125
1044.166992	28490.130859
1043.041992	28163.595703
1041.916992	28142.580078
1040.791992	28091.468750
1039.666016	27823.261719
1038.540039	27886.146484
1037.414063	27835.117188
1036.287109	27500.531250
1035.160156	27492.560547
1034.033203	27317.091797
1032.906250	27517.414063
1031.779297	27507.291016
1030.651367	27402.746094
1029.523438	27804.601563
1028.395508	27627.099609
1027.266602	27683.441406
1026.138672	27536.056641
1025.009766	27881.798828
1023.879883	27796.585938
1022.750977	27878.550781
1021.621094	27859.787109
1020.491211	27890.292969
1019.361328	27959.332031
1018.231445	28293.830078
1017.100586	27996.708984
1015.969727	27982.210938
1014.838867	27777.287109
1013.708008	27784.230469
1012.576172	27675.675781
1011.444336	28131.679688
1010.312500	27999.578125
1009.180664	27893.177734
1008.047852	28026.162109
1006.915039	28007.394531
1005.782227	28347.490234
1004.649414	28243.236328
1003.515625	28529.753906
1002.381836	28273.939453
1001.248047	28208.177734
1000.114258	28010.148438
998.979492	27748.201172
997.844727	27563.146484
996.709961	27401.625000
995.575195	27139.968750
994.439453	27185.361328
993.303711	27009.099609
992.167969	26960.750000
991.032227	26839.992188
989.895508	27132.449219
988.758789	27081.968750
987.622070	26888.878906
986.485352	26874.650391
985.348633	26534.857422
984.210938	26867.480469
983.073242	26825.609375
981.934570	26841.171875
980.796875	26716.402344
979.658203	26753.234375
978.519531	26985.564453
977.380859	27432.392578
976.241211	27301.224609
975.101563	27435.589844
973.961914	27429.753906
972.822266	27867.607422
971.681641	28050.578125
970.541992	28269.542969
969.401367	28628.435547
968.259766	28768.699219
967.119141	28739.250000
965.977539	28747.972656
964.835938	28727.013672
963.694336	28985.812500
962.551758	29113.128906
961.409180	28746.798828
960.266602	28679.255859
959.124023	28245.412109
957.980469	28186.468750
956.837891	28326.511719
955.694336	27992.472656
954.549805	27751.666016
953.406250	27637.875000
952.261719	27549.507813
951.117188	27239.169922
949.972656	27165.720703
948.827148	27121.888672
947.681641	27272.468750
946.536133	27207.503906
945.390625	27336.876953
944.245117	27521.095703
943.098633	27770.683594
941.952148	28022.271484
940.804688	28056.390625
939.658203	28761.423828
938.510742	29172.949219
937.363281	30079.900391
936.215820	30368.671875
935.067383	31300.273438
933.919922	32768.910156
932.770508	33802.851563
931.622070	35118.640625
930.473633	36545.500000
929.324219	37862.246094
928.174805	38445.765625
927.025391	39313.195313
925.875000	39732.003906
924.724609	39761.394531
923.574219	39096.593750
922.423828	38026.179688
921.272461	37313.667969
920.122070	35640.753906
918.969727	34424.632813
917.818359	33324.597656
916.666992	31823.769531
915.514648	30791.970703
914.362305	29934.906250
913.208984	29449.822266
912.056641	28979.634766
910.903320	28421.505859
909.750000	28069.232422
908.596680	27601.734375
907.442383	27264.464844
906.288086	27002.824219
905.133789	27068.326172
903.979492	27016.425781
902.824219	26834.628906
901.668945	26921.070313
900.513672	26992.810547
899.358398	26754.587891
898.202148	27008.478516
897.045898	26856.173828
895.889648	26762.529297
894.733398	26790.279297
893.576172	26558.623047
892.419922	26776.722656
891.261719	26373.701172
890.104492	26704.632813
888.946289	26475.275391
887.789063	26557.371094
886.629883	26206.964844
885.471680	26485.423828
884.312500	26250.037109
883.153320	26603.527344
881.994141	26416.222656
880.834961	26600.478516
879.674805	26206.687500
878.514648	26507.724609
877.354492	26547.927734
876.194336	26661.093750
875.033203	26315.568359
873.872070	26928.960938
872.710938	26750.228516
871.548828	26746.578125
870.387695	26776.253906
869.225586	26578.921875
868.063477	26939.664063
866.900391	26713.236328
865.737305	26772.023438
864.574219	26472.900391
863.411133	26500.505859
862.248047	26434.505859
861.083984	26601.423828
859.919922	26475.136719
858.755859	26244.980469
857.590820	26692.359375
856.425781	26528.734375
855.260742	26965.472656
854.095703	27055.210938
852.930664	26814.787109
851.764648	27163.992188
850.598633	27118.728516
849.431641	26876.365234
848.265625	26999.210938
847.098633	27460.066406
845.931641	27673.968750
844.764648	27477.294922
843.596680	27402.994141
842.428711	28054.007813
841.260742	27813.867188
840.092773	27617.326172
838.923828	27845.404297
837.754883	27632.373047
836.585938	27713.375000
835.416992	27883.330078
834.247070	27984.931641
833.077148	27705.849609
831.907227	27803.302734
830.737305	27997.900391
829.566406	28053.900391
828.395508	28219.419922
827.224609	28126.558594
826.052734	28223.808594
824.881836	28539.966797
823.709961	28100.150391
822.537109	27825.695313
821.365234	27834.158203
820.192383	27522.726563
819.019531	27281.582031
817.846680	27050.853516
816.672852	27088.341797
815.500000	26764.960938
814.326172	26647.873047
813.151367	26798.781250
811.977539	26739.433594
810.802734	26865.531250
809.627930	26841.207031
808.453125	27210.226563
807.277344	27270.251953
806.101563	27134.693359
804.925781	27079.455078
803.750000	26946.050781
802.573242	27061.615234
801.396484	27113.371094
800.219727	27158.933594
799.042969	27358.660156
797.865234	27455.531250
796.687500	27523.589844
795.509766	27583.398438
794.331055	27285.779297
793.153320	27700.880859
791.974609	27551.187500
790.795898	27038.226563
789.616211	27239.673828
788.436523	26726.998047
787.256836	27271.001953
786.077148	26664.195313
784.896484	26726.107422
783.716797	26587.087891
782.536133	27099.900391
781.354492	26569.466797
780.173828	26744.019531
778.992188	26984.039063
777.810547	26918.828125
776.627930	26884.351563
775.446289	26403.654297
774.263672	27181.767578
773.081055	27169.757813
771.897461	27221.167969
770.714844	27217.333984
769.531250	27150.113281
768.347656	27863.841797
767.163086	27739.277344
765.978516	27886.541016
764.794922	28054.167969
763.609375	28119.593750
762.424805	28080.843750
761.239258	28550.480469
760.053711	28762.718750
758.868164	29211.591797
757.681641	29268.527344
756.495117	30116.912109
755.308594	30291.910156
754.122070	31015.324219
752.934570	31701.728516
751.747070	32995.195313
750.559570	34530.582031
749.372070	35735.273438
748.183594	37900.808594
746.995117	41069.332031
745.806641	43479.117188
744.618164	46614.527344
743.428711	48987.468750
742.239258	50384.808594
741.049805	51612.703125
739.859375	51526.285156
738.669922	51305.699219
737.479492	49747.601563
736.288086	48196.273438
735.097656	46517.597656
733.906250	45119.996094
732.714844	44407.472656
731.522461	43859.734375
730.331055	43385.316406
729.138672	43684.441406
727.946289	43683.093750
726.752930	43180.609375
725.560547	43294.988281
724.367188	42202.652344
723.173828	41224.332031
721.979492	40544.417969
720.785156	39129.113281
719.590820	37870.437500
718.396484	36488.734375
717.202148	35429.660156
716.006836	34832.722656
714.811523	34148.992188
713.616211	33623.429688
712.419922	33183.082031
711.223633	32510.263672
710.027344	32626.595703
708.831055	31929.916016
707.633789	31680.365234
706.436523	31782.646484
705.239258	31533.232422
704.041016	31415.257813
702.843750	31153.906250
701.645508	30743.212891
700.446289	30472.019531
699.248047	30639.017578
698.048828	31163.189453
696.849609	31352.158203
695.650391	31867.871094
694.450195	31766.148438
693.250000	32420.689453
692.049805	33337.042969
690.849609	34329.593750
689.648438	35392.246094
688.447266	36343.617188
687.246094	36724.496094
686.044922	37922.875000
684.842773	38490.500000
683.640625	39708.101563
682.438477	40488.429688
681.235352	40560.113281
680.032227	40305.859375
678.829102	40341.343750
677.625977	40209.906250
676.421875	39515.593750
675.218750	39269.812500
674.013672	39655.148438
672.809570	39765.062500
671.604492	39955.273438
670.399414	40296.019531
669.194336	40570.355469
667.989258	41478.906250
666.783203	41869.265625
665.577148	42843.347656
664.371094	44109.894531
663.164063	44601.707031
661.957031	45103.324219
660.750000	45364.148438
659.542969	44496.410156
658.334961	43941.656250
657.126953	42467.550781
655.918945	41452.777344
654.710938	40442.449219
653.501953	39318.433594
652.292969	38685.328125
651.083984	38208.597656
649.874023	37353.910156
648.665039	36513.597656
647.455078	36093.640625
646.244141	35183.980469
645.034180	34880.441406
643.823242	34003.414063
642.612305	33352.566406
641.400391	32506.218750
640.189453	32159.578125
638.977539	31884.974609
637.764648	31572.556641
636.552734	31399.998047
635.339844	30792.464844
634.126953	31039.134766
632.914063	31010.419922
631.700195	31250.949219
630.486328	31646.892578
629.272461	31508.417969
628.058594	31838.359375
626.843750	32004.763672
625.628906	31965.902344
624.414063	31664.150391
623.199219	31603.472656
621.983398	31514.947266
620.767578	31102.023438
619.551758	31180.798828
618.334961	30503.515625
617.118164	30001.566406
615.901367	29897.568359
614.684570	29833.376953
613.466797	29870.589844
612.249023	29617.628906
611.031250	28434.896484
609.812500	28597.533203
608.594727	29058.005859
607.375977	28849.119141
606.156250	28622.457031
604.937500	28788.873047
603.717773	28546.443359
602.498047	28631.458984
601.278320	28430.818359
600.057617	28143.011719
598.836914	28198.316406
597.616211	27833.376953
596.394531	27825.306641
595.173828	27583.445313
593.952148	27624.949219
592.729492	27203.017578
591.507813	27222.802734
590.285156	27274.251953
589.062500	27072.349609
587.838867	27218.781250
586.616211	27193.039063
585.392578	27835.808594
584.168945	27576.609375
582.944336	28250.640625
581.719727	28189.111328
580.495117	28811.332031
579.270508	28980.853516
578.044922	28901.421875
576.820313	29582.316406
575.593750	29427.757813
574.368164	29877.285156
573.141602	29770.087891
571.915039	30049.656250
570.688477	30676.283203
569.461914	30588.699219
568.234375	30234.962891
567.006836	30244.103516
565.778320	29823.583984
564.550781	29600.292969
563.322266	29617.441406
562.093750	29683.822266
560.864258	29905.734375
559.635742	29564.488281
558.406250	29682.005859
557.175781	29803.404297
555.946289	29558.804688
554.715820	29412.660156
553.485352	29508.466797
552.254883	29437.107422
551.023438	29131.857422
549.791992	29121.531250
548.560547	28836.128906
547.328125	28383.875000
546.095703	28014.304688
544.863281	27882.484375
543.630859	28023.595703
542.398438	28280.441406
541.165039	28649.021484
539.931641	28674.117188
538.697266	28308.880859
537.462891	28059.500000
536.228516	27904.333984
534.994141	28137.333984
533.759766	28638.705078
532.524414	28405.138672
531.289063	28251.982422
530.052734	28306.482422
528.817383	28325.710938
527.581055	28583.748047
526.344727	28499.179688
525.107422	29420.369141
523.870117	29357.167969
522.632813	30338.390625
521.395508	30298.474609
520.157227	30315.267578
518.918945	29612.792969
517.680664	29600.414063
516.442383	29031.248047
515.203125	29226.041016
513.963867	28602.527344
512.724609	28623.562500
511.484375	29253.591797
510.245117	29087.128906
509.003906	28989.023438
507.763672	29214.765625
506.522461	29274.638672
505.281250	29188.250000
504.040039	29287.085938
502.798828	28871.361328
501.556641	28220.048828
