1802.298828	4235.281738
1801.329102	4105.426758
1800.360352	4164.527832
1799.390625	4033.892334
1798.420898	4162.864258
1797.451172	4029.785645
1796.481445	3809.444580
1795.510742	3766.281738
1794.540039	3857.796875
1793.570313	3749.817139
1792.598633	3933.529785
1791.627930	4122.153320
1790.657227	4056.544189
1789.685547	3941.136475
1788.713867	3915.441162
1787.742188	3812.558350
1786.769531	3839.183105
1785.797852	4020.130371
1784.825195	4126.342773
1783.852539	4215.094238
1782.879883	4164.496094
1781.907227	4181.073730
1780.933594	4167.803711
1779.960938	4435.485840
1778.987305	4307.824707
1778.013672	4334.300781
1777.039063	4335.917969
1776.065430	4205.868164
1775.090820	4070.903076
1774.116211	4062.638428
1773.141602	4004.721191
1772.166992	4237.253906
1771.191406	4156.988770
1770.216797	4322.402832
1769.241211	4314.094727
1768.265625	4474.450195
1767.289063	4533.069336
1766.313477	4613.978516
1765.336914	4531.253418
1764.360352	4545.215820
1763.383789	4631.028809
1762.407227	4295.663574
1761.429688	4327.001465
1760.453125	4306.324219
1759.475586	4354.977539
1758.498047	4539.754883
1757.519531	4551.219238
1756.541992	4733.408203
1755.563477	4749.775879
1754.584961	4818.077637
1753.606445	4631.647949
1752.627930	4393.373535
1751.648438	4360.358398
1750.668945	4478.109375
1749.689453	4487.095215
1748.709961	4676.414063
1747.730469	4653.247070
1746.750977	4622.681152
1745.770508	4527.936523
1744.790039	4438.166016
1743.809570	4378.045898
1742.828125	4382.102539
1741.847656	4460.164063
1740.866211	4656.582031
1739.884766	4552.079102
1738.903320	4487.064453
1737.921875	4631.594727
1736.939453	4386.686035
1735.957031	4501.610840
1734.975586	4493.316406
1733.992188	4635.265137
1733.009766	4703.283203
1732.026367	4773.735840
1731.043945	4669.395508
1730.060547	4432.204590
1729.077148	4446.077637
1728.092773	4324.645508
1727.109375	4370.506836
1726.125000	4620.445801
1725.140625	4784.237305
1724.156250	4847.184082
1723.170898	4902.732422
1722.186523	4828.037109
1721.201172	4547.022949
1720.215820	4627.158203
1719.230469	4532.917969
1718.245117	4527.096680
1717.258789	4599.822754
1716.272461	4625.892578
1715.286133	4664.219727
1714.299805	4655.922363
1713.313477	4704.037598
1712.326172	4918.874512
1711.338867	5136.076660
1710.351563	5110.532715
1709.364258	4957.567383
1708.376953	5047.224121
1707.388672	4744.905762
1706.400391	4883.551270
1705.412109	4806.661133
1704.423828	4942.789551
1703.434570	4961.375977
1702.446289	5239.352539
1701.457031	5218.725098
1700.467773	5207.889648
1699.478516	5409.832520
1698.488281	5318.271484
1697.499023	5480.995117
1696.508789	5382.123535
1695.518555	5234.417480
1694.527344	5221.146973
1693.537109	5381.314941
1692.545898	5324.060059
1691.554688	5618.437500
1690.563477	5636.835938
1689.572266	5721.126465
1688.580078	5400.299805
1687.588867	5618.791016
1686.596680	5768.894043
1685.604492	5748.221191
1684.611328	5725.117676
1683.619141	5694.710449
1682.625977	5483.953613
1681.632813	5641.241211
1680.639648	5671.776367
1679.646484	5656.017578
1678.652344	5939.812988
1677.658203	5853.395508
1676.664063	5878.992676
1675.669922	6096.855957
1674.675781	6144.293945
1673.680664	5970.319336
1672.686523	6081.005371
1671.691406	5984.934082
1670.695313	6025.060547
1669.700195	5931.469727
1668.704102	5925.411621
1667.708984	5912.066406
1666.712891	6039.634277
1665.715820	6055.417969
1664.719727	6255.759277
1663.722656	6259.352539
1662.725586	6076.026855
1661.728516	5987.427734
1660.731445	5966.806641
1659.734375	6208.204590
1658.736328	6216.652832
1657.738281	6113.545410
1656.740234	6192.320801
1655.742188	6489.230469
1654.743164	6563.050781
1653.745117	6578.686523
1652.746094	6570.089355
1651.747070	6445.234375
1650.747070	6380.969727
1649.748047	6432.945313
1648.748047	6634.979004
1647.748047	6863.552246
1646.748047	6898.459961
1645.748047	6993.832520
1644.747070	6946.463379
1643.746094	6932.968262
1642.745117	7103.223633
1641.744141	7208.145020
1640.743164	7037.516113
1639.741211	6912.864746
1638.739258	6974.275879
1637.737305	7023.585938
1636.735352	7010.091309
1635.733398	7151.115723
1634.730469	6939.668457
1633.727539	7022.730469
1632.724609	7052.675781
1631.721680	6829.313965
1630.718750	6866.521484
1629.714844	6865.131836
1628.710938	7010.805176
1627.707031	7192.574707
1626.703125	7364.630859
1625.698242	7213.756836
1624.693359	7156.891113
1623.688477	7133.766113
1622.683594	6958.949707
1621.678711	6827.537598
1620.672852	6737.097168
1619.667969	6733.326172
1618.662109	6647.752441
1617.656250	6547.780273
1616.649414	6462.277832
1615.643555	6701.421387
1614.636719	6779.396973
1613.629883	6689.091309
1612.623047	6851.144531
1611.615234	7200.532715
1610.607422	7369.621582
1609.600586	7377.734375
1608.592773	7299.402832
1607.583984	7242.708008
1606.576172	7260.440918
1605.567383	7441.342773
1604.558594	7461.426270
1603.549805	7882.081543
1602.541016	7978.809082
1601.531250	7991.577148
1600.522461	8054.681152
1599.512695	8062.633789
1598.502930	8180.811035
1597.492188	8198.317383
1596.482422	8167.910156
1595.471680	8463.207031
1594.460938	8583.599609
1593.450195	8849.965820
1592.438477	8946.295898
1591.427734	9068.908203
1590.416016	9014.435547
1589.404297	9086.752930
1588.392578	8960.555664
1587.379883	9102.190430
1586.367188	8894.765625
1585.355469	9105.664063
1584.341797	9082.309570
1583.329102	9161.689453
1582.316406	9305.525391
1581.302734	9487.510742
1580.289063	9519.008789
1579.275391	9717.584961
1578.260742	9553.325195
1577.247070	9708.863281
1576.232422	10098.124023
1575.217773	9886.183594
1574.203125	9743.483398
1573.188477	9991.834961
1572.172852	10185.260742
1571.157227	10135.527344
1570.141602	10123.935547
1569.125977	10357.712891
1568.109375	10472.309570
1567.093750	10396.362305
1566.077148	10456.146484
1565.060547	10518.286133
1564.042969	10375.741211
1563.026367	10518.765625
1562.008789	10440.503906
1560.991211	10614.374023
1559.973633	10945.109375
1558.956055	10610.054688
1557.937500	10607.895508
1556.918945	10570.090820
1555.900391	10446.769531
1554.881836	10489.775391
1553.862305	10615.885742
1552.843750	10252.809570
1551.824219	10238.852539
1550.804688	10258.128906
1549.785156	10101.795898
1548.764648	10068.895508
1547.744141	9907.919922
1546.723633	9905.901367
1545.703125	9884.915039
1544.682617	9861.566406
1543.661133	9769.493164
1542.640625	9838.590820
1541.619141	9774.989258
1540.596680	10083.288086
1539.575195	10043.342773
1538.552734	10159.679688
1537.531250	10114.999023
1536.507813	10314.107422
1535.485352	10572.289063
1534.462891	10586.693359
1533.439453	10444.984375
1532.416016	10494.879883
1531.392578	10523.475586
1530.369141	10414.958008
1529.344727	10689.342773
1528.320313	10876.190430
1527.295898	10940.118164
1526.271484	10888.286133
1525.247070	11013.580078
1524.221680	10980.640625
1523.196289	11011.446289
1522.170898	10895.920898
1521.145508	10999.874023
1520.119141	11049.526367
1519.093750	10969.440430
1518.067383	11169.991211
1517.041016	11601.500000
1516.013672	11452.993164
1514.987305	11667.459961
1513.959961	11625.023438
1512.932617	11778.121094
1511.905273	11895.828125
1510.876953	12180.666992
1509.849609	11956.885742
1508.821289	12013.285156
1507.792969	12389.699219
1506.764648	12135.424805
1505.735352	12177.637695
1504.706055	12259.813477
1503.677734	12567.678711
1502.647461	12548.654297
1501.618164	12437.973633
1500.587891	12470.679688
1499.558594	12397.648438
1498.528320	12413.905273
1497.497070	12277.506836
1496.466797	12317.259766
1495.435547	12030.698242
1494.405273	11985.992188
1493.373047	12089.133789
1492.341797	11894.287109
1491.310547	11812.106445
1490.278320	11807.344727
1489.246094	11894.022461
1488.213867	11619.673828
1487.180664	11636.044922
1486.148438	11558.683594
1485.115234	11863.206055
1484.082031	11797.539063
1483.048828	11710.823242
1482.014648	11734.178711
1480.981445	11965.850586
1479.947266	11703.631836
1478.913086	12096.658203
1477.877930	11804.107422
1476.843750	12192.273438
1475.808594	12171.069336
1474.773438	12061.035156
1473.738281	12542.403320
1472.702148	12602.929688
1471.666992	12287.266602
1470.630859	12607.110352
1469.594727	13029.582031
1468.558594	12779.403320
1467.521484	13122.291992
1466.484375	13145.276367
1465.447266	13303.597656
1464.410156	13410.525391
1463.373047	13461.425781
1462.334961	13549.619141
1461.297852	13731.040039
1460.259766	13886.744141
1459.220703	13725.409180
1458.182617	13652.688477
1457.143555	13605.623047
1456.104492	13751.904297
1455.065430	13492.917969
1454.026367	13408.660156
1452.986328	13277.878906
1451.947266	12891.143555
1450.907227	12930.381836
1449.866211	12960.297852
1448.826172	13080.911133
1447.785156	12845.682617
1446.744141	12919.769531
1445.703125	12840.409180
1444.662109	12874.957031
1443.620117	12665.520508
1442.579102	12614.135742
1441.537109	12657.997070
1440.495117	12390.678711
1439.452148	12227.943359
1438.410156	12081.520508
1437.367188	12301.822266
1436.324219	11788.854492
1435.280273	11640.291016
1434.237305	11695.880859
1433.193359	11797.821289
1432.149414	11672.528320
1431.105469	11605.230469
1430.061523	11498.566406
1429.016602	11632.896484
1427.971680	11658.301758
1426.926758	11725.381836
1425.881836	11590.992188
1424.836914	11979.834961
1423.791016	11607.056641
1422.745117	11808.300781
1421.699219	11798.931641
1420.653320	11937.600586
1419.606445	11965.208008
1418.559570	12274.878906
1417.512695	12066.620117
1416.465820	12096.493164
1415.417969	12417.497070
1414.371094	12414.942383
1413.323242	12239.159180
1412.275391	12520.675781
1411.226563	12231.812500
1410.178711	12270.843750
1409.129883	12201.391602
1408.081055	12272.713867
1407.032227	12427.053711
1405.982422	12133.890625
1404.933594	12385.041992
1403.883789	12188.834961
1402.833984	12140.225586
1401.783203	12229.904297
1400.733398	12137.528320
1399.682617	12141.938477
1398.631836	12026.586914
1397.581055	12240.552734
1396.529297	12010.121094
1395.478516	12049.076172
1394.426758	11924.630859
1393.375000	11998.095703
1392.323242	11813.906250
1391.270508	11712.582031
1390.217773	11871.116211
1389.165039	11572.124023
1388.112305	11693.846680
1387.059570	11463.949219
1386.005859	11440.909180
1384.952148	11642.972656
1383.898438	11702.575195
1382.844727	11918.276367
1381.790039	12005.341797
1380.735352	12032.700195
1379.680664	12112.820313
1378.625977	12222.729492
1377.571289	12190.390625
1376.515625	12208.512695
1375.459961	12717.250977
1374.404297	12485.410156
1373.348633	12657.000977
1372.291992	12876.636719
1371.235352	12670.101563
1370.178711	12811.772461
1369.122070	12749.592773
1368.065430	12939.262695
1367.007813	12485.687500
1365.950195	12984.263672
1364.892578	13306.463867
1363.834961	13214.505859
1362.776367	13060.835938
1361.717773	13154.169922
1360.659180	13190.314453
1359.600586	13434.427734
1358.541016	13337.963867
1357.482422	13454.005859
1356.422852	13531.169922
1355.363281	13651.690430
1354.302734	13884.036133
1353.243164	13961.060547
1352.182617	14305.074219
1351.122070	14683.171875
1350.061523	14832.982422
1349.000000	15395.558594
1347.938477	15777.753906
1346.877930	16018.437500
1345.815430	16372.991211
1344.753906	16889.201172
1343.691406	17571.525391
1342.629883	18050.826172
1341.567383	18823.724609
1340.503906	19327.613281
1339.441406	19526.228516
1338.377930	20093.490234
1337.314453	20744.714844
1336.250977	21011.166016
1335.186523	21236.560547
1334.123047	21384.537109
1333.058594	21509.712891
1331.994141	21464.339844
1330.929688	21075.789063
1329.864258	21257.755859
1328.798828	21087.505859
1327.733398	20769.685547
1326.667969	19995.537109
1325.602539	19625.851563
1324.536133	19372.085938
1323.469727	18732.607422
1322.403320	18057.085938
1321.336914	17719.863281
1320.269531	17575.568359
1319.202148	17252.187500
1318.134766	16842.789063
1317.067383	16803.029297
1315.999023	16618.248047
1314.931641	16392.757813
1313.863281	16260.238281
1312.794922	15801.637695
1311.725586	15580.982422
1310.657227	15417.015625
1309.587891	15203.320313
1308.518555	15161.697266
1307.448242	15086.152344
1306.378906	14825.154297
1305.308594	14770.063477
1304.238281	14357.746094
1303.167969	14171.658203
1302.096680	13725.732422
1301.026367	13546.630859
1299.955078	13485.080078
1298.883789	12974.069336
1297.811523	12682.320313
1296.740234	12575.829102
1295.667969	12390.375000
1294.595703	12223.052734
1293.523438	12012.927734
1292.450195	11832.216797
1291.377930	11750.818359
1290.304688	11468.761719
1289.230469	11565.577148
1288.157227	11335.517578
1287.083008	11137.102539
1286.009766	10977.071289
1284.934570	10855.401367
1283.860352	11060.343750
1282.786133	10907.181641
1281.710938	10970.199219
1280.635742	10794.611328
1279.560547	10711.356445
1278.484375	10668.632813
1277.408203	10873.354492
1276.333008	10877.839844
1275.255859	10841.851563
1274.179688	11001.449219
1273.102539	10841.836914
1272.026367	10857.557617
1270.949219	10612.671875
1269.871094	10805.873047
1268.793945	10900.185547
1267.715820	10765.454102
1266.637695	10861.979492
1265.559570	10891.137695
1264.480469	10870.920898
1263.402344	10673.493164
1262.323242	10783.412109
1261.244141	10586.083008
1260.164063	10899.983398
1259.084961	10933.576172
1258.004883	10530.170898
1256.924805	10610.875977
1255.844727	10637.786133
1254.763672	10456.407227
1253.682617	10404.969727
1252.601563	10358.029297
1251.520508	10465.540039
1250.439453	10398.466797
1249.357422	10317.998047
1248.275391	10452.289063
1247.193359	10190.703125
1246.111328	10094.674805
1245.028320	10224.456055
1243.945313	10278.196289
1242.862305	10247.005859
1241.779297	10177.851563
1240.695313	10265.068359
1239.612305	10128.947266
1238.528320	10280.880859
1237.443359	10216.238281
1236.359375	10274.360352
1235.274414	10138.348633
1234.189453	10062.621094
1233.104492	9993.615234
1232.019531	10027.206055
1230.933594	9820.018555
1229.847656	9835.799805
1228.761719	10049.898438
1227.675781	9813.872070
1226.589844	9863.053711
1225.502930	9716.242188
1224.416016	9558.359375
1223.329102	9603.110352
1222.241211	9434.187500
1221.153320	9394.390625
1220.065430	9434.696289
1218.977539	9297.051758
1217.889648	9417.413086
1216.800781	9177.558594
1215.711914	9124.517578
1214.623047	9278.173828
1213.534180	9082.933594
1212.444336	9092.142578
1211.355469	9019.172852
1210.265625	9103.885742
1209.174805	9050.923828
1208.084961	9168.885742
1206.994141	9226.884766
1205.903320	9165.052734
1204.812500	9061.102539
1203.721680	9081.384766
1202.629883	9325.595703
1201.538086	9115.271484
1200.446289	9122.229492
1199.354492	8976.292969
1198.261719	8985.492188
1197.168945	8850.718750
1196.076172	8844.438477
1194.983398	9123.761719
1193.889648	8946.985352
1192.796875	9133.221680
1191.703125	9069.358398
1190.608398	9127.187500
1189.514648	9065.561523
1188.419922	9216.236328
1187.325195	9220.938477
1186.230469	9130.597656
1185.135742	9219.288086
1184.040039	9548.757813
1182.944336	9319.244141
1181.848633	9575.675781
1180.752930	9613.413086
1179.656250	9536.344727
1178.559570	9494.621094
1177.462891	9613.992188
1176.366211	9517.116211
1175.268555	9647.459961
1174.171875	9656.463867
1173.074219	9431.763672
1171.975586	9489.301758
1170.877930	9218.450195
1169.779297	9146.011719
1168.680664	9139.688477
1167.582031	8897.709961
1166.483398	8798.958984
1165.383789	8706.852539
1164.284180	8531.146484
1163.184570	8828.632813
1162.084961	8705.775391
1160.984375	8560.973633
1159.883789	8605.359375
1158.783203	8801.438477
1157.682617	8465.458008
1156.582031	8479.065430
1155.480469	8703.611328
1154.378906	8605.122070
1153.276367	8838.331055
1152.174805	8728.875000
1151.072266	8847.793945
1149.969727	8747.160156
1148.867188	8905.526367
1147.764648	8976.061523
1146.661133	8893.011719
1145.557617	8851.666992
1144.454102	8893.662109
1143.350586	8804.103516
1142.246094	8883.350586
1141.141602	8820.126953
1140.037109	8921.245117
1138.932617	8910.608398
1137.827148	9178.100586
1136.721680	8990.064453
1135.616211	8999.120117
1134.510742	8946.891602
1133.405273	9071.921875
1132.298828	9052.513672
1131.192383	9153.408203
1130.085938	8904.382813
1128.978516	8957.166992
1127.871094	9053.644531
1126.763672	9038.628906
1125.656250	8968.996094
1124.548828	9345.016602
1123.440430	9450.065430
1122.332031	9207.890625
1121.223633	9360.950195
1120.115234	9461.562500
1119.005859	9461.752930
1117.896484	9612.479492
1116.787109	9442.502930
1115.677734	9673.856445
1114.567383	9804.818359
1113.457031	9639.265625
1112.346680	9759.282227
1111.236328	9585.091797
1110.125977	9837.954102
1109.014648	9657.285156
1107.903320	9579.037109
1106.791016	9520.415039
1105.679688	9683.833984
1104.567383	9599.098633
1103.455078	9464.358398
1102.342773	9634.208984
1101.230469	9545.187500
1100.117188	9425.760742
1099.003906	9517.251953
1097.890625	9539.153320
1096.776367	9228.581055
1095.663086	9285.293945
1094.548828	9331.121094
1093.434570	9348.698242
1092.319336	9314.159180
1091.205078	9459.800781
1090.089844	9433.933594
1088.974609	9438.453125
1087.858398	9475.509766
1086.743164	9612.317383
1085.626953	9631.972656
1084.510742	9807.710938
1083.394531	9822.981445
1082.277344	9901.087891
1081.160156	9979.161133
1080.042969	10236.986328
1078.925781	10382.089844
1077.807617	10436.192383
1076.690430	10364.717773
1075.572266	10533.506836
1074.454102	10775.793945
1073.334961	11024.467773
1072.215820	11385.506836
1071.096680	11467.437500
1069.977539	12014.160156
1068.858398	11948.938477
1067.738281	12279.218750
1066.618164	12466.758789
1065.498047	13006.325195
1064.376953	13174.193359
1063.256836	13391.652344
1062.135742	13621.971680
1061.014648	13567.292969
1059.892578	13324.900391
1058.771484	13130.073242
1057.649414	13291.226563
1056.527344	13074.921875
1055.404297	12740.125000
1054.282227	12674.917969
1053.159180	12107.589844
1052.036133	11969.284180
1050.913086	11777.179688
1049.789063	11654.077148
1048.665039	11421.207031
1047.541016	11311.147461
1046.416992	11054.769531
1045.291992	11108.380859
1044.166992	10994.152344
1043.041992	10877.820313
1041.916992	10720.675781
1040.791992	10836.663086
1039.666016	10916.056641
1038.540039	10905.148438
1037.414063	10795.401367
1036.287109	10621.250977
1035.160156	10646.923828
1034.033203	10666.142578
1032.906250	10648.854492
1031.779297	10908.470703
1030.651367	11178.707031
1029.523438	11371.586914
1028.395508	11309.113281
1027.266602	11343.176758
1026.138672	11473.713867
1025.009766	11428.407227
1023.879883	11595.306641
1022.750977	11339.992188
1021.621094	11331.161133
1020.491211	11258.074219
1019.361328	11131.480469
1018.231445	11167.659180
1017.100586	10833.500000
1015.969727	10891.125977
1014.838867	10709.083008
1013.708008	10634.078125
1012.576172	10415.806641
1011.444336	10379.383789
1010.312500	10246.772461
1009.180664	10396.353516
1008.047852	10165.494141
1006.915039	10092.832031
1005.782227	10419.640625
1004.649414	10193.192383
1003.515625	10359.704102
1002.381836	10302.002930
1001.248047	10312.621094
1000.114258	10114.124023
998.979492	10037.309570
997.844727	9783.499023
996.709961	9817.671875
995.575195	9926.449219
994.439453	9753.819336
993.303711	9871.086914
992.167969	9896.687500
991.032227	9809.377930
989.895508	10086.285156
988.758789	10128.856445
987.622070	10171.408203
986.485352	10328.873047
985.348633	10160.701172
984.210938	10301.080078
983.073242	10286.127930
981.934570	10394.520508
980.796875	10515.624023
979.658203	10632.422852
978.519531	10594.033203
977.380859	10502.541992
976.241211	10334.614258
975.101563	10311.177734
973.961914	10351.451172
972.822266	10357.740234
971.681641	10302.474609
970.541992	10363.943359
969.401367	10298.089844
968.259766	10397.711914
967.119141	10293.707031
965.977539	10308.477539
964.835938	10361.396484
963.694336	10374.025391
962.551758	10340.034180
961.409180	10365.371094
960.266602	10441.528320
959.124023	10443.539063
957.980469	10439.198242
956.837891	10337.494141
955.694336	10337.407227
954.549805	10548.891602
953.406250	10400.691406
952.261719	10664.939453
951.117188	10607.693359
949.972656	10489.168945
948.827148	10791.269531
947.681641	10757.274414
946.536133	10771.880859
945.390625	10904.758789
944.245117	10946.778320
943.098633	11136.563477
941.952148	11564.780273
940.804688	11420.923828
939.658203	11564.067383
938.510742	11951.838867
937.363281	12442.783203
936.215820	12874.478516
935.067383	13253.288086
933.919922	13749.959961
932.770508	14115.776367
931.622070	14875.388672
930.473633	15362.968750
929.324219	15723.993164
928.174805	16025.912109
927.025391	16192.987305
925.875000	16385.244141
924.724609	15824.184570
923.574219	15311.746094
922.423828	14671.236328
921.272461	14394.757813
920.122070	13990.162109
918.969727	13211.626953
917.818359	12452.333984
916.666992	12069.418945
915.514648	11785.384766
914.362305	11612.769531
913.208984	11223.978516
912.056641	10925.612305
910.903320	10822.542969
909.750000	10549.566406
908.596680	10385.787109
907.442383	10385.664063
906.288086	10341.506836
905.133789	10171.585938
903.979492	9989.161133
902.824219	10158.853516
901.668945	10010.029297
900.513672	10047.684570
899.358398	10154.429688
898.202148	9963.826172
897.045898	10066.355469
895.889648	9986.768555
894.733398	10018.108398
893.576172	9940.656250
892.419922	10135.124023
891.261719	10143.409180
890.104492	9886.191406
888.946289	10022.021484
887.789063	9838.075195
886.629883	9921.625977
885.471680	9848.483398
884.312500	10032.234375
883.153320	10044.700195
881.994141	10111.433594
880.834961	10171.875977
879.674805	9917.227539
878.514648	9902.586914
877.354492	10119.455078
876.194336	9933.791016
875.033203	10106.779297
873.872070	10065.011719
872.710938	9962.830078
871.548828	10385.706055
870.387695	10085.618164
869.225586	10366.674805
868.063477	10212.462891
866.900391	10093.702148
865.737305	10253.868164
864.574219	10407.722656
863.411133	10143.375977
862.248047	10270.149414
861.083984	10278.342773
859.919922	10155.559570
858.755859	10074.397461
857.590820	10180.293945
856.425781	10404.566406
855.260742	10406.487305
854.095703	10410.483398
852.930664	10464.307617
851.764648	10563.775391
850.598633	10287.559570
849.431641	10297.799805
848.265625	10318.407227
847.098633	10224.934570
845.931641	10564.878906
844.764648	10373.954102
843.596680	10456.706055
842.428711	10632.671875
841.260742	10570.305664
840.092773	10650.887695
838.923828	10557.479492
837.754883	10836.792969
836.585938	10453.581055
835.416992	10780.395508
834.247070	10598.064453
833.077148	10525.450195
831.907227	10554.210938
830.737305	10924.143555
829.566406	10777.080078
828.395508	10696.220703
827.224609	10644.325195
826.052734	10836.240234
824.881836	10641.811523
823.709961	10592.024414
822.537109	10472.058594
821.365234	10752.605469
820.192383	10709.015625
819.019531	10467.362305
817.846680	10397.033203
816.672852	10287.547852
815.500000	10320.387695
814.326172	10503.707031
813.151367	10464.344727
811.977539	10571.307617
810.802734	10564.911133
809.627930	10840.708008
808.453125	10836.313477
807.277344	10967.808594
806.101563	10878.990234
804.925781	11195.640625
803.750000	10859.900391
802.573242	11155.844727
801.396484	11153.440430
800.219727	11253.849609
799.042969	11545.404297
797.865234	11777.226563
796.687500	12021.278320
795.509766	11981.706055
794.331055	12174.255859
793.153320	11958.056641
791.974609	12060.188477
790.795898	11901.582031
789.616211	11753.304688
788.436523	11584.572266
787.256836	11444.630859
786.077148	11392.939453
784.896484	11263.350586
783.716797	10988.263672
782.536133	10664.104492
781.354492	10819.587891
780.173828	10768.083984
778.992188	10827.208008
777.810547	10708.143555
776.627930	10515.423828
775.446289	10590.937500
774.263672	10553.860352
773.081055	10674.345703
771.897461	10780.458008
770.714844	10536.797852
769.531250	10698.101563
768.347656	11045.366211
767.163086	10865.164063
765.978516	10891.423828
764.794922	10931.972656
763.609375	10935.738281
762.424805	10941.542969
761.239258	11098.427734
760.053711	11059.286133
758.868164	11285.461914
757.681641	11219.771484
756.495117	11376.457031
755.308594	11408.667969
754.122070	11349.108398
752.934570	11540.317383
751.747070	11804.816406
750.559570	11946.937500
749.372070	11811.932617
748.183594	12198.406250
746.995117	12617.293945
745.806641	13078.753906
744.618164	13155.306641
743.428711	13821.987305
742.239258	14252.365234
741.049805	14676.454102
739.859375	15309.830078
738.669922	16066.961914
737.479492	16734.318359
736.288086	17041.652344
735.097656	17454.513672
733.906250	17940.328125
732.714844	17810.515625
731.522461	17506.123047
730.331055	16623.255859
729.138672	16031.024414
727.946289	15234.087891
726.752930	14437.495117
725.560547	13572.280273
724.367188	12912.267578
723.173828	12958.129883
721.979492	12535.707031
720.785156	12320.188477
719.590820	12108.814453
718.396484	12140.627930
717.202148	11990.143555
716.006836	12147.512695
714.811523	12339.228516
713.616211	12289.999023
712.419922	12524.094727
711.223633	12511.261719
710.027344	12433.706055
708.831055	12331.916016
707.633789	12889.292969
706.436523	12898.624023
705.239258	13002.936523
704.041016	13266.824219
702.843750	13169.000000
701.645508	12877.330078
700.446289	13209.724609
699.248047	13485.448242
698.048828	13353.345703
696.849609	13741.918945
695.650391	13742.968750
694.450195	13850.920898
693.250000	14097.968750
692.049805	14280.391602
690.849609	14660.274414
689.648438	14665.150391
688.447266	14821.135742
687.246094	14966.979492
686.044922	15056.369141
684.842773	15163.839844
683.640625	15297.433594
682.438477	15410.841797
681.235352	15679.138672
680.032227	15440.352539
678.829102	15274.076172
677.625977	14908.792969
676.421875	14652.232422
675.218750	14365.632813
674.013672	14314.277344
672.809570	14481.940430
671.604492	14537.042969
670.399414	14553.961914
669.194336	14430.325195
667.989258	14164.214844
666.783203	14110.958008
665.577148	14135.977539
664.371094	14233.205078
663.164063	14354.457031
661.957031	14549.847656
660.750000	14458.468750
659.542969	14605.646484
658.334961	14418.105469
657.126953	14453.031250
655.918945	14239.564453
654.710938	14266.501953
653.501953	14455.600586
652.292969	14368.378906
651.083984	14163.118164
649.874023	14029.975586
648.665039	13680.846680
647.455078	13757.863281
646.244141	13406.944336
645.034180	13467.992188
643.823242	13175.249023
642.612305	13058.476563
641.400391	12630.097656
640.189453	12459.564453
638.977539	12528.736328
637.764648	12488.070313
636.552734	12333.645508
635.339844	12502.579102
634.126953	12252.448242
632.914063	12237.805664
631.700195	12302.942383
630.486328	12088.906250
629.272461	12327.474609
628.058594	12452.335938
626.843750	12638.913086
625.628906	12721.815430
624.414063	12501.942383
623.199219	12543.020508
621.983398	12353.142578
620.767578	12434.041992
619.551758	12512.915039
618.334961	12394.789063
617.118164	12232.953125
615.901367	12278.008789
614.684570	12323.043945
613.466797	12300.472656
612.249023	12176.555664
611.031250	12006.993164
609.812500	11962.652344
608.594727	12222.197266
607.375977	11921.681641
606.156250	12079.875977
604.937500	12031.584961
603.717773	12096.420898
602.498047	12115.598633
601.278320	11821.381836
600.057617	11917.947266
598.836914	11756.733398
597.616211	11736.321289
596.394531	11682.229492
595.173828	11582.590820
593.952148	11516.668945
592.729492	11387.401367
591.507813	11285.910156
590.285156	11394.294922
589.062500	11191.910156
587.838867	11294.330078
586.616211	11256.249023
585.392578	11218.183594
584.168945	11454.990234
582.944336	11729.254883
581.719727	11795.864258
580.495117	11769.567383
579.270508	11928.993164
578.044922	11946.131836
576.820313	11983.009766
575.593750	12017.897461
574.368164	12023.159180
573.141602	12107.358398
571.915039	12065.243164
570.688477	12220.408203
569.461914	12409.032227
568.234375	12264.344727
567.006836	12443.018555
565.778320	12235.316406
564.550781	12112.435547
563.322266	12399.374023
562.093750	12404.532227
560.864258	12267.908203
559.635742	12454.215820
558.406250	12638.471680
557.175781	12787.224609
555.946289	12623.088867
554.715820	12604.583008
553.485352	12591.983398
552.254883	12640.339844
551.023438	12761.404297
549.791992	12697.679688
548.560547	12498.407227
547.328125	12430.836914
546.095703	12447.747070
544.863281	12358.617188
543.630859	12298.971680
542.398438	12453.286133
541.165039	12717.417969
539.931641	12798.983398
538.697266	12627.490234
537.462891	12542.355469
536.228516	12594.494141
534.994141	12581.925781
533.759766	12773.168945
532.524414	13095.595703
531.289063	13243.545898
530.052734	13177.965820
528.817383	13388.485352
527.581055	13675.254883
526.344727	14001.039063
525.107422	14518.431641
523.870117	16099.786133
522.632813	18505.792969
521.395508	20376.921875
520.157227	20440.861328
518.918945	18321.583984
517.680664	15884.721680
516.442383	14341.749023
515.203125	13574.883789
513.963867	13148.140625
512.724609	12682.536133
511.484375	12632.898438
510.245117	12961.872070
509.003906	12959.018555
507.763672	12938.608398
506.522461	12805.094727
505.281250	12907.563477
504.040039	12727.329102
502.798828	12621.232422
501.556641	12632.090820
