1802.298828	14244.131836
1801.329102	14603.731445
1800.360352	14418.553711
1799.390625	14378.230469
1798.420898	14377.853516
1797.451172	14215.287109
1796.481445	14087.710938
1795.510742	13857.920898
1794.540039	13785.327148
1793.570313	14059.321289
1792.598633	14360.624023
1791.627930	14616.946289
1790.657227	14409.702148
1789.685547	14135.276367
1788.713867	14304.311523
1787.742188	14134.605469
1786.769531	14398.181641
1785.797852	14440.109375
1784.825195	14728.405273
1783.852539	15071.326172
1782.879883	14931.485352
1781.907227	15134.940430
1780.933594	15218.949219
1779.960938	15439.667969
1778.987305	15560.867188
1778.013672	15749.119141
1777.039063	15519.853516
1776.065430	15196.277344
1775.090820	14711.383789
1774.116211	14981.599609
1773.141602	14961.221680
1772.166992	15303.263672
1771.191406	15645.167969
1770.216797	16036.560547
1769.241211	15748.058594
1768.265625	16092.146484
1767.289063	16064.125977
1766.313477	16512.140625
1765.336914	16248.559570
1764.360352	16614.574219
1763.383789	16556.732422
1762.407227	16716.919922
1761.429688	16488.179688
1760.453125	16380.870117
1759.475586	16578.130859
1758.498047	17262.949219
1757.519531	17130.798828
1756.541992	17698.937500
1755.563477	17828.976563
1754.584961	17674.529297
1753.606445	17520.142578
1752.627930	17323.787109
1751.648438	17157.169922
1750.668945	17190.800781
1749.689453	17249.125000
1748.709961	17327.187500
1747.730469	17647.267578
1746.750977	17322.707031
1745.770508	17190.851563
1744.790039	17019.550781
1743.809570	16850.789063
1742.828125	16849.875000
1741.847656	17029.044922
1740.866211	17210.609375
1739.884766	16950.699219
1738.903320	16740.203125
1737.921875	16953.755859
1736.939453	16563.437500
1735.957031	16651.277344
1734.975586	16741.544922
1733.992188	17018.960938
1733.009766	17232.238281
1732.026367	17285.404297
1731.043945	16991.480469
1730.060547	17138.185547
1729.077148	16428.587891
1728.092773	16398.228516
1727.109375	16274.419922
1726.125000	16652.292969
1725.140625	17022.640625
1724.156250	17528.027344
1723.170898	17381.968750
1722.186523	17317.050781
1721.201172	17008.960938
1720.215820	16865.548828
1719.230469	17235.400391
1718.245117	16964.335938
1717.258789	17147.472656
1716.272461	17148.931641
1715.286133	17412.921875
1714.299805	17303.939453
1713.313477	17712.492188
1712.326172	17858.507813
1711.338867	18063.300781
1710.351563	18432.232422
1709.364258	18220.224609
1708.376953	18410.117188
1707.388672	18016.923828
1706.400391	18439.447266
1705.412109	18839.761719
1704.423828	18740.492188
1703.434570	19282.544922
1702.446289	19819.484375
1701.457031	20040.587891
1700.467773	20511.111328
1699.478516	20514.318359
1698.488281	21123.929688
1697.499023	21095.230469
1696.508789	21254.744141
1695.518555	21631.681641
1694.527344	21778.804688
1693.537109	22153.039063
1692.545898	22446.529297
1691.554688	22532.353516
1690.563477	23108.830078
1689.572266	22703.890625
1688.580078	23043.392578
1687.588867	23033.871094
1686.596680	23153.632813
1685.604492	23690.376953
1684.611328	23773.380859
1683.619141	23485.804688
1682.625977	23293.396484
1681.632813	23127.871094
1680.639648	23305.933594
1679.646484	23600.841797
1678.652344	23396.384766
1677.658203	23654.632813
1676.664063	23698.548828
1675.669922	23710.806641
1674.675781	23915.294922
1673.680664	23582.031250
1672.686523	23599.166016
1671.691406	23436.330078
1670.695313	23317.324219
1669.700195	23273.724609
1668.704102	23011.402344
1667.708984	22863.390625
1666.712891	22589.107422
1665.715820	22914.886719
1664.719727	22987.972656
1663.722656	22757.529297
1662.725586	22532.033203
1661.728516	22619.710938
1660.731445	22343.373047
1659.734375	22610.576172
1658.736328	22652.095703
1657.738281	22538.394531
1656.740234	22492.623047
1655.742188	22883.203125
1654.743164	23050.656250
1653.745117	23087.191406
1652.746094	22808.773438
1651.747070	22554.687500
1650.747070	22375.773438
1649.748047	22330.091797
1648.748047	22664.468750
1647.748047	22962.406250
1646.748047	22868.238281
1645.748047	22924.093750
1644.747070	22890.435547
1643.746094	22559.351563
1642.745117	23052.837891
1641.744141	22898.308594
1640.743164	22565.001953
1639.741211	22616.011719
1638.739258	22657.337891
1637.737305	22889.451172
1636.735352	22950.019531
1635.733398	22976.761719
1634.730469	22875.562500
1633.727539	22866.105469
1632.724609	22970.056641
1631.721680	23112.560547
1630.718750	22589.335938
1629.714844	22543.771484
1628.710938	23231.126953
1627.707031	23645.830078
1626.703125	23527.779297
1625.698242	23766.365234
1624.693359	23800.095703
1623.688477	23689.304688
1622.683594	23542.439453
1621.678711	23588.228516
1620.672852	23417.371094
1619.667969	22962.615234
1618.662109	23121.570313
1617.656250	22895.580078
1616.649414	23422.451172
1615.643555	23261.410156
1614.636719	23427.384766
1613.629883	23254.386719
1612.623047	23920.130859
1611.615234	24326.123047
1610.607422	24751.167969
1609.600586	24724.535156
1608.592773	24798.759766
1607.583984	24474.447266
1606.576172	24565.492188
1605.567383	24738.085938
1604.558594	24829.035156
1603.549805	25481.240234
1602.541016	25641.546875
1601.531250	25885.708984
1600.522461	25758.199219
1599.512695	26023.804688
1598.502930	25893.919922
1597.492188	26310.320313
1596.482422	26678.646484
1595.471680	26649.285156
1594.460938	26792.322266
1593.450195	26935.302734
1592.438477	27640.656250
1591.427734	27907.830078
1590.416016	28349.537109
1589.404297	28480.119141
1588.392578	28314.111328
1587.379883	28246.199219
1586.367188	27898.632813
1585.355469	27945.544922
1584.341797	27966.152344
1583.329102	28321.207031
1582.316406	28496.978516
1581.302734	28706.109375
1580.289063	28707.439453
1579.275391	28536.900391
1578.260742	28199.373047
1577.247070	28339.191406
1576.232422	28624.472656
1575.217773	28041.462891
1574.203125	28433.992188
1573.188477	27834.566406
1572.172852	28267.496094
1571.157227	28137.826172
1570.141602	28234.558594
1569.125977	28288.371094
1568.109375	28623.201172
1567.093750	28495.937500
1566.077148	28759.164063
1565.060547	28767.595703
1564.042969	28369.083984
1563.026367	28789.203125
1562.008789	29045.011719
1560.991211	28836.945313
1559.973633	29228.173828
1558.956055	29003.511719
1557.937500	28655.341797
1556.918945	28901.404297
1555.900391	28897.896484
1554.881836	28851.632813
1553.862305	29128.375000
1552.843750	29231.667969
1551.824219	29185.359375
1550.804688	28761.685547
1549.785156	29144.998047
1548.764648	29101.101563
1547.744141	28869.832031
1546.723633	29186.480469
1545.703125	29329.910156
1544.682617	29269.412109
1543.661133	29066.732422
1542.640625	29098.722656
1541.619141	29561.878906
1540.596680	30031.951172
1539.575195	30191.601563
1538.552734	30623.466797
1537.531250	30266.880859
1536.507813	30547.082031
1535.485352	30538.488281
1534.462891	30801.955078
1533.439453	30601.724609
1532.416016	30678.250000
1531.392578	30523.042969
1530.369141	30809.931641
1529.344727	30522.410156
1528.320313	30920.232422
1527.295898	30741.470703
1526.271484	30631.275391
1525.247070	30795.046875
1524.221680	30677.800781
1523.196289	30728.191406
1522.170898	30773.837891
1521.145508	30670.820313
1520.119141	30725.892578
1519.093750	31028.585938
1518.067383	31083.560547
1517.041016	30817.884766
1516.013672	31231.150391
1514.987305	31300.183594
1513.959961	31446.937500
1512.932617	31171.974609
1511.905273	31570.693359
1510.876953	31884.478516
1509.849609	31534.253906
1508.821289	32062.103516
1507.792969	32328.525391
1506.764648	32648.951172
1505.735352	32995.117188
1504.706055	33437.566406
1503.677734	33407.218750
1502.647461	33856.449219
1501.618164	33821.324219
1500.587891	33908.406250
1499.558594	33746.414063
1498.528320	33955.613281
1497.497070	34016.773438
1496.466797	33756.242188
1495.435547	33317.406250
1494.405273	33427.941406
1493.373047	33148.910156
1492.341797	33163.242188
1491.310547	32511.437500
1490.278320	31902.107422
1489.246094	32010.464844
1488.213867	31710.904297
1487.180664	31329.435547
1486.148438	31154.320313
1485.115234	31370.496094
1484.082031	30930.771484
1483.048828	30709.003906
1482.014648	31119.455078
1480.981445	30972.638672
1479.947266	31275.212891
1478.913086	30995.054688
1477.877930	31550.138672
1476.843750	31740.138672
1475.808594	31890.306641
1474.773438	32281.210938
1473.738281	32716.365234
1472.702148	32849.878906
1471.666992	33448.281250
1470.630859	33999.718750
1469.594727	34585.960938
1468.558594	34831.054688
1467.521484	35337.507813
1466.484375	35864.757813
1465.447266	36396.460938
1464.410156	37291.898438
1463.373047	38044.679688
1462.334961	39021.035156
1461.297852	39661.230469
1460.259766	39799.960938
1459.220703	40381.464844
1458.182617	40499.015625
1457.143555	41562.382813
1456.104492	41565.503906
1455.065430	41743.281250
1454.026367	42586.871094
1452.986328	42703.835938
1451.947266	43477.062500
1450.907227	43503.042969
1449.866211	44580.539063
1448.826172	45171.472656
1447.785156	45731.933594
1446.744141	46338.660156
1445.703125	46594.136719
1444.662109	47149.300781
1443.620117	46558.742188
1442.579102	46230.925781
1441.537109	45580.402344
1440.495117	45187.894531
1439.452148	44205.859375
1438.410156	43145.304688
1437.367188	42270.835938
1436.324219	41238.949219
1435.280273	40270.121094
1434.237305	40196.906250
1433.193359	40151.546875
1432.149414	38926.199219
1431.105469	38310.937500
1430.061523	38511.621094
1429.016602	37648.789063
1427.971680	37525.230469
1426.926758	37295.191406
1425.881836	37111.550781
1424.836914	36421.011719
1423.791016	36406.582031
1422.745117	36350.500000
1421.699219	35808.601563
1420.653320	35692.523438
1419.606445	35294.359375
1418.559570	35273.226563
1417.512695	35067.171875
1416.465820	35124.667969
1415.417969	34992.664063
1414.371094	34950.812500
1413.323242	34809.656250
1412.275391	35081.910156
1411.226563	35268.625000
1410.178711	35002.835938
1409.129883	35161.792969
1408.081055	35009.191406
1407.032227	35124.246094
1405.982422	34632.675781
1404.933594	34844.605469
1403.883789	34065.109375
1402.833984	34069.617188
1401.783203	33995.769531
1400.733398	33668.507813
1399.682617	33311.437500
1398.631836	33173.296875
1397.581055	33009.886719
1396.529297	32885.679688
1395.478516	32853.582031
1394.426758	32273.822266
1393.375000	32375.302734
1392.323242	31777.474609
1391.270508	31952.603516
1390.217773	31649.410156
1389.165039	32104.943359
1388.112305	31588.095703
1387.059570	31783.792969
1386.005859	32039.138672
1384.952148	32089.953125
1383.898438	32264.751953
1382.844727	32607.082031
1381.790039	32845.972656
1380.735352	32591.333984
1379.680664	33130.707031
1378.625977	33589.566406
1377.571289	33651.441406
1376.515625	34015.980469
1375.459961	33956.230469
1374.404297	34098.210938
1373.348633	34253.882813
1372.291992	34072.679688
1371.235352	34363.441406
1370.178711	34441.085938
1369.122070	34266.820313
1368.065430	34202.511719
1367.007813	34522.753906
1365.950195	34449.257813
1364.892578	34243.097656
1363.834961	34650.046875
1362.776367	34782.394531
1361.717773	34759.203125
1360.659180	34797.742188
1359.600586	35188.234375
1358.541016	35873.339844
1357.482422	35941.320313
1356.422852	36287.929688
1355.363281	36588.722656
1354.302734	36613.121094
1353.243164	37562.007813
1352.182617	37907.992188
1351.122070	38641.726563
1350.061523	39058.058594
1349.000000	39474.210938
1347.938477	40102.265625
1346.877930	40837.214844
1345.815430	41077.222656
1344.753906	41905.093750
1343.691406	42235.914063
1342.629883	42662.273438
1341.567383	43865.085938
1340.503906	44557.343750
1339.441406	44832.695313
1338.377930	45975.125000
1337.314453	46188.621094
1336.250977	46959.441406
1335.186523	47522.945313
1334.123047	47397.121094
1333.058594	48064.886719
1331.994141	48311.812500
1330.929688	48463.179688
1329.864258	48175.914063
1328.798828	46966.390625
1327.733398	46606.863281
1326.667969	46224.777344
1325.602539	45670.289063
1324.536133	44825.472656
1323.469727	43990.078125
1322.403320	43100.574219
1321.336914	42590.285156
1320.269531	41619.781250
1319.202148	41472.828125
1318.134766	41081.078125
1317.067383	40954.695313
1315.999023	40119.031250
1314.931641	40255.718750
1313.863281	39778.457031
1312.794922	39801.917969
1311.725586	39938.582031
1310.657227	39844.269531
1309.587891	39799.789063
1308.518555	39633.128906
1307.448242	39706.355469
1306.378906	39055.707031
1305.308594	39355.171875
1304.238281	38727.476563
1303.167969	38463.992188
1302.096680	38471.828125
1301.026367	37467.335938
1299.955078	37258.492188
1298.883789	36733.511719
1297.811523	36443.605469
1296.740234	36077.050781
1295.667969	35518.773438
1294.595703	34750.843750
1293.523438	34457.066406
1292.450195	34140.851563
1291.377930	34102.183594
1290.304688	33567.437500
1289.230469	33668.679688
1288.157227	33796.925781
1287.083008	33783.144531
1286.009766	33480.968750
1284.934570	33478.515625
1283.860352	34030.093750
1282.786133	34304.480469
1281.710938	34657.546875
1280.635742	35098.242188
1279.560547	35426.238281
1278.484375	35643.851563
1277.408203	36239.265625
1276.333008	36757.968750
1275.255859	37609.218750
1274.179688	37455.281250
1273.102539	38308.273438
1272.026367	38457.593750
1270.949219	38094.640625
1269.871094	38506.730469
1268.793945	38687.351563
1267.715820	38396.414063
1266.637695	37755.425781
1265.559570	37321.167969
1264.480469	37057.613281
1263.402344	36231.105469
1262.323242	35570.906250
1261.244141	34841.464844
1260.164063	34363.417969
1259.084961	34183.675781
1258.004883	33663.382813
1256.924805	32917.015625
1255.844727	32325.519531
1254.763672	32137.382813
1253.682617	31823.935547
1252.601563	31546.433594
1251.520508	31387.667969
1250.439453	30743.392578
1249.357422	30792.916016
1248.275391	30817.812500
1247.193359	30178.525391
1246.111328	30384.636719
1245.028320	29678.640625
1243.945313	29992.041016
1242.862305	29646.158203
1241.779297	29409.880859
1240.695313	29419.382813
1239.612305	29368.587891
1238.528320	29049.906250
1237.443359	29144.291016
1236.359375	29024.400391
1235.274414	28728.294922
1234.189453	28626.382813
1233.104492	28595.876953
1232.019531	28436.058594
1230.933594	28314.201172
1229.847656	28482.140625
1228.761719	28440.542969
1227.675781	28354.402344
1226.589844	28399.714844
1225.502930	28505.134766
1224.416016	28361.140625
1223.329102	28428.677734
1222.241211	27913.087891
1221.153320	28412.357422
1220.065430	28235.125000
1218.977539	28264.816406
1217.889648	28143.279297
1216.800781	28032.908203
1215.711914	28082.621094
1214.623047	28145.644531
1213.534180	27997.566406
1212.444336	28051.693359
1211.355469	27928.121094
1210.265625	28071.056641
1209.174805	27761.048828
1208.084961	27837.369141
1206.994141	28199.914063
1205.903320	27639.369141
1204.812500	27709.005859
1203.721680	27468.138672
1202.629883	27863.708984
1201.538086	27702.710938
1200.446289	27843.191406
1199.354492	27216.937500
1198.261719	27426.132813
1197.168945	27218.839844
1196.076172	26940.771484
1194.983398	27145.460938
1193.889648	27527.144531
1192.796875	27463.843750
1191.703125	27298.791016
1190.608398	27434.652344
1189.514648	27727.482422
1188.419922	27834.449219
1187.325195	27191.931641
1186.230469	27721.123047
1185.135742	27567.261719
1184.040039	27753.701172
1182.944336	28136.650391
1181.848633	27377.689453
1180.752930	28118.240234
1179.656250	27823.169922
1178.559570	28104.253906
1177.462891	27899.775391
1176.366211	27792.449219
1175.268555	27899.113281
1174.171875	27328.740234
1173.074219	27329.626953
1171.975586	27200.460938
1170.877930	27111.015625
1169.779297	26865.169922
1168.680664	26509.281250
1167.582031	26820.869141
1166.483398	26434.308594
1165.383789	26501.414063
1164.284180	26823.808594
1163.184570	26681.748047
1162.084961	26405.539063
1160.984375	26938.910156
1159.883789	26552.802734
1158.783203	26723.126953
1157.682617	26787.865234
1156.582031	26995.427734
1155.480469	27123.800781
1154.378906	27322.416016
1153.276367	27712.033203
1152.174805	27664.494141
1151.072266	28442.472656
1149.969727	28706.490234
1148.867188	29442.222656
1147.764648	30193.005859
1146.661133	30750.429688
1145.557617	31276.914063
1144.454102	31292.271484
1143.350586	31509.308594
1142.246094	31647.347656
1141.141602	31013.976563
1140.037109	31342.666016
1138.932617	30481.816406
1137.827148	30354.964844
1136.721680	29855.949219
1135.616211	29282.712891
1134.510742	29151.810547
1133.405273	28843.722656
1132.298828	28413.253906
1131.192383	28236.677734
1130.085938	27966.146484
1128.978516	27514.265625
1127.871094	27965.314453
1126.763672	28062.144531
1125.656250	28003.804688
1124.548828	27737.966797
1123.440430	27603.275391
1122.332031	27638.955078
1121.223633	27541.451172
1120.115234	28135.871094
1119.005859	27887.732422
1117.896484	28058.580078
1116.787109	28081.029297
1115.677734	28325.906250
1114.567383	28910.804688
1113.457031	29090.005859
1112.346680	29907.687500
1111.236328	30171.576172
1110.125977	30603.095703
1109.014648	31596.355469
1107.903320	31990.369141
1106.791016	32573.623047
1105.679688	33047.796875
1104.567383	33624.046875
1103.455078	34117.378906
1102.342773	34166.746094
1101.230469	34272.636719
1100.117188	34591.566406
1099.003906	34327.757813
1097.890625	33675.015625
1096.776367	33328.933594
1095.663086	32678.845703
1094.548828	32413.482422
1093.434570	31611.845703
1092.319336	30688.960938
1091.205078	30202.771484
1090.089844	29736.314453
1088.974609	28983.646484
1087.858398	28502.455078
1086.743164	28067.011719
1085.626953	27664.275391
1084.510742	28050.833984
1083.394531	27594.080078
1082.277344	27165.689453
1081.160156	27448.109375
1080.042969	27240.869141
1078.925781	27057.535156
1077.807617	27242.359375
1076.690430	27052.607422
1075.572266	26806.662109
1074.454102	26913.519531
1073.334961	26825.628906
1072.215820	26757.240234
1071.096680	27093.253906
1069.977539	27251.843750
1068.858398	27540.054688
1067.738281	27454.277344
1066.618164	27891.402344
1065.498047	27876.869141
1064.376953	28015.677734
1063.256836	28378.990234
1062.135742	28303.910156
1061.014648	28986.437500
1059.892578	28805.521484
1058.771484	28920.248047
1057.649414	29125.515625
1056.527344	29061.132813
1055.404297	28858.787109
1054.282227	28958.308594
1053.159180	28958.648438
1052.036133	28601.310547
1050.913086	28713.744141
1049.789063	28789.511719
1048.665039	28729.589844
1047.541016	28426.416016
1046.416992	28138.435547
1045.291992	28188.431641
1044.166992	27965.164063
1043.041992	27918.376953
1041.916992	27811.388672
1040.791992	27676.494141
1039.666016	27664.185547
1038.540039	27557.314453
1037.414063	27145.363281
1036.287109	26860.335938
1035.160156	27095.207031
1034.033203	26735.146484
1032.906250	26772.423828
1031.779297	27075.847656
1030.651367	27042.212891
1029.523438	27388.359375
1028.395508	27485.521484
1027.266602	27580.498047
1026.138672	27272.318359
1025.009766	27200.082031
1023.879883	27449.369141
1022.750977	27224.980469
1021.621094	27617.695313
1020.491211	27374.083984
1019.361328	27334.015625
1018.231445	27508.068359
1017.100586	27423.033203
1015.969727	27233.166016
1014.838867	27385.726563
1013.708008	27452.650391
1012.576172	27461.798828
1011.444336	27039.000000
1010.312500	27347.529297
1009.180664	27606.765625
1008.047852	27684.248047
1006.915039	27588.640625
1005.782227	27798.525391
1004.649414	27824.660156
1003.515625	28013.050781
1002.381836	27776.556641
1001.248047	27695.960938
1000.114258	27604.730469
998.979492	27692.734375
997.844727	27012.865234
996.709961	26992.201172
995.575195	26715.707031
994.439453	26332.753906
993.303711	26318.636719
992.167969	26498.408203
991.032227	26522.599609
989.895508	26561.687500
988.758789	26006.695313
987.622070	26377.966797
986.485352	26391.513672
985.348633	26002.882813
984.210938	26310.089844
983.073242	26106.685547
981.934570	26007.568359
980.796875	26395.363281
979.658203	26425.886719
978.519531	26456.394531
977.380859	26480.513672
976.241211	26874.244141
975.101563	26755.964844
973.961914	26951.994141
972.822266	27048.160156
971.681641	27248.283203
970.541992	27756.013672
969.401367	28138.353516
968.259766	28138.728516
967.119141	28495.373047
965.977539	28139.472656
964.835938	28349.697266
963.694336	28309.751953
962.551758	28543.154297
961.409180	28162.119141
960.266602	28213.306641
959.124023	28116.244141
957.980469	27665.673828
956.837891	27475.636719
955.694336	27292.025391
954.549805	27317.947266
953.406250	27472.884766
952.261719	26997.544922
951.117188	26909.332031
949.972656	26874.001953
948.827148	26826.005859
947.681641	26708.298828
946.536133	26837.806641
945.390625	26882.775391
944.245117	26722.894531
943.098633	27008.541016
941.952148	27547.353516
940.804688	28064.832031
939.658203	28552.550781
938.510742	28700.445313
937.363281	29331.224609
936.215820	30048.181641
935.067383	31097.900391
933.919922	32043.898438
932.770508	33265.527344
931.622070	34916.398438
930.473633	36513.906250
929.324219	37895.937500
928.174805	38923.679688
927.025391	39908.882813
925.875000	40224.445313
924.724609	40449.402344
923.574219	39510.996094
922.423828	38861.109375
921.272461	37931.847656
920.122070	36620.378906
918.969727	35137.125000
917.818359	33698.628906
916.666992	32035.955078
915.514648	31115.433594
914.362305	30189.001953
913.208984	29391.035156
912.056641	28782.322266
910.903320	28016.472656
909.750000	27657.992188
908.596680	27343.714844
907.442383	27266.562500
906.288086	27350.894531
905.133789	27124.927734
903.979492	26924.205078
902.824219	26817.865234
901.668945	26569.105469
900.513672	26691.191406
899.358398	26681.292969
898.202148	26390.843750
897.045898	26370.544922
895.889648	26174.457031
894.733398	26384.367188
893.576172	26546.070313
892.419922	25975.699219
891.261719	25809.132813
890.104492	26207.082031
888.946289	25793.902344
887.789063	26195.861328
886.629883	25640.791016
885.471680	25787.779297
884.312500	25775.992188
883.153320	25956.291016
881.994141	25863.058594
880.834961	25723.953125
879.674805	25933.351563
878.514648	25950.742188
877.354492	26145.402344
876.194336	26364.998047
875.033203	26144.619141
873.872070	26036.886719
872.710938	26164.669922
871.548828	26515.322266
870.387695	26455.480469
869.225586	26310.279297
868.063477	26056.875000
866.900391	26523.810547
865.737305	26289.195313
864.574219	26038.031250
863.411133	26028.285156
862.248047	25856.316406
861.083984	26295.755859
859.919922	26107.167969
858.755859	25852.148438
857.590820	26089.730469
856.425781	26030.113281
855.260742	26209.392578
854.095703	26471.660156
852.930664	26480.511719
851.764648	26532.947266
850.598633	26338.392578
849.431641	26600.402344
848.265625	26376.869141
847.098633	26649.125000
845.931641	26873.568359
844.764648	26780.722656
843.596680	26984.312500
842.428711	27245.833984
841.260742	27210.974609
840.092773	27308.695313
838.923828	27659.021484
837.754883	27452.242188
836.585938	27228.990234
835.416992	27307.990234
834.247070	27417.990234
833.077148	27244.533203
831.907227	27437.224609
830.737305	27623.630859
829.566406	26834.166016
828.395508	27305.849609
827.224609	27535.552734
826.052734	27418.064453
824.881836	27290.296875
823.709961	27773.861328
822.537109	27435.470703
821.365234	27082.775391
820.192383	26986.140625
819.019531	26726.541016
817.846680	26677.468750
816.672852	26593.351563
815.500000	26356.681641
814.326172	26462.332031
813.151367	26411.289063
811.977539	26362.328125
810.802734	26651.265625
809.627930	26542.535156
808.453125	26753.050781
807.277344	26804.937500
806.101563	26650.953125
804.925781	26383.843750
803.750000	26738.234375
802.573242	26166.761719
801.396484	26397.642578
800.219727	26537.945313
799.042969	26690.523438
797.865234	26750.541016
796.687500	27083.835938
795.509766	26893.095703
794.331055	26833.890625
793.153320	27021.142578
791.974609	26927.031250
790.795898	26683.109375
789.616211	26646.570313
788.436523	26328.945313
787.256836	26473.015625
786.077148	26487.814453
784.896484	26475.947266
783.716797	26285.730469
782.536133	26114.039063
781.354492	26206.763672
780.173828	26399.833984
778.992188	26418.714844
777.810547	26269.662109
776.627930	26241.470703
775.446289	26178.488281
774.263672	26717.208984
773.081055	26553.890625
771.897461	26390.642578
770.714844	26354.265625
769.531250	26542.824219
768.347656	26853.957031
767.163086	27109.769531
765.978516	27183.605469
764.794922	27567.939453
763.609375	27392.451172
762.424805	27733.687500
761.239258	28346.314453
760.053711	28893.355469
758.868164	28962.617188
757.681641	29441.955078
756.495117	29841.527344
755.308594	30247.042969
754.122070	30827.734375
752.934570	31298.091797
751.747070	32377.642578
750.559570	33717.546875
749.372070	35437.835938
748.183594	37361.054688
746.995117	40401.406250
745.806641	42748.222656
744.618164	45203.937500
743.428711	47841.742188
742.239258	49988.062500
741.049805	50910.917969
739.859375	51192.753906
738.669922	50650.984375
737.479492	50009.839844
736.288086	47856.863281
735.097656	46464.765625
733.906250	45339.402344
732.714844	44427.781250
731.522461	43760.234375
730.331055	43762.933594
729.138672	43720.976563
727.946289	44208.687500
726.752930	44059.113281
725.560547	43617.507813
724.367188	43026.019531
723.173828	41615.648438
721.979492	40872.812500
720.785156	39250.714844
719.590820	37844.097656
718.396484	36604.207031
717.202148	35496.496094
716.006836	34938.019531
714.811523	33833.171875
713.616211	32959.542969
712.419922	32691.347656
711.223633	31800.130859
710.027344	31299.687500
708.831055	31391.988281
707.633789	31447.853516
706.436523	31434.962891
705.239258	31120.953125
704.041016	31017.212891
702.843750	30424.652344
701.645508	29826.287109
700.446289	29985.388672
699.248047	29645.779297
698.048828	30398.238281
696.849609	30815.394531
695.650391	30962.029297
694.450195	31399.050781
693.250000	31896.376953
692.049805	32782.601563
690.849609	33535.402344
689.648438	34392.667969
688.447266	35434.925781
687.246094	36434.421875
686.044922	36654.082031
684.842773	37962.957031
683.640625	38916.960938
682.438477	39926.898438
681.235352	40481.636719
680.032227	40062.433594
678.829102	39782.191406
677.625977	39059.671875
676.421875	38846.109375
675.218750	38958.261719
674.013672	38710.644531
672.809570	39094.007813
671.604492	39651.957031
670.399414	39665.421875
669.194336	40223.000000
667.989258	40445.097656
666.783203	41473.894531
665.577148	42454.082031
664.371094	43379.679688
663.164063	43943.851563
661.957031	44832.621094
660.750000	44780.757813
659.542969	44476.367188
658.334961	43144.101563
657.126953	42146.996094
655.918945	41510.863281
654.710938	40626.687500
653.501953	39931.093750
652.292969	38311.007813
651.083984	38230.613281
649.874023	37574.003906
648.665039	36719.640625
647.455078	35741.644531
646.244141	35066.007813
645.034180	34332.687500
643.823242	33733.593750
642.612305	33078.808594
641.400391	31936.845703
640.189453	31372.615234
638.977539	31076.218750
637.764648	31135.324219
636.552734	31100.587891
635.339844	30331.476563
634.126953	30488.462891
632.914063	30330.208984
631.700195	30576.869141
630.486328	31102.562500
629.272461	31231.330078
628.058594	31067.064453
626.843750	32052.585938
625.628906	31940.005859
624.414063	31064.646484
623.199219	31402.353516
621.983398	31126.734375
620.767578	30938.810547
619.551758	30571.869141
618.334961	29938.488281
617.118164	29647.505859
615.901367	29688.757813
614.684570	29503.330078
613.466797	29359.726563
612.249023	28528.554688
611.031250	28430.921875
609.812500	28216.126953
608.594727	28358.914063
607.375977	28513.548828
606.156250	28177.773438
604.937500	27987.031250
603.717773	28590.097656
602.498047	27986.695313
601.278320	27627.519531
600.057617	27801.931641
598.836914	27373.560547
597.616211	27189.177734
596.394531	27280.333984
595.173828	27048.498047
593.952148	26804.876953
592.729492	26545.517578
591.507813	26391.208984
590.285156	26733.833984
589.062500	26547.882813
587.838867	26870.533203
586.616211	26793.431641
585.392578	27448.156250
584.168945	27831.691406
582.944336	28248.664063
581.719727	28930.304688
580.495117	29329.066406
579.270508	29419.449219
578.044922	29414.978516
576.820313	29641.558594
575.593750	29368.527344
574.368164	29814.119141
573.141602	29858.896484
571.915039	29958.896484
570.688477	29883.287109
569.461914	29912.236328
568.234375	29811.035156
567.006836	29743.386719
565.778320	29287.501953
564.550781	29068.269531
563.322266	29339.667969
562.093750	29280.054688
560.864258	29106.251953
559.635742	29027.023438
558.406250	28804.142578
557.175781	29165.814453
555.946289	29104.326172
554.715820	28732.076172
553.485352	28774.933594
552.254883	29037.980469
551.023438	28701.367188
549.791992	28571.253906
548.560547	28397.968750
547.328125	27977.240234
546.095703	27733.455078
544.863281	27623.294922
543.630859	27662.380859
542.398438	27730.886719
541.165039	27952.417969
539.931641	27912.925781
538.697266	27851.875000
537.462891	27690.837891
536.228516	27649.462891
534.994141	27641.427734
533.759766	27976.335938
532.524414	27697.851563
531.289063	27556.603516
530.052734	27732.675781
528.817383	27992.859375
527.581055	28117.859375
526.344727	28086.232422
525.107422	28397.035156
523.870117	29186.976563
522.632813	29516.953125
521.395508	29393.138672
520.157227	29488.328125
518.918945	29391.933594
517.680664	28812.919922
516.442383	28888.632813
515.203125	28477.957031
513.963867	28026.453125
512.724609	28162.806641
511.484375	28410.357422
510.245117	28439.230469
509.003906	28571.494141
507.763672	28818.785156
506.522461	28960.656250
505.281250	28923.080078
504.040039	28686.685547
502.798828	28491.320313
501.556641	27986.230469
