1802.298828	16643.958984
1801.329102	16741.349609
1800.360352	16775.457031
1799.390625	16757.128906
1798.420898	16574.089844
1797.451172	16500.912109
1796.481445	16120.911133
1795.510742	16234.918945
1794.540039	16229.180664
1793.570313	16599.921875
1792.598633	16671.386719
1791.627930	16279.265625
1790.657227	16724.523438
1789.685547	16432.197266
1788.713867	16319.319336
1787.742188	16216.447266
1786.769531	16340.181641
1785.797852	16817.337891
1784.825195	16565.099609
1783.852539	17074.367188
1782.879883	17553.576172
1781.907227	17172.001953
1780.933594	17243.169922
1779.960938	17555.474609
1778.987305	17830.367188
1778.013672	17831.769531
1777.039063	17733.781250
1776.065430	17230.894531
1775.090820	17162.867188
1774.116211	16938.419922
1773.141602	17031.859375
1772.166992	17217.103516
1771.191406	17784.466797
1770.216797	17567.515625
1769.241211	18077.521484
1768.265625	18210.318359
1767.289063	18105.000000
1766.313477	18567.482422
1765.336914	18320.839844
1764.360352	18416.302734
1763.383789	18472.082031
1762.407227	18322.218750
1761.429688	18355.701172
1760.453125	18329.736328
1759.475586	18311.208984
1758.498047	18691.214844
1757.519531	18986.923828
1756.541992	19463.140625
1755.563477	19748.677734
1754.584961	19858.494141
1753.606445	19327.794922
1752.627930	19054.433594
1751.648438	19062.972656
1750.668945	19096.220703
1749.689453	19391.367188
1748.709961	19478.880859
1747.730469	19235.396484
1746.750977	19083.376953
1745.770508	18973.386719
1744.790039	18954.769531
1743.809570	18906.544922
1742.828125	18969.371094
1741.847656	18926.095703
1740.866211	18769.378906
1739.884766	18906.169922
1738.903320	18845.671875
1737.921875	18802.449219
1736.939453	18783.888672
1735.957031	18403.136719
1734.975586	18594.052734
1733.992188	18903.115234
1733.009766	19172.650391
1732.026367	19331.291016
1731.043945	18990.187500
1730.060547	18607.384766
1729.077148	18598.726563
1728.092773	18253.052734
1727.109375	18323.171875
1726.125000	18668.667969
1725.140625	19063.193359
1724.156250	19047.072266
1723.170898	19180.867188
1722.186523	19179.468750
1721.201172	18792.396484
1720.215820	18808.267578
1719.230469	18946.908203
1718.245117	18935.734375
1717.258789	18946.656250
1716.272461	19107.267578
1715.286133	19066.623047
1714.299805	19138.833984
1713.313477	19748.128906
1712.326172	19528.375000
1711.338867	19987.796875
1710.351563	20101.429688
1709.364258	20028.767578
1708.376953	20161.945313
1707.388672	19983.966797
1706.400391	20036.275391
1705.412109	20059.177734
1704.423828	20422.363281
1703.434570	20763.371094
1702.446289	20996.566406
1701.457031	21699.423828
1700.467773	21763.548828
1699.478516	21959.712891
1698.488281	22057.990234
1697.499023	22403.138672
1696.508789	22361.964844
1695.518555	22489.421875
1694.527344	22812.283203
1693.537109	22863.871094
1692.545898	23230.486328
1691.554688	23889.958984
1690.563477	23968.148438
1689.572266	23992.609375
1688.580078	23914.566406
1687.588867	24595.324219
1686.596680	24502.552734
1685.604492	24897.576172
1684.611328	24768.205078
1683.619141	24499.929688
1682.625977	24280.507813
1681.632813	24419.386719
1680.639648	24338.937500
1679.646484	24587.357422
1678.652344	24709.037109
1677.658203	24825.798828
1676.664063	25529.191406
1675.669922	25307.427734
1674.675781	25080.886719
1673.680664	24776.580078
1672.686523	25000.228516
1671.691406	25046.255859
1670.695313	24810.216797
1669.700195	24649.630859
1668.704102	24569.314453
1667.708984	24075.935547
1666.712891	24756.183594
1665.715820	24802.195313
1664.719727	24887.042969
1663.722656	24185.187500
1662.725586	23857.447266
1661.728516	24129.308594
1660.731445	23874.505859
1659.734375	24289.386719
1658.736328	23903.673828
1657.738281	24185.001953
1656.740234	24240.730469
1655.742188	24686.710938
1654.743164	24672.029297
1653.745117	24509.544922
1652.746094	24570.001953
1651.747070	24167.812500
1650.747070	23860.226563
1649.748047	24274.259766
1648.748047	24351.656250
1647.748047	24736.378906
1646.748047	24736.218750
1645.748047	24542.521484
1644.747070	24230.386719
1643.746094	24619.654297
1642.745117	24517.968750
1641.744141	24435.660156
1640.743164	24553.970703
1639.741211	24179.320313
1638.739258	24744.546875
1637.737305	24333.777344
1636.735352	24734.537109
1635.733398	24758.505859
1634.730469	24379.357422
1633.727539	24709.875000
1632.724609	24538.390625
1631.721680	24403.158203
1630.718750	24304.158203
1629.714844	24511.437500
1628.710938	24812.656250
1627.707031	24969.128906
1626.703125	25229.162109
1625.698242	25267.423828
1624.693359	25300.851563
1623.688477	25134.363281
1622.683594	25175.023438
1621.678711	24828.066406
1620.672852	24856.736328
1619.667969	24803.570313
1618.662109	24909.222656
1617.656250	24918.609375
1616.649414	24709.134766
1615.643555	24862.826172
1614.636719	25139.060547
1613.629883	25208.476563
1612.623047	25337.939453
1611.615234	25577.867188
1610.607422	25858.533203
1609.600586	25980.576172
1608.592773	26361.888672
1607.583984	26128.484375
1606.576172	25952.775391
1605.567383	26084.292969
1604.558594	26160.576172
1603.549805	26551.052734
1602.541016	26835.851563
1601.531250	26931.111328
1600.522461	26777.019531
1599.512695	27075.974609
1598.502930	27293.332031
1597.492188	27496.226563
1596.482422	27294.234375
1595.471680	27360.539063
1594.460938	27876.945313
1593.450195	28146.576172
1592.438477	28813.390625
1591.427734	29319.613281
1590.416016	29435.671875
1589.404297	29298.140625
1588.392578	29256.322266
1587.379883	28839.144531
1586.367188	29026.912109
1585.355469	28963.658203
1584.341797	29194.332031
1583.329102	28665.218750
1582.316406	28955.566406
1581.302734	29563.400391
1580.289063	29270.892578
1579.275391	29202.880859
1578.260742	29605.046875
1577.247070	29159.996094
1576.232422	29282.890625
1575.217773	29417.658203
1574.203125	29278.140625
1573.188477	28857.353516
1572.172852	28951.599609
1571.157227	29086.318359
1570.141602	29447.333984
1569.125977	29615.246094
1568.109375	29578.261719
1567.093750	29417.466797
1566.077148	29530.519531
1565.060547	29557.835938
1564.042969	29730.304688
1563.026367	29757.566406
1562.008789	30091.679688
1560.991211	30066.529297
1559.973633	30141.257813
1558.956055	30591.572266
1557.937500	30114.728516
1556.918945	30068.201172
1555.900391	30045.449219
1554.881836	30288.750000
1553.862305	30417.955078
1552.843750	30775.050781
1551.824219	30355.716797
1550.804688	30691.314453
1549.785156	30331.490234
1548.764648	30382.251953
1547.744141	29856.591797
1546.723633	30286.873047
1545.703125	30752.542969
1544.682617	30746.277344
1543.661133	30621.507813
1542.640625	30447.027344
1541.619141	30748.808594
1540.596680	31059.939453
1539.575195	31479.876953
1538.552734	31525.548828
1537.531250	31980.724609
1536.507813	32315.011719
1535.485352	31996.082031
1534.462891	32183.548828
1533.439453	32567.253906
1532.416016	32179.884766
1531.392578	32107.121094
1530.369141	32592.246094
1529.344727	32278.365234
1528.320313	32309.585938
1527.295898	32397.490234
1526.271484	32218.462891
1525.247070	32093.818359
1524.221680	32306.835938
1523.196289	32293.162109
1522.170898	32199.251953
1521.145508	32348.406250
1520.119141	32353.599609
1519.093750	32363.503906
1518.067383	32335.675781
1517.041016	32843.019531
1516.013672	32277.687500
1514.987305	32690.570313
1513.959961	32547.240234
1512.932617	32952.828125
1511.905273	33516.042969
1510.876953	33810.593750
1509.849609	34050.875000
1508.821289	34050.980469
1507.792969	34615.855469
1506.764648	34844.054688
1505.735352	35255.636719
1504.706055	35500.074219
1503.677734	35756.164063
1502.647461	35934.570313
1501.618164	36333.832031
1500.587891	36551.992188
1499.558594	36441.144531
1498.528320	36196.457031
1497.497070	36527.226563
1496.466797	36533.847656
1495.435547	36707.128906
1494.405273	35807.773438
1493.373047	35694.855469
1492.341797	35359.113281
1491.310547	35344.843750
1490.278320	34706.792969
1489.246094	34158.093750
1488.213867	33757.296875
1487.180664	33579.304688
1486.148438	32946.816406
1485.115234	32722.207031
1484.082031	32471.923828
1483.048828	32338.826172
1482.014648	32350.935547
1480.981445	32035.333984
1479.947266	32031.115234
1478.913086	32632.900391
1477.877930	32291.697266
1476.843750	32607.841797
1475.808594	33017.386719
1474.773438	33363.640625
1473.738281	33069.308594
1472.702148	33695.835938
1471.666992	33864.164063
1470.630859	34551.003906
1469.594727	35158.152344
1468.558594	35991.542969
1467.521484	35879.113281
1466.484375	37134.472656
1465.447266	37294.878906
1464.410156	37357.226563
1463.373047	38700.140625
1462.334961	39412.832031
1461.297852	39560.972656
1460.259766	40897.941406
1459.220703	40989.773438
1458.182617	41212.058594
1457.143555	41974.746094
1456.104492	42383.070313
1455.065430	43073.011719
1454.026367	43427.386719
1452.986328	43872.402344
1451.947266	44796.664063
1450.907227	45101.597656
1449.866211	46195.050781
1448.826172	46657.730469
1447.785156	47745.757813
1446.744141	47880.101563
1445.703125	48063.207031
1444.662109	48357.781250
1443.620117	48227.031250
1442.579102	48414.585938
1441.537109	47519.746094
1440.495117	46643.847656
1439.452148	45805.453125
1438.410156	44763.136719
1437.367188	43779.265625
1436.324219	43139.179688
1435.280273	42401.929688
1434.237305	41943.289063
1433.193359	41053.542969
1432.149414	40794.730469
1431.105469	40220.804688
1430.061523	40370.117188
1429.016602	39543.972656
1427.971680	38745.960938
1426.926758	38524.933594
1425.881836	38060.875000
1424.836914	37881.742188
1423.791016	37547.613281
1422.745117	37426.503906
1421.699219	36805.726563
1420.653320	36286.976563
1419.606445	36210.132813
1418.559570	35742.578125
1417.512695	35950.207031
1416.465820	35734.808594
1415.417969	35366.992188
1414.371094	35997.324219
1413.323242	35310.863281
1412.275391	35497.570313
1411.226563	35737.300781
1410.178711	35633.000000
1409.129883	35332.570313
1408.081055	35694.468750
1407.032227	35428.753906
1405.982422	35654.402344
1404.933594	35391.105469
1403.883789	35487.562500
1402.833984	35007.734375
1401.783203	34919.867188
1400.733398	34850.464844
1399.682617	34762.664063
1398.631836	34665.683594
1397.581055	34156.574219
1396.529297	34126.515625
1395.478516	33617.726563
1394.426758	33364.574219
1393.375000	33454.328125
1392.323242	33373.824219
1391.270508	33449.734375
1390.217773	33022.074219
1389.165039	33433.644531
1388.112305	33157.847656
1387.059570	33215.351563
1386.005859	32900.652344
1384.952148	33100.589844
1383.898438	33350.960938
1382.844727	33233.875000
1381.790039	33867.457031
1380.735352	34271.277344
1379.680664	34431.707031
1378.625977	34681.535156
1377.571289	34938.140625
1376.515625	34671.808594
1375.459961	34907.675781
1374.404297	35122.808594
1373.348633	35211.808594
1372.291992	34920.429688
1371.235352	35240.796875
1370.178711	35279.324219
1369.122070	35246.851563
1368.065430	35770.699219
1367.007813	35339.875000
1365.950195	34884.050781
1364.892578	35327.562500
1363.834961	35624.496094
1362.776367	35644.578125
1361.717773	35845.285156
1360.659180	35847.023438
1359.600586	36541.277344
1358.541016	36803.363281
1357.482422	36640.406250
1356.422852	36904.644531
1355.363281	37698.578125
1354.302734	37855.175781
1353.243164	38214.863281
1352.182617	38638.308594
1351.122070	39369.609375
1350.061523	40132.546875
1349.000000	40434.441406
1347.938477	40708.839844
1346.877930	42207.421875
1345.815430	42417.511719
1344.753906	43003.542969
1343.691406	43329.578125
1342.629883	44461.890625
1341.567383	44826.203125
1340.503906	45625.281250
1339.441406	46490.042969
1338.377930	46553.257813
1337.314453	48095.605469
1336.250977	47867.234375
1335.186523	49092.484375
1334.123047	49434.824219
1333.058594	49229.046875
1331.994141	49398.441406
1330.929688	49604.128906
1329.864258	49014.410156
1328.798828	48154.578125
1327.733398	47908.378906
1326.667969	47223.988281
1325.602539	46655.667969
1324.536133	45908.257813
1323.469727	44918.312500
1322.403320	44555.031250
1321.336914	44162.410156
1320.269531	43395.707031
1319.202148	42790.324219
1318.134766	42643.156250
1317.067383	42069.910156
1315.999023	42045.324219
1314.931641	41868.941406
1313.863281	42066.398438
1312.794922	41588.859375
1311.725586	41804.402344
1310.657227	41825.164063
1309.587891	40997.132813
1308.518555	41352.960938
1307.448242	41333.070313
1306.378906	41317.710938
1305.308594	41042.277344
1304.238281	40803.132813
1303.167969	39924.335938
1302.096680	40067.476563
1301.026367	39433.234375
1299.955078	39162.984375
1298.883789	38648.902344
1297.811523	38363.113281
1296.740234	37944.234375
1295.667969	37403.628906
1294.595703	37091.187500
1293.523438	36573.542969
1292.450195	36739.652344
1291.377930	35935.851563
1290.304688	36126.824219
1289.230469	35740.566406
1288.157227	35951.781250
1287.083008	35741.488281
1286.009766	35594.371094
1284.934570	36051.015625
1283.860352	35710.203125
1282.786133	36468.355469
1281.710938	36521.558594
1280.635742	37045.140625
1279.560547	37861.042969
1278.484375	38746.351563
1277.408203	39284.886719
1276.333008	39553.328125
1275.255859	40478.195313
1274.179688	41494.839844
1273.102539	41926.714844
1272.026367	41944.957031
1270.949219	42405.757813
1269.871094	42520.468750
1268.793945	41718.921875
1267.715820	41589.003906
1266.637695	41425.464844
1265.559570	40810.910156
1264.480469	39777.027344
1263.402344	39028.464844
1262.323242	38836.429688
1261.244141	37608.511719
1260.164063	37286.820313
1259.084961	36680.601563
1258.004883	36330.097656
1256.924805	35296.398438
1255.844727	35089.683594
1254.763672	34638.949219
1253.682617	34224.222656
1252.601563	34140.980469
1251.520508	33780.238281
1250.439453	33612.089844
1249.357422	32922.738281
1248.275391	32766.013672
1247.193359	32712.222656
1246.111328	32416.986328
1245.028320	32150.929688
1243.945313	32126.347656
1242.862305	31337.607422
1241.779297	31795.732422
1240.695313	31818.138672
1239.612305	31420.726563
1238.528320	31327.103516
1237.443359	31057.185547
1236.359375	31117.656250
1235.274414	30890.281250
1234.189453	31095.751953
1233.104492	30915.306641
1232.019531	30759.462891
1230.933594	30552.408203
1229.847656	30965.050781
1228.761719	30722.382813
1227.675781	30760.527344
1226.589844	30720.695313
1225.502930	30337.925781
1224.416016	30808.062500
1223.329102	30719.267578
1222.241211	30521.453125
1221.153320	30483.929688
1220.065430	30513.156250
1218.977539	30244.332031
1217.889648	30489.292969
1216.800781	30180.562500
1215.711914	30303.179688
1214.623047	30214.623047
1213.534180	30292.740234
1212.444336	30208.660156
1211.355469	30251.208984
1210.265625	30506.900391
1209.174805	30198.605469
1208.084961	30139.023438
1206.994141	30223.705078
1205.903320	30175.232422
1204.812500	30177.796875
1203.721680	30142.656250
1202.629883	29905.761719
1201.538086	30314.041016
1200.446289	29806.820313
1199.354492	29767.347656
1198.261719	29513.000000
1197.168945	29347.353516
1196.076172	29367.787109
1194.983398	29432.490234
1193.889648	29815.908203
1192.796875	30225.718750
1191.703125	29989.285156
1190.608398	29668.888672
1189.514648	30160.298828
1188.419922	30023.525391
1187.325195	29988.500000
1186.230469	29962.330078
1185.135742	30051.076172
1184.040039	30303.275391
1182.944336	30310.183594
1181.848633	30420.880859
1180.752930	30323.982422
1179.656250	30350.742188
1178.559570	30516.533203
1177.462891	29980.564453
1176.366211	30146.357422
1175.268555	29749.642578
1174.171875	29913.207031
1173.074219	29695.285156
1171.975586	29735.349609
1170.877930	29497.718750
1169.779297	29438.656250
1168.680664	29306.919922
1167.582031	29166.429688
1166.483398	28849.839844
1165.383789	28687.484375
1164.284180	29042.435547
1163.184570	28915.312500
1162.084961	29254.662109
1160.984375	29281.519531
1159.883789	29123.634766
1158.783203	29376.970703
1157.682617	29557.658203
1156.582031	29608.597656
1155.480469	30081.402344
1154.378906	30004.789063
1153.276367	29928.205078
1152.174805	30308.410156
1151.072266	31015.578125
1149.969727	31691.718750
1148.867188	32598.001953
1147.764648	33244.996094
1146.661133	33773.265625
1145.557617	34564.488281
1144.454102	34815.968750
1143.350586	34514.894531
1142.246094	34584.355469
1141.141602	34230.859375
1140.037109	33735.101563
1138.932617	33482.687500
1137.827148	33015.757813
1136.721680	32354.162109
1135.616211	32259.800781
1134.510742	31729.951172
1133.405273	31521.974609
1132.298828	31060.314453
1131.192383	30931.300781
1130.085938	30625.214844
1128.978516	30719.343750
1127.871094	30656.052734
1126.763672	30192.865234
1125.656250	30422.484375
1124.548828	30346.181641
1123.440430	30680.498047
1122.332031	30326.865234
1121.223633	30490.761719
1120.115234	30632.763672
1119.005859	30844.531250
1117.896484	31219.832031
1116.787109	31010.408203
1115.677734	31171.798828
1114.567383	31548.970703
1113.457031	31585.925781
1112.346680	32435.773438
1111.236328	33104.410156
1110.125977	33833.761719
1109.014648	34615.074219
1107.903320	35437.429688
1106.791016	35743.464844
1105.679688	36110.316406
1104.567383	36413.902344
1103.455078	36615.097656
1102.342773	37238.207031
1101.230469	36814.976563
1100.117188	36815.914063
1099.003906	36188.597656
1097.890625	35768.019531
1096.776367	35538.839844
1095.663086	34697.105469
1094.548828	34192.390625
1093.434570	33375.175781
1092.319336	32977.335938
1091.205078	32002.259766
1090.089844	31420.404297
1088.974609	30619.644531
1087.858398	31036.199219
1086.743164	30238.023438
1085.626953	30155.751953
1084.510742	29913.083984
1083.394531	30025.984375
1082.277344	29664.257813
1081.160156	29699.162109
1080.042969	29415.632813
1078.925781	29686.625000
1077.807617	29390.224609
1076.690430	29561.527344
1075.572266	29390.800781
1074.454102	29499.277344
1073.334961	29378.390625
1072.215820	29348.394531
1071.096680	29502.216797
1069.977539	29550.035156
1068.858398	29558.923828
1067.738281	29742.853516
1066.618164	30324.257813
1065.498047	30510.103516
1064.376953	30456.144531
1063.256836	30970.085938
1062.135742	30836.171875
1061.014648	31200.888672
1059.892578	31353.976563
1058.771484	31254.578125
1057.649414	31379.546875
1056.527344	30814.375000
1055.404297	30982.500000
1054.282227	30825.056641
1053.159180	31079.308594
1052.036133	30624.560547
1050.913086	30182.927734
1049.789063	30262.695313
1048.665039	30299.359375
1047.541016	30000.158203
1046.416992	29492.300781
1045.291992	29701.253906
1044.166992	29658.392578
1043.041992	29583.283203
1041.916992	29211.421875
1040.791992	29175.134766
1039.666016	28605.744141
1038.540039	29005.890625
1037.414063	28630.162109
1036.287109	28978.570313
1035.160156	28330.224609
1034.033203	28292.013672
1032.906250	28348.281250
1031.779297	28702.886719
1030.651367	28806.255859
1029.523438	28963.216797
1028.395508	28982.820313
1027.266602	29116.083984
1026.138672	28824.732422
1025.009766	29035.142578
1023.879883	28917.537109
1022.750977	28887.835938
1021.621094	29245.919922
1020.491211	29051.228516
1019.361328	29267.785156
1018.231445	29175.937500
1017.100586	29139.781250
1015.969727	29441.781250
1014.838867	29125.283203
1013.708008	29054.927734
1012.576172	29346.054688
1011.444336	29275.679688
1010.312500	29485.392578
1009.180664	29532.570313
1008.047852	29340.388672
1006.915039	30005.023438
1005.782227	29917.484375
1004.649414	30265.644531
1003.515625	30459.921875
1002.381836	30082.019531
1001.248047	29947.580078
1000.114258	29798.257813
998.979492	29725.796875
997.844727	29591.511719
996.709961	29088.371094
995.575195	29103.513672
994.439453	29107.988281
993.303711	28831.160156
992.167969	28396.781250
991.032227	28823.169922
989.895508	28821.304688
988.758789	28593.738281
987.622070	28500.380859
986.485352	28717.798828
985.348633	28515.927734
984.210938	28869.404297
983.073242	29063.203125
981.934570	28952.824219
980.796875	28948.792969
979.658203	28823.601563
978.519531	29259.509766
977.380859	28877.208984
976.241211	29268.306641
975.101563	28975.363281
973.961914	29306.816406
972.822266	29275.105469
971.681641	29907.740234
970.541992	30177.238281
969.401367	30094.439453
968.259766	30486.804688
967.119141	30420.935547
965.977539	30647.683594
964.835938	30583.925781
963.694336	30443.898438
962.551758	30409.871094
961.409180	30350.433594
960.266602	30094.052734
959.124023	30369.271484
957.980469	30007.136719
956.837891	29630.339844
955.694336	29700.208984
954.549805	29243.236328
953.406250	29325.845703
952.261719	29099.656250
951.117188	29203.402344
949.972656	28763.828125
948.827148	28899.298828
947.681641	28899.476563
946.536133	29146.822266
945.390625	29201.859375
944.245117	29402.574219
943.098633	29402.638672
941.952148	29641.214844
940.804688	29700.312500
939.658203	30449.300781
938.510742	30738.121094
937.363281	31043.689453
936.215820	32156.677734
935.067383	32792.769531
933.919922	33812.171875
932.770508	34173.707031
931.622070	35480.992188
930.473633	36619.218750
929.324219	37691.675781
928.174805	38534.191406
927.025391	39130.070313
925.875000	39256.398438
924.724609	39450.000000
923.574219	38791.582031
922.423828	37809.558594
921.272461	37099.199219
920.122070	35941.367188
918.969727	35198.078125
917.818359	34087.371094
916.666992	32813.273438
915.514648	32188.740234
914.362305	31606.474609
913.208984	30864.890625
912.056641	30526.642578
910.903320	29793.998047
909.750000	29640.757813
908.596680	29451.919922
907.442383	29502.248047
906.288086	28877.378906
905.133789	29330.308594
903.979492	29334.515625
902.824219	28691.216797
901.668945	28766.787109
900.513672	28848.605469
899.358398	29056.035156
898.202148	28752.515625
897.045898	28911.728516
895.889648	29031.109375
894.733398	29016.527344
893.576172	28738.371094
892.419922	28608.824219
891.261719	29012.535156
890.104492	29190.291016
888.946289	28655.248047
887.789063	28155.953125
886.629883	28421.521484
885.471680	28367.392578
884.312500	28616.091797
883.153320	28323.925781
881.994141	28489.025391
880.834961	28533.009766
879.674805	28412.138672
878.514648	28554.162109
877.354492	28767.033203
876.194336	28579.457031
875.033203	28544.146484
873.872070	28623.484375
872.710938	28767.384766
871.548828	28734.132813
870.387695	28955.013672
869.225586	28582.285156
868.063477	28832.248047
866.900391	28505.498047
865.737305	28869.832031
864.574219	28622.277344
863.411133	28364.423828
862.248047	28591.279297
861.083984	28499.890625
859.919922	28539.511719
858.755859	28610.292969
857.590820	28747.537109
856.425781	28812.005859
855.260742	28494.250000
854.095703	28812.097656
852.930664	29030.148438
851.764648	28776.894531
850.598633	28903.539063
849.431641	28882.806641
848.265625	29036.339844
847.098633	28779.146484
845.931641	29554.703125
844.764648	29730.791016
843.596680	29848.765625
842.428711	29492.142578
841.260742	29813.150391
840.092773	30233.443359
838.923828	30023.996094
837.754883	29951.289063
836.585938	29965.550781
835.416992	29957.041016
834.247070	29783.001953
833.077148	30163.441406
831.907227	29683.330078
830.737305	30167.013672
829.566406	30084.035156
828.395508	29910.146484
827.224609	29849.984375
826.052734	30054.296875
824.881836	30401.044922
823.709961	30183.861328
822.537109	29939.927734
821.365234	29669.263672
820.192383	29891.958984
819.019531	29115.898438
817.846680	28466.005859
816.672852	29070.365234
815.500000	28864.091797
814.326172	28851.693359
813.151367	28936.171875
811.977539	28561.078125
810.802734	28756.830078
809.627930	28933.958984
808.453125	29426.089844
807.277344	28867.964844
806.101563	28956.435547
804.925781	28970.777344
803.750000	28701.164063
802.573242	28989.150391
801.396484	28810.140625
800.219727	29231.632813
799.042969	29375.406250
797.865234	29576.664063
796.687500	29486.037109
795.509766	29674.855469
794.331055	29775.267578
793.153320	29518.308594
791.974609	29370.275391
790.795898	28705.023438
789.616211	28865.064453
788.436523	28672.123047
787.256836	28959.285156
786.077148	29006.361328
784.896484	28885.275391
783.716797	29049.197266
782.536133	28817.470703
781.354492	28665.761719
780.173828	28727.181641
778.992188	28782.429688
777.810547	28673.824219
776.627930	28788.429688
775.446289	28640.974609
774.263672	28430.138672
773.081055	28857.765625
771.897461	28773.798828
770.714844	28990.509766
769.531250	29213.259766
768.347656	29229.435547
767.163086	29621.673828
765.978516	29568.275391
764.794922	29439.306641
763.609375	30135.578125
762.424805	30061.675781
761.239258	30220.552734
760.053711	30495.707031
758.868164	30807.474609
757.681641	31268.048828
756.495117	31893.654297
755.308594	32164.123047
754.122070	32760.712891
752.934570	33393.738281
751.747070	35212.671875
750.559570	36317.632813
749.372070	37886.601563
748.183594	40491.621094
746.995117	43470.203125
745.806641	45956.835938
744.618164	48808.773438
743.428711	51753.085938
742.239258	53328.871094
741.049805	54137.093750
739.859375	53950.476563
738.669922	53393.875000
737.479492	51321.019531
736.288086	49974.621094
735.097656	47903.394531
733.906250	46515.648438
732.714844	45774.386719
731.522461	44405.976563
730.331055	44097.917969
729.138672	44033.558594
727.946289	44125.484375
726.752930	43781.156250
725.560547	43343.667969
724.367188	42695.457031
723.173828	41662.285156
721.979492	40795.781250
720.785156	39692.531250
719.590820	38287.843750
718.396484	37013.417969
717.202148	36357.273438
716.006836	35575.871094
714.811523	35381.902344
713.616211	34560.562500
712.419922	34368.917969
711.223633	33736.300781
710.027344	33672.347656
708.831055	33157.445313
707.633789	33281.671875
706.436523	33050.070313
705.239258	32927.703125
704.041016	32874.082031
702.843750	32107.390625
701.645508	32100.421875
700.446289	31871.337891
699.248047	31507.093750
698.048828	32142.083984
696.849609	32641.597656
695.650391	32826.167969
694.450195	32675.828125
693.250000	33156.746094
692.049805	33875.355469
690.849609	34833.519531
689.648438	35628.031250
688.447266	36442.343750
687.246094	37189.824219
686.044922	37413.343750
684.842773	38287.136719
683.640625	39120.281250
682.438477	39798.089844
681.235352	40711.031250
680.032227	40480.882813
678.829102	40417.773438
677.625977	40002.781250
676.421875	39348.722656
675.218750	39496.945313
674.013672	39825.964844
672.809570	40327.625000
671.604492	40523.738281
670.399414	40994.898438
669.194336	41323.292969
667.989258	41978.750000
666.783203	42864.718750
665.577148	43868.683594
664.371094	44633.484375
663.164063	45831.171875
661.957031	45893.378906
660.750000	46444.726563
659.542969	45939.539063
658.334961	44887.500000
657.126953	43950.117188
655.918945	42482.335938
654.710938	41710.093750
653.501953	40725.953125
652.292969	39648.160156
651.083984	39329.320313
649.874023	38212.277344
648.665039	37647.832031
647.455078	37249.628906
646.244141	36413.699219
645.034180	36197.855469
643.823242	35228.601563
642.612305	34317.714844
641.400391	33756.843750
640.189453	33174.238281
638.977539	32849.492188
637.764648	32592.765625
636.552734	32497.830078
635.339844	32155.474609
634.126953	32216.296875
632.914063	32297.035156
631.700195	32399.675781
630.486328	32667.759766
629.272461	32387.529297
628.058594	32834.867188
626.843750	32991.089844
625.628906	33274.738281
624.414063	32654.029297
623.199219	33035.195313
621.983398	32926.449219
620.767578	32441.562500
619.551758	32243.441406
618.334961	31904.146484
617.118164	31660.474609
615.901367	31532.248047
614.684570	31694.359375
613.466797	30943.998047
612.249023	31000.832031
611.031250	30501.298828
609.812500	30496.619141
608.594727	30672.669922
607.375977	30413.791016
606.156250	30436.919922
604.937500	30172.246094
603.717773	29996.982422
602.498047	29968.599609
601.278320	29904.525391
600.057617	29884.103516
598.836914	29828.001953
597.616211	29432.974609
596.394531	29547.419922
595.173828	29384.433594
593.952148	29221.515625
592.729492	29038.863281
591.507813	29044.388672
590.285156	29380.494141
589.062500	29045.529297
587.838867	28857.130859
586.616211	29333.505859
585.392578	29554.533203
584.168945	29710.207031
582.944336	30016.058594
581.719727	30383.046875
580.495117	30583.880859
579.270508	31069.119141
578.044922	31062.312500
576.820313	31373.447266
575.593750	31642.982422
574.368164	31902.529297
573.141602	31816.597656
571.915039	31815.542969
570.688477	32183.367188
569.461914	31983.039063
568.234375	32094.332031
567.006836	31799.482422
565.778320	31934.414063
564.550781	31411.148438
563.322266	31548.072266
562.093750	31627.814453
560.864258	31817.794922
559.635742	31625.753906
558.406250	31807.771484
557.175781	31548.906250
555.946289	31715.117188
554.715820	31635.378906
553.485352	31467.175781
552.254883	31780.751953
551.023438	31630.277344
549.791992	31473.972656
548.560547	30763.646484
547.328125	30474.015625
546.095703	30555.703125
544.863281	30211.261719
543.630859	30088.802734
542.398438	30315.753906
541.165039	30662.300781
539.931641	30649.679688
538.697266	30774.359375
537.462891	30546.007813
536.228516	30080.529297
534.994141	30452.220703
533.759766	30506.277344
532.524414	30523.082031
531.289063	30418.431641
530.052734	30431.328125
528.817383	30688.960938
527.581055	30827.070313
526.344727	30820.291016
525.107422	31394.640625
523.870117	31733.990234
522.632813	32345.042969
521.395508	32752.464844
520.157227	31683.726563
518.918945	31537.986328
517.680664	31513.458984
516.442383	31158.773438
515.203125	30921.437500
513.963867	30555.316406
512.724609	30755.541016
511.484375	30846.367188
510.245117	31140.107422
509.003906	31496.150391
507.763672	31459.955078
506.522461	31612.943359
505.281250	31352.509766
504.040039	31417.730469
502.798828	31054.156250
501.556641	30772.578125
