1802.298828	13487.474609
1801.329102	13739.694336
1800.360352	13569.668945
1799.390625	13706.747070
1798.420898	13564.248047
1797.451172	13633.900391
1796.481445	13439.082031
1795.510742	13291.731445
1794.540039	13418.749023
1793.570313	13348.750977
1792.598633	13650.196289
1791.627930	13884.229492
1790.657227	13819.161133
1789.685547	13676.889648
1788.713867	13661.701172
1787.742188	13688.852539
1786.769531	13862.887695
1785.797852	14016.937500
1784.825195	14183.369141
1783.852539	14364.663086
1782.879883	14142.868164
1781.907227	14351.455078
1780.933594	14102.395508
1779.960938	14564.504883
1778.987305	14469.618164
1778.013672	14595.956055
1777.039063	14431.525391
1776.065430	14311.876953
1775.090820	14398.428711
1774.116211	14189.434570
1773.141602	14410.044922
1772.166992	14275.599609
1771.191406	14491.138672
1770.216797	15073.821289
1769.241211	15055.917969
1768.265625	15087.627930
1767.289063	15273.070313
1766.313477	15428.687500
1765.336914	15264.474609
1764.360352	15610.858398
1763.383789	15652.332031
1762.407227	15609.559570
1761.429688	15618.816406
1760.453125	15848.460938
1759.475586	15909.657227
1758.498047	16025.285156
1757.519531	16311.628906
1756.541992	16429.601563
1755.563477	16869.126953
1754.584961	16841.011719
1753.606445	16394.996094
1752.627930	16295.287109
1751.648438	16220.335938
1750.668945	16160.242188
1749.689453	16446.093750
1748.709961	16531.728516
1747.730469	16651.906250
1746.750977	16426.322266
1745.770508	16069.976563
1744.790039	15977.890625
1743.809570	16231.346680
1742.828125	16080.045898
1741.847656	16234.701172
1740.866211	16364.629883
1739.884766	16092.561523
1738.903320	16323.545898
1737.921875	16256.181641
1736.939453	15922.685547
1735.957031	16052.541016
1734.975586	16214.369141
1733.992188	16373.667969
1733.009766	16247.257813
1732.026367	16352.322266
1731.043945	16218.580078
1730.060547	16070.125977
1729.077148	16096.423828
1728.092773	16051.371094
1727.109375	16333.447266
1726.125000	16219.511719
1725.140625	16353.928711
1724.156250	16726.716797
1723.170898	16792.166016
1722.186523	16825.646484
1721.201172	16628.201172
1720.215820	16597.841797
1719.230469	16378.418945
1718.245117	16497.878906
1717.258789	16830.835938
1716.272461	16778.371094
1715.286133	16946.746094
1714.299805	17083.164063
1713.313477	16871.259766
1712.326172	17485.791016
1711.338867	17707.820313
1710.351563	17584.154297
1709.364258	17538.957031
1708.376953	17677.535156
1707.388672	17725.419922
1706.400391	17719.404297
1705.412109	17906.832031
1704.423828	17893.437500
1703.434570	18181.105469
1702.446289	18099.136719
1701.457031	18601.953125
1700.467773	18632.455078
1699.478516	18655.605469
1698.488281	18842.574219
1697.499023	18924.345703
1696.508789	19191.839844
1695.518555	19139.101563
1694.527344	19223.203125
1693.537109	19190.019531
1692.545898	19261.863281
1691.554688	19919.693359
1690.563477	19727.705078
1689.572266	19499.181641
1688.580078	19734.398438
1687.588867	19825.572266
1686.596680	19863.044922
1685.604492	19941.960938
1684.611328	20103.746094
1683.619141	20043.625000
1682.625977	20017.648438
1681.632813	20152.511719
1680.639648	20487.099609
1679.646484	20595.017578
1678.652344	20790.562500
1677.658203	21139.425781
1676.664063	21166.808594
1675.669922	21223.386719
1674.675781	21467.310547
1673.680664	21443.517578
1672.686523	21392.976563
1671.691406	21697.513672
1670.695313	21537.525391
1669.700195	21846.769531
1668.704102	22262.826172
1667.708984	22270.484375
1666.712891	22319.437500
1665.715820	22113.328125
1664.719727	22718.412109
1663.722656	22815.800781
1662.725586	23039.380859
1661.728516	23243.451172
1660.731445	23420.746094
1659.734375	23430.574219
1658.736328	23942.482422
1657.738281	23966.746094
1656.740234	24808.076172
1655.742188	24538.841797
1654.743164	25210.064453
1653.745117	25248.585938
1652.746094	25296.783203
1651.747070	25269.871094
1650.747070	25255.080078
1649.748047	25254.818359
1648.748047	25820.984375
1647.748047	26415.964844
1646.748047	26509.830078
1645.748047	26456.087891
1644.747070	26557.162109
1643.746094	26979.814453
1642.745117	26824.460938
1641.744141	27278.308594
1640.743164	27231.707031
1639.741211	26817.855469
1638.739258	27136.142578
1637.737305	26944.677734
1636.735352	27538.091797
1635.733398	27619.433594
1634.730469	27389.363281
1633.727539	27417.607422
1632.724609	27795.699219
1631.721680	27741.826172
1630.718750	27839.921875
1629.714844	28010.316406
1628.710938	27990.181641
1627.707031	28088.162109
1626.703125	27887.273438
1625.698242	28050.287109
1624.693359	28218.048828
1623.688477	28195.476563
1622.683594	28047.697266
1621.678711	28027.572266
1620.672852	28130.208984
1619.667969	27609.525391
1618.662109	27601.525391
1617.656250	27499.714844
1616.649414	27917.425781
1615.643555	28181.076172
1614.636719	27725.810547
1613.629883	28325.886719
1612.623047	28199.992188
1611.615234	28775.701172
1610.607422	28594.515625
1609.600586	29215.539063
1608.592773	29735.460938
1607.583984	29342.931641
1606.576172	29480.990234
1605.567383	29525.404297
1604.558594	29687.359375
1603.549805	29911.613281
1602.541016	30246.089844
1601.531250	30743.474609
1600.522461	30658.128906
1599.512695	30889.187500
1598.502930	31275.906250
1597.492188	31497.158203
1596.482422	31711.132813
1595.471680	31951.361328
1594.460938	32502.751953
1593.450195	32982.101563
1592.438477	33375.093750
1591.427734	33131.425781
1590.416016	33517.046875
1589.404297	33725.511719
1588.392578	33154.296875
1587.379883	33491.855469
1586.367188	33128.878906
1585.355469	33870.203125
1584.341797	33729.511719
1583.329102	33631.882813
1582.316406	33620.273438
1581.302734	34198.500000
1580.289063	34174.839844
1579.275391	34408.984375
1578.260742	33853.089844
1577.247070	33958.355469
1576.232422	33898.972656
1575.217773	34330.937500
1574.203125	33935.269531
1573.188477	34233.535156
1572.172852	34495.925781
1571.157227	34276.812500
1570.141602	34400.890625
1569.125977	34362.925781
1568.109375	34679.851563
1567.093750	34868.054688
1566.077148	34165.792969
1565.060547	34858.632813
1564.042969	34858.679688
1563.026367	34920.589844
1562.008789	34532.878906
1560.991211	35244.097656
1559.973633	35648.289063
1558.956055	35417.566406
1557.937500	35353.312500
1556.918945	35241.558594
1555.900391	35369.808594
1554.881836	35935.082031
1553.862305	36371.875000
1552.843750	36483.191406
1551.824219	36691.792969
1550.804688	36639.226563
1549.785156	37507.394531
1548.764648	37395.367188
1547.744141	37923.824219
1546.723633	38186.457031
1545.703125	38261.664063
1544.682617	39074.085938
1543.661133	39326.832031
1542.640625	39484.691406
1541.619141	39841.492188
1540.596680	40233.671875
1539.575195	41525.589844
1538.552734	41573.949219
1537.531250	41875.574219
1536.507813	42304.878906
1535.485352	42367.242188
1534.462891	42517.109375
1533.439453	42700.023438
1532.416016	42996.375000
1531.392578	43607.050781
1530.369141	43271.949219
1529.344727	43343.476563
1528.320313	43726.867188
1527.295898	43956.546875
1526.271484	43569.679688
1525.247070	43740.253906
1524.221680	43823.406250
1523.196289	43698.800781
1522.170898	43295.769531
1521.145508	43263.339844
1520.119141	43443.226563
1519.093750	43290.492188
1518.067383	43069.429688
1517.041016	43079.496094
1516.013672	42670.000000
1514.987305	42656.574219
1513.959961	42909.390625
1512.932617	42622.664063
1511.905273	42333.695313
1510.876953	42332.113281
1509.849609	42831.968750
1508.821289	42590.203125
1507.792969	42856.828125
1506.764648	42353.996094
1505.735352	42700.531250
1504.706055	42426.054688
1503.677734	42024.718750
1502.647461	41889.187500
1501.618164	41981.687500
1500.587891	42236.289063
1499.558594	42624.699219
1498.528320	42054.597656
1497.497070	41576.316406
1496.466797	41624.167969
1495.435547	41653.214844
1494.405273	41456.937500
1493.373047	41345.210938
1492.341797	40830.015625
1491.310547	41246.203125
1490.278320	40949.324219
1489.246094	40511.890625
1488.213867	40761.449219
1487.180664	41106.996094
1486.148438	40986.113281
1485.115234	40816.082031
1484.082031	41004.468750
1483.048828	41286.445313
1482.014648	41357.597656
1480.981445	41676.832031
1479.947266	41469.378906
1478.913086	42106.664063
1477.877930	42659.476563
1476.843750	42613.316406
1475.808594	42461.949219
1474.773438	43512.304688
1473.738281	44012.941406
1472.702148	44335.765625
1471.666992	44494.906250
1470.630859	44824.500000
1469.594727	45156.296875
1468.558594	45205.417969
1467.521484	45389.917969
1466.484375	46365.574219
1465.447266	46491.417969
1464.410156	46829.515625
1463.373047	47435.722656
1462.334961	47190.453125
1461.297852	47565.500000
1460.259766	47851.804688
1459.220703	48021.453125
1458.182617	48188.699219
1457.143555	48025.054688
1456.104492	48164.277344
1455.065430	47998.367188
1454.026367	48153.828125
1452.986328	48053.164063
1451.947266	47887.375000
1450.907227	47635.554688
1449.866211	47844.457031
1448.826172	47355.500000
1447.785156	47269.042969
1446.744141	46975.695313
1445.703125	47544.847656
1444.662109	46717.039063
1443.620117	46614.507813
1442.579102	46518.980469
1441.537109	46100.656250
1440.495117	45682.500000
1439.452148	45654.546875
1438.410156	44440.500000
1437.367188	44431.371094
1436.324219	43672.824219
1435.280273	43575.703125
1434.237305	43172.480469
1433.193359	42973.472656
1432.149414	42201.925781
1431.105469	42450.531250
1430.061523	42156.773438
1429.016602	41763.511719
1427.971680	41657.640625
1426.926758	41074.734375
1425.881836	41536.320313
1424.836914	41567.132813
1423.791016	41246.132813
1422.745117	41339.464844
1421.699219	41340.218750
1420.653320	41539.890625
1419.606445	41369.464844
1418.559570	40972.523438
1417.512695	41243.800781
1416.465820	41309.269531
1415.417969	41058.152344
1414.371094	41437.816406
1413.323242	40941.937500
1412.275391	41434.617188
1411.226563	41959.410156
1410.178711	41343.695313
1409.129883	41415.957031
1408.081055	41262.070313
1407.032227	41315.859375
1405.982422	40841.460938
1404.933594	40724.675781
1403.883789	40621.765625
1402.833984	40846.199219
1401.783203	40563.554688
1400.733398	40435.386719
1399.682617	40286.542969
1398.631836	40858.613281
1397.581055	40449.546875
1396.529297	40379.054688
1395.478516	40554.863281
1394.426758	40353.207031
1393.375000	40434.617188
1392.323242	40603.402344
1391.270508	40404.152344
1390.217773	40108.414063
1389.165039	40396.687500
1388.112305	40429.730469
1387.059570	40244.460938
1386.005859	40116.695313
1384.952148	40827.351563
1383.898438	40616.847656
1382.844727	40920.718750
1381.790039	41093.617188
1380.735352	41472.996094
1379.680664	41335.945313
1378.625977	42153.277344
1377.571289	42344.121094
1376.515625	42773.363281
1375.459961	42672.832031
1374.404297	43097.242188
1373.348633	43278.554688
1372.291992	43244.417969
1371.235352	43308.792969
1370.178711	43744.164063
1369.122070	43725.972656
1368.065430	43797.070313
1367.007813	44408.304688
1365.950195	43827.039063
1364.892578	44225.230469
1363.834961	44282.433594
1362.776367	44687.222656
1361.717773	44872.343750
1360.659180	45416.289063
1359.600586	45482.324219
1358.541016	45925.371094
1357.482422	46267.707031
1356.422852	47080.429688
1355.363281	47429.234375
1354.302734	48300.738281
1353.243164	48290.750000
1352.182617	49248.437500
1351.122070	49781.312500
1350.061523	50521.566406
1349.000000	51199.925781
1347.938477	52680.687500
1346.877930	53376.554688
1345.815430	54591.835938
1344.753906	55460.210938
1343.691406	56505.945313
1342.629883	57275.605469
1341.567383	58434.402344
1340.503906	59647.363281
1339.441406	60591.179688
1338.377930	61311.546875
1337.314453	62420.746094
1336.250977	62692.222656
1335.186523	62845.296875
1334.123047	63057.433594
1333.058594	63530.960938
1331.994141	63824.695313
1330.929688	63438.738281
1329.864258	64145.933594
1328.798828	62424.199219
1327.733398	62352.210938
1326.667969	61274.230469
1325.602539	59969.644531
1324.536133	59444.199219
1323.469727	59091.457031
1322.403320	57411.460938
1321.336914	56850.566406
1320.269531	55659.367188
1319.202148	54346.207031
1318.134766	54103.691406
1317.067383	53233.394531
1315.999023	52964.007813
1314.931641	52169.074219
1313.863281	51741.445313
1312.794922	50811.199219
1311.725586	50417.984375
1310.657227	49855.140625
1309.587891	49367.222656
1308.518555	48451.804688
1307.448242	47742.648438
1306.378906	46884.496094
1305.308594	46173.691406
1304.238281	45336.562500
1303.167969	44915.722656
1302.096680	43706.277344
1301.026367	43084.839844
1299.955078	42845.457031
1298.883789	41720.757813
1297.811523	41353.035156
1296.740234	40536.164063
1295.667969	40223.007813
1294.595703	39302.894531
1293.523438	38908.890625
1292.450195	38115.753906
1291.377930	37880.039063
1290.304688	37554.218750
1289.230469	36908.394531
1288.157227	36891.710938
1287.083008	36485.164063
1286.009766	36376.195313
1284.934570	35643.289063
1283.860352	36491.699219
1282.786133	36240.933594
1281.710938	35765.148438
1280.635742	35561.894531
1279.560547	35432.988281
1278.484375	35880.082031
1277.408203	36084.062500
1276.333008	36155.269531
1275.255859	36176.980469
1274.179688	36468.429688
1273.102539	36744.027344
1272.026367	36552.128906
1270.949219	36903.972656
1269.871094	37100.687500
1268.793945	37324.265625
1267.715820	37195.261719
1266.637695	37037.128906
1265.559570	37146.117188
1264.480469	37243.843750
1263.402344	36807.625000
1262.323242	36501.667969
1261.244141	36173.414063
1260.164063	36381.105469
1259.084961	35680.933594
1258.004883	35505.433594
1256.924805	35502.519531
1255.844727	35434.644531
1254.763672	35057.742188
1253.682617	34609.339844
1252.601563	34192.464844
1251.520508	34140.578125
1250.439453	33891.796875
1249.357422	33444.003906
1248.275391	33819.519531
1247.193359	33184.078125
1246.111328	32810.488281
1245.028320	33217.187500
1243.945313	33393.523438
1242.862305	32571.001953
1241.779297	32459.214844
1240.695313	32778.535156
1239.612305	32689.078125
1238.528320	32802.816406
1237.443359	32833.921875
1236.359375	32802.527344
1235.274414	32675.201172
1234.189453	32327.089844
1233.104492	32360.488281
1232.019531	32458.535156
1230.933594	32219.916016
1229.847656	32411.558594
1228.761719	32095.050781
1227.675781	32050.478516
1226.589844	31818.818359
1225.502930	31694.146484
1224.416016	31507.183594
1223.329102	31422.693359
1222.241211	31529.636719
1221.153320	31416.248047
1220.065430	31109.359375
1218.977539	31111.759766
1217.889648	30580.464844
1216.800781	30565.183594
1215.711914	30296.511719
1214.623047	29819.050781
1213.534180	30270.521484
1212.444336	29695.519531
1211.355469	29476.105469
1210.265625	29882.951172
1209.174805	29592.544922
1208.084961	29479.822266
1206.994141	29502.507813
1205.903320	29551.804688
1204.812500	29414.755859
1203.721680	29588.236328
1202.629883	29311.548828
1201.538086	29356.404297
1200.446289	29146.367188
1199.354492	29379.578125
1198.261719	29369.001953
1197.168945	29285.337891
1196.076172	29044.480469
1194.983398	28949.843750
1193.889648	29147.429688
1192.796875	29271.898438
1191.703125	29203.820313
1190.608398	28987.556641
1189.514648	29105.341797
1188.419922	29550.332031
1187.325195	29530.880859
1186.230469	29199.789063
1185.135742	29262.177734
1184.040039	29613.962891
1182.944336	29928.048828
1181.848633	29740.689453
1180.752930	30008.246094
1179.656250	30132.201172
1178.559570	30426.044922
1177.462891	30417.462891
1176.366211	30291.960938
1175.268555	30190.769531
1174.171875	29677.251953
1173.074219	29507.884766
1171.975586	29490.677734
1170.877930	29566.037109
1169.779297	29185.273438
1168.680664	28709.943359
1167.582031	28723.746094
1166.483398	28446.882813
1165.383789	28128.308594
1164.284180	28111.404297
1163.184570	27964.671875
1162.084961	28141.414063
1160.984375	28036.527344
1159.883789	27615.001953
1158.783203	27497.074219
1157.682617	27458.330078
1156.582031	27709.708984
1155.480469	27631.382813
1154.378906	27779.363281
1153.276367	27914.103516
1152.174805	27677.669922
1151.072266	27930.925781
1149.969727	27292.896484
1148.867188	27438.589844
1147.764648	27538.144531
1146.661133	27374.419922
1145.557617	27131.806641
1144.454102	27310.296875
1143.350586	27190.562500
1142.246094	27101.562500
1141.141602	27190.095703
1140.037109	26781.261719
1138.932617	26751.541016
1137.827148	26713.070313
1136.721680	26876.046875
1135.616211	26649.304688
1134.510742	26661.212891
1133.405273	26399.597656
1132.298828	26582.187500
1131.192383	26469.425781
1130.085938	26702.212891
1128.978516	26416.755859
1127.871094	26505.189453
1126.763672	26820.863281
1125.656250	26354.208984
1124.548828	26519.050781
1123.440430	26375.880859
1122.332031	26315.744141
1121.223633	26766.466797
1120.115234	26581.861328
1119.005859	26783.570313
1117.896484	26666.667969
1116.787109	26866.089844
1115.677734	26969.472656
1114.567383	26965.976563
1113.457031	27202.261719
1112.346680	27695.613281
1111.236328	27382.552734
1110.125977	27616.417969
1109.014648	27608.423828
1107.903320	27676.644531
1106.791016	27855.869141
1105.679688	27388.554688
1104.567383	27287.033203
1103.455078	27102.875000
1102.342773	26890.515625
1101.230469	27126.251953
1100.117188	27172.718750
1099.003906	27060.472656
1097.890625	27224.294922
1096.776367	27099.042969
1095.663086	26934.738281
1094.548828	26590.218750
1093.434570	26986.357422
1092.319336	26815.660156
1091.205078	26627.669922
1090.089844	26843.416016
1088.974609	26698.888672
1087.858398	26628.177734
1086.743164	27073.679688
1085.626953	27326.007813
1084.510742	27060.089844
1083.394531	27715.458984
1082.277344	27980.486328
1081.160156	28111.074219
1080.042969	28055.322266
1078.925781	28398.068359
1077.807617	28485.175781
1076.690430	29076.626953
1075.572266	29334.529297
1074.454102	29386.759766
1073.334961	29668.279297
1072.215820	30092.431641
1071.096680	30470.990234
1069.977539	30905.599609
1068.858398	31649.123047
1067.738281	32195.671875
1066.618164	32783.039063
1065.498047	33221.105469
1064.376953	33825.281250
1063.256836	34351.468750
1062.135742	35052.292969
1061.014648	35847.781250
1059.892578	35967.519531
1058.771484	36341.781250
1057.649414	36293.117188
1056.527344	36326.414063
1055.404297	36301.484375
1054.282227	35748.441406
1053.159180	35906.828125
1052.036133	35386.417969
1050.913086	35307.843750
1049.789063	34934.234375
1048.665039	34530.632813
1047.541016	34202.550781
1046.416992	34119.976563
1045.291992	33972.878906
1044.166992	33561.210938
1043.041992	33336.851563
1041.916992	33359.902344
1040.791992	32918.515625
1039.666016	32851.355469
1038.540039	32803.566406
1037.414063	33037.281250
1036.287109	32441.648438
1035.160156	32211.400391
1034.033203	32090.765625
1032.906250	31953.005859
1031.779297	32075.025391
1030.651367	31958.783203
1029.523438	32080.748047
1028.395508	31831.550781
1027.266602	31904.158203
1026.138672	31998.175781
1025.009766	31571.216797
1023.879883	31333.046875
1022.750977	31221.406250
1021.621094	30959.841797
1020.491211	31103.214844
1019.361328	30850.347656
1018.231445	30278.572266
1017.100586	30323.525391
1015.969727	29910.468750
1014.838867	29846.353516
1013.708008	29807.935547
1012.576172	29669.007813
1011.444336	29145.242188
1010.312500	29149.748047
1009.180664	28812.263672
1008.047852	29002.750000
1006.915039	29633.271484
1005.782227	28823.828125
1004.649414	29336.660156
1003.515625	29055.000000
1002.381836	29138.488281
1001.248047	29051.201172
1000.114258	28874.330078
998.979492	28838.332031
997.844727	28885.529297
996.709961	28207.681641
995.575195	28099.355469
994.439453	28084.861328
993.303711	27944.636719
992.167969	27806.603516
991.032227	27864.599609
989.895508	27811.824219
988.758789	27780.363281
987.622070	27946.892578
986.485352	27881.357422
985.348633	27617.957031
984.210938	27743.986328
983.073242	27710.437500
981.934570	27932.085938
980.796875	27728.419922
979.658203	27554.597656
978.519531	27742.128906
977.380859	27857.337891
976.241211	27985.242188
975.101563	27630.982422
973.961914	27744.011719
972.822266	27451.515625
971.681641	27906.250000
970.541992	27963.972656
969.401367	27737.376953
968.259766	27854.500000
967.119141	27723.451172
965.977539	27698.466797
964.835938	27997.816406
963.694336	28148.683594
962.551758	27928.685547
961.409180	28181.183594
960.266602	27961.269531
959.124023	28270.822266
957.980469	28266.917969
956.837891	27941.289063
955.694336	28051.724609
954.549805	27874.376953
953.406250	27969.968750
952.261719	27900.564453
951.117188	28034.166016
949.972656	27833.712891
948.827148	27891.183594
947.681641	27950.740234
946.536133	28272.226563
945.390625	28460.513672
944.245117	28608.593750
943.098633	29221.074219
941.952148	29299.273438
940.804688	29807.937500
939.658203	30438.751953
938.510742	31651.490234
937.363281	32372.324219
936.215820	33371.171875
935.067383	34881.843750
933.919922	36695.363281
932.770508	38364.824219
931.622070	39900.843750
930.473633	41147.652344
929.324219	42278.105469
928.174805	43393.335938
927.025391	43291.457031
925.875000	42747.683594
924.724609	42233.593750
923.574219	40842.542969
922.423828	39245.976563
921.272461	37498.703125
920.122070	36202.042969
918.969727	33861.359375
917.818359	32307.566406
916.666992	31481.330078
915.514648	30132.443359
914.362305	29527.515625
913.208984	28889.251953
912.056641	28303.736328
910.903320	27882.162109
909.750000	27454.470703
908.596680	27301.761719
907.442383	27029.570313
906.288086	26908.466797
905.133789	27187.818359
903.979492	26989.179688
902.824219	26775.955078
901.668945	26652.906250
900.513672	26540.380859
899.358398	26580.775391
898.202148	26480.871094
897.045898	26450.085938
895.889648	26523.953125
894.733398	26689.847656
893.576172	26418.464844
892.419922	26268.501953
891.261719	26294.244141
890.104492	26374.326172
888.946289	26067.705078
887.789063	26110.185547
886.629883	26083.703125
885.471680	25888.039063
884.312500	26072.531250
883.153320	26181.779297
881.994141	25681.453125
880.834961	25803.257813
879.674805	26020.986328
878.514648	25742.134766
877.354492	26103.689453
876.194336	26006.347656
875.033203	25884.029297
873.872070	25905.576172
872.710938	25864.597656
871.548828	25867.386719
870.387695	26361.748047
869.225586	26087.453125
868.063477	26044.382813
866.900391	26045.041016
865.737305	26116.458984
864.574219	26477.062500
863.411133	26144.781250
862.248047	26143.332031
861.083984	26582.708984
859.919922	26549.978516
858.755859	26644.048828
857.590820	26588.458984
856.425781	26734.416016
855.260742	27063.097656
854.095703	27075.978516
852.930664	27543.550781
851.764648	27182.675781
850.598633	27417.580078
849.431641	28007.193359
848.265625	27542.720703
847.098633	28061.533203
845.931641	28304.335938
844.764648	28536.666016
843.596680	28464.210938
842.428711	28534.767578
841.260742	28282.093750
840.092773	28549.433594
838.923828	28414.902344
837.754883	28491.613281
836.585938	28177.058594
835.416992	28286.896484
834.247070	28392.548828
833.077148	28111.310547
831.907227	28767.101563
830.737305	28864.304688
829.566406	28771.269531
828.395508	28649.335938
827.224609	28548.117188
826.052734	28690.728516
824.881836	29079.080078
823.709961	28967.501953
822.537109	28657.761719
821.365234	28789.898438
820.192383	28115.035156
819.019531	27904.712891
817.846680	28125.626953
816.672852	27962.824219
815.500000	27905.255859
814.326172	27913.677734
813.151367	27988.052734
811.977539	28043.845703
810.802734	28264.433594
809.627930	28594.093750
808.453125	28449.957031
807.277344	29442.400391
806.101563	28791.757813
804.925781	28857.585938
803.750000	28962.476563
802.573242	29188.693359
801.396484	29449.773438
800.219727	29733.357422
799.042969	30129.886719
797.865234	30433.751953
796.687500	31146.412109
795.509766	31073.953125
794.331055	31465.736328
793.153320	31167.341797
791.974609	30979.943359
790.795898	30714.621094
789.616211	30449.412109
788.436523	29741.121094
787.256836	29644.445313
786.077148	29047.380859
784.896484	28932.437500
783.716797	28329.628906
782.536133	28423.947266
781.354492	28743.628906
780.173828	28110.517578
778.992188	28094.207031
777.810547	28118.859375
776.627930	27844.580078
775.446289	27797.628906
774.263672	28084.277344
773.081055	28078.212891
771.897461	28121.244141
770.714844	28205.158203
769.531250	28176.574219
768.347656	28548.683594
767.163086	28849.093750
765.978516	28628.302734
764.794922	28554.697266
763.609375	29061.203125
762.424805	28791.492188
761.239258	29013.935547
760.053711	29019.910156
758.868164	29272.814453
757.681641	29144.066406
756.495117	29659.976563
755.308594	30090.003906
754.122070	30519.845703
752.934570	31100.351563
751.747070	31703.023438
750.559570	32431.769531
749.372070	32748.675781
748.183594	34220.308594
746.995117	34534.648438
745.806641	35681.542969
744.618164	36652.886719
743.428711	37288.027344
742.239258	38940.187500
741.049805	39792.210938
739.859375	41253.972656
738.669922	43117.691406
737.479492	44531.339844
736.288086	46172.003906
735.097656	48110.652344
733.906250	48868.148438
732.714844	49156.128906
731.522461	48434.757813
730.331055	46877.257813
729.138672	44559.265625
727.946289	41931.792969
726.752930	39883.683594
725.560547	37976.421875
724.367188	36272.785156
723.173828	35575.550781
721.979492	34686.042969
720.785156	34036.066406
719.590820	33736.906250
718.396484	33715.414063
717.202148	33286.824219
716.006836	33755.464844
714.811523	33537.597656
713.616211	33718.558594
712.419922	33869.085938
711.223633	34571.871094
710.027344	34754.503906
708.831055	34928.968750
707.633789	35548.164063
706.436523	36381.355469
705.239258	36482.593750
704.041016	36612.070313
702.843750	37490.945313
701.645508	37307.097656
700.446289	37613.992188
699.248047	38946.296875
698.048828	39236.554688
696.849609	39742.597656
695.650391	40912.164063
694.450195	41173.562500
693.250000	42439.101563
692.049805	43056.902344
690.849609	43831.660156
689.648438	44247.359375
688.447266	45249.191406
687.246094	45646.265625
686.044922	46288.867188
684.842773	46627.148438
683.640625	47329.644531
682.438477	47683.644531
681.235352	47798.031250
680.032227	48338.863281
678.829102	47320.675781
677.625977	46851.898438
676.421875	46144.078125
675.218750	45247.621094
674.013672	44958.445313
672.809570	44818.070313
671.604492	44043.000000
670.399414	44244.285156
669.194336	43839.113281
667.989258	43933.957031
666.783203	43924.394531
665.577148	43001.863281
664.371094	43110.863281
663.164063	42878.851563
661.957031	42616.855469
660.750000	42783.996094
659.542969	42223.484375
658.334961	41801.484375
657.126953	41117.210938
655.918945	40767.738281
654.710938	40166.089844
653.501953	39828.984375
652.292969	39179.753906
651.083984	38338.679688
649.874023	37606.019531
648.665039	37387.777344
647.455078	36595.636719
646.244141	35873.824219
645.034180	35214.292969
643.823242	35326.535156
642.612305	34665.410156
641.400391	34210.343750
640.189453	33543.753906
638.977539	33586.359375
637.764648	33365.410156
636.552734	33433.980469
635.339844	33342.871094
634.126953	33698.718750
632.914063	33499.871094
631.700195	33335.011719
630.486328	34139.246094
629.272461	33838.757813
628.058594	33994.796875
626.843750	34090.992188
625.628906	34049.683594
624.414063	33920.753906
623.199219	33650.500000
621.983398	33093.679688
620.767578	33197.917969
619.551758	32780.730469
618.334961	32534.828125
617.118164	32631.154297
615.901367	32377.431641
614.684570	32233.169922
613.466797	32021.382813
612.249023	31817.636719
611.031250	31661.664063
609.812500	31311.080078
608.594727	31629.949219
607.375977	31380.789063
606.156250	31358.046875
604.937500	31164.625000
603.717773	30997.080078
602.498047	31014.107422
601.278320	30818.896484
600.057617	30877.595703
598.836914	30801.451172
597.616211	30453.783203
596.394531	30548.187500
595.173828	30444.419922
593.952148	30081.205078
592.729492	30423.175781
591.507813	30054.181641
590.285156	30079.275391
589.062500	29813.425781
587.838867	29658.498047
586.616211	29709.375000
585.392578	29611.890625
584.168945	30068.113281
582.944336	30112.929688
581.719727	30375.140625
580.495117	30741.968750
579.270508	30316.394531
578.044922	30527.027344
576.820313	30656.599609
575.593750	30957.882813
574.368164	31326.142578
573.141602	30997.599609
571.915039	31379.498047
570.688477	31402.208984
569.461914	31488.017578
568.234375	31425.906250
567.006836	31683.173828
565.778320	31707.759766
564.550781	31125.431641
563.322266	31258.478516
562.093750	31395.402344
560.864258	31116.771484
559.635742	31196.568359
558.406250	31362.935547
557.175781	31047.099609
555.946289	31142.593750
554.715820	30868.246094
553.485352	30967.666016
552.254883	30844.867188
551.023438	30604.175781
549.791992	30668.207031
548.560547	30588.775391
547.328125	30635.097656
546.095703	30526.244141
544.863281	30258.386719
543.630859	30442.164063
542.398438	30447.253906
541.165039	30707.433594
539.931641	31016.542969
538.697266	30807.703125
537.462891	30328.339844
536.228516	31054.917969
534.994141	30677.632813
533.759766	30992.277344
532.524414	31108.896484
531.289063	31004.117188
530.052734	31269.517578
528.817383	31389.908203
527.581055	31353.644531
526.344727	31875.164063
525.107422	32537.332031
523.870117	33883.886719
522.632813	35145.750000
521.395508	36381.632813
520.157227	36205.503906
518.918945	34934.925781
517.680664	33557.425781
516.442383	32395.435547
515.203125	31698.818359
513.963867	31166.541016
512.724609	31231.917969
511.484375	31256.273438
510.245117	31596.757813
509.003906	31976.113281
507.763672	31656.970703
506.522461	32102.447266
505.281250	31857.503906
504.040039	32000.585938
502.798828	31841.521484
501.556641	31633.812500
