1802.298828	16421.707031
1801.329102	16334.303711
1800.360352	16178.741211
1799.390625	16230.425781
1798.420898	16214.705078
1797.451172	15899.562500
1796.481445	15764.166016
1795.510742	15384.387695
1794.540039	15805.247070
1793.570313	15829.513672
1792.598633	15906.117188
1791.627930	16152.162109
1790.657227	16026.837891
1789.685547	16305.143555
1788.713867	15988.050781
1787.742188	15880.264648
1786.769531	16073.778320
1785.797852	16304.553711
1784.825195	16532.746094
1783.852539	16681.222656
1782.879883	16660.472656
1781.907227	16958.097656
1780.933594	16959.679688
1779.960938	16886.669922
1778.987305	17534.562500
1778.013672	16974.353516
1777.039063	16911.322266
1776.065430	17047.058594
1775.090820	16852.396484
1774.116211	16652.843750
1773.141602	16880.408203
1772.166992	16924.193359
1771.191406	17437.015625
1770.216797	17431.044922
1769.241211	17762.460938
1768.265625	18024.294922
1767.289063	18169.474609
1766.313477	17883.195313
1765.336914	18149.802734
1764.360352	18604.654297
1763.383789	18405.179688
1762.407227	18344.515625
1761.429688	18335.886719
1760.453125	18292.591797
1759.475586	18090.859375
1758.498047	18631.806641
1757.519531	18717.167969
1756.541992	19143.951172
1755.563477	19528.505859
1754.584961	19378.664063
1753.606445	19389.617188
1752.627930	18906.093750
1751.648438	18931.964844
1750.668945	18989.953125
1749.689453	18867.542969
1748.709961	19226.904297
1747.730469	19045.216797
1746.750977	18979.662109
1745.770508	18837.597656
1744.790039	18638.816406
1743.809570	18635.076172
1742.828125	18823.794922
1741.847656	18585.662109
1740.866211	18638.660156
1739.884766	18575.738281
1738.903320	18618.851563
1737.921875	18629.904297
1736.939453	18419.152344
1735.957031	18242.980469
1734.975586	18478.271484
1733.992188	18745.486328
1733.009766	18852.533203
1732.026367	18592.703125
1731.043945	18803.117188
1730.060547	18624.611328
1729.077148	18510.150391
1728.092773	18164.494141
1727.109375	18264.144531
1726.125000	18644.078125
1725.140625	18982.062500
1724.156250	18980.707031
1723.170898	18940.031250
1722.186523	18867.427734
1721.201172	18667.113281
1720.215820	18562.666016
1719.230469	18625.234375
1718.245117	18616.580078
1717.258789	18750.291016
1716.272461	18849.591797
1715.286133	18855.617188
1714.299805	18545.191406
1713.313477	18870.107422
1712.326172	19722.087891
1711.338867	19590.638672
1710.351563	19687.193359
1709.364258	19788.609375
1708.376953	19725.826172
1707.388672	19665.515625
1706.400391	19945.658203
1705.412109	20176.712891
1704.423828	20150.619141
1703.434570	20858.828125
1702.446289	20991.671875
1701.457031	21361.785156
1700.467773	21487.130859
1699.478516	21649.111328
1698.488281	21935.730469
1697.499023	21897.087891
1696.508789	22401.072266
1695.518555	21907.820313
1694.527344	22304.095703
1693.537109	22812.574219
1692.545898	23333.058594
1691.554688	23550.556641
1690.563477	23731.347656
1689.572266	23807.111328
1688.580078	23895.044922
1687.588867	24231.798828
1686.596680	24300.093750
1685.604492	24439.083984
1684.611328	24724.316406
1683.619141	24370.726563
1682.625977	24148.894531
1681.632813	24397.455078
1680.639648	24338.937500
1679.646484	24429.027344
1678.652344	24760.179688
1677.658203	24991.369141
1676.664063	24869.478516
1675.669922	24903.404297
1674.675781	24693.978516
1673.680664	24679.265625
1672.686523	24632.935547
1671.691406	25004.912109
1670.695313	24516.015625
1669.700195	24632.615234
1668.704102	24452.652344
1667.708984	24275.191406
1666.712891	23988.474609
1665.715820	24245.962891
1664.719727	24369.777344
1663.722656	24284.734375
1662.725586	24209.433594
1661.728516	24134.162109
1660.731445	23641.560547
1659.734375	24400.984375
1658.736328	24262.652344
1657.738281	24417.804688
1656.740234	24141.324219
1655.742188	24296.435547
1654.743164	24463.601563
1653.745117	24802.738281
1652.746094	24710.513672
1651.747070	24417.289063
1650.747070	24344.550781
1649.748047	24373.525391
1648.748047	24308.083984
1647.748047	24634.732422
1646.748047	24915.273438
1645.748047	24830.404297
1644.747070	24656.076172
1643.746094	24614.818359
1642.745117	24513.132813
1641.744141	24735.394531
1640.743164	24706.224609
1639.741211	24360.539063
1638.739258	24536.792969
1637.737305	24816.830078
1636.735352	24850.447266
1635.733398	25260.677734
1634.730469	24666.599609
1633.727539	24731.593750
1632.724609	24984.761719
1631.721680	24873.562500
1630.718750	24248.685547
1629.714844	24419.806641
1628.710938	24933.199219
1627.707031	25169.191406
1626.703125	25301.458984
1625.698242	25371.029297
1624.693359	25392.388672
1623.688477	25630.500000
1622.683594	25300.236328
1621.678711	25104.923828
1620.672852	24960.234375
1619.667969	24608.646484
1618.662109	24745.615234
1617.656250	24815.171875
1616.649414	25250.263672
1615.643555	24906.107422
1614.636719	25307.343750
1613.629883	25266.162109
1612.623047	25549.410156
1611.615234	26310.654297
1610.607422	26223.650391
1609.600586	26360.029297
1608.592773	26741.265625
1607.583984	26346.941406
1606.576172	26207.191406
1605.567383	26029.101563
1604.558594	26662.003906
1603.549805	26973.222656
1602.541016	27363.455078
1601.531250	26976.667969
1600.522461	27162.972656
1599.512695	27538.544922
1598.502930	27751.017578
1597.492188	27834.029297
1596.482422	28590.080078
1595.471680	28914.761719
1594.460938	28583.265625
1593.450195	29125.650391
1592.438477	29485.919922
1591.427734	30066.181641
1590.416016	30206.013672
1589.404297	29838.707031
1588.392578	29827.865234
1587.379883	29563.589844
1586.367188	29562.367188
1585.355469	29711.708984
1584.341797	29414.162109
1583.329102	29644.695313
1582.316406	29469.089844
1581.302734	29828.466797
1580.289063	29545.455078
1579.275391	29639.707031
1578.260742	29922.455078
1577.247070	29766.052734
1576.232422	29681.281250
1575.217773	29820.738281
1574.203125	29666.830078
1573.188477	28850.201172
1572.172852	29354.433594
1571.157227	29725.001953
1570.141602	29780.906250
1569.125977	29648.595703
1568.109375	29802.140625
1567.093750	30181.833984
1566.077148	30111.416016
1565.060547	29688.750000
1564.042969	30310.966797
1563.026367	30454.693359
1562.008789	30346.208984
1560.991211	30734.833984
1559.973633	30526.464844
1558.956055	30510.742188
1557.937500	30459.373047
1556.918945	30541.099609
1555.900391	30584.775391
1554.881836	30654.562500
1553.862305	31035.433594
1552.843750	30753.679688
1551.824219	30799.644531
1550.804688	30916.792969
1549.785156	30775.238281
1548.764648	30825.910156
1547.744141	30494.664063
1546.723633	30787.265625
1545.703125	30913.773438
1544.682617	30715.458984
1543.661133	30718.681641
1542.640625	30849.859375
1541.619141	31059.162109
1540.596680	31654.466797
1539.575195	31726.164063
1538.552734	32119.833984
1537.531250	32522.810547
1536.507813	32170.642578
1535.485352	32424.367188
1534.462891	32103.113281
1533.439453	32825.066406
1532.416016	32598.449219
1531.392578	32610.714844
1530.369141	33230.476563
1529.344727	32831.382813
1528.320313	32673.464844
1527.295898	32825.078125
1526.271484	32586.916016
1525.247070	32752.650391
1524.221680	32710.552734
1523.196289	32972.968750
1522.170898	32720.802734
1521.145508	32884.007813
1520.119141	32839.550781
1519.093750	32920.113281
1518.067383	32408.773438
1517.041016	32706.281250
1516.013672	33086.164063
1514.987305	32544.460938
1513.959961	32997.253906
1512.932617	33221.367188
1511.905273	33216.937500
1510.876953	33525.679688
1509.849609	33831.933594
1508.821289	34142.773438
1507.792969	34258.164063
1506.764648	34599.371094
1505.735352	34756.957031
1504.706055	35253.136719
1503.677734	35337.632813
1502.647461	35546.683594
1501.618164	35807.355469
1500.587891	36077.320313
1499.558594	35980.667969
1498.528320	36565.234375
1497.497070	36212.539063
1496.466797	36235.660156
1495.435547	36012.281250
1494.405273	36122.265625
1493.373047	36175.886719
1492.341797	35424.800781
1491.310547	35544.214844
1490.278320	35046.824219
1489.246094	34568.394531
1488.213867	34308.160156
1487.180664	33771.484375
1486.148438	33485.738281
1485.115234	33115.773438
1484.082031	33071.519531
1483.048828	32912.539063
1482.014648	32439.900391
1480.981445	32428.578125
1479.947266	32562.353516
1478.913086	32728.830078
1477.877930	32930.324219
1476.843750	33082.621094
1475.808594	33555.207031
1474.773438	33438.453125
1473.738281	34001.925781
1472.702148	34170.230469
1471.666992	34653.878906
1470.630859	34842.996094
1469.594727	35671.957031
1468.558594	36339.457031
1467.521484	36539.781250
1466.484375	36933.746094
1465.447266	37693.914063
1464.410156	38313.785156
1463.373047	38744.460938
1462.334961	39576.082031
1461.297852	39920.042969
1460.259766	40471.335938
1459.220703	40726.406250
1458.182617	41207.398438
1457.143555	41858.257813
1456.104492	42189.742188
1455.065430	42609.582031
1454.026367	42975.699219
1452.986328	44072.593750
1451.947266	44138.027344
1450.907227	45238.882813
1449.866211	46029.875000
1448.826172	46936.839844
1447.785156	47410.894531
1446.744141	47738.281250
1445.703125	48449.070313
1444.662109	48701.734375
1443.620117	49188.968750
1442.579102	48389.035156
1441.537109	47731.101563
1440.495117	47015.382813
1439.452148	45810.093750
1438.410156	45336.457031
1437.367188	44241.078125
1436.324219	43343.355469
1435.280273	42861.230469
1434.237305	41502.632813
1433.193359	41487.148438
1432.149414	41140.156250
1431.105469	39887.042969
1430.061523	39883.476563
1429.016602	39435.078125
1427.971680	39403.808594
1426.926758	38763.468750
1425.881836	38178.960938
1424.836914	38039.160156
1423.791016	37873.953125
1422.745117	37440.390625
1421.699219	37314.699219
1420.653320	36955.445313
1419.606445	36892.339844
1418.559570	36406.148438
1417.512695	35906.285156
1416.465820	35873.476563
1415.417969	36339.781250
1414.371094	36135.937500
1413.323242	36340.992188
1412.275391	36335.824219
1411.226563	36175.968750
1410.178711	36249.308594
1409.129883	36001.835938
1408.081055	36181.316406
1407.032227	36030.843750
1405.982422	36194.097656
1404.933594	35935.300781
1403.883789	35870.261719
1402.833984	35796.031250
1401.783203	35505.207031
1400.733398	35173.027344
1399.682617	34963.070313
1398.631836	34543.621094
1397.581055	34600.976563
1396.529297	34372.843750
1395.478516	34301.312500
1394.426758	34110.152344
1393.375000	33932.871094
1392.323242	33385.324219
1391.270508	33318.648438
1390.217773	33725.648438
1389.165039	33366.980469
1388.112305	33134.867188
1387.059570	33272.796875
1386.005859	33079.847656
1384.952148	33254.480469
1383.898438	33442.816406
1382.844727	34250.980469
1381.790039	34253.097656
1380.735352	34707.328125
1379.680664	35085.648438
1378.625977	34970.585938
1377.571289	35236.308594
1376.515625	35600.519531
1375.459961	35687.171875
1374.404297	35739.398438
1373.348633	35773.273438
1372.291992	36095.824219
1371.235352	35964.671875
1370.178711	35574.769531
1369.122070	35844.492188
1368.065430	35876.007813
1367.007813	35907.507813
1365.950195	35822.289063
1364.892578	36105.453125
1363.834961	35850.949219
1362.776367	36513.625000
1361.717773	36940.511719
1360.659180	36669.988281
1359.600586	37048.667969
1358.541016	36993.027344
1357.482422	37837.535156
1356.422852	37813.726563
1355.363281	37707.714844
1354.302734	38999.050781
1353.243164	39411.003906
1352.182617	39918.644531
1351.122070	40067.832031
1350.061523	40579.679688
1349.000000	41095.878906
1347.938477	41906.023438
1346.877930	42200.582031
1345.815430	43231.261719
1344.753906	43748.753906
1343.691406	44466.531250
1342.629883	45115.671875
1341.567383	45905.750000
1340.503906	46620.351563
1339.441406	47186.675781
1338.377930	48269.445313
1337.314453	48896.632813
1336.250977	49068.523438
1335.186523	49344.976563
1334.123047	49493.957031
1333.058594	50377.292969
1331.994141	50453.246094
1330.929688	50033.691406
1329.864258	50071.046875
1328.798828	48765.710938
1327.733398	48414.898438
1326.667969	47987.019531
1325.602539	47466.222656
1324.536133	46346.363281
1323.469727	45664.984375
1322.403320	44797.820313
1321.336914	44264.496094
1320.269531	43833.453125
1319.202148	43676.972656
1318.134766	43028.578125
1317.067383	42550.449219
1315.999023	42364.863281
1314.931641	42535.074219
1313.863281	42091.316406
1312.794922	42417.781250
1311.725586	41944.792969
1310.657227	42028.914063
1309.587891	42287.277344
1308.518555	41355.226563
1307.448242	42158.875000
1306.378906	42061.906250
1305.308594	41132.738281
1304.238281	41302.824219
1303.167969	40970.988281
1302.096680	40576.003906
1301.026367	39977.812500
1299.955078	39743.597656
1298.883789	39462.039063
1297.811523	38417.312500
1296.740234	38282.898438
1295.667969	38074.050781
1294.595703	37219.828125
1293.523438	36932.308594
1292.450195	36877.261719
1291.377930	36235.828125
1290.304688	36223.789063
1289.230469	35842.015625
1288.157227	35728.628906
1287.083008	35881.210938
1286.009766	35909.804688
1284.934570	35571.203125
1283.860352	35876.863281
1282.786133	36281.464844
1281.710938	36532.812500
1280.635742	36871.835938
1279.560547	37287.222656
1278.484375	38129.902344
1277.408203	38607.832031
1276.333008	39135.035156
1275.255859	39558.593750
1274.179688	39714.464844
1273.102539	40524.289063
1272.026367	40778.757813
1270.949219	41199.363281
1269.871094	40984.152344
1268.793945	40831.906250
1267.715820	40664.003906
1266.637695	40779.000000
1265.559570	40339.625000
1264.480469	39124.097656
1263.402344	38965.652344
1262.323242	38571.781250
1261.244141	37489.667969
1260.164063	36818.269531
1259.084961	36622.324219
1258.004883	35830.371094
1256.924805	35585.417969
1255.844727	35528.726563
1254.763672	35205.550781
1253.682617	34595.906250
1252.601563	34559.597656
1251.520508	34109.246094
1250.439453	34014.871094
1249.357422	33403.734375
1248.275391	33244.675781
1247.193359	33063.320313
1246.111328	32899.921875
1245.028320	32119.634766
1243.945313	32430.291016
1242.862305	32238.074219
1241.779297	32128.591797
1240.695313	31806.970703
1239.612305	31802.572266
1238.528320	31599.474609
1237.443359	31385.300781
1236.359375	31459.091797
1235.274414	31689.033203
1234.189453	31225.130859
1233.104492	31236.458984
1232.019531	31299.062500
1230.933594	31045.080078
1229.847656	30916.017578
1228.761719	30927.390625
1227.675781	31206.107422
1226.589844	30858.796875
1225.502930	30990.425781
1224.416016	30812.515625
1223.329102	31153.343750
1222.241211	30797.423828
1221.153320	30793.218750
1220.065430	30904.693359
1218.977539	30804.824219
1217.889648	30624.939453
1216.800781	30863.099609
1215.711914	30472.111328
1214.623047	30721.310547
1213.534180	30348.285156
1212.444336	30346.386719
1211.355469	30817.544922
1210.265625	30751.150391
1209.174805	30791.343750
1208.084961	30551.855469
1206.994141	30634.232422
1205.903320	30383.781250
1204.812500	30661.349609
1203.721680	30765.822266
1202.629883	30238.343750
1201.538086	30391.626953
1200.446289	30719.929688
1199.354492	29893.650391
1198.261719	29727.890625
1197.168945	29420.445313
1196.076172	29750.884766
1194.983398	29676.025391
1193.889648	29840.255859
1192.796875	30185.884766
1191.703125	30095.490234
1190.608398	30007.341797
1189.514648	30197.898438
1188.419922	30284.445313
1187.325195	30238.312500
1186.230469	30357.966797
1185.135742	30797.990234
1184.040039	30685.492188
1182.944336	30473.640625
1181.848633	30590.927734
1180.752930	30995.199219
1179.656250	30997.537109
1178.559570	30832.136719
1177.462891	30669.011719
1176.366211	30918.492188
1175.268555	30859.078125
1174.171875	30616.658203
1173.074219	30294.966797
1171.975586	30002.064453
1170.877930	29885.585938
1169.779297	29354.929688
1168.680664	29569.060547
1167.582031	29584.884766
1166.483398	29391.517578
1165.383789	29226.845703
1164.284180	29478.236328
1163.184570	29177.179688
1162.084961	29261.261719
1160.984375	29376.103516
1159.883789	29341.351563
1158.783203	29539.675781
1157.682617	29693.949219
1156.582031	29865.740234
1155.480469	30072.613281
1154.378906	30296.972656
1153.276367	30396.039063
1152.174805	30668.544922
1151.072266	31103.398438
1149.969727	31803.664063
1148.867188	31812.349609
1147.764648	32887.359375
1146.661133	33338.921875
1145.557617	33645.546875
1144.454102	34269.980469
1143.350586	34188.246094
1142.246094	33832.570313
1141.141602	33987.621094
1140.037109	33846.835938
1138.932617	33787.152344
1137.827148	32660.986328
1136.721680	32603.763672
1135.616211	32222.585938
1134.510742	31764.966797
1133.405273	31364.429688
1132.298828	31160.947266
1131.192383	30988.167969
1130.085938	30590.226563
1128.978516	30892.058594
1127.871094	30437.470703
1126.763672	30321.800781
1125.656250	30293.574219
1124.548828	30641.082031
1123.440430	30505.781250
1122.332031	30355.250000
1121.223633	30453.650391
1120.115234	30669.867188
1119.005859	30578.308594
1117.896484	30624.234375
1116.787109	31102.019531
1115.677734	31413.863281
1114.567383	31745.197266
1113.457031	32124.345703
1112.346680	32967.542969
1111.236328	33176.316406
1110.125977	34097.355469
1109.014648	34991.867188
1107.903320	35234.917969
1106.791016	35715.164063
1105.679688	36658.828125
1104.567383	36540.121094
1103.455078	37237.355469
1102.342773	37253.433594
1101.230469	37582.679688
1100.117188	36535.425781
1099.003906	36823.371094
1097.890625	36150.542969
1096.776367	35623.585938
1095.663086	34977.355469
1094.548828	34359.636719
1093.434570	33492.441406
1092.319336	32860.093750
1091.205078	32327.861328
1090.089844	31750.277344
1088.974609	31231.515625
1087.858398	30758.529297
1086.743164	30268.388672
1085.626953	30231.644531
1084.510742	30210.089844
1083.394531	29533.966797
1082.277344	30008.812500
1081.160156	29677.496094
1080.042969	29703.722656
1078.925781	29857.710938
1077.807617	29827.591797
1076.690430	29420.820313
1075.572266	29715.441406
1074.454102	29430.035156
1073.334961	29421.658203
1072.215820	29713.923828
1071.096680	29720.623047
1069.977539	30131.609375
1068.858398	30101.466797
1067.738281	30451.685547
1066.618164	30453.894531
1065.498047	30985.339844
1064.376953	30922.640625
1063.256836	31166.578125
1062.135742	31609.019531
1061.014648	31408.087891
1059.892578	32025.076172
1058.771484	31901.804688
1057.649414	31864.863281
1056.527344	31890.474609
1055.404297	31635.785156
1054.282227	31573.048828
1053.159180	31290.513672
1052.036133	31281.740234
1050.913086	31253.582031
1049.789063	30650.375000
1048.665039	30717.103516
1047.541016	30527.611328
1046.416992	30441.511719
1045.291992	30237.089844
1044.166992	30118.814453
1043.041992	29964.017578
1041.916992	29811.435547
1040.791992	29723.419922
1039.666016	29435.519531
1038.540039	29603.375000
1037.414063	29504.708984
1036.287109	29064.501953
1035.160156	28755.500000
1034.033203	29069.373047
1032.906250	29357.347656
1031.779297	29278.146484
1030.651367	30589.611328
1029.523438	29677.695313
1028.395508	29392.541016
1027.266602	29600.779297
1026.138672	29585.929688
1025.009766	29519.634766
1023.879883	29710.562500
1022.750977	29582.121094
1021.621094	29764.380859
1020.491211	29914.433594
1019.361328	29730.347656
1018.231445	29715.478516
1017.100586	29745.568359
1015.969727	29625.832031
1014.838867	29842.074219
1013.708008	29792.960938
1012.576172	29799.472656
1011.444336	29611.394531
1010.312500	29459.736328
1009.180664	29904.480469
1008.047852	30022.076172
1006.915039	30041.343750
1005.782227	30122.544922
1004.649414	30190.898438
1003.515625	30607.246094
1002.381836	30197.292969
1001.248047	30427.781250
1000.114258	30293.294922
998.979492	29845.263672
997.844727	29267.314453
996.709961	29465.810547
995.575195	29227.167969
994.439453	29193.250000
993.303711	28929.189453
992.167969	28914.519531
991.032227	29289.675781
989.895508	29098.166016
988.758789	28800.275391
987.622070	28572.759766
986.485352	28594.355469
985.348633	29058.541016
984.210938	28692.826172
983.073242	29146.156250
981.934570	28859.255859
980.796875	28706.419922
979.658203	29376.267578
978.519531	29438.025391
977.380859	29270.285156
976.241211	29644.304688
975.101563	29621.007813
973.961914	29551.003906
972.822266	29644.494141
971.681641	30200.640625
970.541992	30088.113281
969.401367	30455.105469
968.259766	30796.488281
967.119141	30859.914063
965.977539	30982.677734
964.835938	30872.212891
963.694336	30848.685547
962.551758	30710.748047
961.409180	30479.658203
960.266602	30560.001953
959.124023	30324.802734
957.980469	30358.568359
956.837891	29897.031250
955.694336	29856.802734
954.549805	29803.896484
953.406250	29617.750000
952.261719	29414.761719
951.117188	29213.974609
949.972656	29049.205078
948.827148	29121.210938
947.681641	29290.382813
946.536133	29138.371094
945.390625	29394.060547
944.245117	29575.728516
943.098633	29837.544922
941.952148	29609.552734
940.804688	30094.937500
939.658203	30504.158203
938.510742	30877.341797
937.363281	31440.169922
936.215820	32356.984375
935.067383	32881.308594
933.919922	34151.496094
932.770508	34864.851563
931.622070	36479.566406
930.473633	37508.054688
929.324219	38708.777344
928.174805	39828.980469
927.025391	39993.078125
925.875000	40190.777344
924.724609	39942.335938
923.574219	39550.960938
922.423828	38715.996094
921.272461	38133.703125
920.122070	36490.042969
918.969727	35439.777344
917.818359	34362.644531
916.666992	33374.199219
915.514648	32333.669922
914.362305	32081.064453
913.208984	30940.472656
912.056641	30585.416016
910.903320	29680.671875
909.750000	30058.291016
908.596680	30106.406250
907.442383	29540.000000
906.288086	29338.677734
905.133789	29196.140625
903.979492	29303.076172
902.824219	29091.453125
901.668945	29066.375000
900.513672	29166.980469
899.358398	28959.705078
898.202148	29056.099609
897.045898	28874.050781
895.889648	29043.666016
894.733398	28972.587891
893.576172	28761.380859
892.419922	28767.773438
891.261719	28824.345703
890.104492	28987.509766
888.946289	29069.085938
887.789063	28289.691406
886.629883	28567.765625
885.471680	28647.287109
884.312500	28534.646484
883.153320	28810.396484
881.994141	28804.224609
880.834961	28591.445313
879.674805	28670.867188
878.514648	28589.625000
877.354492	28742.005859
876.194336	28589.882813
875.033203	28990.279297
873.872070	29057.015625
872.710938	28954.929688
871.548828	29111.226563
870.387695	28661.318359
869.225586	28798.865234
868.063477	28948.843750
866.900391	28865.617188
865.737305	28728.312500
864.574219	29032.175781
863.411133	28580.771484
862.248047	28616.236328
861.083984	28425.033203
859.919922	29090.427734
858.755859	28510.525391
857.590820	28627.009766
856.425781	28826.548828
855.260742	29196.324219
854.095703	29208.746094
852.930664	29520.142578
851.764648	29461.910156
850.598633	29146.355469
849.431641	29077.849609
848.265625	29115.167969
847.098633	29426.242188
845.931641	29764.134766
844.764648	29477.869141
843.596680	29861.201172
842.428711	30068.226563
841.260742	30051.406250
840.092773	30127.802734
838.923828	30034.351563
837.754883	29978.205078
836.585938	30298.824219
835.416992	30170.207031
834.247070	29791.277344
833.077148	30196.541016
831.907227	29883.949219
830.737305	30051.218750
829.566406	30303.173828
828.395508	30416.537109
827.224609	30106.224609
826.052734	30424.113281
824.881836	30343.208984
823.709961	30398.634766
822.537109	30036.968750
821.365234	30108.945313
820.192383	29607.156250
819.019531	29703.951172
817.846680	29437.632813
816.672852	29218.863281
815.500000	29107.410156
814.326172	29459.857422
813.151367	28897.009766
811.977539	29360.623047
810.802734	29508.818359
809.627930	29623.990234
808.453125	29405.498047
807.277344	29430.046875
806.101563	29314.607422
804.925781	29295.945313
803.750000	29157.947266
802.573242	29089.951172
801.396484	29250.273438
800.219727	29367.343750
799.042969	29546.037109
797.865234	29192.312500
796.687500	29759.341797
795.509766	29681.019531
794.331055	29452.783203
793.153320	29579.916016
791.974609	29548.900391
790.795898	29476.839844
789.616211	29291.935547
788.436523	28994.259766
787.256836	29170.576172
786.077148	29289.390625
784.896484	29211.304688
783.716797	28995.896484
782.536133	29047.027344
781.354492	28868.628906
780.173828	29038.587891
778.992188	29212.568359
777.810547	29034.244141
776.627930	28907.179688
775.446289	29029.896484
774.263672	29252.835938
773.081055	29250.611328
771.897461	29162.468750
770.714844	29364.779297
769.531250	29344.123047
768.347656	29981.738281
767.163086	29852.630859
765.978516	29927.916016
764.794922	29970.480469
763.609375	30084.513672
762.424805	30502.767578
761.239258	30596.216797
760.053711	30732.488281
758.868164	31346.238281
757.681641	31696.519531
756.495117	32236.355469
755.308594	32792.273438
754.122070	33539.613281
752.934570	33915.609375
751.747070	35019.050781
750.559570	36812.789063
749.372070	38344.980469
748.183594	40876.578125
746.995117	43667.730469
745.806641	46644.976563
744.618164	49356.316406
743.428711	51761.226563
742.239258	53636.097656
741.049805	54967.031250
739.859375	54820.906250
738.669922	54064.859375
737.479492	52689.117188
736.288086	50631.085938
735.097656	48732.433594
733.906250	47653.300781
732.714844	46582.753906
731.522461	45325.855469
730.331055	44879.542969
729.138672	44918.531250
727.946289	43886.023438
726.752930	44229.539063
725.560547	43357.867188
724.367188	42725.875000
723.173828	41542.656250
721.979492	40700.507813
720.785156	39479.730469
719.590820	38220.980469
718.396484	37722.449219
717.202148	36948.679688
716.006836	36225.871094
714.811523	35829.312500
713.616211	35351.960938
712.419922	34806.015625
711.223633	33970.988281
710.027344	33803.824219
708.831055	33828.843750
707.633789	33667.843750
706.436523	33413.925781
705.239258	33398.589844
704.041016	33039.765625
702.843750	32620.496094
701.645508	32504.351563
700.446289	32622.486328
699.248047	32468.033203
698.048828	32842.449219
696.849609	33037.105469
695.650391	33524.210938
694.450195	33851.753906
693.250000	34092.441406
692.049805	35256.417969
690.849609	35980.460938
689.648438	36988.343750
688.447266	38112.640625
687.246094	38757.023438
686.044922	39123.199219
684.842773	39829.492188
683.640625	40897.835938
682.438477	41766.460938
681.235352	42119.578125
680.032227	42492.656250
678.829102	41676.867188
677.625977	41498.890625
676.421875	40874.664063
675.218750	40473.816406
674.013672	41361.289063
672.809570	41279.960938
671.604492	41773.156250
670.399414	42107.480469
669.194336	42431.621094
667.989258	43036.648438
666.783203	43926.402344
665.577148	45122.761719
664.371094	45506.132813
663.164063	46593.320313
661.957031	46877.941406
660.750000	47086.253906
659.542969	46290.296875
658.334961	45190.089844
657.126953	44376.855469
655.918945	43151.347656
654.710938	41780.183594
653.501953	40902.144531
652.292969	40048.503906
651.083984	39499.429688
649.874023	38968.597656
648.665039	37771.859375
647.455078	36921.632813
646.244141	36975.570313
645.034180	35913.980469
643.823242	35772.238281
642.612305	34403.640625
641.400391	33936.644531
640.189453	33192.214844
638.977539	33123.070313
637.764648	33133.816406
636.552734	32996.843750
635.339844	32592.517578
634.126953	32772.953125
632.914063	33071.000000
631.700195	32838.425781
630.486328	32821.289063
629.272461	32700.500000
628.058594	33285.285156
626.843750	33760.222656
625.628906	33201.031250
624.414063	33237.597656
623.199219	33100.910156
621.983398	32892.605469
620.767578	32953.097656
619.551758	32637.455078
618.334961	32095.140625
617.118164	31972.761719
615.901367	31758.957031
614.684570	31370.277344
613.466797	31431.007813
612.249023	30915.375000
611.031250	30694.031250
609.812500	30325.781250
608.594727	30428.384766
607.375977	30783.117188
606.156250	30659.259766
604.937500	30503.701172
603.717773	30437.500000
602.498047	30353.472656
601.278320	30051.300781
600.057617	30034.812500
598.836914	30212.623047
597.616211	29680.744141
596.394531	29828.824219
595.173828	29348.769531
593.952148	29437.429688
592.729492	29399.300781
591.507813	29299.806641
590.285156	29382.472656
589.062500	29205.837891
587.838867	29122.275391
586.616211	29317.681641
585.392578	29625.734375
584.168945	30066.136719
582.944336	30203.869141
581.719727	30408.742188
580.495117	30745.919922
579.270508	30895.261719
578.044922	30985.279297
576.820313	31373.447266
575.593750	31725.906250
574.368164	31916.345703
573.141602	32086.964844
571.915039	31985.226563
570.688477	32029.503906
569.461914	32594.417969
568.234375	32257.988281
567.006836	32400.736328
565.778320	32269.464844
564.550781	31972.730469
563.322266	31715.525391
562.093750	31887.802734
560.864258	31614.970703
559.635742	31647.410156
558.406250	31872.726563
557.175781	31354.085938
555.946289	31799.716797
554.715820	31338.361328
553.485352	31423.912109
552.254883	31293.146484
551.023438	31653.867188
549.791992	31149.701172
548.560547	30916.904297
547.328125	30391.509766
546.095703	30215.933594
544.863281	30244.642578
543.630859	30029.908203
542.398438	30172.476563
541.165039	30452.339844
539.931641	30400.527344
538.697266	30521.339844
537.462891	30106.751953
536.228516	30209.925781
534.994141	30393.416016
533.759766	30412.212891
532.524414	30536.796875
531.289063	30187.291016
530.052734	30493.996094
528.817383	30248.421875
527.581055	30650.892578
526.344727	30877.046875
525.107422	31048.312500
523.870117	31501.197266
522.632813	32466.302734
521.395508	32201.050781
520.157227	32190.056641
518.918945	31674.800781
517.680664	31640.474609
516.442383	31275.994141
515.203125	31044.490234
513.963867	30834.566406
512.724609	30982.015625
511.484375	31168.435547
510.245117	31331.355469
509.003906	31238.609375
507.763672	31625.759766
506.522461	31308.710938
505.281250	31409.052734
504.040039	31452.818359
502.798828	31120.419922
501.556641	30718.019531
