1802.298828	15502.729492
1801.329102	15520.209961
1800.360352	15282.418945
1799.390625	15641.318359
1798.420898	15498.432617
1797.451172	15258.290039
1796.481445	15172.916016
1795.510742	15032.701172
1794.540039	14795.287109
1793.570313	15221.166016
1792.598633	15360.209961
1791.627930	15588.916992
1790.657227	15274.333984
1789.685547	15126.789063
1788.713867	15347.931641
1787.742188	15115.760742
1786.769531	15548.443359
1785.797852	15858.978516
1784.825195	15905.582031
1783.852539	16089.019531
1782.879883	16013.657227
1781.907227	16114.918945
1780.933594	16253.440430
1779.960938	16143.279297
1778.987305	16736.632813
1778.013672	16561.800781
1777.039063	16593.273438
1776.065430	16080.676758
1775.090820	16204.130859
1774.116211	15955.043945
1773.141602	15842.607422
1772.166992	16318.516602
1771.191406	16603.136719
1770.216797	16798.316406
1769.241211	16968.607422
1768.265625	17047.060547
1767.289063	17715.671875
1766.313477	17320.392578
1765.336914	17207.857422
1764.360352	17556.330078
1763.383789	17664.314453
1762.407227	17650.867188
1761.429688	17662.191406
1760.453125	17668.558594
1759.475586	17828.421875
1758.498047	17988.220703
1757.519531	18318.718750
1756.541992	18483.302734
1755.563477	18848.199219
1754.584961	18933.462891
1753.606445	18447.460938
1752.627930	18527.822266
1751.648438	18210.181641
1750.668945	18105.205078
1749.689453	18338.777344
1748.709961	18742.710938
1747.730469	18489.494141
1746.750977	18095.623047
1745.770508	17914.234375
1744.790039	17964.945313
1743.809570	17650.386719
1742.828125	18197.076172
1741.847656	17722.246094
1740.866211	18044.255859
1739.884766	18109.679688
1738.903320	18221.919922
1737.921875	18006.279297
1736.939453	17758.685547
1735.957031	17760.048828
1734.975586	17771.263672
1733.992188	17986.898438
1733.009766	18209.832031
1732.026367	18339.121094
1731.043945	18089.292969
1730.060547	18107.808594
1729.077148	17803.994141
1728.092773	17510.138672
1727.109375	17750.111328
1726.125000	18135.066406
1725.140625	18426.441406
1724.156250	18562.845703
1723.170898	18529.626953
1722.186523	18135.236328
1721.201172	18168.439453
1720.215820	17987.955078
1719.230469	17910.671875
1718.245117	18152.576172
1717.258789	18065.472656
1716.272461	18398.046875
1715.286133	18286.390625
1714.299805	18169.873047
1713.313477	18916.707031
1712.326172	19035.505859
1711.338867	19200.835938
1710.351563	19520.519531
1709.364258	19403.865234
1708.376953	19039.794922
1707.388672	19072.708984
1706.400391	19357.869141
1705.412109	19478.853516
1704.423828	19913.150391
1703.434570	19845.503906
1702.446289	20507.134766
1701.457031	20691.400391
1700.467773	20990.560547
1699.478516	21377.642578
1698.488281	21769.457031
1697.499023	21982.652344
1696.508789	21997.779297
1695.518555	21858.945313
1694.527344	21739.712891
1693.537109	22639.140625
1692.545898	22959.398438
1691.554688	22915.705078
1690.563477	23330.982422
1689.572266	23331.164063
1688.580078	23780.351563
1687.588867	23738.964844
1686.596680	24104.951172
1685.604492	24341.533203
1684.611328	24095.236328
1683.619141	23946.548828
1682.625977	23834.480469
1681.632813	24034.369141
1680.639648	24024.650391
1679.646484	24075.832031
1678.652344	24178.132813
1677.658203	24402.132813
1676.664063	24377.736328
1675.669922	24526.154297
1674.675781	24382.503906
1673.680664	24416.513672
1672.686523	24516.179688
1671.691406	24331.273438
1670.695313	24348.246094
1669.700195	24435.708984
1668.704102	23818.308594
1667.708984	23716.302734
1666.712891	24071.076172
1665.715820	24034.642578
1664.719727	24459.630859
1663.722656	23952.099609
1662.725586	23772.484375
1661.728516	23714.291016
1660.731445	23602.736328
1659.734375	23588.265625
1658.736328	23847.884766
1657.738281	23629.666016
1656.740234	24039.492188
1655.742188	24243.105469
1654.743164	24325.457031
1653.745117	24478.044922
1652.746094	23964.353516
1651.747070	23760.898438
1650.747070	24112.074219
1649.748047	23993.408203
1648.748047	24039.392578
1647.748047	24356.414063
1646.748047	24499.089844
1645.748047	24235.287109
1644.747070	24421.462891
1643.746094	24460.052734
1642.745117	24575.992188
1641.744141	24491.255859
1640.743164	24442.800781
1639.741211	24285.634766
1638.739258	24155.103516
1637.737305	24280.642578
1636.735352	24495.474609
1635.733398	24488.105469
1634.730469	24099.357422
1633.727539	24285.132813
1632.724609	24591.472656
1631.721680	24239.119141
1630.718750	24287.275391
1629.714844	24443.919922
1628.710938	24718.632813
1627.707031	24703.988281
1626.703125	25255.671875
1625.698242	25134.906250
1624.693359	25276.761719
1623.688477	25245.150391
1622.683594	25509.726563
1621.678711	25157.888672
1620.672852	24842.292969
1619.667969	24418.535156
1618.662109	24403.964844
1617.656250	25010.017578
1616.649414	24735.589844
1615.643555	24987.861328
1614.636719	24913.082031
1613.629883	25292.601563
1612.623047	25522.976563
1611.615234	25988.708984
1610.607422	25983.441406
1609.600586	26311.998047
1608.592773	26376.294922
1607.583984	26219.707031
1606.576172	25587.953125
1605.567383	26053.097656
1604.558594	26146.181641
1603.549805	26774.130859
1602.541016	27329.878906
1601.531250	27350.710938
1600.522461	27179.753906
1599.512695	27063.990234
1598.502930	27259.785156
1597.492188	27237.482422
1596.482422	27591.248047
1595.471680	28045.449219
1594.460938	28360.595703
1593.450195	28649.279297
1592.438477	29313.599609
1591.427734	29611.541016
1590.416016	29648.591797
1589.404297	29943.949219
1588.392578	29516.984375
1587.379883	29386.662109
1586.367188	29447.626953
1585.355469	29616.111328
1584.341797	29366.373047
1583.329102	29150.177734
1582.316406	29660.167969
1581.302734	30169.951172
1580.289063	29841.507813
1579.275391	29312.685547
1578.260742	29585.953125
1577.247070	29618.119141
1576.232422	29519.060547
1575.217773	29265.013672
1574.203125	29297.216797
1573.188477	29298.414063
1572.172852	29499.833984
1571.157227	29477.154297
1570.141602	29880.978516
1569.125977	29701.003906
1568.109375	30318.966797
1567.093750	29981.812500
1566.077148	30042.375000
1565.060547	29717.312500
1564.042969	30023.015625
1563.026367	29974.080078
1562.008789	30486.558594
1560.991211	30218.742188
1559.973633	30433.728516
1558.956055	30375.234375
1557.937500	30535.431641
1556.918945	30284.451172
1555.900391	30549.138672
1554.881836	30870.724609
1553.862305	30527.201172
1552.843750	30665.826172
1551.824219	30930.212891
1550.804688	30971.382813
1549.785156	30447.765625
1548.764648	30576.796875
1547.744141	30411.644531
1546.723633	31029.164063
1545.703125	31252.833984
1544.682617	30964.369141
1543.661133	30732.902344
1542.640625	31146.060547
1541.619141	31246.324219
1540.596680	31476.820313
1539.575195	31735.636719
1538.552734	32257.160156
1537.531250	32264.787109
1536.507813	32452.279297
1535.485352	32554.509766
1534.462891	32767.886719
1533.439453	32505.757813
1532.416016	33083.230469
1531.392578	32799.859375
1530.369141	32774.257813
1529.344727	32722.671875
1528.320313	33103.503906
1527.295898	32905.398438
1526.271484	33068.742188
1525.247070	32795.156250
1524.221680	32859.292969
1523.196289	33053.222656
1522.170898	32836.441406
1521.145508	32707.046875
1520.119141	32672.062500
1519.093750	33217.285156
1518.067383	33191.640625
1517.041016	33286.238281
1516.013672	33376.082031
1514.987305	33531.871094
1513.959961	33357.738281
1512.932617	33909.210938
1511.905273	33972.937500
1510.876953	34394.546875
1509.849609	34411.062500
1508.821289	34660.585938
1507.792969	34789.992188
1506.764648	34778.179688
1505.735352	35062.753906
1504.706055	35514.183594
1503.677734	35610.382813
1502.647461	35899.308594
1501.618164	36613.523438
1500.587891	36544.941406
1499.558594	36619.699219
1498.528320	36393.765625
1497.497070	36473.214844
1496.466797	36500.976563
1495.435547	36146.085938
1494.405273	35819.507813
1493.373047	35535.292969
1492.341797	35112.781250
1491.310547	35105.597656
1490.278320	34310.476563
1489.246094	34249.535156
1488.213867	33801.835938
1487.180664	33719.921875
1486.148438	33052.257813
1485.115234	33270.390625
1484.082031	32809.195313
1483.048828	32942.984375
1482.014648	32767.671875
1480.981445	32538.593750
1479.947266	32714.470703
1478.913086	32878.578125
1477.877930	32970.093750
1476.843750	33127.058594
1475.808594	33704.859375
1474.773438	34107.082031
1473.738281	34214.628906
1472.702148	34497.394531
1471.666992	34894.531250
1470.630859	35377.929688
1469.594727	36017.605469
1468.558594	36164.332031
1467.521484	36707.867188
1466.484375	37447.234375
1465.447266	37880.601563
1464.410156	38635.750000
1463.373047	38667.484375
1462.334961	39251.914063
1461.297852	40160.203125
1460.259766	40590.226563
1459.220703	41003.757813
1458.182617	41906.460938
1457.143555	41981.734375
1456.104492	43016.628906
1455.065430	43410.683594
1454.026367	43914.000000
1452.986328	44023.710938
1451.947266	45229.550781
1450.907227	45871.789063
1449.866211	46913.902344
1448.826172	47857.898438
1447.785156	48089.921875
1446.744141	48558.988281
1445.703125	48851.203125
1444.662109	48736.593750
1443.620117	48847.410156
1442.579102	48258.941406
1441.537109	47805.421875
1440.495117	47609.835938
1439.452148	45898.316406
1438.410156	45315.566406
1437.367188	43832.640625
1436.324219	43758.671875
1435.280273	42754.527344
1434.237305	42043.015625
1433.193359	41654.101563
1432.149414	41045.105469
1431.105469	40753.898438
1430.061523	39357.445313
1429.016602	39645.914063
1427.971680	39253.246094
1426.926758	38587.460938
1425.881836	38628.152344
1424.836914	37969.710938
1423.791016	37471.234375
1422.745117	37558.402344
1421.699219	37111.109375
1420.653320	36717.199219
1419.606445	36339.636719
1418.559570	35888.242188
1417.512695	36095.839844
1416.465820	35621.562500
1415.417969	36134.132813
1414.371094	35683.140625
1413.323242	36017.632813
1412.275391	35871.667969
1411.226563	35790.402344
1410.178711	35762.261719
1409.129883	35764.132813
1408.081055	35493.734375
1407.032227	36153.105469
1405.982422	36025.730469
1404.933594	35176.656250
1403.883789	35738.855469
1402.833984	35556.316406
1401.783203	35196.406250
1400.733398	34767.523438
1399.682617	34820.250000
1398.631836	34559.742188
1397.581055	34241.769531
1396.529297	34409.675781
1395.478516	33944.558594
1394.426758	34112.453125
1393.375000	33976.582031
1392.323242	33900.574219
1391.270508	33424.437500
1390.217773	33672.765625
1389.165039	33603.757813
1388.112305	33442.839844
1387.059570	33585.304688
1386.005859	33089.039063
1384.952148	33674.812500
1383.898438	34182.265625
1382.844727	34147.664063
1381.790039	34131.437500
1380.735352	34824.371094
1379.680664	34789.652344
1378.625977	35505.101563
1377.571289	35270.710938
1376.515625	35034.121094
1375.459961	35501.464844
1374.404297	35556.027344
1373.348633	35438.687500
1372.291992	35793.382813
1371.235352	35726.433594
1370.178711	35732.800781
1369.122070	35746.027344
1368.065430	35528.031250
1367.007813	36255.414063
1365.950195	35913.824219
1364.892578	36238.152344
1363.834961	36395.359375
1362.776367	36630.257813
1361.717773	36414.621094
1360.659180	36948.882813
1359.600586	36989.246094
1358.541016	37226.101563
1357.482422	37328.070313
1356.422852	37592.167969
1355.363281	38000.019531
1354.302734	38638.304688
1353.243164	39080.011719
1352.182617	39108.449219
1351.122070	40562.976563
1350.061523	40828.343750
1349.000000	41016.050781
1347.938477	41741.839844
1346.877930	42360.171875
1345.815430	42887.070313
1344.753906	43705.453125
1343.691406	44170.332031
1342.629883	44926.597656
1341.567383	45238.433594
1340.503906	46438.187500
1339.441406	47052.359375
1338.377930	47563.851563
1337.314453	47954.515625
1336.250977	48633.964844
1335.186523	49347.250000
1334.123047	50105.722656
1333.058594	49504.171875
1331.994141	49805.359375
1330.929688	49170.023438
1329.864258	49402.980469
1328.798828	49088.316406
1327.733398	48058.289063
1326.667969	47868.929688
1325.602539	46503.550781
1324.536133	46098.937500
1323.469727	45265.546875
1322.403320	44157.949219
1321.336914	44024.027344
1320.269531	43352.613281
1319.202148	42758.578125
1318.134766	42529.800781
1317.067383	42278.445313
1315.999023	41902.550781
1314.931641	41964.101563
1313.863281	41713.015625
1312.794922	42191.300781
1311.725586	41682.128906
1310.657227	41777.621094
1309.587891	41759.902344
1308.518555	41801.023438
1307.448242	41744.839844
1306.378906	41419.500000
1305.308594	41101.074219
1304.238281	40950.101563
1303.167969	40437.488281
1302.096680	40431.355469
1301.026367	40047.863281
1299.955078	39759.410156
1298.883789	38999.003906
1297.811523	38132.773438
1296.740234	38124.855469
1295.667969	37918.296875
1294.595703	37337.183594
1293.523438	36679.593750
1292.450195	36448.640625
1291.377930	36414.003906
1290.304688	36115.550781
1289.230469	36090.011719
1288.157227	35478.433594
1287.083008	35854.167969
1286.009766	35427.640625
1284.934570	35755.921875
1283.860352	35516.515625
1282.786133	36036.031250
1281.710938	36399.992188
1280.635742	36840.324219
1279.560547	37930.804688
1278.484375	38087.152344
1277.408203	38774.285156
1276.333008	38941.632813
1275.255859	39832.898438
1274.179688	40447.296875
1273.102539	40989.515625
1272.026367	41120.304688
1270.949219	41617.222656
1269.871094	41743.328125
1268.793945	41548.257813
1267.715820	41402.656250
1266.637695	41315.476563
1265.559570	40481.011719
1264.480469	39907.164063
1263.402344	38517.000000
1262.323242	38293.671875
1261.244141	37561.425781
1260.164063	36863.105469
1259.084961	36555.082031
1258.004883	35769.863281
1256.924805	35336.726563
1255.844727	34265.363281
1254.763672	34363.484375
1253.682617	34244.371094
1252.601563	33932.789063
1251.520508	33748.906250
1250.439453	33723.972656
1249.357422	32777.316406
1248.275391	32696.675781
1247.193359	32349.947266
1246.111328	32653.982422
1245.028320	32030.220703
1243.945313	31873.806641
1242.862305	31462.734375
1241.779297	31773.394531
1240.695313	31498.751953
1239.612305	31027.716797
1238.528320	30907.384766
1237.443359	30885.314453
1236.359375	31124.349609
1235.274414	30609.156250
1234.189453	30696.458984
1233.104492	30647.679688
1232.019531	30643.515625
1230.933594	30398.585938
1229.847656	30512.599609
1228.761719	30724.611328
1227.675781	30308.265625
1226.589844	30711.785156
1225.502930	30634.111328
1224.416016	30478.541016
1223.329102	30356.423828
1222.241211	30310.025391
1221.153320	30185.765625
1220.065430	30201.707031
1218.977539	30279.917969
1217.889648	30137.947266
1216.800781	30020.488281
1215.711914	30203.154297
1214.623047	30161.287109
1213.534180	30068.332031
1212.444336	29999.849609
1211.355469	30146.824219
1210.265625	30127.201172
1209.174805	30025.445313
1208.084961	30212.267578
1206.994141	30199.294922
1205.903320	30450.339844
1204.812500	29612.169922
1203.721680	29792.263672
1202.629883	29945.671875
1201.538086	29695.568359
1200.446289	29432.267578
1199.354492	29514.744141
1198.261719	29225.003906
1197.168945	29190.097656
1196.076172	28918.257813
1194.983398	29204.451172
1193.889648	29691.951172
1192.796875	29220.998047
1191.703125	29595.447266
1190.608398	29580.404297
1189.514648	30003.271484
1188.419922	29884.220703
1187.325195	30149.882813
1186.230469	29986.642578
1185.135742	30026.769531
1184.040039	30188.390625
1182.944336	30124.638672
1181.848633	30299.417969
1180.752930	30085.523438
1179.656250	30207.255859
1178.559570	30192.099609
1177.462891	29775.353516
1176.366211	29980.900391
1175.268555	30018.730469
1174.171875	29591.251953
1173.074219	29263.160156
1171.975586	29182.082031
1170.877930	29248.691406
1169.779297	28986.972656
1168.680664	28751.798828
1167.582031	28981.427734
1166.483398	28534.960938
1165.383789	28658.865234
1164.284180	28578.019531
1163.184570	28594.031250
1162.084961	28599.033203
1160.984375	28469.855469
1159.883789	28716.787109
1158.783203	28774.525391
1157.682617	28678.359375
1156.582031	28663.548828
1155.480469	29220.050781
1154.378906	29336.941406
1153.276367	29477.943359
1152.174805	29809.929688
1151.072266	30444.753906
1149.969727	30754.443359
1148.867188	31478.775391
1147.764648	32299.341797
1146.661133	33189.757813
1145.557617	33744.238281
1144.454102	33905.992188
1143.350586	33620.453125
1142.246094	33622.156250
1141.141602	33216.269531
1140.037109	33136.992188
1138.932617	32886.894531
1137.827148	32150.726563
1136.721680	31550.617188
1135.616211	31060.208984
1134.510742	31025.228516
1133.405273	30600.777344
1132.298828	30235.568359
1131.192383	30318.886719
1130.085938	29910.152344
1128.978516	29877.628906
1127.871094	29925.990234
1126.763672	29792.945313
1125.656250	29469.869141
1124.548828	29551.046875
1123.440430	29881.164063
1122.332031	29488.394531
1121.223633	29621.906250
1120.115234	29958.339844
1119.005859	30135.335938
1117.896484	29969.730469
1116.787109	30412.753906
1115.677734	30705.117188
1114.567383	31193.582031
1113.457031	31513.990234
1112.346680	32087.072266
1111.236328	32982.390625
1110.125977	33681.269531
1109.014648	33484.687500
1107.903320	34788.519531
1106.791016	34992.371094
1105.679688	35637.988281
1104.567383	36033.074219
1103.455078	36586.816406
1102.342773	36154.929688
1101.230469	36482.230469
1100.117188	36431.054688
1099.003906	35671.214844
1097.890625	35333.335938
1096.776367	34999.941406
1095.663086	34486.371094
1094.548828	33241.031250
1093.434570	32764.960938
1092.319336	32408.498047
1091.205078	31620.220703
1090.089844	30860.488281
1088.974609	30584.927734
1087.858398	29984.087891
1086.743164	29654.605469
1085.626953	29212.503906
1084.510742	29297.392578
1083.394531	29304.214844
1082.277344	28910.136719
1081.160156	29153.189453
1080.042969	28733.310547
1078.925781	28772.724609
1077.807617	28831.605469
1076.690430	28758.412109
1075.572266	28786.968750
1074.454102	29038.384766
1073.334961	28677.462891
1072.215820	28935.279297
1071.096680	28840.509766
1069.977539	28907.923828
1068.858398	29137.425781
1067.738281	29824.974609
1066.618164	29887.812500
1065.498047	30121.275391
1064.376953	29996.126953
1063.256836	30497.210938
1062.135742	30682.898438
1061.014648	30922.462891
1059.892578	31500.710938
1058.771484	31099.244141
1057.649414	31295.423828
1056.527344	31083.939453
1055.404297	30971.718750
1054.282227	30878.945313
1053.159180	31003.878906
1052.036133	30777.542969
1050.913086	30387.580078
1049.789063	30456.535156
1048.665039	30295.052734
1047.541016	30071.203125
1046.416992	29748.435547
1045.291992	29477.451172
1044.166992	29481.970703
1043.041992	29452.068359
1041.916992	29415.726563
1040.791992	29078.378906
1039.666016	28846.507813
1038.540039	29132.695313
1037.414063	28679.582031
1036.287109	28490.902344
1035.160156	28233.570313
1034.033203	27952.722656
1032.906250	28266.697266
1031.779297	28788.748047
1030.651367	28492.933594
1029.523438	28920.304688
1028.395508	28841.242188
1027.266602	28764.357422
1026.138672	28747.541016
1025.009766	28713.578125
1023.879883	28953.972656
1022.750977	28553.550781
1021.621094	29091.667969
1020.491211	28528.593750
1019.361328	28880.173828
1018.231445	28593.574219
1017.100586	28780.164063
1015.969727	28844.683594
1014.838867	29016.160156
1013.708008	28751.158203
1012.576172	28700.146484
1011.444336	28418.214844
1010.312500	28901.755859
1009.180664	28679.744141
1008.047852	29239.951172
1006.915039	28938.908203
1005.782227	29379.201172
1004.649414	29714.660156
1003.515625	29529.000000
1002.381836	29462.960938
1001.248047	29142.972656
1000.114258	29126.115234
998.979492	28701.798828
997.844727	28618.919922
996.709961	28288.712891
995.575195	28073.771484
994.439453	28057.150391
993.303711	28046.927734
992.167969	27942.960938
991.032227	27753.830078
989.895508	28120.632813
988.758789	27808.042969
987.622070	28061.847656
986.485352	27923.925781
985.348633	28039.279297
984.210938	27916.308594
983.073242	28082.660156
981.934570	28151.119141
980.796875	27992.054688
979.658203	28489.876953
978.519531	28120.412109
977.380859	28717.853516
976.241211	28541.802734
975.101563	28510.246094
973.961914	28754.738281
972.822266	28657.335938
971.681641	29462.021484
970.541992	29317.820313
969.401367	29411.294922
968.259766	30134.699219
967.119141	29888.650391
965.977539	29822.921875
964.835938	29907.722656
963.694336	29886.519531
962.551758	29848.373047
961.409180	29926.751953
960.266602	29388.771484
959.124023	29602.734375
957.980469	29319.093750
956.837891	29221.833984
955.694336	29312.953125
954.549805	29323.632813
953.406250	28805.494141
952.261719	28661.892578
951.117188	28520.466797
949.972656	28315.681641
948.827148	28394.183594
947.681641	28219.091797
946.536133	28441.230469
945.390625	28460.513672
944.245117	28735.292969
943.098633	28872.726563
941.952148	29246.503906
940.804688	29246.597656
939.658203	29729.843750
938.510742	30398.509766
937.363281	31012.054688
936.215820	31578.949219
935.067383	32244.677734
933.919922	33354.824219
932.770508	34666.781250
931.622070	35337.738281
930.473633	36587.625000
929.324219	37611.656250
928.174805	38915.257813
927.025391	39144.804688
925.875000	39639.410156
924.724609	39605.699219
923.574219	38903.066406
922.423828	38225.972656
921.272461	37288.437500
920.122070	35920.347656
918.969727	34748.300781
917.818359	33496.906250
916.666992	32552.765625
915.514648	31392.687500
914.362305	30810.589844
913.208984	30325.316406
912.056641	29909.517578
910.903320	29370.078125
909.750000	29095.234375
908.596680	28623.322266
907.442383	28673.828125
906.288086	28451.724609
905.133789	28334.533203
903.979492	28531.777344
902.824219	28008.093750
901.668945	28226.269531
900.513672	28167.867188
899.358398	27843.533203
898.202148	28136.972656
897.045898	28036.757813
895.889648	28152.138672
894.733398	27987.097656
893.576172	27916.257813
892.419922	28157.072266
891.261719	27891.761719
890.104492	27774.992188
888.946289	27900.722656
887.789063	27595.927734
886.629883	27600.464844
885.471680	27471.316406
884.312500	27810.003906
883.153320	27559.767578
881.994141	27992.220703
880.834961	27383.091797
879.674805	27706.894531
878.514648	27557.017578
877.354492	27720.048828
876.194336	27578.572266
875.033203	28041.726563
873.872070	27771.011719
872.710938	28069.298828
871.548828	27982.029297
870.387695	27882.296875
869.225586	27895.060547
868.063477	27710.023438
866.900391	27845.628906
865.737305	28108.126953
864.574219	27750.457031
863.411133	27694.578125
862.248047	27798.867188
861.083984	27805.380859
859.919922	27660.126953
858.755859	27558.580078
857.590820	28113.736328
856.425781	28010.054688
855.260742	28172.292969
854.095703	28278.386719
852.930664	28307.611328
851.764648	28438.537109
850.598633	28314.136719
849.431641	28494.798828
848.265625	28476.232422
847.098633	28779.146484
845.931641	28938.851563
844.764648	28986.535156
843.596680	28770.966797
842.428711	28924.349609
841.260742	29204.042969
840.092773	29558.181641
838.923828	29448.285156
837.754883	29417.109375
836.585938	29296.937500
835.416992	29029.873047
834.247070	29118.812500
833.077148	29195.298828
831.907227	29209.705078
830.737305	29596.304688
829.566406	29825.617188
828.395508	29587.708984
827.224609	29540.015625
826.052734	29775.384766
824.881836	29804.095703
823.709961	29847.246094
822.537109	29721.072266
821.365234	29270.865234
820.192383	29049.933594
819.019531	28635.138672
817.846680	28614.535156
816.672852	28418.628906
815.500000	28233.115234
814.326172	28328.054688
813.151367	28550.740234
811.977539	28534.289063
810.802734	28336.541016
809.627930	28386.052734
808.453125	28318.158203
807.277344	28579.716797
806.101563	28476.812500
804.925781	28293.687500
803.750000	28378.125000
802.573242	28240.353516
801.396484	28207.531250
800.219727	28302.207031
799.042969	28431.791016
797.865234	28793.572266
796.687500	29266.160156
795.509766	29245.470703
794.331055	29302.839844
793.153320	28686.605469
791.974609	28485.369141
790.795898	28434.066406
789.616211	28253.492188
788.436523	28255.603516
787.256836	28546.958984
786.077148	28313.146484
784.896484	28356.248047
783.716797	27849.917969
782.536133	27700.435547
781.354492	27895.275391
780.173828	28085.931641
778.992188	28507.958984
777.810547	28358.457031
776.627930	28176.257813
775.446289	28131.283203
774.263672	28194.789063
773.081055	28483.335938
771.897461	28471.046875
770.714844	28601.925781
769.531250	28231.781250
768.347656	28693.828125
767.163086	29098.445313
765.978516	29112.591797
764.794922	29124.689453
763.609375	29310.392578
762.424805	29602.205078
761.239258	29873.470703
760.053711	30240.554688
758.868164	30385.035156
757.681641	30970.162109
756.495117	31606.029297
755.308594	32009.125000
754.122070	32795.375000
752.934570	33471.203125
751.747070	34772.437500
750.559570	35453.652344
749.372070	37631.945313
748.183594	40210.542969
746.995117	42403.148438
745.806641	45671.804688
744.618164	48330.437500
743.428711	50489.328125
742.239258	52437.718750
741.049805	53374.285156
739.859375	53488.820313
738.669922	52645.628906
737.479492	51282.394531
736.288086	49606.757813
735.097656	47728.644531
733.906250	46481.113281
732.714844	45282.867188
731.522461	44194.789063
730.331055	43283.808594
729.138672	43694.589844
727.946289	43626.273438
726.752930	43322.632813
725.560547	42637.773438
724.367188	42105.308594
723.173828	41423.031250
721.979492	40698.480469
720.785156	39173.699219
719.590820	37890.703125
718.396484	36932.386719
717.202148	35942.074219
716.006836	35541.445313
714.811523	35250.308594
713.616211	34742.726563
712.419922	33854.921875
711.223633	33428.781250
710.027344	33021.027344
708.831055	33028.019531
707.633789	33077.464844
706.436523	33183.484375
705.239258	32806.445313
704.041016	32672.029297
702.843750	32349.802734
701.645508	32027.712891
700.446289	31663.357422
699.248047	31785.685547
698.048828	32228.873047
696.849609	32657.740234
695.650391	33382.988281
694.450195	33476.585938
693.250000	34229.570313
692.049805	34589.074219
690.849609	35799.046875
689.648438	36565.132813
688.447266	37234.171875
687.246094	38253.425781
686.044922	39000.347656
684.842773	40145.617188
683.640625	40714.644531
682.438477	41444.437500
681.235352	42109.515625
680.032227	41957.523438
678.829102	41224.320313
677.625977	40698.550781
676.421875	40528.863281
675.218750	40711.000000
674.013672	40615.730469
672.809570	40843.976563
671.604492	41737.000000
670.399414	41047.113281
669.194336	41602.382813
667.989258	42721.488281
666.783203	43400.578125
665.577148	43832.566406
664.371094	44617.437500
663.164063	45600.519531
661.957031	46254.320313
660.750000	45915.464844
659.542969	45600.804688
658.334961	44308.371094
657.126953	43751.773438
655.918945	42548.437500
654.710938	41501.820313
653.501953	39941.105469
652.292969	39678.183594
651.083984	38738.937500
649.874023	38148.250000
648.665039	37433.789063
647.455078	36887.632813
646.244141	36055.781250
645.034180	35778.042969
643.823242	35038.726563
642.612305	34665.410156
641.400391	33818.773438
640.189453	33116.316406
638.977539	32512.011719
637.764648	32468.982422
636.552734	32332.156250
635.339844	31648.587891
634.126953	31791.320313
632.914063	31969.896484
631.700195	32126.453125
630.486328	32235.087891
629.272461	32347.660156
628.058594	32486.087891
626.843750	32861.570313
625.628906	32505.773438
624.414063	32640.087891
623.199219	32403.964844
621.983398	32576.062500
620.767578	31894.203125
619.551758	31658.390625
618.334961	31416.710938
617.118164	31407.859375
615.901367	31015.197266
614.684570	31062.101563
613.466797	30794.914063
612.249023	30794.146484
611.031250	29935.025391
609.812500	30081.441406
608.594727	29818.666016
607.375977	29698.966797
606.156250	29652.769531
604.937500	29549.033203
603.717773	29760.847656
602.498047	29754.339844
601.278320	29438.414063
600.057617	29364.552734
598.836914	29106.339844
597.616211	28983.025391
596.394531	28713.117188
595.173828	28742.498047
593.952148	28452.945313
592.729492	28486.328125
591.507813	28559.292969
590.285156	28107.642578
589.062500	27897.640625
587.838867	28299.142578
586.616211	28461.097656
585.392578	28565.625000
584.168945	29071.511719
582.944336	29249.001953
581.719727	29740.677734
580.495117	29546.435547
579.270508	30152.416016
578.044922	30175.439453
576.820313	30156.978516
575.593750	30786.113281
574.368164	30749.757813
573.141602	30831.826172
571.915039	31150.623047
570.688477	31378.537109
569.461914	31505.767578
568.234375	31394.357422
567.006836	31330.304688
565.778320	31220.949219
564.550781	30955.972656
563.322266	30929.482422
562.093750	30861.640625
560.864258	30648.109375
559.635742	30716.197266
558.406250	30620.884766
557.175781	30706.656250
555.946289	30544.492188
554.715820	30415.833984
553.485352	30627.449219
552.254883	30465.400391
551.023438	30655.285156
549.791992	30279.082031
548.560547	29694.769531
547.328125	29580.205078
546.095703	29453.906250
544.863281	29011.529297
543.630859	29130.796875
542.398438	29165.615234
541.165039	29638.000000
539.931641	29190.078125
538.697266	30178.093750
537.462891	29349.818359
536.228516	29237.498047
534.994141	29244.794922
533.759766	29473.527344
532.524414	29222.144531
531.289063	29288.195313
530.052734	29350.300781
528.817383	29431.955078
527.581055	29850.265625
526.344727	29671.478516
525.107422	30019.107422
523.870117	30777.392578
522.632813	31163.738281
521.395508	31710.251953
520.157227	31345.521484
518.918945	30793.316406
517.680664	30413.312500
516.442383	30094.035156
515.203125	30157.726563
513.963867	29778.107422
512.724609	29695.410156
511.484375	30131.960938
510.245117	30552.705078
509.003906	30319.654297
507.763672	30312.976563
506.522461	30436.966797
505.281250	30330.824219
504.040039	30347.535156
502.798828	30081.642578
501.556641	29669.728516
